instant_hour	dteday	season_hour	yr_hour	mnth_hour	hr	holiday_hour	weekday_hour	workingday_hour	weathersit_hour	temp_hour	atemp_hour	hum_hour	windspeed_hour	casual_hour	registered_hour	cnt_hour	instant_day	season_day	yr_day	mnth_day	holiday_day	weekday_day	workingday_day	weathersit_day	temp_day	atemp_day	hum_day	windspeed_day	casual_day	registered_day	cnt_day
1	1/1/2011	1	0	1	0	0	6	0	1	0.24	0.2879	0.81	0	3	13	16	1	1	0	1	0	6	0	2	0.344167	0.363625	0.805833	0.160446	331	654	985
2	1/1/2011	1	0	1	1	0	6	0	1	0.22	0.2727	0.8	0	8	32	40	1	1	0	1	0	6	0	2	0.344167	0.363625	0.805833	0.160446	331	654	985
3	1/1/2011	1	0	1	2	0	6	0	1	0.22	0.2727	0.8	0	5	27	32	1	1	0	1	0	6	0	2	0.344167	0.363625	0.805833	0.160446	331	654	985
4	1/1/2011	1	0	1	3	0	6	0	1	0.24	0.2879	0.75	0	3	10	13	1	1	0	1	0	6	0	2	0.344167	0.363625	0.805833	0.160446	331	654	985
5	1/1/2011	1	0	1	4	0	6	0	1	0.24	0.2879	0.75	0	0	1	1	1	1	0	1	0	6	0	2	0.344167	0.363625	0.805833	0.160446	331	654	985
6	1/1/2011	1	0	1	5	0	6	0	2	0.24	0.2576	0.75	0.0896	0	1	1	1	1	0	1	0	6	0	2	0.344167	0.363625	0.805833	0.160446	331	654	985
7	1/1/2011	1	0	1	6	0	6	0	1	0.22	0.2727	0.8	0	2	0	2	1	1	0	1	0	6	0	2	0.344167	0.363625	0.805833	0.160446	331	654	985
8	1/1/2011	1	0	1	7	0	6	0	1	0.2	0.2576	0.86	0	1	2	3	1	1	0	1	0	6	0	2	0.344167	0.363625	0.805833	0.160446	331	654	985
9	1/1/2011	1	0	1	8	0	6	0	1	0.24	0.2879	0.75	0	1	7	8	1	1	0	1	0	6	0	2	0.344167	0.363625	0.805833	0.160446	331	654	985
10	1/1/2011	1	0	1	9	0	6	0	1	0.32	0.3485	0.76	0	8	6	14	1	1	0	1	0	6	0	2	0.344167	0.363625	0.805833	0.160446	331	654	985
11	1/1/2011	1	0	1	10	0	6	0	1	0.38	0.3939	0.76	0.2537	12	24	36	1	1	0	1	0	6	0	2	0.344167	0.363625	0.805833	0.160446	331	654	985
12	1/1/2011	1	0	1	11	0	6	0	1	0.36	0.3333	0.81	0.2836	26	30	56	1	1	0	1	0	6	0	2	0.344167	0.363625	0.805833	0.160446	331	654	985
13	1/1/2011	1	0	1	12	0	6	0	1	0.42	0.4242	0.77	0.2836	29	55	84	1	1	0	1	0	6	0	2	0.344167	0.363625	0.805833	0.160446	331	654	985
14	1/1/2011	1	0	1	13	0	6	0	2	0.46	0.4545	0.72	0.2985	47	47	94	1	1	0	1	0	6	0	2	0.344167	0.363625	0.805833	0.160446	331	654	985
15	1/1/2011	1	0	1	14	0	6	0	2	0.46	0.4545	0.72	0.2836	35	71	106	1	1	0	1	0	6	0	2	0.344167	0.363625	0.805833	0.160446	331	654	985
16	1/1/2011	1	0	1	15	0	6	0	2	0.44	0.4394	0.77	0.2985	40	70	110	1	1	0	1	0	6	0	2	0.344167	0.363625	0.805833	0.160446	331	654	985
17	1/1/2011	1	0	1	16	0	6	0	2	0.42	0.4242	0.82	0.2985	41	52	93	1	1	0	1	0	6	0	2	0.344167	0.363625	0.805833	0.160446	331	654	985
18	1/1/2011	1	0	1	17	0	6	0	2	0.44	0.4394	0.82	0.2836	15	52	67	1	1	0	1	0	6	0	2	0.344167	0.363625	0.805833	0.160446	331	654	985
19	1/1/2011	1	0	1	18	0	6	0	3	0.42	0.4242	0.88	0.2537	9	26	35	1	1	0	1	0	6	0	2	0.344167	0.363625	0.805833	0.160446	331	654	985
20	1/1/2011	1	0	1	19	0	6	0	3	0.42	0.4242	0.88	0.2537	6	31	37	1	1	0	1	0	6	0	2	0.344167	0.363625	0.805833	0.160446	331	654	985
21	1/1/2011	1	0	1	20	0	6	0	2	0.4	0.4091	0.87	0.2537	11	25	36	1	1	0	1	0	6	0	2	0.344167	0.363625	0.805833	0.160446	331	654	985
22	1/1/2011	1	0	1	21	0	6	0	2	0.4	0.4091	0.87	0.194	3	31	34	1	1	0	1	0	6	0	2	0.344167	0.363625	0.805833	0.160446	331	654	985
23	1/1/2011	1	0	1	22	0	6	0	2	0.4	0.4091	0.94	0.2239	11	17	28	1	1	0	1	0	6	0	2	0.344167	0.363625	0.805833	0.160446	331	654	985
24	1/1/2011	1	0	1	23	0	6	0	2	0.46	0.4545	0.88	0.2985	15	24	39	1	1	0	1	0	6	0	2	0.344167	0.363625	0.805833	0.160446	331	654	985
25	1/2/2011	1	0	1	0	0	0	0	2	0.46	0.4545	0.88	0.2985	4	13	17	2	1	0	1	0	0	0	2	0.363478	0.353739	0.696087	0.248539	131	670	801
26	1/2/2011	1	0	1	1	0	0	0	2	0.44	0.4394	0.94	0.2537	1	16	17	2	1	0	1	0	0	0	2	0.363478	0.353739	0.696087	0.248539	131	670	801
27	1/2/2011	1	0	1	2	0	0	0	2	0.42	0.4242	1	0.2836	1	8	9	2	1	0	1	0	0	0	2	0.363478	0.353739	0.696087	0.248539	131	670	801
28	1/2/2011	1	0	1	3	0	0	0	2	0.46	0.4545	0.94	0.194	2	4	6	2	1	0	1	0	0	0	2	0.363478	0.353739	0.696087	0.248539	131	670	801
29	1/2/2011	1	0	1	4	0	0	0	2	0.46	0.4545	0.94	0.194	2	1	3	2	1	0	1	0	0	0	2	0.363478	0.353739	0.696087	0.248539	131	670	801
30	1/2/2011	1	0	1	6	0	0	0	3	0.42	0.4242	0.77	0.2985	0	2	2	2	1	0	1	0	0	0	2	0.363478	0.353739	0.696087	0.248539	131	670	801
31	1/2/2011	1	0	1	7	0	0	0	2	0.4	0.4091	0.76	0.194	0	1	1	2	1	0	1	0	0	0	2	0.363478	0.353739	0.696087	0.248539	131	670	801
32	1/2/2011	1	0	1	8	0	0	0	3	0.4	0.4091	0.71	0.2239	0	8	8	2	1	0	1	0	0	0	2	0.363478	0.353739	0.696087	0.248539	131	670	801
33	1/2/2011	1	0	1	9	0	0	0	2	0.38	0.3939	0.76	0.2239	1	19	20	2	1	0	1	0	0	0	2	0.363478	0.353739	0.696087	0.248539	131	670	801
34	1/2/2011	1	0	1	10	0	0	0	2	0.36	0.3485	0.81	0.2239	7	46	53	2	1	0	1	0	0	0	2	0.363478	0.353739	0.696087	0.248539	131	670	801
35	1/2/2011	1	0	1	11	0	0	0	2	0.36	0.3333	0.71	0.2537	16	54	70	2	1	0	1	0	0	0	2	0.363478	0.353739	0.696087	0.248539	131	670	801
36	1/2/2011	1	0	1	12	0	0	0	2	0.36	0.3333	0.66	0.2985	20	73	93	2	1	0	1	0	0	0	2	0.363478	0.353739	0.696087	0.248539	131	670	801
37	1/2/2011	1	0	1	13	0	0	0	2	0.36	0.3485	0.66	0.1343	11	64	75	2	1	0	1	0	0	0	2	0.363478	0.353739	0.696087	0.248539	131	670	801
38	1/2/2011	1	0	1	14	0	0	0	3	0.36	0.3485	0.76	0.194	4	55	59	2	1	0	1	0	0	0	2	0.363478	0.353739	0.696087	0.248539	131	670	801
39	1/2/2011	1	0	1	15	0	0	0	3	0.34	0.3333	0.81	0.1642	19	55	74	2	1	0	1	0	0	0	2	0.363478	0.353739	0.696087	0.248539	131	670	801
40	1/2/2011	1	0	1	16	0	0	0	3	0.34	0.3333	0.71	0.1642	9	67	76	2	1	0	1	0	0	0	2	0.363478	0.353739	0.696087	0.248539	131	670	801
41	1/2/2011	1	0	1	17	0	0	0	1	0.34	0.3333	0.57	0.194	7	58	65	2	1	0	1	0	0	0	2	0.363478	0.353739	0.696087	0.248539	131	670	801
42	1/2/2011	1	0	1	18	0	0	0	2	0.36	0.3333	0.46	0.3284	10	43	53	2	1	0	1	0	0	0	2	0.363478	0.353739	0.696087	0.248539	131	670	801
43	1/2/2011	1	0	1	19	0	0	0	1	0.32	0.2879	0.42	0.4478	1	29	30	2	1	0	1	0	0	0	2	0.363478	0.353739	0.696087	0.248539	131	670	801
44	1/2/2011	1	0	1	20	0	0	0	1	0.3	0.2727	0.39	0.3582	5	17	22	2	1	0	1	0	0	0	2	0.363478	0.353739	0.696087	0.248539	131	670	801
45	1/2/2011	1	0	1	21	0	0	0	1	0.26	0.2273	0.44	0.3284	11	20	31	2	1	0	1	0	0	0	2	0.363478	0.353739	0.696087	0.248539	131	670	801
46	1/2/2011	1	0	1	22	0	0	0	1	0.24	0.2121	0.44	0.2985	0	9	9	2	1	0	1	0	0	0	2	0.363478	0.353739	0.696087	0.248539	131	670	801
47	1/2/2011	1	0	1	23	0	0	0	1	0.22	0.2273	0.47	0.1642	0	8	8	2	1	0	1	0	0	0	2	0.363478	0.353739	0.696087	0.248539	131	670	801
48	1/3/2011	1	0	1	0	0	1	1	1	0.22	0.197	0.44	0.3582	0	5	5	3	1	0	1	0	1	1	1	0.196364	0.189405	0.437273	0.248309	120	1229	1349
49	1/3/2011	1	0	1	1	0	1	1	1	0.2	0.1667	0.44	0.4179	0	2	2	3	1	0	1	0	1	1	1	0.196364	0.189405	0.437273	0.248309	120	1229	1349
50	1/3/2011	1	0	1	4	0	1	1	1	0.16	0.1364	0.47	0.3881	0	1	1	3	1	0	1	0	1	1	1	0.196364	0.189405	0.437273	0.248309	120	1229	1349
51	1/3/2011	1	0	1	5	0	1	1	1	0.16	0.1364	0.47	0.2836	0	3	3	3	1	0	1	0	1	1	1	0.196364	0.189405	0.437273	0.248309	120	1229	1349
52	1/3/2011	1	0	1	6	0	1	1	1	0.14	0.1061	0.5	0.3881	0	30	30	3	1	0	1	0	1	1	1	0.196364	0.189405	0.437273	0.248309	120	1229	1349
53	1/3/2011	1	0	1	7	0	1	1	1	0.14	0.1364	0.5	0.194	1	63	64	3	1	0	1	0	1	1	1	0.196364	0.189405	0.437273	0.248309	120	1229	1349
54	1/3/2011	1	0	1	8	0	1	1	1	0.14	0.1212	0.5	0.2836	1	153	154	3	1	0	1	0	1	1	1	0.196364	0.189405	0.437273	0.248309	120	1229	1349
55	1/3/2011	1	0	1	9	0	1	1	1	0.16	0.1364	0.43	0.3881	7	81	88	3	1	0	1	0	1	1	1	0.196364	0.189405	0.437273	0.248309	120	1229	1349
56	1/3/2011	1	0	1	10	0	1	1	1	0.18	0.1667	0.43	0.2537	11	33	44	3	1	0	1	0	1	1	1	0.196364	0.189405	0.437273	0.248309	120	1229	1349
57	1/3/2011	1	0	1	11	0	1	1	1	0.2	0.1818	0.4	0.3284	10	41	51	3	1	0	1	0	1	1	1	0.196364	0.189405	0.437273	0.248309	120	1229	1349
58	1/3/2011	1	0	1	12	0	1	1	1	0.22	0.2121	0.35	0.2985	13	48	61	3	1	0	1	0	1	1	1	0.196364	0.189405	0.437273	0.248309	120	1229	1349
59	1/3/2011	1	0	1	13	0	1	1	1	0.24	0.2121	0.35	0.2836	8	53	61	3	1	0	1	0	1	1	1	0.196364	0.189405	0.437273	0.248309	120	1229	1349
60	1/3/2011	1	0	1	14	0	1	1	1	0.26	0.2424	0.3	0.2836	11	66	77	3	1	0	1	0	1	1	1	0.196364	0.189405	0.437273	0.248309	120	1229	1349
61	1/3/2011	1	0	1	15	0	1	1	1	0.26	0.2424	0.3	0.2537	14	58	72	3	1	0	1	0	1	1	1	0.196364	0.189405	0.437273	0.248309	120	1229	1349
62	1/3/2011	1	0	1	16	0	1	1	1	0.26	0.2424	0.3	0.2537	9	67	76	3	1	0	1	0	1	1	1	0.196364	0.189405	0.437273	0.248309	120	1229	1349
63	1/3/2011	1	0	1	17	0	1	1	1	0.24	0.2273	0.3	0.2239	11	146	157	3	1	0	1	0	1	1	1	0.196364	0.189405	0.437273	0.248309	120	1229	1349
64	1/3/2011	1	0	1	18	0	1	1	1	0.24	0.2576	0.32	0.1045	9	148	157	3	1	0	1	0	1	1	1	0.196364	0.189405	0.437273	0.248309	120	1229	1349
65	1/3/2011	1	0	1	19	0	1	1	1	0.2	0.2576	0.47	0	8	102	110	3	1	0	1	0	1	1	1	0.196364	0.189405	0.437273	0.248309	120	1229	1349
66	1/3/2011	1	0	1	20	0	1	1	1	0.2	0.2273	0.47	0.1045	3	49	52	3	1	0	1	0	1	1	1	0.196364	0.189405	0.437273	0.248309	120	1229	1349
67	1/3/2011	1	0	1	21	0	1	1	1	0.18	0.197	0.64	0.1343	3	49	52	3	1	0	1	0	1	1	1	0.196364	0.189405	0.437273	0.248309	120	1229	1349
68	1/3/2011	1	0	1	22	0	1	1	1	0.14	0.1515	0.69	0.1343	0	20	20	3	1	0	1	0	1	1	1	0.196364	0.189405	0.437273	0.248309	120	1229	1349
69	1/3/2011	1	0	1	23	0	1	1	1	0.18	0.2121	0.55	0.1045	1	11	12	3	1	0	1	0	1	1	1	0.196364	0.189405	0.437273	0.248309	120	1229	1349
70	1/4/2011	1	0	1	0	0	2	1	1	0.16	0.1818	0.55	0.1045	0	5	5	4	1	0	1	0	2	1	1	0.2	0.212122	0.590435	0.160296	108	1454	1562
71	1/4/2011	1	0	1	1	0	2	1	1	0.16	0.1818	0.59	0.1045	0	2	2	4	1	0	1	0	2	1	1	0.2	0.212122	0.590435	0.160296	108	1454	1562
72	1/4/2011	1	0	1	2	0	2	1	1	0.14	0.1515	0.63	0.1343	0	1	1	4	1	0	1	0	2	1	1	0.2	0.212122	0.590435	0.160296	108	1454	1562
73	1/4/2011	1	0	1	4	0	2	1	1	0.14	0.1818	0.63	0.0896	0	2	2	4	1	0	1	0	2	1	1	0.2	0.212122	0.590435	0.160296	108	1454	1562
74	1/4/2011	1	0	1	5	0	2	1	1	0.12	0.1515	0.68	0.1045	0	4	4	4	1	0	1	0	2	1	1	0.2	0.212122	0.590435	0.160296	108	1454	1562
75	1/4/2011	1	0	1	6	0	2	1	1	0.12	0.1515	0.74	0.1045	0	36	36	4	1	0	1	0	2	1	1	0.2	0.212122	0.590435	0.160296	108	1454	1562
76	1/4/2011	1	0	1	7	0	2	1	1	0.12	0.1515	0.74	0.1343	2	92	94	4	1	0	1	0	2	1	1	0.2	0.212122	0.590435	0.160296	108	1454	1562
77	1/4/2011	1	0	1	8	0	2	1	1	0.14	0.1515	0.69	0.1642	2	177	179	4	1	0	1	0	2	1	1	0.2	0.212122	0.590435	0.160296	108	1454	1562
78	1/4/2011	1	0	1	9	0	2	1	1	0.16	0.1515	0.64	0.2239	2	98	100	4	1	0	1	0	2	1	1	0.2	0.212122	0.590435	0.160296	108	1454	1562
79	1/4/2011	1	0	1	10	0	2	1	2	0.16	0.1364	0.69	0.3284	5	37	42	4	1	0	1	0	2	1	1	0.2	0.212122	0.590435	0.160296	108	1454	1562
80	1/4/2011	1	0	1	11	0	2	1	1	0.22	0.2121	0.51	0.2985	7	50	57	4	1	0	1	0	2	1	1	0.2	0.212122	0.590435	0.160296	108	1454	1562
81	1/4/2011	1	0	1	12	0	2	1	1	0.22	0.2273	0.51	0.1642	12	66	78	4	1	0	1	0	2	1	1	0.2	0.212122	0.590435	0.160296	108	1454	1562
82	1/4/2011	1	0	1	13	0	2	1	1	0.24	0.2273	0.56	0.194	18	79	97	4	1	0	1	0	2	1	1	0.2	0.212122	0.590435	0.160296	108	1454	1562
83	1/4/2011	1	0	1	14	0	2	1	1	0.26	0.2576	0.52	0.2239	9	54	63	4	1	0	1	0	2	1	1	0.2	0.212122	0.590435	0.160296	108	1454	1562
84	1/4/2011	1	0	1	15	0	2	1	1	0.28	0.2727	0.52	0.2537	17	48	65	4	1	0	1	0	2	1	1	0.2	0.212122	0.590435	0.160296	108	1454	1562
85	1/4/2011	1	0	1	16	0	2	1	1	0.3	0.2879	0.49	0.2537	15	68	83	4	1	0	1	0	2	1	1	0.2	0.212122	0.590435	0.160296	108	1454	1562
86	1/4/2011	1	0	1	17	0	2	1	1	0.28	0.2727	0.48	0.2239	10	202	212	4	1	0	1	0	2	1	1	0.2	0.212122	0.590435	0.160296	108	1454	1562
87	1/4/2011	1	0	1	18	0	2	1	1	0.26	0.2576	0.48	0.194	3	179	182	4	1	0	1	0	2	1	1	0.2	0.212122	0.590435	0.160296	108	1454	1562
88	1/4/2011	1	0	1	19	0	2	1	1	0.24	0.2576	0.48	0.1045	2	110	112	4	1	0	1	0	2	1	1	0.2	0.212122	0.590435	0.160296	108	1454	1562
89	1/4/2011	1	0	1	20	0	2	1	1	0.24	0.2576	0.48	0.1045	1	53	54	4	1	0	1	0	2	1	1	0.2	0.212122	0.590435	0.160296	108	1454	1562
90	1/4/2011	1	0	1	21	0	2	1	1	0.22	0.2727	0.64	0	0	48	48	4	1	0	1	0	2	1	1	0.2	0.212122	0.590435	0.160296	108	1454	1562
91	1/4/2011	1	0	1	22	0	2	1	1	0.22	0.2576	0.64	0.0896	1	34	35	4	1	0	1	0	2	1	1	0.2	0.212122	0.590435	0.160296	108	1454	1562
92	1/4/2011	1	0	1	23	0	2	1	1	0.2	0.2273	0.69	0.0896	2	9	11	4	1	0	1	0	2	1	1	0.2	0.212122	0.590435	0.160296	108	1454	1562
93	1/5/2011	1	0	1	0	0	3	1	1	0.2	0.2576	0.64	0	0	6	6	5	1	0	1	0	3	1	1	0.226957	0.22927	0.436957	0.1869	82	1518	1600
94	1/5/2011	1	0	1	1	0	3	1	1	0.16	0.197	0.74	0.0896	0	6	6	5	1	0	1	0	3	1	1	0.226957	0.22927	0.436957	0.1869	82	1518	1600
95	1/5/2011	1	0	1	2	0	3	1	1	0.16	0.197	0.74	0.0896	0	2	2	5	1	0	1	0	3	1	1	0.226957	0.22927	0.436957	0.1869	82	1518	1600
96	1/5/2011	1	0	1	4	0	3	1	1	0.24	0.2273	0.48	0.2239	0	2	2	5	1	0	1	0	3	1	1	0.226957	0.22927	0.436957	0.1869	82	1518	1600
97	1/5/2011	1	0	1	5	0	3	1	1	0.22	0.2273	0.47	0.1642	0	3	3	5	1	0	1	0	3	1	1	0.226957	0.22927	0.436957	0.1869	82	1518	1600
98	1/5/2011	1	0	1	6	0	3	1	1	0.2	0.197	0.47	0.2239	0	33	33	5	1	0	1	0	3	1	1	0.226957	0.22927	0.436957	0.1869	82	1518	1600
99	1/5/2011	1	0	1	7	0	3	1	1	0.18	0.1818	0.43	0.194	1	87	88	5	1	0	1	0	3	1	1	0.226957	0.22927	0.436957	0.1869	82	1518	1600
100	1/5/2011	1	0	1	8	0	3	1	1	0.2	0.1818	0.4	0.2985	3	192	195	5	1	0	1	0	3	1	1	0.226957	0.22927	0.436957	0.1869	82	1518	1600
101	1/5/2011	1	0	1	9	0	3	1	1	0.22	0.197	0.37	0.3284	6	109	115	5	1	0	1	0	3	1	1	0.226957	0.22927	0.436957	0.1869	82	1518	1600
102	1/5/2011	1	0	1	10	0	3	1	1	0.22	0.197	0.37	0.3284	4	53	57	5	1	0	1	0	3	1	1	0.226957	0.22927	0.436957	0.1869	82	1518	1600
103	1/5/2011	1	0	1	11	0	3	1	1	0.26	0.2273	0.33	0.3284	12	34	46	5	1	0	1	0	3	1	1	0.226957	0.22927	0.436957	0.1869	82	1518	1600
104	1/5/2011	1	0	1	12	0	3	1	1	0.26	0.2273	0.33	0.3284	5	74	79	5	1	0	1	0	3	1	1	0.226957	0.22927	0.436957	0.1869	82	1518	1600
105	1/5/2011	1	0	1	13	0	3	1	1	0.28	0.2576	0.3	0.2985	6	65	71	5	1	0	1	0	3	1	1	0.226957	0.22927	0.436957	0.1869	82	1518	1600
106	1/5/2011	1	0	1	14	0	3	1	1	0.3	0.2879	0.28	0.194	10	52	62	5	1	0	1	0	3	1	1	0.226957	0.22927	0.436957	0.1869	82	1518	1600
107	1/5/2011	1	0	1	15	0	3	1	1	0.3	0.2879	0.28	0.194	7	55	62	5	1	0	1	0	3	1	1	0.226957	0.22927	0.436957	0.1869	82	1518	1600
108	1/5/2011	1	0	1	16	0	3	1	1	0.3	0.3182	0.28	0.0896	4	85	89	5	1	0	1	0	3	1	1	0.226957	0.22927	0.436957	0.1869	82	1518	1600
109	1/5/2011	1	0	1	17	0	3	1	1	0.24	0.2273	0.38	0.194	4	186	190	5	1	0	1	0	3	1	1	0.226957	0.22927	0.436957	0.1869	82	1518	1600
110	1/5/2011	1	0	1	18	0	3	1	1	0.24	0.2424	0.38	0.1343	3	166	169	5	1	0	1	0	3	1	1	0.226957	0.22927	0.436957	0.1869	82	1518	1600
111	1/5/2011	1	0	1	19	0	3	1	1	0.24	0.2576	0.38	0.1045	5	127	132	5	1	0	1	0	3	1	1	0.226957	0.22927	0.436957	0.1869	82	1518	1600
112	1/5/2011	1	0	1	20	0	3	1	1	0.22	0.2273	0.47	0.1642	7	82	89	5	1	0	1	0	3	1	1	0.226957	0.22927	0.436957	0.1869	82	1518	1600
113	1/5/2011	1	0	1	21	0	3	1	1	0.2	0.197	0.51	0.194	3	40	43	5	1	0	1	0	3	1	1	0.226957	0.22927	0.436957	0.1869	82	1518	1600
114	1/5/2011	1	0	1	22	0	3	1	1	0.18	0.197	0.55	0.1343	1	41	42	5	1	0	1	0	3	1	1	0.226957	0.22927	0.436957	0.1869	82	1518	1600
115	1/5/2011	1	0	1	23	0	3	1	1	0.2	0.2576	0.47	0	1	18	19	5	1	0	1	0	3	1	1	0.226957	0.22927	0.436957	0.1869	82	1518	1600
116	1/6/2011	1	0	1	0	0	4	1	1	0.18	0.2424	0.55	0	0	11	11	6	1	0	1	0	4	1	1	0.204348	0.233209	0.518261	0.0895652	88	1518	1606
117	1/6/2011	1	0	1	1	0	4	1	1	0.16	0.2273	0.64	0	0	4	4	6	1	0	1	0	4	1	1	0.204348	0.233209	0.518261	0.0895652	88	1518	1606
118	1/6/2011	1	0	1	2	0	4	1	1	0.16	0.2273	0.64	0	0	2	2	6	1	0	1	0	4	1	1	0.204348	0.233209	0.518261	0.0895652	88	1518	1606
119	1/6/2011	1	0	1	4	0	4	1	2	0.16	0.197	0.64	0.0896	0	1	1	6	1	0	1	0	4	1	1	0.204348	0.233209	0.518261	0.0895652	88	1518	1606
120	1/6/2011	1	0	1	5	0	4	1	2	0.14	0.1818	0.69	0.0896	0	4	4	6	1	0	1	0	4	1	1	0.204348	0.233209	0.518261	0.0895652	88	1518	1606
121	1/6/2011	1	0	1	6	0	4	1	2	0.14	0.1667	0.63	0.1045	0	36	36	6	1	0	1	0	4	1	1	0.204348	0.233209	0.518261	0.0895652	88	1518	1606
122	1/6/2011	1	0	1	7	0	4	1	2	0.16	0.2273	0.59	0	0	95	95	6	1	0	1	0	4	1	1	0.204348	0.233209	0.518261	0.0895652	88	1518	1606
123	1/6/2011	1	0	1	8	0	4	1	1	0.16	0.2273	0.59	0	3	216	219	6	1	0	1	0	4	1	1	0.204348	0.233209	0.518261	0.0895652	88	1518	1606
124	1/6/2011	1	0	1	9	0	4	1	2	0.18	0.2424	0.51	0	6	116	122	6	1	0	1	0	4	1	1	0.204348	0.233209	0.518261	0.0895652	88	1518	1606
125	1/6/2011	1	0	1	10	0	4	1	1	0.2	0.2576	0.47	0	3	42	45	6	1	0	1	0	4	1	1	0.204348	0.233209	0.518261	0.0895652	88	1518	1606
126	1/6/2011	1	0	1	11	0	4	1	1	0.22	0.2576	0.44	0.0896	2	57	59	6	1	0	1	0	4	1	1	0.204348	0.233209	0.518261	0.0895652	88	1518	1606
127	1/6/2011	1	0	1	12	0	4	1	1	0.26	0.2879	0.35	0	6	78	84	6	1	0	1	0	4	1	1	0.204348	0.233209	0.518261	0.0895652	88	1518	1606
128	1/6/2011	1	0	1	13	0	4	1	1	0.26	0.2727	0.35	0.1045	12	55	67	6	1	0	1	0	4	1	1	0.204348	0.233209	0.518261	0.0895652	88	1518	1606
129	1/6/2011	1	0	1	14	0	4	1	1	0.28	0.2727	0.36	0.1642	11	59	70	6	1	0	1	0	4	1	1	0.204348	0.233209	0.518261	0.0895652	88	1518	1606
130	1/6/2011	1	0	1	15	0	4	1	1	0.28	0.2727	0.36	0	8	54	62	6	1	0	1	0	4	1	1	0.204348	0.233209	0.518261	0.0895652	88	1518	1606
131	1/6/2011	1	0	1	16	0	4	1	1	0.26	0.2576	0.38	0.1642	12	74	86	6	1	0	1	0	4	1	1	0.204348	0.233209	0.518261	0.0895652	88	1518	1606
132	1/6/2011	1	0	1	17	0	4	1	1	0.22	0.2273	0.51	0.1642	9	163	172	6	1	0	1	0	4	1	1	0.204348	0.233209	0.518261	0.0895652	88	1518	1606
133	1/6/2011	1	0	1	18	0	4	1	1	0.22	0.2273	0.51	0.1343	5	158	163	6	1	0	1	0	4	1	1	0.204348	0.233209	0.518261	0.0895652	88	1518	1606
134	1/6/2011	1	0	1	19	0	4	1	1	0.22	0.2576	0.55	0.0896	3	109	112	6	1	0	1	0	4	1	1	0.204348	0.233209	0.518261	0.0895652	88	1518	1606
135	1/6/2011	1	0	1	20	0	4	1	1	0.2	0.2121	0.51	0.1642	3	66	69	6	1	0	1	0	4	1	1	0.204348	0.233209	0.518261	0.0895652	88	1518	1606
136	1/6/2011	1	0	1	21	0	4	1	2	0.22	0.2121	0.55	0.2239	0	48	48	6	1	0	1	0	4	1	1	0.204348	0.233209	0.518261	0.0895652	88	1518	1606
137	1/6/2011	1	0	1	22	0	4	1	2	0.22	0.2121	0.51	0.2836	1	51	52	6	1	0	1	0	4	1	1	0.204348	0.233209	0.518261	0.0895652	88	1518	1606
138	1/6/2011	1	0	1	23	0	4	1	2	0.2	0.197	0.59	0.194	4	19	23	6	1	0	1	0	4	1	1	0.204348	0.233209	0.518261	0.0895652	88	1518	1606
139	1/7/2011	1	0	1	0	0	5	1	2	0.2	0.197	0.64	0.194	4	13	17	7	1	0	1	0	5	1	2	0.196522	0.208839	0.498696	0.168726	148	1362	1510
140	1/7/2011	1	0	1	1	0	5	1	2	0.2	0.197	0.69	0.2239	2	5	7	7	1	0	1	0	5	1	2	0.196522	0.208839	0.498696	0.168726	148	1362	1510
141	1/7/2011	1	0	1	2	0	5	1	2	0.2	0.197	0.69	0.2239	0	1	1	7	1	0	1	0	5	1	2	0.196522	0.208839	0.498696	0.168726	148	1362	1510
142	1/7/2011	1	0	1	4	0	5	1	2	0.2	0.2121	0.69	0.1343	0	1	1	7	1	0	1	0	5	1	2	0.196522	0.208839	0.498696	0.168726	148	1362	1510
143	1/7/2011	1	0	1	5	0	5	1	3	0.22	0.2727	0.55	0	0	5	5	7	1	0	1	0	5	1	2	0.196522	0.208839	0.498696	0.168726	148	1362	1510
144	1/7/2011	1	0	1	6	0	5	1	2	0.2	0.2576	0.69	0	8	26	34	7	1	0	1	0	5	1	2	0.196522	0.208839	0.498696	0.168726	148	1362	1510
145	1/7/2011	1	0	1	7	0	5	1	1	0.2	0.2121	0.69	0.1343	8	76	84	7	1	0	1	0	5	1	2	0.196522	0.208839	0.498696	0.168726	148	1362	1510
146	1/7/2011	1	0	1	8	0	5	1	1	0.2	0.197	0.51	0.2537	20	190	210	7	1	0	1	0	5	1	2	0.196522	0.208839	0.498696	0.168726	148	1362	1510
147	1/7/2011	1	0	1	9	0	5	1	1	0.2	0.1818	0.47	0.2985	9	125	134	7	1	0	1	0	5	1	2	0.196522	0.208839	0.498696	0.168726	148	1362	1510
148	1/7/2011	1	0	1	10	0	5	1	1	0.22	0.197	0.37	0.3284	16	47	63	7	1	0	1	0	5	1	2	0.196522	0.208839	0.498696	0.168726	148	1362	1510
149	1/7/2011	1	0	1	11	0	5	1	2	0.2	0.197	0.4	0.2239	19	48	67	7	1	0	1	0	5	1	2	0.196522	0.208839	0.498696	0.168726	148	1362	1510
150	1/7/2011	1	0	1	12	0	5	1	2	0.2	0.197	0.37	0.2537	9	50	59	7	1	0	1	0	5	1	2	0.196522	0.208839	0.498696	0.168726	148	1362	1510
151	1/7/2011	1	0	1	13	0	5	1	2	0.2	0.1818	0.37	0.2836	9	64	73	7	1	0	1	0	5	1	2	0.196522	0.208839	0.498696	0.168726	148	1362	1510
152	1/7/2011	1	0	1	14	0	5	1	2	0.2	0.197	0.4	0.2537	7	43	50	7	1	0	1	0	5	1	2	0.196522	0.208839	0.498696	0.168726	148	1362	1510
153	1/7/2011	1	0	1	15	0	5	1	2	0.2	0.2121	0.37	0.1642	9	63	72	7	1	0	1	0	5	1	2	0.196522	0.208839	0.498696	0.168726	148	1362	1510
154	1/7/2011	1	0	1	16	0	5	1	2	0.2	0.2121	0.37	0.1642	5	82	87	7	1	0	1	0	5	1	2	0.196522	0.208839	0.498696	0.168726	148	1362	1510
155	1/7/2011	1	0	1	17	0	5	1	2	0.2	0.2576	0.37	0	9	178	187	7	1	0	1	0	5	1	2	0.196522	0.208839	0.498696	0.168726	148	1362	1510
156	1/7/2011	1	0	1	18	0	5	1	1	0.2	0.2273	0.4	0.0896	7	116	123	7	1	0	1	0	5	1	2	0.196522	0.208839	0.498696	0.168726	148	1362	1510
157	1/7/2011	1	0	1	19	0	5	1	1	0.16	0.197	0.55	0.0896	3	92	95	7	1	0	1	0	5	1	2	0.196522	0.208839	0.498696	0.168726	148	1362	1510
158	1/7/2011	1	0	1	20	0	5	1	1	0.18	0.2121	0.47	0.1045	1	50	51	7	1	0	1	0	5	1	2	0.196522	0.208839	0.498696	0.168726	148	1362	1510
159	1/7/2011	1	0	1	21	0	5	1	1	0.18	0.197	0.47	0.1343	0	39	39	7	1	0	1	0	5	1	2	0.196522	0.208839	0.498696	0.168726	148	1362	1510
160	1/7/2011	1	0	1	22	0	5	1	2	0.18	0.197	0.43	0.1642	2	34	36	7	1	0	1	0	5	1	2	0.196522	0.208839	0.498696	0.168726	148	1362	1510
161	1/7/2011	1	0	1	23	0	5	1	2	0.18	0.197	0.51	0.1642	1	14	15	7	1	0	1	0	5	1	2	0.196522	0.208839	0.498696	0.168726	148	1362	1510
162	1/8/2011	1	0	1	0	0	6	0	2	0.18	0.197	0.51	0.1642	1	24	25	8	1	0	1	0	6	0	2	0.165	0.162254	0.535833	0.266804	68	891	959
163	1/8/2011	1	0	1	1	0	6	0	2	0.18	0.2121	0.55	0.0896	1	15	16	8	1	0	1	0	6	0	2	0.165	0.162254	0.535833	0.266804	68	891	959
164	1/8/2011	1	0	1	2	0	6	0	2	0.18	0.2424	0.55	0	3	13	16	8	1	0	1	0	6	0	2	0.165	0.162254	0.535833	0.266804	68	891	959
165	1/8/2011	1	0	1	3	0	6	0	3	0.18	0.197	0.55	0.1642	0	7	7	8	1	0	1	0	6	0	2	0.165	0.162254	0.535833	0.266804	68	891	959
166	1/8/2011	1	0	1	4	0	6	0	3	0.18	0.197	0.55	0.1642	0	1	1	8	1	0	1	0	6	0	2	0.165	0.162254	0.535833	0.266804	68	891	959
167	1/8/2011	1	0	1	5	0	6	0	2	0.16	0.1667	0.74	0.1642	0	5	5	8	1	0	1	0	6	0	2	0.165	0.162254	0.535833	0.266804	68	891	959
168	1/8/2011	1	0	1	6	0	6	0	2	0.16	0.1667	0.74	0.1642	0	2	2	8	1	0	1	0	6	0	2	0.165	0.162254	0.535833	0.266804	68	891	959
169	1/8/2011	1	0	1	7	0	6	0	2	0.16	0.1818	0.74	0.1045	1	8	9	8	1	0	1	0	6	0	2	0.165	0.162254	0.535833	0.266804	68	891	959
170	1/8/2011	1	0	1	8	0	6	0	3	0.16	0.1818	0.93	0.1045	0	15	15	8	1	0	1	0	6	0	2	0.165	0.162254	0.535833	0.266804	68	891	959
171	1/8/2011	1	0	1	9	0	6	0	3	0.16	0.1818	0.93	0.1045	0	20	20	8	1	0	1	0	6	0	2	0.165	0.162254	0.535833	0.266804	68	891	959
172	1/8/2011	1	0	1	10	0	6	0	2	0.18	0.197	0.8	0.1642	5	56	61	8	1	0	1	0	6	0	2	0.165	0.162254	0.535833	0.266804	68	891	959
173	1/8/2011	1	0	1	11	0	6	0	2	0.2	0.1818	0.69	0.3881	2	60	62	8	1	0	1	0	6	0	2	0.165	0.162254	0.535833	0.266804	68	891	959
174	1/8/2011	1	0	1	12	0	6	0	2	0.2	0.1818	0.59	0.3582	8	90	98	8	1	0	1	0	6	0	2	0.165	0.162254	0.535833	0.266804	68	891	959
175	1/8/2011	1	0	1	13	0	6	0	1	0.2	0.1818	0.44	0.3284	7	95	102	8	1	0	1	0	6	0	2	0.165	0.162254	0.535833	0.266804	68	891	959
176	1/8/2011	1	0	1	14	0	6	0	1	0.2	0.1667	0.32	0.4925	12	83	95	8	1	0	1	0	6	0	2	0.165	0.162254	0.535833	0.266804	68	891	959
177	1/8/2011	1	0	1	15	0	6	0	1	0.2	0.1667	0.32	0.4478	5	69	74	8	1	0	1	0	6	0	2	0.165	0.162254	0.535833	0.266804	68	891	959
178	1/8/2011	1	0	1	16	0	6	0	1	0.18	0.1364	0.29	0.4478	8	68	76	8	1	0	1	0	6	0	2	0.165	0.162254	0.535833	0.266804	68	891	959
179	1/8/2011	1	0	1	17	0	6	0	1	0.16	0.1212	0.37	0.5522	5	64	69	8	1	0	1	0	6	0	2	0.165	0.162254	0.535833	0.266804	68	891	959
180	1/8/2011	1	0	1	18	0	6	0	1	0.14	0.1212	0.39	0.2985	3	52	55	8	1	0	1	0	6	0	2	0.165	0.162254	0.535833	0.266804	68	891	959
181	1/8/2011	1	0	1	19	0	6	0	1	0.14	0.1212	0.36	0.2537	4	26	30	8	1	0	1	0	6	0	2	0.165	0.162254	0.535833	0.266804	68	891	959
182	1/8/2011	1	0	1	20	0	6	0	1	0.12	0.1212	0.36	0.2537	0	28	28	8	1	0	1	0	6	0	2	0.165	0.162254	0.535833	0.266804	68	891	959
183	1/8/2011	1	0	1	21	0	6	0	1	0.12	0.1061	0.39	0.3582	2	35	37	8	1	0	1	0	6	0	2	0.165	0.162254	0.535833	0.266804	68	891	959
184	1/8/2011	1	0	1	22	0	6	0	1	0.12	0.1061	0.36	0.3881	1	33	34	8	1	0	1	0	6	0	2	0.165	0.162254	0.535833	0.266804	68	891	959
185	1/8/2011	1	0	1	23	0	6	0	1	0.1	0.0606	0.39	0.4478	0	22	22	8	1	0	1	0	6	0	2	0.165	0.162254	0.535833	0.266804	68	891	959
186	1/9/2011	1	0	1	0	0	0	0	1	0.1	0.0758	0.42	0.3881	1	24	25	9	1	0	1	0	0	0	1	0.138333	0.116175	0.434167	0.36195	54	768	822
187	1/9/2011	1	0	1	1	0	0	0	1	0.1	0.0606	0.42	0.4627	0	12	12	9	1	0	1	0	0	0	1	0.138333	0.116175	0.434167	0.36195	54	768	822
188	1/9/2011	1	0	1	2	0	0	0	1	0.1	0.0606	0.46	0.4627	0	11	11	9	1	0	1	0	0	0	1	0.138333	0.116175	0.434167	0.36195	54	768	822
189	1/9/2011	1	0	1	3	0	0	0	1	0.1	0.0758	0.46	0.4179	0	4	4	9	1	0	1	0	0	0	1	0.138333	0.116175	0.434167	0.36195	54	768	822
190	1/9/2011	1	0	1	4	0	0	0	1	0.08	0.0909	0.53	0.194	0	1	1	9	1	0	1	0	0	0	1	0.138333	0.116175	0.434167	0.36195	54	768	822
191	1/9/2011	1	0	1	5	0	0	0	1	0.08	0.0909	0.53	0.194	0	1	1	9	1	0	1	0	0	0	1	0.138333	0.116175	0.434167	0.36195	54	768	822
192	1/9/2011	1	0	1	6	0	0	0	1	0.1	0.0909	0.49	0.2836	0	1	1	9	1	0	1	0	0	0	1	0.138333	0.116175	0.434167	0.36195	54	768	822
193	1/9/2011	1	0	1	7	0	0	0	1	0.08	0.0909	0.53	0.194	1	5	6	9	1	0	1	0	0	0	1	0.138333	0.116175	0.434167	0.36195	54	768	822
194	1/9/2011	1	0	1	8	0	0	0	1	0.1	0.0909	0.49	0.2836	0	10	10	9	1	0	1	0	0	0	1	0.138333	0.116175	0.434167	0.36195	54	768	822
195	1/9/2011	1	0	1	9	0	0	0	1	0.12	0.0758	0.46	0.5224	0	19	19	9	1	0	1	0	0	0	1	0.138333	0.116175	0.434167	0.36195	54	768	822
196	1/9/2011	1	0	1	10	0	0	0	1	0.14	0.1061	0.43	0.3881	0	49	49	9	1	0	1	0	0	0	1	0.138333	0.116175	0.434167	0.36195	54	768	822
197	1/9/2011	1	0	1	11	0	0	0	1	0.16	0.1212	0.4	0.5224	2	47	49	9	1	0	1	0	0	0	1	0.138333	0.116175	0.434167	0.36195	54	768	822
198	1/9/2011	1	0	1	12	0	0	0	1	0.18	0.1364	0.37	0.4478	4	79	83	9	1	0	1	0	0	0	1	0.138333	0.116175	0.434167	0.36195	54	768	822
199	1/9/2011	1	0	1	13	0	0	0	1	0.2	0.1667	0.34	0.4478	6	69	75	9	1	0	1	0	0	0	1	0.138333	0.116175	0.434167	0.36195	54	768	822
200	1/9/2011	1	0	1	14	0	0	0	1	0.22	0.1818	0.32	0.4627	8	64	72	9	1	0	1	0	0	0	1	0.138333	0.116175	0.434167	0.36195	54	768	822
201	1/9/2011	1	0	1	15	0	0	0	1	0.22	0.197	0.35	0.3582	5	77	82	9	1	0	1	0	0	0	1	0.138333	0.116175	0.434167	0.36195	54	768	822
202	1/9/2011	1	0	1	16	0	0	0	1	0.2	0.1667	0.34	0.4478	13	79	92	9	1	0	1	0	0	0	1	0.138333	0.116175	0.434167	0.36195	54	768	822
203	1/9/2011	1	0	1	17	0	0	0	1	0.18	0.1515	0.37	0.3881	3	59	62	9	1	0	1	0	0	0	1	0.138333	0.116175	0.434167	0.36195	54	768	822
204	1/9/2011	1	0	1	18	0	0	0	1	0.16	0.1364	0.4	0.3284	4	44	48	9	1	0	1	0	0	0	1	0.138333	0.116175	0.434167	0.36195	54	768	822
205	1/9/2011	1	0	1	19	0	0	0	1	0.16	0.1364	0.43	0.3284	1	40	41	9	1	0	1	0	0	0	1	0.138333	0.116175	0.434167	0.36195	54	768	822
206	1/9/2011	1	0	1	20	0	0	0	1	0.14	0.1212	0.46	0.2537	0	38	38	9	1	0	1	0	0	0	1	0.138333	0.116175	0.434167	0.36195	54	768	822
207	1/9/2011	1	0	1	21	0	0	0	1	0.14	0.1061	0.46	0.4179	1	19	20	9	1	0	1	0	0	0	1	0.138333	0.116175	0.434167	0.36195	54	768	822
208	1/9/2011	1	0	1	22	0	0	0	1	0.14	0.1212	0.46	0.2985	5	10	15	9	1	0	1	0	0	0	1	0.138333	0.116175	0.434167	0.36195	54	768	822
209	1/9/2011	1	0	1	23	0	0	0	1	0.12	0.1364	0.5	0.194	0	6	6	9	1	0	1	0	0	0	1	0.138333	0.116175	0.434167	0.36195	54	768	822
210	1/10/2011	1	0	1	0	0	1	1	1	0.12	0.1212	0.5	0.2836	2	3	5	10	1	0	1	0	1	1	1	0.150833	0.150888	0.482917	0.223267	41	1280	1321
211	1/10/2011	1	0	1	1	0	1	1	1	0.12	0.1212	0.5	0.2836	1	0	1	10	1	0	1	0	1	1	1	0.150833	0.150888	0.482917	0.223267	41	1280	1321
212	1/10/2011	1	0	1	2	0	1	1	1	0.12	0.1212	0.5	0.2239	0	3	3	10	1	0	1	0	1	1	1	0.150833	0.150888	0.482917	0.223267	41	1280	1321
213	1/10/2011	1	0	1	3	0	1	1	1	0.12	0.1212	0.5	0.2239	0	1	1	10	1	0	1	0	1	1	1	0.150833	0.150888	0.482917	0.223267	41	1280	1321
214	1/10/2011	1	0	1	4	0	1	1	1	0.1	0.1212	0.54	0.1343	1	2	3	10	1	0	1	0	1	1	1	0.150833	0.150888	0.482917	0.223267	41	1280	1321
215	1/10/2011	1	0	1	5	0	1	1	1	0.1	0.1061	0.54	0.2537	0	3	3	10	1	0	1	0	1	1	1	0.150833	0.150888	0.482917	0.223267	41	1280	1321
216	1/10/2011	1	0	1	6	0	1	1	1	0.12	0.1212	0.5	0.2836	0	31	31	10	1	0	1	0	1	1	1	0.150833	0.150888	0.482917	0.223267	41	1280	1321
217	1/10/2011	1	0	1	7	0	1	1	1	0.12	0.1212	0.5	0.2239	2	75	77	10	1	0	1	0	1	1	1	0.150833	0.150888	0.482917	0.223267	41	1280	1321
218	1/10/2011	1	0	1	8	0	1	1	2	0.12	0.1212	0.5	0.2836	4	184	188	10	1	0	1	0	1	1	1	0.150833	0.150888	0.482917	0.223267	41	1280	1321
219	1/10/2011	1	0	1	9	0	1	1	2	0.14	0.1212	0.5	0.2537	2	92	94	10	1	0	1	0	1	1	1	0.150833	0.150888	0.482917	0.223267	41	1280	1321
220	1/10/2011	1	0	1	10	0	1	1	2	0.14	0.1212	0.5	0.2985	0	31	31	10	1	0	1	0	1	1	1	0.150833	0.150888	0.482917	0.223267	41	1280	1321
221	1/10/2011	1	0	1	11	0	1	1	2	0.16	0.1364	0.47	0.2836	2	28	30	10	1	0	1	0	1	1	1	0.150833	0.150888	0.482917	0.223267	41	1280	1321
222	1/10/2011	1	0	1	12	0	1	1	2	0.2	0.1818	0.4	0.2836	5	47	52	10	1	0	1	0	1	1	1	0.150833	0.150888	0.482917	0.223267	41	1280	1321
223	1/10/2011	1	0	1	13	0	1	1	2	0.2	0.1818	0.4	0.2836	4	50	54	10	1	0	1	0	1	1	1	0.150833	0.150888	0.482917	0.223267	41	1280	1321
224	1/10/2011	1	0	1	14	0	1	1	2	0.2	0.197	0.4	0.2239	0	47	47	10	1	0	1	0	1	1	1	0.150833	0.150888	0.482917	0.223267	41	1280	1321
225	1/10/2011	1	0	1	15	0	1	1	2	0.2	0.197	0.4	0.2239	2	43	45	10	1	0	1	0	1	1	1	0.150833	0.150888	0.482917	0.223267	41	1280	1321
226	1/10/2011	1	0	1	16	0	1	1	1	0.2	0.2121	0.4	0.1343	4	70	74	10	1	0	1	0	1	1	1	0.150833	0.150888	0.482917	0.223267	41	1280	1321
227	1/10/2011	1	0	1	17	0	1	1	1	0.2	0.2273	0.4	0.1045	4	174	178	10	1	0	1	0	1	1	1	0.150833	0.150888	0.482917	0.223267	41	1280	1321
228	1/10/2011	1	0	1	18	0	1	1	1	0.2	0.197	0.4	0.2239	1	154	155	10	1	0	1	0	1	1	1	0.150833	0.150888	0.482917	0.223267	41	1280	1321
229	1/10/2011	1	0	1	19	0	1	1	1	0.16	0.1667	0.47	0.1642	3	92	95	10	1	0	1	0	1	1	1	0.150833	0.150888	0.482917	0.223267	41	1280	1321
230	1/10/2011	1	0	1	20	0	1	1	1	0.16	0.1667	0.5	0.1642	1	73	74	10	1	0	1	0	1	1	1	0.150833	0.150888	0.482917	0.223267	41	1280	1321
231	1/10/2011	1	0	1	21	0	1	1	1	0.14	0.1364	0.59	0.194	1	37	38	10	1	0	1	0	1	1	1	0.150833	0.150888	0.482917	0.223267	41	1280	1321
232	1/10/2011	1	0	1	22	0	1	1	1	0.14	0.1515	0.59	0.1642	2	22	24	10	1	0	1	0	1	1	1	0.150833	0.150888	0.482917	0.223267	41	1280	1321
233	1/10/2011	1	0	1	23	0	1	1	1	0.14	0.1515	0.59	0.1642	0	18	18	10	1	0	1	0	1	1	1	0.150833	0.150888	0.482917	0.223267	41	1280	1321
234	1/11/2011	1	0	1	0	0	2	1	1	0.14	0.1667	0.59	0.1045	2	10	12	11	1	0	1	0	2	1	2	0.169091	0.191464	0.686364	0.122132	43	1220	1263
235	1/11/2011	1	0	1	1	0	2	1	1	0.14	0.1515	0.59	0.1642	0	3	3	11	1	0	1	0	2	1	2	0.169091	0.191464	0.686364	0.122132	43	1220	1263
236	1/11/2011	1	0	1	2	0	2	1	2	0.16	0.1515	0.55	0.194	0	3	3	11	1	0	1	0	2	1	2	0.169091	0.191464	0.686364	0.122132	43	1220	1263
237	1/11/2011	1	0	1	5	0	2	1	2	0.16	0.1818	0.55	0.1343	0	6	6	11	1	0	1	0	2	1	2	0.169091	0.191464	0.686364	0.122132	43	1220	1263
238	1/11/2011	1	0	1	6	0	2	1	2	0.16	0.1818	0.55	0.1343	0	27	27	11	1	0	1	0	2	1	2	0.169091	0.191464	0.686364	0.122132	43	1220	1263
239	1/11/2011	1	0	1	7	0	2	1	2	0.16	0.2273	0.55	0	2	97	99	11	1	0	1	0	2	1	2	0.169091	0.191464	0.686364	0.122132	43	1220	1263
240	1/11/2011	1	0	1	8	0	2	1	2	0.18	0.2121	0.51	0.0896	3	214	217	11	1	0	1	0	2	1	2	0.169091	0.191464	0.686364	0.122132	43	1220	1263
241	1/11/2011	1	0	1	9	0	2	1	2	0.18	0.197	0.51	0.1642	3	127	130	11	1	0	1	0	2	1	2	0.169091	0.191464	0.686364	0.122132	43	1220	1263
242	1/11/2011	1	0	1	10	0	2	1	2	0.2	0.2121	0.51	0.1642	3	51	54	11	1	0	1	0	2	1	2	0.169091	0.191464	0.686364	0.122132	43	1220	1263
243	1/11/2011	1	0	1	11	0	2	1	2	0.2	0.2121	0.47	0.1343	4	31	35	11	1	0	1	0	2	1	2	0.169091	0.191464	0.686364	0.122132	43	1220	1263
244	1/11/2011	1	0	1	12	0	2	1	2	0.2	0.2273	0.51	0.1045	2	55	57	11	1	0	1	0	2	1	2	0.169091	0.191464	0.686364	0.122132	43	1220	1263
245	1/11/2011	1	0	1	13	0	2	1	2	0.2	0.2273	0.59	0.0896	6	46	52	11	1	0	1	0	2	1	2	0.169091	0.191464	0.686364	0.122132	43	1220	1263
246	1/11/2011	1	0	1	14	0	2	1	2	0.2	0.2273	0.59	0.0896	3	60	63	11	1	0	1	0	2	1	2	0.169091	0.191464	0.686364	0.122132	43	1220	1263
247	1/11/2011	1	0	1	15	0	2	1	2	0.16	0.197	0.8	0.0896	2	45	47	11	1	0	1	0	2	1	2	0.169091	0.191464	0.686364	0.122132	43	1220	1263
248	1/11/2011	1	0	1	16	0	2	1	2	0.16	0.1515	0.86	0.2239	4	72	76	11	1	0	1	0	2	1	2	0.169091	0.191464	0.686364	0.122132	43	1220	1263
249	1/11/2011	1	0	1	17	0	2	1	2	0.16	0.1515	0.86	0.2239	6	130	136	11	1	0	1	0	2	1	2	0.169091	0.191464	0.686364	0.122132	43	1220	1263
250	1/11/2011	1	0	1	18	0	2	1	3	0.16	0.1818	0.93	0.1045	1	94	95	11	1	0	1	0	2	1	2	0.169091	0.191464	0.686364	0.122132	43	1220	1263
251	1/11/2011	1	0	1	19	0	2	1	3	0.16	0.2273	0.93	0	0	51	51	11	1	0	1	0	2	1	2	0.169091	0.191464	0.686364	0.122132	43	1220	1263
252	1/11/2011	1	0	1	20	0	2	1	3	0.16	0.1515	0.93	0.194	0	32	32	11	1	0	1	0	2	1	2	0.169091	0.191464	0.686364	0.122132	43	1220	1263
253	1/11/2011	1	0	1	21	0	2	1	3	0.16	0.197	0.86	0.0896	0	20	20	11	1	0	1	0	2	1	2	0.169091	0.191464	0.686364	0.122132	43	1220	1263
254	1/11/2011	1	0	1	22	0	2	1	3	0.16	0.1818	0.93	0.1045	1	28	29	11	1	0	1	0	2	1	2	0.169091	0.191464	0.686364	0.122132	43	1220	1263
255	1/11/2011	1	0	1	23	0	2	1	3	0.16	0.197	0.93	0.0896	1	18	19	11	1	0	1	0	2	1	2	0.169091	0.191464	0.686364	0.122132	43	1220	1263
256	1/12/2011	1	0	1	0	0	3	1	2	0.16	0.197	0.86	0.0896	0	7	7	12	1	0	1	0	3	1	1	0.172727	0.160473	0.599545	0.304627	25	1137	1162
257	1/12/2011	1	0	1	1	0	3	1	2	0.16	0.1818	0.86	0.1045	0	6	6	12	1	0	1	0	3	1	1	0.172727	0.160473	0.599545	0.304627	25	1137	1162
258	1/12/2011	1	0	1	2	0	3	1	1	0.14	0.1515	0.86	0.1343	0	1	1	12	1	0	1	0	3	1	1	0.172727	0.160473	0.599545	0.304627	25	1137	1162
259	1/12/2011	1	0	1	5	0	3	1	1	0.14	0.1515	0.86	0.1642	0	5	5	12	1	0	1	0	3	1	1	0.172727	0.160473	0.599545	0.304627	25	1137	1162
260	1/12/2011	1	0	1	6	0	3	1	1	0.12	0.1515	0.93	0.1343	0	16	16	12	1	0	1	0	3	1	1	0.172727	0.160473	0.599545	0.304627	25	1137	1162
261	1/12/2011	1	0	1	7	0	3	1	1	0.14	0.1515	0.69	0.1343	0	54	54	12	1	0	1	0	3	1	1	0.172727	0.160473	0.599545	0.304627	25	1137	1162
262	1/12/2011	1	0	1	8	0	3	1	1	0.16	0.1667	0.59	0.1642	3	125	128	12	1	0	1	0	3	1	1	0.172727	0.160473	0.599545	0.304627	25	1137	1162
263	1/12/2011	1	0	1	9	0	3	1	1	0.16	0.1364	0.59	0.3284	3	78	81	12	1	0	1	0	3	1	1	0.172727	0.160473	0.599545	0.304627	25	1137	1162
264	1/12/2011	1	0	1	10	0	3	1	1	0.18	0.1818	0.55	0.2239	0	39	39	12	1	0	1	0	3	1	1	0.172727	0.160473	0.599545	0.304627	25	1137	1162
265	1/12/2011	1	0	1	11	0	3	1	1	0.2	0.1818	0.51	0.3881	3	32	35	12	1	0	1	0	3	1	1	0.172727	0.160473	0.599545	0.304627	25	1137	1162
266	1/12/2011	1	0	1	12	0	3	1	1	0.2	0.1515	0.47	0.5821	3	52	55	12	1	0	1	0	3	1	1	0.172727	0.160473	0.599545	0.304627	25	1137	1162
267	1/12/2011	1	0	1	13	0	3	1	1	0.22	0.197	0.44	0.3582	0	49	49	12	1	0	1	0	3	1	1	0.172727	0.160473	0.599545	0.304627	25	1137	1162
268	1/12/2011	1	0	1	14	0	3	1	1	0.2	0.1818	0.47	0.3284	0	44	44	12	1	0	1	0	3	1	1	0.172727	0.160473	0.599545	0.304627	25	1137	1162
269	1/12/2011	1	0	1	15	0	3	1	1	0.2	0.1667	0.47	0.4179	1	48	49	12	1	0	1	0	3	1	1	0.172727	0.160473	0.599545	0.304627	25	1137	1162
270	1/12/2011	1	0	1	16	0	3	1	1	0.22	0.197	0.44	0.3284	5	63	68	12	1	0	1	0	3	1	1	0.172727	0.160473	0.599545	0.304627	25	1137	1162
271	1/12/2011	1	0	1	17	0	3	1	1	0.2	0.1818	0.47	0.3582	0	139	139	12	1	0	1	0	3	1	1	0.172727	0.160473	0.599545	0.304627	25	1137	1162
272	1/12/2011	1	0	1	18	0	3	1	1	0.2	0.1515	0.47	0.5224	2	135	137	12	1	0	1	0	3	1	1	0.172727	0.160473	0.599545	0.304627	25	1137	1162
273	1/12/2011	1	0	1	19	0	3	1	1	0.18	0.1515	0.47	0.4179	1	82	83	12	1	0	1	0	3	1	1	0.172727	0.160473	0.599545	0.304627	25	1137	1162
274	1/12/2011	1	0	1	20	0	3	1	1	0.16	0.1364	0.5	0.3284	2	54	56	12	1	0	1	0	3	1	1	0.172727	0.160473	0.599545	0.304627	25	1137	1162
275	1/12/2011	1	0	1	21	0	3	1	1	0.16	0.1364	0.55	0.3284	0	57	57	12	1	0	1	0	3	1	1	0.172727	0.160473	0.599545	0.304627	25	1137	1162
276	1/12/2011	1	0	1	22	0	3	1	1	0.16	0.1212	0.55	0.4478	1	32	33	12	1	0	1	0	3	1	1	0.172727	0.160473	0.599545	0.304627	25	1137	1162
277	1/12/2011	1	0	1	23	0	3	1	1	0.14	0.1061	0.59	0.4179	1	19	20	12	1	0	1	0	3	1	1	0.172727	0.160473	0.599545	0.304627	25	1137	1162
278	1/13/2011	1	0	1	0	0	4	1	1	0.14	0.1212	0.59	0.2836	1	6	7	13	1	0	1	0	4	1	1	0.165	0.150883	0.470417	0.301	38	1368	1406
279	1/13/2011	1	0	1	1	0	4	1	1	0.14	0.1212	0.5	0.2836	0	2	2	13	1	0	1	0	4	1	1	0.165	0.150883	0.470417	0.301	38	1368	1406
280	1/13/2011	1	0	1	2	0	4	1	1	0.14	0.1212	0.5	0.3582	0	2	2	13	1	0	1	0	4	1	1	0.165	0.150883	0.470417	0.301	38	1368	1406
281	1/13/2011	1	0	1	3	0	4	1	1	0.14	0.1212	0.5	0.3284	0	3	3	13	1	0	1	0	4	1	1	0.165	0.150883	0.470417	0.301	38	1368	1406
282	1/13/2011	1	0	1	4	0	4	1	1	0.14	0.1212	0.5	0.2537	0	4	4	13	1	0	1	0	4	1	1	0.165	0.150883	0.470417	0.301	38	1368	1406
283	1/13/2011	1	0	1	5	0	4	1	1	0.14	0.1212	0.5	0.2985	0	3	3	13	1	0	1	0	4	1	1	0.165	0.150883	0.470417	0.301	38	1368	1406
284	1/13/2011	1	0	1	6	0	4	1	1	0.12	0.1515	0.54	0.1343	0	28	28	13	1	0	1	0	4	1	1	0.165	0.150883	0.470417	0.301	38	1368	1406
285	1/13/2011	1	0	1	7	0	4	1	1	0.12	0.1515	0.54	0.1343	0	72	72	13	1	0	1	0	4	1	1	0.165	0.150883	0.470417	0.301	38	1368	1406
286	1/13/2011	1	0	1	8	0	4	1	1	0.14	0.1364	0.5	0.194	5	197	202	13	1	0	1	0	4	1	1	0.165	0.150883	0.470417	0.301	38	1368	1406
287	1/13/2011	1	0	1	9	0	4	1	1	0.14	0.1212	0.5	0.3284	2	137	139	13	1	0	1	0	4	1	1	0.165	0.150883	0.470417	0.301	38	1368	1406
288	1/13/2011	1	0	1	10	0	4	1	2	0.16	0.1364	0.5	0.3582	2	36	38	13	1	0	1	0	4	1	1	0.165	0.150883	0.470417	0.301	38	1368	1406
289	1/13/2011	1	0	1	11	0	4	1	2	0.2	0.1667	0.44	0.4478	4	33	37	13	1	0	1	0	4	1	1	0.165	0.150883	0.470417	0.301	38	1368	1406
290	1/13/2011	1	0	1	12	0	4	1	1	0.2	0.1667	0.44	0.4179	3	49	52	13	1	0	1	0	4	1	1	0.165	0.150883	0.470417	0.301	38	1368	1406
291	1/13/2011	1	0	1	13	0	4	1	1	0.22	0.197	0.41	0.4478	2	81	83	13	1	0	1	0	4	1	1	0.165	0.150883	0.470417	0.301	38	1368	1406
292	1/13/2011	1	0	1	14	0	4	1	1	0.22	0.197	0.41	0.3881	3	39	42	13	1	0	1	0	4	1	1	0.165	0.150883	0.470417	0.301	38	1368	1406
293	1/13/2011	1	0	1	15	0	4	1	1	0.24	0.2121	0.38	0.2985	5	55	60	13	1	0	1	0	4	1	1	0.165	0.150883	0.470417	0.301	38	1368	1406
294	1/13/2011	1	0	1	16	0	4	1	1	0.24	0.2121	0.38	0.3582	2	76	78	13	1	0	1	0	4	1	1	0.165	0.150883	0.470417	0.301	38	1368	1406
295	1/13/2011	1	0	1	17	0	4	1	1	0.2	0.1818	0.4	0.2836	4	158	162	13	1	0	1	0	4	1	1	0.165	0.150883	0.470417	0.301	38	1368	1406
296	1/13/2011	1	0	1	18	0	4	1	1	0.2	0.1818	0.4	0.3284	3	141	144	13	1	0	1	0	4	1	1	0.165	0.150883	0.470417	0.301	38	1368	1406
297	1/13/2011	1	0	1	19	0	4	1	1	0.16	0.1515	0.47	0.2537	1	98	99	13	1	0	1	0	4	1	1	0.165	0.150883	0.470417	0.301	38	1368	1406
298	1/13/2011	1	0	1	20	0	4	1	1	0.16	0.1515	0.47	0.2239	0	64	64	13	1	0	1	0	4	1	1	0.165	0.150883	0.470417	0.301	38	1368	1406
299	1/13/2011	1	0	1	21	0	4	1	1	0.14	0.1212	0.46	0.2985	0	40	40	13	1	0	1	0	4	1	1	0.165	0.150883	0.470417	0.301	38	1368	1406
300	1/13/2011	1	0	1	22	0	4	1	1	0.14	0.1212	0.46	0.3284	0	30	30	13	1	0	1	0	4	1	1	0.165	0.150883	0.470417	0.301	38	1368	1406
301	1/13/2011	1	0	1	23	0	4	1	1	0.12	0.1364	0.5	0.194	1	14	15	13	1	0	1	0	4	1	1	0.165	0.150883	0.470417	0.301	38	1368	1406
302	1/14/2011	1	0	1	0	0	5	1	1	0.12	0.1364	0.5	0.194	0	14	14	14	1	0	1	0	5	1	1	0.16087	0.188413	0.537826	0.126548	54	1367	1421
303	1/14/2011	1	0	1	1	0	5	1	1	0.1	0.1212	0.54	0.1642	0	5	5	14	1	0	1	0	5	1	1	0.16087	0.188413	0.537826	0.126548	54	1367	1421
304	1/14/2011	1	0	1	2	0	5	1	1	0.1	0.1212	0.54	0.1343	0	1	1	14	1	0	1	0	5	1	1	0.16087	0.188413	0.537826	0.126548	54	1367	1421
305	1/14/2011	1	0	1	3	0	5	1	1	0.1	0.1364	0.54	0.1045	0	1	1	14	1	0	1	0	5	1	1	0.16087	0.188413	0.537826	0.126548	54	1367	1421
306	1/14/2011	1	0	1	5	0	5	1	1	0.1	0.1364	0.54	0.0896	0	8	8	14	1	0	1	0	5	1	1	0.16087	0.188413	0.537826	0.126548	54	1367	1421
307	1/14/2011	1	0	1	6	0	5	1	1	0.1	0.1818	0.54	0	0	17	17	14	1	0	1	0	5	1	1	0.16087	0.188413	0.537826	0.126548	54	1367	1421
308	1/14/2011	1	0	1	7	0	5	1	1	0.1	0.1212	0.74	0.1642	0	70	70	14	1	0	1	0	5	1	1	0.16087	0.188413	0.537826	0.126548	54	1367	1421
309	1/14/2011	1	0	1	8	0	5	1	1	0.12	0.1667	0.68	0	2	156	158	14	1	0	1	0	5	1	1	0.16087	0.188413	0.537826	0.126548	54	1367	1421
310	1/14/2011	1	0	1	9	0	5	1	1	0.14	0.1515	0.69	0.1343	0	117	117	14	1	0	1	0	5	1	1	0.16087	0.188413	0.537826	0.126548	54	1367	1421
311	1/14/2011	1	0	1	10	0	5	1	1	0.18	0.1818	0.55	0.194	4	40	44	14	1	0	1	0	5	1	1	0.16087	0.188413	0.537826	0.126548	54	1367	1421
312	1/14/2011	1	0	1	11	0	5	1	1	0.18	0.1667	0.51	0.2836	6	47	53	14	1	0	1	0	5	1	1	0.16087	0.188413	0.537826	0.126548	54	1367	1421
313	1/14/2011	1	0	1	12	0	5	1	1	0.2	0.197	0.44	0.2537	2	59	61	14	1	0	1	0	5	1	1	0.16087	0.188413	0.537826	0.126548	54	1367	1421
314	1/14/2011	1	0	1	13	0	5	1	1	0.22	0.197	0.37	0.3881	4	73	77	14	1	0	1	0	5	1	1	0.16087	0.188413	0.537826	0.126548	54	1367	1421
315	1/14/2011	1	0	1	14	0	5	1	1	0.22	0.2121	0.41	0.2836	5	59	64	14	1	0	1	0	5	1	1	0.16087	0.188413	0.537826	0.126548	54	1367	1421
316	1/14/2011	1	0	1	15	0	5	1	1	0.24	0.2424	0.38	0.1642	9	59	68	14	1	0	1	0	5	1	1	0.16087	0.188413	0.537826	0.126548	54	1367	1421
317	1/14/2011	1	0	1	16	0	5	1	1	0.22	0.2424	0.41	0.1045	3	87	90	14	1	0	1	0	5	1	1	0.16087	0.188413	0.537826	0.126548	54	1367	1421
318	1/14/2011	1	0	1	17	0	5	1	1	0.22	0.2273	0.41	0.1642	4	155	159	14	1	0	1	0	5	1	1	0.16087	0.188413	0.537826	0.126548	54	1367	1421
319	1/14/2011	1	0	1	18	0	5	1	1	0.2	0.2576	0.47	0	5	134	139	14	1	0	1	0	5	1	1	0.16087	0.188413	0.537826	0.126548	54	1367	1421
320	1/14/2011	1	0	1	19	0	5	1	1	0.16	0.197	0.59	0.0896	3	89	92	14	1	0	1	0	5	1	1	0.16087	0.188413	0.537826	0.126548	54	1367	1421
321	1/14/2011	1	0	1	20	0	5	1	1	0.18	0.2424	0.59	0	0	68	68	14	1	0	1	0	5	1	1	0.16087	0.188413	0.537826	0.126548	54	1367	1421
322	1/14/2011	1	0	1	21	0	5	1	1	0.16	0.2273	0.69	0	4	48	52	14	1	0	1	0	5	1	1	0.16087	0.188413	0.537826	0.126548	54	1367	1421
323	1/14/2011	1	0	1	22	0	5	1	2	0.16	0.2273	0.69	0	2	34	36	14	1	0	1	0	5	1	1	0.16087	0.188413	0.537826	0.126548	54	1367	1421
324	1/14/2011	1	0	1	23	0	5	1	2	0.18	0.2424	0.55	0	1	26	27	14	1	0	1	0	5	1	1	0.16087	0.188413	0.537826	0.126548	54	1367	1421
325	1/15/2011	1	0	1	0	0	6	0	1	0.18	0.2424	0.55	0	3	25	28	15	1	0	1	0	6	0	2	0.233333	0.248112	0.49875	0.157963	222	1026	1248
326	1/15/2011	1	0	1	1	0	6	0	2	0.16	0.197	0.59	0.0896	2	18	20	15	1	0	1	0	6	0	2	0.233333	0.248112	0.49875	0.157963	222	1026	1248
327	1/15/2011	1	0	1	2	0	6	0	2	0.16	0.197	0.59	0.0896	0	12	12	15	1	0	1	0	6	0	2	0.233333	0.248112	0.49875	0.157963	222	1026	1248
328	1/15/2011	1	0	1	3	0	6	0	2	0.16	0.2273	0.59	0	1	7	8	15	1	0	1	0	6	0	2	0.233333	0.248112	0.49875	0.157963	222	1026	1248
329	1/15/2011	1	0	1	4	0	6	0	2	0.16	0.2273	0.59	0	0	5	5	15	1	0	1	0	6	0	2	0.233333	0.248112	0.49875	0.157963	222	1026	1248
330	1/15/2011	1	0	1	5	0	6	0	1	0.16	0.2273	0.59	0	0	1	1	15	1	0	1	0	6	0	2	0.233333	0.248112	0.49875	0.157963	222	1026	1248
331	1/15/2011	1	0	1	6	0	6	0	1	0.14	0.1667	0.63	0.1045	1	2	3	15	1	0	1	0	6	0	2	0.233333	0.248112	0.49875	0.157963	222	1026	1248
332	1/15/2011	1	0	1	7	0	6	0	1	0.14	0.2121	0.63	0	1	9	10	15	1	0	1	0	6	0	2	0.233333	0.248112	0.49875	0.157963	222	1026	1248
333	1/15/2011	1	0	1	8	0	6	0	1	0.14	0.1515	0.63	0.1343	1	22	23	15	1	0	1	0	6	0	2	0.233333	0.248112	0.49875	0.157963	222	1026	1248
334	1/15/2011	1	0	1	9	0	6	0	1	0.16	0.1818	0.64	0.1343	2	31	33	15	1	0	1	0	6	0	2	0.233333	0.248112	0.49875	0.157963	222	1026	1248
335	1/15/2011	1	0	1	10	0	6	0	1	0.18	0.197	0.59	0.1642	2	57	59	15	1	0	1	0	6	0	2	0.233333	0.248112	0.49875	0.157963	222	1026	1248
336	1/15/2011	1	0	1	11	0	6	0	1	0.2	0.197	0.55	0.2239	18	54	72	15	1	0	1	0	6	0	2	0.233333	0.248112	0.49875	0.157963	222	1026	1248
337	1/15/2011	1	0	1	12	0	6	0	1	0.24	0.2273	0.48	0.2239	15	74	89	15	1	0	1	0	6	0	2	0.233333	0.248112	0.49875	0.157963	222	1026	1248
338	1/15/2011	1	0	1	13	0	6	0	1	0.28	0.2576	0.38	0.2985	21	80	101	15	1	0	1	0	6	0	2	0.233333	0.248112	0.49875	0.157963	222	1026	1248
339	1/15/2011	1	0	1	14	0	6	0	1	0.3	0.2879	0.39	0.2836	26	92	118	15	1	0	1	0	6	0	2	0.233333	0.248112	0.49875	0.157963	222	1026	1248
340	1/15/2011	1	0	1	15	0	6	0	2	0.32	0.3182	0.36	0.194	21	108	129	15	1	0	1	0	6	0	2	0.233333	0.248112	0.49875	0.157963	222	1026	1248
341	1/15/2011	1	0	1	16	0	6	0	2	0.34	0.3333	0.34	0.194	33	95	128	15	1	0	1	0	6	0	2	0.233333	0.248112	0.49875	0.157963	222	1026	1248
342	1/15/2011	1	0	1	17	0	6	0	2	0.32	0.303	0.36	0.2836	29	54	83	15	1	0	1	0	6	0	2	0.233333	0.248112	0.49875	0.157963	222	1026	1248
343	1/15/2011	1	0	1	18	0	6	0	2	0.3	0.2879	0.45	0.2537	15	69	84	15	1	0	1	0	6	0	2	0.233333	0.248112	0.49875	0.157963	222	1026	1248
344	1/15/2011	1	0	1	19	0	6	0	2	0.32	0.303	0.39	0.2537	14	60	74	15	1	0	1	0	6	0	2	0.233333	0.248112	0.49875	0.157963	222	1026	1248
345	1/15/2011	1	0	1	20	0	6	0	2	0.32	0.303	0.39	0.2537	6	35	41	15	1	0	1	0	6	0	2	0.233333	0.248112	0.49875	0.157963	222	1026	1248
346	1/15/2011	1	0	1	21	0	6	0	2	0.32	0.303	0.39	0.2239	6	51	57	15	1	0	1	0	6	0	2	0.233333	0.248112	0.49875	0.157963	222	1026	1248
347	1/15/2011	1	0	1	22	0	6	0	2	0.3	0.3182	0.42	0.1045	0	26	26	15	1	0	1	0	6	0	2	0.233333	0.248112	0.49875	0.157963	222	1026	1248
348	1/15/2011	1	0	1	23	0	6	0	1	0.3	0.2879	0.45	0.2836	5	39	44	15	1	0	1	0	6	0	2	0.233333	0.248112	0.49875	0.157963	222	1026	1248
349	1/16/2011	1	0	1	0	0	0	0	1	0.26	0.303	0.56	0	6	33	39	16	1	0	1	0	0	0	1	0.231667	0.234217	0.48375	0.188433	251	953	1204
350	1/16/2011	1	0	1	1	0	0	0	1	0.26	0.2727	0.56	0.1343	4	19	23	16	1	0	1	0	0	0	1	0.231667	0.234217	0.48375	0.188433	251	953	1204
351	1/16/2011	1	0	1	2	0	0	0	1	0.26	0.2879	0.56	0.0896	3	13	16	16	1	0	1	0	0	0	1	0.231667	0.234217	0.48375	0.188433	251	953	1204
352	1/16/2011	1	0	1	3	0	0	0	1	0.22	0.2727	0.69	0	9	6	15	16	1	0	1	0	0	0	1	0.231667	0.234217	0.48375	0.188433	251	953	1204
353	1/16/2011	1	0	1	4	0	0	0	1	0.26	0.2576	0.56	0.1642	0	1	1	16	1	0	1	0	0	0	1	0.231667	0.234217	0.48375	0.188433	251	953	1204
354	1/16/2011	1	0	1	5	0	0	0	2	0.26	0.2576	0.56	0.1642	1	1	2	16	1	0	1	0	0	0	1	0.231667	0.234217	0.48375	0.188433	251	953	1204
355	1/16/2011	1	0	1	6	0	0	0	2	0.26	0.2576	0.56	0.1642	0	1	1	16	1	0	1	0	0	0	1	0.231667	0.234217	0.48375	0.188433	251	953	1204
356	1/16/2011	1	0	1	7	0	0	0	2	0.24	0.2121	0.56	0.2985	0	3	3	16	1	0	1	0	0	0	1	0.231667	0.234217	0.48375	0.188433	251	953	1204
357	1/16/2011	1	0	1	8	0	0	0	1	0.22	0.2121	0.55	0.2836	0	18	18	16	1	0	1	0	0	0	1	0.231667	0.234217	0.48375	0.188433	251	953	1204
358	1/16/2011	1	0	1	9	0	0	0	1	0.22	0.2121	0.51	0.2537	3	29	32	16	1	0	1	0	0	0	1	0.231667	0.234217	0.48375	0.188433	251	953	1204
359	1/16/2011	1	0	1	10	0	0	0	1	0.22	0.2121	0.51	0.2836	8	71	79	16	1	0	1	0	0	0	1	0.231667	0.234217	0.48375	0.188433	251	953	1204
360	1/16/2011	1	0	1	11	0	0	0	1	0.24	0.2273	0.44	0.2537	23	70	93	16	1	0	1	0	0	0	1	0.231667	0.234217	0.48375	0.188433	251	953	1204
361	1/16/2011	1	0	1	12	0	0	0	1	0.24	0.2121	0.41	0.2836	29	75	104	16	1	0	1	0	0	0	1	0.231667	0.234217	0.48375	0.188433	251	953	1204
362	1/16/2011	1	0	1	13	0	0	0	1	0.26	0.2273	0.35	0.2985	23	95	118	16	1	0	1	0	0	0	1	0.231667	0.234217	0.48375	0.188433	251	953	1204
363	1/16/2011	1	0	1	14	0	0	0	1	0.28	0.2727	0.36	0.2537	22	69	91	16	1	0	1	0	0	0	1	0.231667	0.234217	0.48375	0.188433	251	953	1204
364	1/16/2011	1	0	1	15	0	0	0	1	0.26	0.2424	0.38	0.2537	35	78	113	16	1	0	1	0	0	0	1	0.231667	0.234217	0.48375	0.188433	251	953	1204
365	1/16/2011	1	0	1	16	0	0	0	1	0.24	0.2273	0.38	0.2239	22	77	99	16	1	0	1	0	0	0	1	0.231667	0.234217	0.48375	0.188433	251	953	1204
366	1/16/2011	1	0	1	17	0	0	0	1	0.22	0.2121	0.37	0.2537	23	82	105	16	1	0	1	0	0	0	1	0.231667	0.234217	0.48375	0.188433	251	953	1204
367	1/16/2011	1	0	1	18	0	0	0	1	0.2	0.2121	0.4	0.1642	11	56	67	16	1	0	1	0	0	0	1	0.231667	0.234217	0.48375	0.188433	251	953	1204
368	1/16/2011	1	0	1	19	0	0	0	1	0.18	0.197	0.47	0.1343	14	47	61	16	1	0	1	0	0	0	1	0.231667	0.234217	0.48375	0.188433	251	953	1204
369	1/16/2011	1	0	1	20	0	0	0	1	0.18	0.197	0.47	0.1642	7	50	57	16	1	0	1	0	0	0	1	0.231667	0.234217	0.48375	0.188433	251	953	1204
370	1/16/2011	1	0	1	21	0	0	0	1	0.18	0.197	0.51	0.1642	6	22	28	16	1	0	1	0	0	0	1	0.231667	0.234217	0.48375	0.188433	251	953	1204
371	1/16/2011	1	0	1	22	0	0	0	2	0.2	0.2121	0.49	0.1343	2	19	21	16	1	0	1	0	0	0	1	0.231667	0.234217	0.48375	0.188433	251	953	1204
372	1/16/2011	1	0	1	23	0	0	0	2	0.2	0.2273	0.4	0.1045	0	18	18	16	1	0	1	0	0	0	1	0.231667	0.234217	0.48375	0.188433	251	953	1204
373	1/17/2011	1	0	1	0	1	1	0	2	0.2	0.197	0.47	0.2239	1	16	17	17	1	0	1	1	1	0	2	0.175833	0.176771	0.5375	0.194017	117	883	1000
374	1/17/2011	1	0	1	1	1	1	0	2	0.2	0.197	0.44	0.194	1	15	16	17	1	0	1	1	1	0	2	0.175833	0.176771	0.5375	0.194017	117	883	1000
375	1/17/2011	1	0	1	2	1	1	0	2	0.18	0.1667	0.43	0.2537	0	8	8	17	1	0	1	1	1	0	2	0.175833	0.176771	0.5375	0.194017	117	883	1000
376	1/17/2011	1	0	1	3	1	1	0	2	0.18	0.1818	0.43	0.194	0	2	2	17	1	0	1	1	1	0	2	0.175833	0.176771	0.5375	0.194017	117	883	1000
377	1/17/2011	1	0	1	4	1	1	0	2	0.18	0.197	0.43	0.1343	1	2	3	17	1	0	1	1	1	0	2	0.175833	0.176771	0.5375	0.194017	117	883	1000
378	1/17/2011	1	0	1	5	1	1	0	2	0.18	0.197	0.43	0.1642	0	1	1	17	1	0	1	1	1	0	2	0.175833	0.176771	0.5375	0.194017	117	883	1000
379	1/17/2011	1	0	1	6	1	1	0	2	0.18	0.1818	0.43	0.194	0	5	5	17	1	0	1	1	1	0	2	0.175833	0.176771	0.5375	0.194017	117	883	1000
380	1/17/2011	1	0	1	7	1	1	0	2	0.16	0.1818	0.5	0.1343	4	9	13	17	1	0	1	1	1	0	2	0.175833	0.176771	0.5375	0.194017	117	883	1000
381	1/17/2011	1	0	1	8	1	1	0	2	0.16	0.1515	0.47	0.2239	3	30	33	17	1	0	1	1	1	0	2	0.175833	0.176771	0.5375	0.194017	117	883	1000
382	1/17/2011	1	0	1	9	1	1	0	2	0.16	0.1515	0.47	0.2239	8	39	47	17	1	0	1	1	1	0	2	0.175833	0.176771	0.5375	0.194017	117	883	1000
383	1/17/2011	1	0	1	10	1	1	0	2	0.16	0.1515	0.5	0.2537	7	50	57	17	1	0	1	1	1	0	2	0.175833	0.176771	0.5375	0.194017	117	883	1000
384	1/17/2011	1	0	1	11	1	1	0	2	0.16	0.1515	0.55	0.194	9	55	64	17	1	0	1	1	1	0	2	0.175833	0.176771	0.5375	0.194017	117	883	1000
385	1/17/2011	1	0	1	12	1	1	0	2	0.18	0.197	0.47	0.1343	10	70	80	17	1	0	1	1	1	0	2	0.175833	0.176771	0.5375	0.194017	117	883	1000
386	1/17/2011	1	0	1	13	1	1	0	2	0.18	0.197	0.47	0.1343	13	80	93	17	1	0	1	1	1	0	2	0.175833	0.176771	0.5375	0.194017	117	883	1000
387	1/17/2011	1	0	1	14	1	1	0	2	0.18	0.2121	0.43	0.1045	12	74	86	17	1	0	1	1	1	0	2	0.175833	0.176771	0.5375	0.194017	117	883	1000
388	1/17/2011	1	0	1	15	1	1	0	2	0.2	0.2121	0.47	0.1642	21	72	93	17	1	0	1	1	1	0	2	0.175833	0.176771	0.5375	0.194017	117	883	1000
389	1/17/2011	1	0	1	16	1	1	0	2	0.2	0.2121	0.47	0.1642	6	76	82	17	1	0	1	1	1	0	2	0.175833	0.176771	0.5375	0.194017	117	883	1000
390	1/17/2011	1	0	1	17	1	1	0	1	0.2	0.197	0.51	0.194	4	67	71	17	1	0	1	1	1	0	2	0.175833	0.176771	0.5375	0.194017	117	883	1000
391	1/17/2011	1	0	1	18	1	1	0	2	0.18	0.1667	0.55	0.2537	7	85	92	17	1	0	1	1	1	0	2	0.175833	0.176771	0.5375	0.194017	117	883	1000
392	1/17/2011	1	0	1	19	1	1	0	3	0.18	0.1818	0.59	0.194	2	58	60	17	1	0	1	1	1	0	2	0.175833	0.176771	0.5375	0.194017	117	883	1000
393	1/17/2011	1	0	1	20	1	1	0	3	0.16	0.1515	0.8	0.194	4	29	33	17	1	0	1	1	1	0	2	0.175833	0.176771	0.5375	0.194017	117	883	1000
394	1/17/2011	1	0	1	21	1	1	0	3	0.16	0.1515	0.8	0.194	3	24	27	17	1	0	1	1	1	0	2	0.175833	0.176771	0.5375	0.194017	117	883	1000
395	1/17/2011	1	0	1	22	1	1	0	3	0.14	0.1212	0.93	0.2537	0	13	13	17	1	0	1	1	1	0	2	0.175833	0.176771	0.5375	0.194017	117	883	1000
396	1/17/2011	1	0	1	23	1	1	0	3	0.16	0.1364	0.86	0.2836	1	3	4	17	1	0	1	1	1	0	2	0.175833	0.176771	0.5375	0.194017	117	883	1000
397	1/18/2011	1	0	1	12	0	2	1	2	0.2	0.1818	0.86	0.3284	0	3	3	18	1	0	1	0	2	1	2	0.216667	0.232333	0.861667	0.146775	9	674	683
398	1/18/2011	1	0	1	13	0	2	1	2	0.2	0.197	0.86	0.2239	0	22	22	18	1	0	1	0	2	1	2	0.216667	0.232333	0.861667	0.146775	9	674	683
399	1/18/2011	1	0	1	14	0	2	1	2	0.22	0.2273	0.8	0.1642	2	26	28	18	1	0	1	0	2	1	2	0.216667	0.232333	0.861667	0.146775	9	674	683
400	1/18/2011	1	0	1	15	0	2	1	2	0.22	0.2273	0.87	0.1642	3	32	35	18	1	0	1	0	2	1	2	0.216667	0.232333	0.861667	0.146775	9	674	683
401	1/18/2011	1	0	1	16	0	2	1	2	0.22	0.2273	0.87	0.194	0	61	61	18	1	0	1	0	2	1	2	0.216667	0.232333	0.861667	0.146775	9	674	683
402	1/18/2011	1	0	1	17	0	2	1	2	0.22	0.2273	0.82	0.194	1	124	125	18	1	0	1	0	2	1	2	0.216667	0.232333	0.861667	0.146775	9	674	683
403	1/18/2011	1	0	1	18	0	2	1	2	0.22	0.2273	0.8	0.1642	1	132	133	18	1	0	1	0	2	1	2	0.216667	0.232333	0.861667	0.146775	9	674	683
404	1/18/2011	1	0	1	19	0	2	1	2	0.22	0.2273	0.8	0.1343	1	98	99	18	1	0	1	0	2	1	2	0.216667	0.232333	0.861667	0.146775	9	674	683
405	1/18/2011	1	0	1	20	0	2	1	2	0.22	0.2727	0.87	0	0	83	83	18	1	0	1	0	2	1	2	0.216667	0.232333	0.861667	0.146775	9	674	683
406	1/18/2011	1	0	1	21	0	2	1	2	0.22	0.2424	0.93	0.1045	0	41	41	18	1	0	1	0	2	1	2	0.216667	0.232333	0.861667	0.146775	9	674	683
407	1/18/2011	1	0	1	22	0	2	1	2	0.22	0.2576	0.93	0.0896	0	33	33	18	1	0	1	0	2	1	2	0.216667	0.232333	0.861667	0.146775	9	674	683
408	1/18/2011	1	0	1	23	0	2	1	2	0.22	0.2727	0.93	0	1	19	20	18	1	0	1	0	2	1	2	0.216667	0.232333	0.861667	0.146775	9	674	683
409	1/19/2011	1	0	1	0	0	3	1	2	0.22	0.2727	0.93	0	0	3	3	19	1	0	1	0	3	1	2	0.292174	0.298422	0.741739	0.208317	78	1572	1650
410	1/19/2011	1	0	1	1	0	3	1	3	0.22	0.2273	0.93	0.1343	1	6	7	19	1	0	1	0	3	1	2	0.292174	0.298422	0.741739	0.208317	78	1572	1650
411	1/19/2011	1	0	1	2	0	3	1	3	0.22	0.2273	0.93	0.1343	0	3	3	19	1	0	1	0	3	1	2	0.292174	0.298422	0.741739	0.208317	78	1572	1650
412	1/19/2011	1	0	1	4	0	3	1	3	0.22	0.2273	0.93	0.1343	1	1	2	19	1	0	1	0	3	1	2	0.292174	0.298422	0.741739	0.208317	78	1572	1650
413	1/19/2011	1	0	1	5	0	3	1	2	0.22	0.2576	0.93	0.0896	0	7	7	19	1	0	1	0	3	1	2	0.292174	0.298422	0.741739	0.208317	78	1572	1650
414	1/19/2011	1	0	1	6	0	3	1	2	0.22	0.2576	0.93	0.0896	0	32	32	19	1	0	1	0	3	1	2	0.292174	0.298422	0.741739	0.208317	78	1572	1650
415	1/19/2011	1	0	1	7	0	3	1	2	0.24	0.2576	0.92	0.1045	1	89	90	19	1	0	1	0	3	1	2	0.292174	0.298422	0.741739	0.208317	78	1572	1650
416	1/19/2011	1	0	1	8	0	3	1	2	0.24	0.2576	0.93	0.1045	1	196	197	19	1	0	1	0	3	1	2	0.292174	0.298422	0.741739	0.208317	78	1572	1650
417	1/19/2011	1	0	1	9	0	3	1	2	0.24	0.2576	0.93	0.1045	2	107	109	19	1	0	1	0	3	1	2	0.292174	0.298422	0.741739	0.208317	78	1572	1650
418	1/19/2011	1	0	1	10	0	3	1	2	0.26	0.2727	0.93	0.1343	1	46	47	19	1	0	1	0	3	1	2	0.292174	0.298422	0.741739	0.208317	78	1572	1650
419	1/19/2011	1	0	1	11	0	3	1	2	0.28	0.303	0.87	0.0896	5	47	52	19	1	0	1	0	3	1	2	0.292174	0.298422	0.741739	0.208317	78	1572	1650
420	1/19/2011	1	0	1	12	0	3	1	2	0.3	0.3182	0.81	0.0896	5	65	70	19	1	0	1	0	3	1	2	0.292174	0.298422	0.741739	0.208317	78	1572	1650
421	1/19/2011	1	0	1	13	0	3	1	1	0.4	0.4091	0.62	0.2836	11	67	78	19	1	0	1	0	3	1	2	0.292174	0.298422	0.741739	0.208317	78	1572	1650
422	1/19/2011	1	0	1	14	0	3	1	1	0.4	0.4091	0.58	0.2537	7	68	75	19	1	0	1	0	3	1	2	0.292174	0.298422	0.741739	0.208317	78	1572	1650
423	1/19/2011	1	0	1	15	0	3	1	1	0.4	0.4091	0.54	0.2836	4	78	82	19	1	0	1	0	3	1	2	0.292174	0.298422	0.741739	0.208317	78	1572	1650
424	1/19/2011	1	0	1	16	0	3	1	1	0.38	0.3939	0.58	0.3881	10	94	104	19	1	0	1	0	3	1	2	0.292174	0.298422	0.741739	0.208317	78	1572	1650
425	1/19/2011	1	0	1	17	0	3	1	1	0.36	0.3333	0.57	0.3284	7	190	197	19	1	0	1	0	3	1	2	0.292174	0.298422	0.741739	0.208317	78	1572	1650
426	1/19/2011	1	0	1	18	0	3	1	1	0.34	0.3182	0.61	0.2836	5	156	161	19	1	0	1	0	3	1	2	0.292174	0.298422	0.741739	0.208317	78	1572	1650
427	1/19/2011	1	0	1	19	0	3	1	1	0.32	0.2879	0.57	0.4179	4	108	112	19	1	0	1	0	3	1	2	0.292174	0.298422	0.741739	0.208317	78	1572	1650
428	1/19/2011	1	0	1	20	0	3	1	1	0.32	0.303	0.49	0.2985	2	74	76	19	1	0	1	0	3	1	2	0.292174	0.298422	0.741739	0.208317	78	1572	1650
429	1/19/2011	1	0	1	21	0	3	1	1	0.32	0.2879	0.49	0.4179	4	55	59	19	1	0	1	0	3	1	2	0.292174	0.298422	0.741739	0.208317	78	1572	1650
430	1/19/2011	1	0	1	22	0	3	1	1	0.3	0.303	0.52	0.1642	6	53	59	19	1	0	1	0	3	1	2	0.292174	0.298422	0.741739	0.208317	78	1572	1650
431	1/19/2011	1	0	1	23	0	3	1	1	0.3	0.2727	0.52	0.4627	1	27	28	19	1	0	1	0	3	1	2	0.292174	0.298422	0.741739	0.208317	78	1572	1650
432	1/20/2011	1	0	1	0	0	4	1	1	0.26	0.2273	0.56	0.3881	5	8	13	20	1	0	1	0	4	1	2	0.261667	0.25505	0.538333	0.195904	83	1844	1927
433	1/20/2011	1	0	1	1	0	4	1	1	0.26	0.2727	0.56	0	2	3	5	20	1	0	1	0	4	1	2	0.261667	0.25505	0.538333	0.195904	83	1844	1927
434	1/20/2011	1	0	1	2	0	4	1	1	0.26	0.2727	0.56	0	0	2	2	20	1	0	1	0	4	1	2	0.261667	0.25505	0.538333	0.195904	83	1844	1927
435	1/20/2011	1	0	1	3	0	4	1	1	0.26	0.2576	0.56	0.1642	0	1	1	20	1	0	1	0	4	1	2	0.261667	0.25505	0.538333	0.195904	83	1844	1927
436	1/20/2011	1	0	1	4	0	4	1	1	0.26	0.2576	0.56	0.1642	0	1	1	20	1	0	1	0	4	1	2	0.261667	0.25505	0.538333	0.195904	83	1844	1927
437	1/20/2011	1	0	1	5	0	4	1	1	0.24	0.2273	0.6	0.2239	0	6	6	20	1	0	1	0	4	1	2	0.261667	0.25505	0.538333	0.195904	83	1844	1927
438	1/20/2011	1	0	1	6	0	4	1	1	0.22	0.2121	0.6	0.2239	0	35	35	20	1	0	1	0	4	1	2	0.261667	0.25505	0.538333	0.195904	83	1844	1927
439	1/20/2011	1	0	1	7	0	4	1	1	0.22	0.2121	0.55	0.2239	1	100	101	20	1	0	1	0	4	1	2	0.261667	0.25505	0.538333	0.195904	83	1844	1927
440	1/20/2011	1	0	1	8	0	4	1	1	0.22	0.2121	0.55	0.2836	2	247	249	20	1	0	1	0	4	1	2	0.261667	0.25505	0.538333	0.195904	83	1844	1927
441	1/20/2011	1	0	1	9	0	4	1	2	0.24	0.2273	0.52	0.2239	3	140	143	20	1	0	1	0	4	1	2	0.261667	0.25505	0.538333	0.195904	83	1844	1927
442	1/20/2011	1	0	1	10	0	4	1	1	0.26	0.2273	0.48	0.2985	1	56	57	20	1	0	1	0	4	1	2	0.261667	0.25505	0.538333	0.195904	83	1844	1927
443	1/20/2011	1	0	1	11	0	4	1	2	0.28	0.2727	0.45	0.1642	5	63	68	20	1	0	1	0	4	1	2	0.261667	0.25505	0.538333	0.195904	83	1844	1927
444	1/20/2011	1	0	1	12	0	4	1	2	0.3	0.3333	0.42	0	7	77	84	20	1	0	1	0	4	1	2	0.261667	0.25505	0.538333	0.195904	83	1844	1927
445	1/20/2011	1	0	1	13	0	4	1	2	0.28	0.2879	0.45	0.1045	12	86	98	20	1	0	1	0	4	1	2	0.261667	0.25505	0.538333	0.195904	83	1844	1927
446	1/20/2011	1	0	1	14	0	4	1	2	0.3	0.303	0.45	0.1343	6	75	81	20	1	0	1	0	4	1	2	0.261667	0.25505	0.538333	0.195904	83	1844	1927
447	1/20/2011	1	0	1	15	0	4	1	2	0.32	0.3182	0.45	0.194	8	62	70	20	1	0	1	0	4	1	2	0.261667	0.25505	0.538333	0.195904	83	1844	1927
448	1/20/2011	1	0	1	16	0	4	1	2	0.3	0.303	0.49	0.1343	8	83	91	20	1	0	1	0	4	1	2	0.261667	0.25505	0.538333	0.195904	83	1844	1927
449	1/20/2011	1	0	1	17	0	4	1	2	0.3	0.3182	0.49	0.1045	8	207	215	20	1	0	1	0	4	1	2	0.261667	0.25505	0.538333	0.195904	83	1844	1927
450	1/20/2011	1	0	1	18	0	4	1	2	0.26	0.2576	0.56	0.194	1	184	185	20	1	0	1	0	4	1	2	0.261667	0.25505	0.538333	0.195904	83	1844	1927
451	1/20/2011	1	0	1	19	0	4	1	1	0.26	0.2273	0.56	0.3284	6	146	152	20	1	0	1	0	4	1	2	0.261667	0.25505	0.538333	0.195904	83	1844	1927
452	1/20/2011	1	0	1	20	0	4	1	2	0.26	0.2424	0.6	0.2836	2	124	126	20	1	0	1	0	4	1	2	0.261667	0.25505	0.538333	0.195904	83	1844	1927
453	1/20/2011	1	0	1	21	0	4	1	2	0.24	0.2273	0.6	0.2537	3	54	57	20	1	0	1	0	4	1	2	0.261667	0.25505	0.538333	0.195904	83	1844	1927
454	1/20/2011	1	0	1	22	0	4	1	2	0.24	0.2121	0.65	0.2836	0	56	56	20	1	0	1	0	4	1	2	0.261667	0.25505	0.538333	0.195904	83	1844	1927
455	1/20/2011	1	0	1	23	0	4	1	2	0.24	0.2121	0.65	0.3284	3	28	31	20	1	0	1	0	4	1	2	0.261667	0.25505	0.538333	0.195904	83	1844	1927
456	1/21/2011	1	0	1	0	0	5	1	2	0.24	0.2273	0.7	0.2537	1	20	21	21	1	0	1	0	5	1	1	0.1775	0.157833	0.457083	0.353242	75	1468	1543
457	1/21/2011	1	0	1	1	0	5	1	2	0.24	0.2273	0.7	0.2537	0	6	6	21	1	0	1	0	5	1	1	0.1775	0.157833	0.457083	0.353242	75	1468	1543
458	1/21/2011	1	0	1	2	0	5	1	3	0.24	0.2424	0.75	0.1642	0	2	2	21	1	0	1	0	5	1	1	0.1775	0.157833	0.457083	0.353242	75	1468	1543
459	1/21/2011	1	0	1	3	0	5	1	3	0.22	0.2121	0.8	0.2985	0	1	1	21	1	0	1	0	5	1	1	0.1775	0.157833	0.457083	0.353242	75	1468	1543
460	1/21/2011	1	0	1	4	0	5	1	2	0.22	0.2576	0.87	0.0896	0	1	1	21	1	0	1	0	5	1	1	0.1775	0.157833	0.457083	0.353242	75	1468	1543
461	1/21/2011	1	0	1	5	0	5	1	1	0.24	0.197	0.6	0.4179	1	4	5	21	1	0	1	0	5	1	1	0.1775	0.157833	0.457083	0.353242	75	1468	1543
462	1/21/2011	1	0	1	6	0	5	1	1	0.22	0.2121	0.55	0.2537	0	27	27	21	1	0	1	0	5	1	1	0.1775	0.157833	0.457083	0.353242	75	1468	1543
463	1/21/2011	1	0	1	7	0	5	1	1	0.2	0.1818	0.51	0.2836	2	66	68	21	1	0	1	0	5	1	1	0.1775	0.157833	0.457083	0.353242	75	1468	1543
464	1/21/2011	1	0	1	8	0	5	1	1	0.2	0.1818	0.47	0.3284	7	210	217	21	1	0	1	0	5	1	1	0.1775	0.157833	0.457083	0.353242	75	1468	1543
465	1/21/2011	1	0	1	9	0	5	1	1	0.2	0.1818	0.51	0.3582	7	159	166	21	1	0	1	0	5	1	1	0.1775	0.157833	0.457083	0.353242	75	1468	1543
466	1/21/2011	1	0	1	10	0	5	1	1	0.2	0.1667	0.47	0.4627	6	57	63	21	1	0	1	0	5	1	1	0.1775	0.157833	0.457083	0.353242	75	1468	1543
467	1/21/2011	1	0	1	11	0	5	1	1	0.22	0.1818	0.41	0.4627	6	53	59	21	1	0	1	0	5	1	1	0.1775	0.157833	0.457083	0.353242	75	1468	1543
468	1/21/2011	1	0	1	12	0	5	1	1	0.22	0.1818	0.27	0.5821	11	67	78	21	1	0	1	0	5	1	1	0.1775	0.157833	0.457083	0.353242	75	1468	1543
469	1/21/2011	1	0	1	13	0	5	1	1	0.2	0.1515	0.21	0.5821	8	65	73	21	1	0	1	0	5	1	1	0.1775	0.157833	0.457083	0.353242	75	1468	1543
470	1/21/2011	1	0	1	14	0	5	1	1	0.2	0.1515	0.25	0.5224	6	56	62	21	1	0	1	0	5	1	1	0.1775	0.157833	0.457083	0.353242	75	1468	1543
471	1/21/2011	1	0	1	15	0	5	1	1	0.16	0.1212	0.26	0.4478	4	61	65	21	1	0	1	0	5	1	1	0.1775	0.157833	0.457083	0.353242	75	1468	1543
472	1/21/2011	1	0	1	16	0	5	1	1	0.16	0.1364	0.26	0.3582	0	97	97	21	1	0	1	0	5	1	1	0.1775	0.157833	0.457083	0.353242	75	1468	1543
473	1/21/2011	1	0	1	17	0	5	1	1	0.14	0.1212	0.28	0.3582	10	151	161	21	1	0	1	0	5	1	1	0.1775	0.157833	0.457083	0.353242	75	1468	1543
474	1/21/2011	1	0	1	18	0	5	1	1	0.12	0.1212	0.3	0.2537	1	119	120	21	1	0	1	0	5	1	1	0.1775	0.157833	0.457083	0.353242	75	1468	1543
475	1/21/2011	1	0	1	19	0	5	1	1	0.12	0.1061	0.3	0.3284	3	93	96	21	1	0	1	0	5	1	1	0.1775	0.157833	0.457083	0.353242	75	1468	1543
476	1/21/2011	1	0	1	20	0	5	1	1	0.1	0.0758	0.33	0.4179	1	52	53	21	1	0	1	0	5	1	1	0.1775	0.157833	0.457083	0.353242	75	1468	1543
477	1/21/2011	1	0	1	21	0	5	1	1	0.08	0.0758	0.38	0.2836	0	41	41	21	1	0	1	0	5	1	1	0.1775	0.157833	0.457083	0.353242	75	1468	1543
478	1/21/2011	1	0	1	22	0	5	1	1	0.06	0.0303	0.41	0.3881	1	33	34	21	1	0	1	0	5	1	1	0.1775	0.157833	0.457083	0.353242	75	1468	1543
479	1/21/2011	1	0	1	23	0	5	1	1	0.06	0.0455	0.38	0.3284	0	27	27	21	1	0	1	0	5	1	1	0.1775	0.157833	0.457083	0.353242	75	1468	1543
480	1/22/2011	1	0	1	0	0	6	0	1	0.04	0.0303	0.45	0.2537	0	13	13	22	1	0	1	0	6	0	1	0.0591304	0.0790696	0.4	0.17197	93	888	981
481	1/22/2011	1	0	1	1	0	6	0	2	0.04	0	0.41	0.3881	3	9	12	22	1	0	1	0	6	0	1	0.0591304	0.0790696	0.4	0.17197	93	888	981
482	1/22/2011	1	0	1	2	0	6	0	2	0.04	0.0303	0.41	0.2537	0	11	11	22	1	0	1	0	6	0	1	0.0591304	0.0790696	0.4	0.17197	93	888	981
483	1/22/2011	1	0	1	3	0	6	0	2	0.04	0.0303	0.41	0.2836	1	6	7	22	1	0	1	0	6	0	1	0.0591304	0.0790696	0.4	0.17197	93	888	981
484	1/22/2011	1	0	1	4	0	6	0	2	0.02	0.0152	0.48	0.2985	0	3	3	22	1	0	1	0	6	0	1	0.0591304	0.0790696	0.4	0.17197	93	888	981
485	1/22/2011	1	0	1	6	0	6	0	2	0.02	0.0303	0.44	0.2239	0	2	2	22	1	0	1	0	6	0	1	0.0591304	0.0790696	0.4	0.17197	93	888	981
486	1/22/2011	1	0	1	7	0	6	0	1	0.02	0.0152	0.44	0.2836	0	8	8	22	1	0	1	0	6	0	1	0.0591304	0.0790696	0.4	0.17197	93	888	981
487	1/22/2011	1	0	1	8	0	6	0	1	0.02	0	0.44	0.3284	1	26	27	22	1	0	1	0	6	0	1	0.0591304	0.0790696	0.4	0.17197	93	888	981
488	1/22/2011	1	0	1	9	0	6	0	1	0.04	0.0303	0.41	0.2537	3	37	40	22	1	0	1	0	6	0	1	0.0591304	0.0790696	0.4	0.17197	93	888	981
489	1/22/2011	1	0	1	10	0	6	0	2	0.04	0.0606	0.41	0.1642	3	50	53	22	1	0	1	0	6	0	1	0.0591304	0.0790696	0.4	0.17197	93	888	981
490	1/22/2011	1	0	1	11	0	6	0	2	0.06	0.0758	0.38	0.1343	4	59	63	22	1	0	1	0	6	0	1	0.0591304	0.0790696	0.4	0.17197	93	888	981
491	1/22/2011	1	0	1	12	0	6	0	2	0.06	0.1061	0.38	0.1045	10	60	70	22	1	0	1	0	6	0	1	0.0591304	0.0790696	0.4	0.17197	93	888	981
492	1/22/2011	1	0	1	13	0	6	0	1	0.08	0.1667	0.35	0	12	72	84	22	1	0	1	0	6	0	1	0.0591304	0.0790696	0.4	0.17197	93	888	981
493	1/22/2011	1	0	1	14	0	6	0	1	0.1	0.1364	0.33	0.1045	11	64	75	22	1	0	1	0	6	0	1	0.0591304	0.0790696	0.4	0.17197	93	888	981
494	1/22/2011	1	0	1	15	0	6	0	1	0.12	0.1515	0.28	0	10	93	103	22	1	0	1	0	6	0	1	0.0591304	0.0790696	0.4	0.17197	93	888	981
495	1/22/2011	1	0	1	16	0	6	0	1	0.12	0.1364	0.28	0.194	11	72	83	22	1	0	1	0	6	0	1	0.0591304	0.0790696	0.4	0.17197	93	888	981
496	1/22/2011	1	0	1	17	0	6	0	1	0.12	0.197	0.28	0	8	59	67	22	1	0	1	0	6	0	1	0.0591304	0.0790696	0.4	0.17197	93	888	981
497	1/22/2011	1	0	1	18	0	6	0	1	0.08	0.0909	0.35	0.194	0	54	54	22	1	0	1	0	6	0	1	0.0591304	0.0790696	0.4	0.17197	93	888	981
498	1/22/2011	1	0	1	19	0	6	0	1	0.08	0.1061	0.35	0.1343	6	53	59	22	1	0	1	0	6	0	1	0.0591304	0.0790696	0.4	0.17197	93	888	981
499	1/22/2011	1	0	1	20	0	6	0	1	0.06	0.0758	0.45	0.1642	1	44	45	22	1	0	1	0	6	0	1	0.0591304	0.0790696	0.4	0.17197	93	888	981
500	1/22/2011	1	0	1	21	0	6	0	1	0.06	0.1061	0.41	0.0896	0	39	39	22	1	0	1	0	6	0	1	0.0591304	0.0790696	0.4	0.17197	93	888	981
501	1/22/2011	1	0	1	22	0	6	0	1	0.06	0.1515	0.49	0	7	23	30	22	1	0	1	0	6	0	1	0.0591304	0.0790696	0.4	0.17197	93	888	981
502	1/22/2011	1	0	1	23	0	6	0	1	0.04	0.0758	0.57	0.1045	2	31	33	22	1	0	1	0	6	0	1	0.0591304	0.0790696	0.4	0.17197	93	888	981
503	1/23/2011	1	0	1	0	0	0	0	1	0.04	0.0758	0.57	0.1045	2	20	22	23	1	0	1	0	0	0	1	0.0965217	0.0988391	0.436522	0.2466	150	836	986
504	1/23/2011	1	0	1	1	0	0	0	1	0.04	0.0758	0.57	0.1045	1	12	13	23	1	0	1	0	0	0	1	0.0965217	0.0988391	0.436522	0.2466	150	836	986
505	1/23/2011	1	0	1	2	0	0	0	1	0.02	0.0606	0.62	0.1343	3	15	18	23	1	0	1	0	0	0	1	0.0965217	0.0988391	0.436522	0.2466	150	836	986
506	1/23/2011	1	0	1	3	0	0	0	1	0.02	0.0606	0.62	0.1343	1	4	5	23	1	0	1	0	0	0	1	0.0965217	0.0988391	0.436522	0.2466	150	836	986
507	1/23/2011	1	0	1	5	0	0	0	2	0.04	0.0758	0.57	0.1045	0	3	3	23	1	0	1	0	0	0	1	0.0965217	0.0988391	0.436522	0.2466	150	836	986
508	1/23/2011	1	0	1	6	0	0	0	2	0.04	0.0758	0.57	0.1045	0	1	1	23	1	0	1	0	0	0	1	0.0965217	0.0988391	0.436522	0.2466	150	836	986
509	1/23/2011	1	0	1	7	0	0	0	1	0.08	0.1061	0.58	0.1642	1	1	2	23	1	0	1	0	0	0	1	0.0965217	0.0988391	0.436522	0.2466	150	836	986
510	1/23/2011	1	0	1	8	0	0	0	1	0.06	0.0758	0.62	0.1642	2	17	19	23	1	0	1	0	0	0	1	0.0965217	0.0988391	0.436522	0.2466	150	836	986
511	1/23/2011	1	0	1	9	0	0	0	1	0.1	0.0758	0.54	0.3582	3	25	28	23	1	0	1	0	0	0	1	0.0965217	0.0988391	0.436522	0.2466	150	836	986
512	1/23/2011	1	0	1	10	0	0	0	1	0.14	0.1061	0.46	0.3881	7	51	58	23	1	0	1	0	0	0	1	0.0965217	0.0988391	0.436522	0.2466	150	836	986
513	1/23/2011	1	0	1	11	0	0	0	1	0.14	0.1364	0.43	0.2239	22	77	99	23	1	0	1	0	0	0	1	0.0965217	0.0988391	0.436522	0.2466	150	836	986
514	1/23/2011	1	0	1	12	0	0	0	1	0.16	0.1212	0.37	0.4627	24	92	116	23	1	0	1	0	0	0	1	0.0965217	0.0988391	0.436522	0.2466	150	836	986
515	1/23/2011	1	0	1	13	0	0	0	1	0.14	0.1061	0.33	0.3881	12	75	87	23	1	0	1	0	0	0	1	0.0965217	0.0988391	0.436522	0.2466	150	836	986
516	1/23/2011	1	0	1	14	0	0	0	1	0.16	0.1364	0.28	0.3582	17	93	110	23	1	0	1	0	0	0	1	0.0965217	0.0988391	0.436522	0.2466	150	836	986
517	1/23/2011	1	0	1	15	0	0	0	1	0.16	0.1364	0.28	0.3582	13	64	77	23	1	0	1	0	0	0	1	0.0965217	0.0988391	0.436522	0.2466	150	836	986
518	1/23/2011	1	0	1	16	0	0	0	1	0.16	0.1364	0.26	0.3284	9	56	65	23	1	0	1	0	0	0	1	0.0965217	0.0988391	0.436522	0.2466	150	836	986
519	1/23/2011	1	0	1	17	0	0	0	1	0.14	0.1061	0.26	0.3881	5	50	55	23	1	0	1	0	0	0	1	0.0965217	0.0988391	0.436522	0.2466	150	836	986
520	1/23/2011	1	0	1	18	0	0	0	1	0.12	0.1212	0.3	0.2537	5	44	49	23	1	0	1	0	0	0	1	0.0965217	0.0988391	0.436522	0.2466	150	836	986
521	1/23/2011	1	0	1	19	0	0	0	1	0.12	0.1212	0.3	0.2836	5	45	50	23	1	0	1	0	0	0	1	0.0965217	0.0988391	0.436522	0.2466	150	836	986
522	1/23/2011	1	0	1	20	0	0	0	1	0.1	0.1061	0.36	0.2537	4	31	35	23	1	0	1	0	0	0	1	0.0965217	0.0988391	0.436522	0.2466	150	836	986
523	1/23/2011	1	0	1	21	0	0	0	1	0.1	0.1061	0.36	0.194	5	20	25	23	1	0	1	0	0	0	1	0.0965217	0.0988391	0.436522	0.2466	150	836	986
524	1/23/2011	1	0	1	22	0	0	0	1	0.08	0.0909	0.38	0.194	5	23	28	23	1	0	1	0	0	0	1	0.0965217	0.0988391	0.436522	0.2466	150	836	986
525	1/23/2011	1	0	1	23	0	0	0	1	0.06	0.0606	0.41	0.2239	4	17	21	23	1	0	1	0	0	0	1	0.0965217	0.0988391	0.436522	0.2466	150	836	986
526	1/24/2011	1	0	1	0	0	1	1	1	0.06	0.0606	0.41	0.194	0	7	7	24	1	0	1	0	1	1	1	0.0973913	0.11793	0.491739	0.15833	86	1330	1416
527	1/24/2011	1	0	1	1	0	1	1	1	0.04	0.0455	0.45	0.194	0	1	1	24	1	0	1	0	1	1	1	0.0973913	0.11793	0.491739	0.15833	86	1330	1416
528	1/24/2011	1	0	1	3	0	1	1	1	0.04	0.0303	0.45	0.2537	0	1	1	24	1	0	1	0	1	1	1	0.0973913	0.11793	0.491739	0.15833	86	1330	1416
529	1/24/2011	1	0	1	4	0	1	1	1	0.02	0.0606	0.48	0.1343	0	1	1	24	1	0	1	0	1	1	1	0.0973913	0.11793	0.491739	0.15833	86	1330	1416
530	1/24/2011	1	0	1	5	0	1	1	1	0.02	0.0606	0.48	0.1343	0	5	5	24	1	0	1	0	1	1	1	0.0973913	0.11793	0.491739	0.15833	86	1330	1416
531	1/24/2011	1	0	1	6	0	1	1	1	0.02	0.0758	0.48	0.0896	0	15	15	24	1	0	1	0	1	1	1	0.0973913	0.11793	0.491739	0.15833	86	1330	1416
532	1/24/2011	1	0	1	7	0	1	1	1	0.02	0.1212	0.48	0	5	79	84	24	1	0	1	0	1	1	1	0.0973913	0.11793	0.491739	0.15833	86	1330	1416
533	1/24/2011	1	0	1	8	0	1	1	1	0.04	0.1364	0.49	0	6	171	177	24	1	0	1	0	1	1	1	0.0973913	0.11793	0.491739	0.15833	86	1330	1416
534	1/24/2011	1	0	1	9	0	1	1	1	0.06	0.1515	0.41	0	4	98	102	24	1	0	1	0	1	1	1	0.0973913	0.11793	0.491739	0.15833	86	1330	1416
535	1/24/2011	1	0	1	10	0	1	1	1	0.1	0.1364	0.42	0	6	34	40	24	1	0	1	0	1	1	1	0.0973913	0.11793	0.491739	0.15833	86	1330	1416
536	1/24/2011	1	0	1	11	0	1	1	1	0.1	0.1212	0.46	0.1343	3	43	46	24	1	0	1	0	1	1	1	0.0973913	0.11793	0.491739	0.15833	86	1330	1416
537	1/24/2011	1	0	1	12	0	1	1	2	0.12	0.1364	0.42	0.194	11	52	63	24	1	0	1	0	1	1	1	0.0973913	0.11793	0.491739	0.15833	86	1330	1416
538	1/24/2011	1	0	1	13	0	1	1	2	0.14	0.1364	0.43	0.2239	6	54	60	24	1	0	1	0	1	1	1	0.0973913	0.11793	0.491739	0.15833	86	1330	1416
539	1/24/2011	1	0	1	14	0	1	1	2	0.14	0.1364	0.46	0.2239	2	43	45	24	1	0	1	0	1	1	1	0.0973913	0.11793	0.491739	0.15833	86	1330	1416
540	1/24/2011	1	0	1	15	0	1	1	1	0.16	0.1667	0.4	0.1642	7	50	57	24	1	0	1	0	1	1	1	0.0973913	0.11793	0.491739	0.15833	86	1330	1416
541	1/24/2011	1	0	1	16	0	1	1	1	0.16	0.1515	0.47	0.2537	4	66	70	24	1	0	1	0	1	1	1	0.0973913	0.11793	0.491739	0.15833	86	1330	1416
542	1/24/2011	1	0	1	17	0	1	1	1	0.14	0.1212	0.5	0.2537	6	178	184	24	1	0	1	0	1	1	1	0.0973913	0.11793	0.491739	0.15833	86	1330	1416
543	1/24/2011	1	0	1	18	0	1	1	1	0.14	0.1364	0.59	0.194	8	145	153	24	1	0	1	0	1	1	1	0.0973913	0.11793	0.491739	0.15833	86	1330	1416
544	1/24/2011	1	0	1	19	0	1	1	1	0.14	0.1515	0.54	0.1642	5	101	106	24	1	0	1	0	1	1	1	0.0973913	0.11793	0.491739	0.15833	86	1330	1416
545	1/24/2011	1	0	1	20	0	1	1	1	0.14	0.1364	0.59	0.194	1	80	81	24	1	0	1	0	1	1	1	0.0973913	0.11793	0.491739	0.15833	86	1330	1416
546	1/24/2011	1	0	1	21	0	1	1	1	0.14	0.1515	0.63	0.1642	6	53	59	24	1	0	1	0	1	1	1	0.0973913	0.11793	0.491739	0.15833	86	1330	1416
547	1/24/2011	1	0	1	22	0	1	1	2	0.14	0.1364	0.63	0.2239	3	32	35	24	1	0	1	0	1	1	1	0.0973913	0.11793	0.491739	0.15833	86	1330	1416
548	1/24/2011	1	0	1	23	0	1	1	2	0.16	0.1515	0.64	0.2537	3	21	24	24	1	0	1	0	1	1	1	0.0973913	0.11793	0.491739	0.15833	86	1330	1416
549	1/25/2011	1	0	1	0	0	2	1	2	0.16	0.1364	0.69	0.2836	3	6	9	25	1	0	1	0	2	1	2	0.223478	0.234526	0.616957	0.129796	186	1799	1985
550	1/25/2011	1	0	1	1	0	2	1	2	0.16	0.1667	0.69	0.1642	0	5	5	25	1	0	1	0	2	1	2	0.223478	0.234526	0.616957	0.129796	186	1799	1985
551	1/25/2011	1	0	1	2	0	2	1	1	0.16	0.1515	0.69	0.2239	0	2	2	25	1	0	1	0	2	1	2	0.223478	0.234526	0.616957	0.129796	186	1799	1985
552	1/25/2011	1	0	1	4	0	2	1	1	0.14	0.1667	0.74	0.1045	0	1	1	25	1	0	1	0	2	1	2	0.223478	0.234526	0.616957	0.129796	186	1799	1985
553	1/25/2011	1	0	1	5	0	2	1	1	0.14	0.1364	0.74	0.2239	0	9	9	25	1	0	1	0	2	1	2	0.223478	0.234526	0.616957	0.129796	186	1799	1985
554	1/25/2011	1	0	1	6	0	2	1	1	0.16	0.1818	0.74	0.1045	1	35	36	25	1	0	1	0	2	1	2	0.223478	0.234526	0.616957	0.129796	186	1799	1985
555	1/25/2011	1	0	1	7	0	2	1	1	0.16	0.1515	0.74	0.2239	5	103	108	25	1	0	1	0	2	1	2	0.223478	0.234526	0.616957	0.129796	186	1799	1985
556	1/25/2011	1	0	1	8	0	2	1	2	0.16	0.1818	0.74	0.1343	5	233	238	25	1	0	1	0	2	1	2	0.223478	0.234526	0.616957	0.129796	186	1799	1985
557	1/25/2011	1	0	1	9	0	2	1	2	0.2	0.2273	0.64	0.0896	10	134	144	25	1	0	1	0	2	1	2	0.223478	0.234526	0.616957	0.129796	186	1799	1985
558	1/25/2011	1	0	1	10	0	2	1	2	0.22	0.2424	0.6	0.1045	6	49	55	25	1	0	1	0	2	1	2	0.223478	0.234526	0.616957	0.129796	186	1799	1985
559	1/25/2011	1	0	1	11	0	2	1	2	0.24	0.2424	0.6	0.1343	6	55	61	25	1	0	1	0	2	1	2	0.223478	0.234526	0.616957	0.129796	186	1799	1985
560	1/25/2011	1	0	1	12	0	2	1	2	0.26	0.2879	0.56	0.0896	21	85	106	25	1	0	1	0	2	1	2	0.223478	0.234526	0.616957	0.129796	186	1799	1985
561	1/25/2011	1	0	1	13	0	2	1	2	0.26	0.2727	0.56	0.1343	21	72	93	25	1	0	1	0	2	1	2	0.223478	0.234526	0.616957	0.129796	186	1799	1985
562	1/25/2011	1	0	1	14	0	2	1	2	0.3	0.3333	0.45	0	11	57	68	25	1	0	1	0	2	1	2	0.223478	0.234526	0.616957	0.129796	186	1799	1985
563	1/25/2011	1	0	1	15	0	2	1	2	0.32	0.3485	0.42	0	21	63	84	25	1	0	1	0	2	1	2	0.223478	0.234526	0.616957	0.129796	186	1799	1985
564	1/25/2011	1	0	1	16	0	2	1	2	0.32	0.3485	0.42	0	14	102	116	25	1	0	1	0	2	1	2	0.223478	0.234526	0.616957	0.129796	186	1799	1985
565	1/25/2011	1	0	1	17	0	2	1	1	0.3	0.3333	0.45	0	14	208	222	25	1	0	1	0	2	1	2	0.223478	0.234526	0.616957	0.129796	186	1799	1985
566	1/25/2011	1	0	1	18	0	2	1	2	0.3	0.3182	0.49	0.0896	7	218	225	25	1	0	1	0	2	1	2	0.223478	0.234526	0.616957	0.129796	186	1799	1985
567	1/25/2011	1	0	1	19	0	2	1	2	0.26	0.2576	0.65	0.1642	13	133	146	25	1	0	1	0	2	1	2	0.223478	0.234526	0.616957	0.129796	186	1799	1985
568	1/25/2011	1	0	1	20	0	2	1	1	0.24	0.2273	0.65	0.194	16	103	119	25	1	0	1	0	2	1	2	0.223478	0.234526	0.616957	0.129796	186	1799	1985
569	1/25/2011	1	0	1	21	0	2	1	1	0.24	0.2273	0.65	0.194	5	40	45	25	1	0	1	0	2	1	2	0.223478	0.234526	0.616957	0.129796	186	1799	1985
570	1/25/2011	1	0	1	22	0	2	1	1	0.22	0.2273	0.64	0.1642	4	49	53	25	1	0	1	0	2	1	2	0.223478	0.234526	0.616957	0.129796	186	1799	1985
571	1/25/2011	1	0	1	23	0	2	1	2	0.22	0.2273	0.64	0.1642	3	37	40	25	1	0	1	0	2	1	2	0.223478	0.234526	0.616957	0.129796	186	1799	1985
572	1/26/2011	1	0	1	0	0	3	1	2	0.22	0.2273	0.69	0.1343	3	14	17	26	1	0	1	0	3	1	3	0.2175	0.2036	0.8625	0.29385	34	472	506
573	1/26/2011	1	0	1	1	0	3	1	2	0.24	0.2424	0.65	0.1343	0	5	5	26	1	0	1	0	3	1	3	0.2175	0.2036	0.8625	0.29385	34	472	506
574	1/26/2011	1	0	1	2	0	3	1	3	0.22	0.2273	0.69	0.194	3	7	10	26	1	0	1	0	3	1	3	0.2175	0.2036	0.8625	0.29385	34	472	506
575	1/26/2011	1	0	1	5	0	3	1	3	0.2	0.1818	0.86	0.2836	0	1	1	26	1	0	1	0	3	1	3	0.2175	0.2036	0.8625	0.29385	34	472	506
576	1/26/2011	1	0	1	6	0	3	1	3	0.2	0.1818	0.86	0.2836	0	8	8	26	1	0	1	0	3	1	3	0.2175	0.2036	0.8625	0.29385	34	472	506
577	1/26/2011	1	0	1	7	0	3	1	3	0.22	0.2121	0.87	0.2985	1	29	30	26	1	0	1	0	3	1	3	0.2175	0.2036	0.8625	0.29385	34	472	506
578	1/26/2011	1	0	1	8	0	3	1	3	0.22	0.2121	0.87	0.2985	3	69	72	26	1	0	1	0	3	1	3	0.2175	0.2036	0.8625	0.29385	34	472	506
579	1/26/2011	1	0	1	9	0	3	1	3	0.22	0.2121	0.87	0.2985	3	55	58	26	1	0	1	0	3	1	3	0.2175	0.2036	0.8625	0.29385	34	472	506
580	1/26/2011	1	0	1	10	0	3	1	3	0.22	0.2121	0.93	0.2836	2	26	28	26	1	0	1	0	3	1	3	0.2175	0.2036	0.8625	0.29385	34	472	506
581	1/26/2011	1	0	1	11	0	3	1	3	0.22	0.197	0.93	0.3284	6	35	41	26	1	0	1	0	3	1	3	0.2175	0.2036	0.8625	0.29385	34	472	506
582	1/26/2011	1	0	1	12	0	3	1	3	0.22	0.197	0.93	0.3284	7	41	48	26	1	0	1	0	3	1	3	0.2175	0.2036	0.8625	0.29385	34	472	506
583	1/26/2011	1	0	1	13	0	3	1	3	0.22	0.197	0.93	0.3284	4	43	47	26	1	0	1	0	3	1	3	0.2175	0.2036	0.8625	0.29385	34	472	506
584	1/26/2011	1	0	1	14	0	3	1	3	0.22	0.197	0.93	0.3582	0	36	36	26	1	0	1	0	3	1	3	0.2175	0.2036	0.8625	0.29385	34	472	506
585	1/26/2011	1	0	1	15	0	3	1	3	0.22	0.1818	0.93	0.4627	1	42	43	26	1	0	1	0	3	1	3	0.2175	0.2036	0.8625	0.29385	34	472	506
586	1/26/2011	1	0	1	16	0	3	1	4	0.22	0.197	0.93	0.3284	1	35	36	26	1	0	1	0	3	1	3	0.2175	0.2036	0.8625	0.29385	34	472	506
587	1/26/2011	1	0	1	17	0	3	1	3	0.2	0.1818	0.93	0.3582	0	26	26	26	1	0	1	0	3	1	3	0.2175	0.2036	0.8625	0.29385	34	472	506
588	1/27/2011	1	0	1	16	0	4	1	1	0.22	0.2273	0.55	0.194	1	23	24	27	1	0	1	0	4	1	1	0.195	0.2197	0.6875	0.113837	15	416	431
589	1/27/2011	1	0	1	17	0	4	1	1	0.22	0.2424	0.55	0.1045	2	82	84	27	1	0	1	0	4	1	1	0.195	0.2197	0.6875	0.113837	15	416	431
590	1/27/2011	1	0	1	18	0	4	1	1	0.2	0.2273	0.69	0.0896	3	101	104	27	1	0	1	0	4	1	1	0.195	0.2197	0.6875	0.113837	15	416	431
591	1/27/2011	1	0	1	19	0	4	1	1	0.2	0.2273	0.69	0.0896	3	76	79	27	1	0	1	0	4	1	1	0.195	0.2197	0.6875	0.113837	15	416	431
592	1/27/2011	1	0	1	20	0	4	1	1	0.18	0.2121	0.74	0.0896	4	55	59	27	1	0	1	0	4	1	1	0.195	0.2197	0.6875	0.113837	15	416	431
593	1/27/2011	1	0	1	21	0	4	1	1	0.18	0.2121	0.74	0.0896	2	36	38	27	1	0	1	0	4	1	1	0.195	0.2197	0.6875	0.113837	15	416	431
594	1/27/2011	1	0	1	22	0	4	1	1	0.18	0.2121	0.74	0.0896	0	27	27	27	1	0	1	0	4	1	1	0.195	0.2197	0.6875	0.113837	15	416	431
595	1/27/2011	1	0	1	23	0	4	1	1	0.18	0.197	0.8	0.1642	0	16	16	27	1	0	1	0	4	1	1	0.195	0.2197	0.6875	0.113837	15	416	431
596	1/28/2011	1	0	1	0	0	5	1	2	0.2	0.2121	0.75	0.1343	0	9	9	28	1	0	1	0	5	1	2	0.203478	0.223317	0.793043	0.1233	38	1129	1167
597	1/28/2011	1	0	1	1	0	5	1	2	0.2	0.2121	0.75	0.1343	1	2	3	28	1	0	1	0	5	1	2	0.203478	0.223317	0.793043	0.1233	38	1129	1167
598	1/28/2011	1	0	1	2	0	5	1	2	0.2	0.2121	0.75	0.1642	0	2	2	28	1	0	1	0	5	1	2	0.203478	0.223317	0.793043	0.1233	38	1129	1167
599	1/28/2011	1	0	1	3	0	5	1	2	0.2	0.2273	0.75	0.1045	1	0	1	28	1	0	1	0	5	1	2	0.203478	0.223317	0.793043	0.1233	38	1129	1167
600	1/28/2011	1	0	1	5	0	5	1	2	0.18	0.2121	0.8	0.1045	0	4	4	28	1	0	1	0	5	1	2	0.203478	0.223317	0.793043	0.1233	38	1129	1167
601	1/28/2011	1	0	1	6	0	5	1	2	0.18	0.197	0.8	0.1343	0	16	16	28	1	0	1	0	5	1	2	0.203478	0.223317	0.793043	0.1233	38	1129	1167
602	1/28/2011	1	0	1	7	0	5	1	2	0.16	0.197	0.86	0.0896	2	58	60	28	1	0	1	0	5	1	2	0.203478	0.223317	0.793043	0.1233	38	1129	1167
603	1/28/2011	1	0	1	8	0	5	1	2	0.16	0.197	0.86	0.0896	2	155	157	28	1	0	1	0	5	1	2	0.203478	0.223317	0.793043	0.1233	38	1129	1167
604	1/28/2011	1	0	1	9	0	5	1	3	0.18	0.2121	0.86	0.0896	6	95	101	28	1	0	1	0	5	1	2	0.203478	0.223317	0.793043	0.1233	38	1129	1167
605	1/28/2011	1	0	1	10	0	5	1	3	0.18	0.2121	0.86	0.1045	0	49	49	28	1	0	1	0	5	1	2	0.203478	0.223317	0.793043	0.1233	38	1129	1167
606	1/28/2011	1	0	1	11	0	5	1	3	0.18	0.2121	0.93	0.1045	0	30	30	28	1	0	1	0	5	1	2	0.203478	0.223317	0.793043	0.1233	38	1129	1167
607	1/28/2011	1	0	1	12	0	5	1	3	0.18	0.2121	0.93	0.1045	1	28	29	28	1	0	1	0	5	1	2	0.203478	0.223317	0.793043	0.1233	38	1129	1167
608	1/28/2011	1	0	1	13	0	5	1	3	0.18	0.2121	0.93	0.1045	0	31	31	28	1	0	1	0	5	1	2	0.203478	0.223317	0.793043	0.1233	38	1129	1167
609	1/28/2011	1	0	1	14	0	5	1	3	0.22	0.2727	0.8	0	2	36	38	28	1	0	1	0	5	1	2	0.203478	0.223317	0.793043	0.1233	38	1129	1167
610	1/28/2011	1	0	1	15	0	5	1	2	0.2	0.2576	0.86	0	1	40	41	28	1	0	1	0	5	1	2	0.203478	0.223317	0.793043	0.1233	38	1129	1167
611	1/28/2011	1	0	1	16	0	5	1	1	0.22	0.2727	0.8	0	10	70	80	28	1	0	1	0	5	1	2	0.203478	0.223317	0.793043	0.1233	38	1129	1167
612	1/28/2011	1	0	1	17	0	5	1	1	0.24	0.2424	0.75	0.1343	2	147	149	28	1	0	1	0	5	1	2	0.203478	0.223317	0.793043	0.1233	38	1129	1167
613	1/28/2011	1	0	1	18	0	5	1	1	0.24	0.2273	0.75	0.194	2	107	109	28	1	0	1	0	5	1	2	0.203478	0.223317	0.793043	0.1233	38	1129	1167
614	1/28/2011	1	0	1	19	0	5	1	2	0.24	0.2424	0.75	0.1343	5	84	89	28	1	0	1	0	5	1	2	0.203478	0.223317	0.793043	0.1233	38	1129	1167
615	1/28/2011	1	0	1	20	0	5	1	2	0.24	0.2273	0.7	0.194	1	61	62	28	1	0	1	0	5	1	2	0.203478	0.223317	0.793043	0.1233	38	1129	1167
616	1/28/2011	1	0	1	21	0	5	1	2	0.22	0.2273	0.75	0.1343	1	57	58	28	1	0	1	0	5	1	2	0.203478	0.223317	0.793043	0.1233	38	1129	1167
617	1/28/2011	1	0	1	22	0	5	1	1	0.24	0.2121	0.65	0.3582	0	26	26	28	1	0	1	0	5	1	2	0.203478	0.223317	0.793043	0.1233	38	1129	1167
618	1/28/2011	1	0	1	23	0	5	1	1	0.24	0.2273	0.6	0.2239	1	22	23	28	1	0	1	0	5	1	2	0.203478	0.223317	0.793043	0.1233	38	1129	1167
619	1/29/2011	1	0	1	0	0	6	0	1	0.22	0.197	0.64	0.3582	2	26	28	29	1	0	1	0	6	0	1	0.196522	0.212126	0.651739	0.145365	123	975	1098
620	1/29/2011	1	0	1	1	0	6	0	1	0.22	0.2273	0.64	0.194	0	20	20	29	1	0	1	0	6	0	1	0.196522	0.212126	0.651739	0.145365	123	975	1098
621	1/29/2011	1	0	1	2	0	6	0	1	0.22	0.2273	0.64	0.1642	0	15	15	29	1	0	1	0	6	0	1	0.196522	0.212126	0.651739	0.145365	123	975	1098
622	1/29/2011	1	0	1	3	0	6	0	1	0.2	0.2121	0.64	0.1343	3	5	8	29	1	0	1	0	6	0	1	0.196522	0.212126	0.651739	0.145365	123	975	1098
623	1/29/2011	1	0	1	4	0	6	0	1	0.16	0.1818	0.69	0.1045	1	2	3	29	1	0	1	0	6	0	1	0.196522	0.212126	0.651739	0.145365	123	975	1098
624	1/29/2011	1	0	1	6	0	6	0	1	0.16	0.1818	0.64	0.1343	0	2	2	29	1	0	1	0	6	0	1	0.196522	0.212126	0.651739	0.145365	123	975	1098
625	1/29/2011	1	0	1	7	0	6	0	1	0.16	0.1818	0.59	0.1045	1	4	5	29	1	0	1	0	6	0	1	0.196522	0.212126	0.651739	0.145365	123	975	1098
626	1/29/2011	1	0	1	8	0	6	0	1	0.18	0.197	0.55	0.1642	3	31	34	29	1	0	1	0	6	0	1	0.196522	0.212126	0.651739	0.145365	123	975	1098
627	1/29/2011	1	0	1	9	0	6	0	1	0.18	0.2121	0.59	0.0896	0	34	34	29	1	0	1	0	6	0	1	0.196522	0.212126	0.651739	0.145365	123	975	1098
628	1/29/2011	1	0	1	10	0	6	0	2	0.18	0.2121	0.64	0.1045	4	51	55	29	1	0	1	0	6	0	1	0.196522	0.212126	0.651739	0.145365	123	975	1098
629	1/29/2011	1	0	1	11	0	6	0	2	0.18	0.197	0.64	0.1343	4	60	64	29	1	0	1	0	6	0	1	0.196522	0.212126	0.651739	0.145365	123	975	1098
630	1/29/2011	1	0	1	12	0	6	0	2	0.2	0.197	0.59	0.194	12	66	78	29	1	0	1	0	6	0	1	0.196522	0.212126	0.651739	0.145365	123	975	1098
631	1/29/2011	1	0	1	13	0	6	0	2	0.22	0.2273	0.55	0.1642	9	56	65	29	1	0	1	0	6	0	1	0.196522	0.212126	0.651739	0.145365	123	975	1098
632	1/29/2011	1	0	1	14	0	6	0	2	0.22	0.2273	0.6	0.1343	10	89	99	29	1	0	1	0	6	0	1	0.196522	0.212126	0.651739	0.145365	123	975	1098
633	1/29/2011	1	0	1	15	0	6	0	1	0.22	0.2121	0.69	0.2537	22	98	120	29	1	0	1	0	6	0	1	0.196522	0.212126	0.651739	0.145365	123	975	1098
634	1/29/2011	1	0	1	16	0	6	0	1	0.24	0.2424	0.6	0.1642	19	88	107	29	1	0	1	0	6	0	1	0.196522	0.212126	0.651739	0.145365	123	975	1098
635	1/29/2011	1	0	1	17	0	6	0	1	0.24	0.2879	0.6	0	9	82	91	29	1	0	1	0	6	0	1	0.196522	0.212126	0.651739	0.145365	123	975	1098
636	1/29/2011	1	0	1	18	0	6	0	1	0.22	0.2273	0.69	0.1343	9	59	68	29	1	0	1	0	6	0	1	0.196522	0.212126	0.651739	0.145365	123	975	1098
637	1/29/2011	1	0	1	19	0	6	0	2	0.22	0.2121	0.69	0.2537	6	52	58	29	1	0	1	0	6	0	1	0.196522	0.212126	0.651739	0.145365	123	975	1098
638	1/29/2011	1	0	1	20	0	6	0	1	0.18	0.2121	0.74	0.0896	1	42	43	29	1	0	1	0	6	0	1	0.196522	0.212126	0.651739	0.145365	123	975	1098
639	1/29/2011	1	0	1	21	0	6	0	1	0.18	0.2121	0.74	0.0896	1	35	36	29	1	0	1	0	6	0	1	0.196522	0.212126	0.651739	0.145365	123	975	1098
640	1/29/2011	1	0	1	22	0	6	0	1	0.16	0.197	0.8	0.0896	4	28	32	29	1	0	1	0	6	0	1	0.196522	0.212126	0.651739	0.145365	123	975	1098
641	1/29/2011	1	0	1	23	0	6	0	1	0.16	0.197	0.8	0.0896	3	30	33	29	1	0	1	0	6	0	1	0.196522	0.212126	0.651739	0.145365	123	975	1098
642	1/30/2011	1	0	1	0	0	0	0	1	0.16	0.1818	0.8	0.1045	0	33	33	30	1	0	1	0	0	0	1	0.216522	0.250322	0.722174	0.0739826	140	956	1096
643	1/30/2011	1	0	1	1	0	0	0	1	0.14	0.2121	0.8	0	7	22	29	30	1	0	1	0	0	0	1	0.216522	0.250322	0.722174	0.0739826	140	956	1096
644	1/30/2011	1	0	1	2	0	0	0	1	0.16	0.2273	0.8	0	1	10	11	30	1	0	1	0	0	0	1	0.216522	0.250322	0.722174	0.0739826	140	956	1096
645	1/30/2011	1	0	1	3	0	0	0	1	0.14	0.2121	0.93	0	1	7	8	30	1	0	1	0	0	0	1	0.216522	0.250322	0.722174	0.0739826	140	956	1096
646	1/30/2011	1	0	1	4	0	0	0	1	0.14	0.2121	0.93	0	0	1	1	30	1	0	1	0	0	0	1	0.216522	0.250322	0.722174	0.0739826	140	956	1096
647	1/30/2011	1	0	1	5	0	0	0	1	0.14	0.2121	0.86	0	0	3	3	30	1	0	1	0	0	0	1	0.216522	0.250322	0.722174	0.0739826	140	956	1096
648	1/30/2011	1	0	1	7	0	0	0	1	0.14	0.2121	0.86	0	0	3	3	30	1	0	1	0	0	0	1	0.216522	0.250322	0.722174	0.0739826	140	956	1096
649	1/30/2011	1	0	1	8	0	0	0	2	0.14	0.2121	0.86	0	1	11	12	30	1	0	1	0	0	0	1	0.216522	0.250322	0.722174	0.0739826	140	956	1096
650	1/30/2011	1	0	1	9	0	0	0	2	0.16	0.2273	0.8	0	4	34	38	30	1	0	1	0	0	0	1	0.216522	0.250322	0.722174	0.0739826	140	956	1096
651	1/30/2011	1	0	1	10	0	0	0	2	0.18	0.2424	0.8	0	7	57	64	30	1	0	1	0	0	0	1	0.216522	0.250322	0.722174	0.0739826	140	956	1096
652	1/30/2011	1	0	1	11	0	0	0	1	0.22	0.2727	0.75	0	9	50	59	30	1	0	1	0	0	0	1	0.216522	0.250322	0.722174	0.0739826	140	956	1096
653	1/30/2011	1	0	1	12	0	0	0	1	0.3	0.3182	0.52	0.1045	10	87	97	30	1	0	1	0	0	0	1	0.216522	0.250322	0.722174	0.0739826	140	956	1096
654	1/30/2011	1	0	1	13	0	0	0	1	0.28	0.2879	0.61	0.1045	13	71	84	30	1	0	1	0	0	0	1	0.216522	0.250322	0.722174	0.0739826	140	956	1096
655	1/30/2011	1	0	1	14	0	0	0	1	0.28	0.303	0.61	0.0896	18	104	122	30	1	0	1	0	0	0	1	0.216522	0.250322	0.722174	0.0739826	140	956	1096
656	1/30/2011	1	0	1	15	0	0	0	1	0.3	0.3333	0.56	0	14	95	109	30	1	0	1	0	0	0	1	0.216522	0.250322	0.722174	0.0739826	140	956	1096
657	1/30/2011	1	0	1	16	0	0	0	1	0.3	0.3333	0.56	0	19	104	123	30	1	0	1	0	0	0	1	0.216522	0.250322	0.722174	0.0739826	140	956	1096
658	1/30/2011	1	0	1	17	0	0	0	1	0.3	0.2879	0.56	0.194	6	71	77	30	1	0	1	0	0	0	1	0.216522	0.250322	0.722174	0.0739826	140	956	1096
659	1/30/2011	1	0	1	18	0	0	0	1	0.26	0.2576	0.65	0.1642	8	57	65	30	1	0	1	0	0	0	1	0.216522	0.250322	0.722174	0.0739826	140	956	1096
660	1/30/2011	1	0	1	19	0	0	0	1	0.26	0.2576	0.65	0.194	9	46	55	30	1	0	1	0	0	0	1	0.216522	0.250322	0.722174	0.0739826	140	956	1096
661	1/30/2011	1	0	1	20	0	0	0	2	0.26	0.2727	0.65	0.1045	3	30	33	30	1	0	1	0	0	0	1	0.216522	0.250322	0.722174	0.0739826	140	956	1096
662	1/30/2011	1	0	1	21	0	0	0	2	0.24	0.2424	0.7	0.1642	3	25	28	30	1	0	1	0	0	0	1	0.216522	0.250322	0.722174	0.0739826	140	956	1096
663	1/30/2011	1	0	1	22	0	0	0	2	0.24	0.2273	0.7	0.194	2	19	21	30	1	0	1	0	0	0	1	0.216522	0.250322	0.722174	0.0739826	140	956	1096
664	1/30/2011	1	0	1	23	0	0	0	2	0.24	0.2121	0.65	0.2836	5	16	21	30	1	0	1	0	0	0	1	0.216522	0.250322	0.722174	0.0739826	140	956	1096
665	1/31/2011	1	0	1	0	0	1	1	2	0.24	0.2273	0.65	0.2239	1	6	7	31	1	0	1	0	1	1	2	0.180833	0.18625	0.60375	0.187192	42	1459	1501
666	1/31/2011	1	0	1	1	0	1	1	1	0.22	0.2121	0.64	0.2537	2	5	7	31	1	0	1	0	1	1	2	0.180833	0.18625	0.60375	0.187192	42	1459	1501
667	1/31/2011	1	0	1	2	0	1	1	1	0.22	0.2273	0.64	0.194	0	1	1	31	1	0	1	0	1	1	2	0.180833	0.18625	0.60375	0.187192	42	1459	1501
668	1/31/2011	1	0	1	3	0	1	1	1	0.22	0.2273	0.64	0.194	0	2	2	31	1	0	1	0	1	1	2	0.180833	0.18625	0.60375	0.187192	42	1459	1501
669	1/31/2011	1	0	1	4	0	1	1	1	0.2	0.197	0.59	0.2239	0	2	2	31	1	0	1	0	1	1	2	0.180833	0.18625	0.60375	0.187192	42	1459	1501
670	1/31/2011	1	0	1	5	0	1	1	1	0.18	0.1667	0.64	0.2836	0	8	8	31	1	0	1	0	1	1	2	0.180833	0.18625	0.60375	0.187192	42	1459	1501
671	1/31/2011	1	0	1	6	0	1	1	1	0.16	0.1364	0.69	0.3284	0	37	37	31	1	0	1	0	1	1	2	0.180833	0.18625	0.60375	0.187192	42	1459	1501
672	1/31/2011	1	0	1	7	0	1	1	2	0.16	0.1364	0.64	0.2836	1	71	72	31	1	0	1	0	1	1	2	0.180833	0.18625	0.60375	0.187192	42	1459	1501
673	1/31/2011	1	0	1	8	0	1	1	2	0.16	0.1364	0.59	0.2836	3	182	185	31	1	0	1	0	1	1	2	0.180833	0.18625	0.60375	0.187192	42	1459	1501
674	1/31/2011	1	0	1	9	0	1	1	2	0.16	0.1364	0.59	0.2985	0	112	112	31	1	0	1	0	1	1	2	0.180833	0.18625	0.60375	0.187192	42	1459	1501
675	1/31/2011	1	0	1	10	0	1	1	2	0.16	0.1515	0.59	0.194	1	68	69	31	1	0	1	0	1	1	2	0.180833	0.18625	0.60375	0.187192	42	1459	1501
676	1/31/2011	1	0	1	11	0	1	1	2	0.16	0.1515	0.59	0.194	2	46	48	31	1	0	1	0	1	1	2	0.180833	0.18625	0.60375	0.187192	42	1459	1501
677	1/31/2011	1	0	1	12	0	1	1	2	0.18	0.2121	0.55	0.1045	6	62	68	31	1	0	1	0	1	1	2	0.180833	0.18625	0.60375	0.187192	42	1459	1501
678	1/31/2011	1	0	1	13	0	1	1	2	0.16	0.2273	0.59	0	2	52	54	31	1	0	1	0	1	1	2	0.180833	0.18625	0.60375	0.187192	42	1459	1501
679	1/31/2011	1	0	1	14	0	1	1	2	0.18	0.197	0.55	0.1343	1	85	86	31	1	0	1	0	1	1	2	0.180833	0.18625	0.60375	0.187192	42	1459	1501
680	1/31/2011	1	0	1	15	0	1	1	2	0.16	0.1818	0.59	0.1343	3	41	44	31	1	0	1	0	1	1	2	0.180833	0.18625	0.60375	0.187192	42	1459	1501
681	1/31/2011	1	0	1	16	0	1	1	2	0.16	0.1818	0.56	0.194	3	83	86	31	1	0	1	0	1	1	2	0.180833	0.18625	0.60375	0.187192	42	1459	1501
682	1/31/2011	1	0	1	17	0	1	1	2	0.16	0.1515	0.59	0.194	6	155	161	31	1	0	1	0	1	1	2	0.180833	0.18625	0.60375	0.187192	42	1459	1501
683	1/31/2011	1	0	1	18	0	1	1	2	0.16	0.1515	0.55	0.2239	3	153	156	31	1	0	1	0	1	1	2	0.180833	0.18625	0.60375	0.187192	42	1459	1501
684	1/31/2011	1	0	1	19	0	1	1	1	0.3	0.3182	0.61	0.1045	3	108	111	31	1	0	1	0	1	1	2	0.180833	0.18625	0.60375	0.187192	42	1459	1501
685	1/31/2011	1	0	1	20	0	1	1	3	0.16	0.1667	0.59	0.1642	0	78	78	31	1	0	1	0	1	1	2	0.180833	0.18625	0.60375	0.187192	42	1459	1501
686	1/31/2011	1	0	1	21	0	1	1	3	0.16	0.197	0.59	0.0896	3	53	56	31	1	0	1	0	1	1	2	0.180833	0.18625	0.60375	0.187192	42	1459	1501
687	1/31/2011	1	0	1	22	0	1	1	2	0.16	0.1818	0.59	0.1045	0	34	34	31	1	0	1	0	1	1	2	0.180833	0.18625	0.60375	0.187192	42	1459	1501
688	1/31/2011	1	0	1	23	0	1	1	2	0.16	0.197	0.64	0.0896	2	15	17	31	1	0	1	0	1	1	2	0.180833	0.18625	0.60375	0.187192	42	1459	1501
689	2/1/2011	1	0	2	0	0	2	1	2	0.16	0.1818	0.64	0.1045	2	6	8	32	1	0	2	0	2	1	2	0.192174	0.23453	0.829565	0.053213	47	1313	1360
690	2/1/2011	1	0	2	1	0	2	1	2	0.16	0.1818	0.69	0.1045	0	3	3	32	1	0	2	0	2	1	2	0.192174	0.23453	0.829565	0.053213	47	1313	1360
691	2/1/2011	1	0	2	2	0	2	1	2	0.16	0.2273	0.69	0	0	2	2	32	1	0	2	0	2	1	2	0.192174	0.23453	0.829565	0.053213	47	1313	1360
692	2/1/2011	1	0	2	3	0	2	1	2	0.16	0.2273	0.69	0	0	2	2	32	1	0	2	0	2	1	2	0.192174	0.23453	0.829565	0.053213	47	1313	1360
693	2/1/2011	1	0	2	5	0	2	1	3	0.14	0.2121	0.93	0	0	3	3	32	1	0	2	0	2	1	2	0.192174	0.23453	0.829565	0.053213	47	1313	1360
694	2/1/2011	1	0	2	6	0	2	1	3	0.14	0.2121	0.93	0	0	22	22	32	1	0	2	0	2	1	2	0.192174	0.23453	0.829565	0.053213	47	1313	1360
695	2/1/2011	1	0	2	7	0	2	1	3	0.16	0.2273	0.93	0	0	52	52	32	1	0	2	0	2	1	2	0.192174	0.23453	0.829565	0.053213	47	1313	1360
696	2/1/2011	1	0	2	8	0	2	1	3	0.16	0.2273	0.93	0	3	132	135	32	1	0	2	0	2	1	2	0.192174	0.23453	0.829565	0.053213	47	1313	1360
697	2/1/2011	1	0	2	9	0	2	1	2	0.16	0.2273	0.93	0	2	114	116	32	1	0	2	0	2	1	2	0.192174	0.23453	0.829565	0.053213	47	1313	1360
698	2/1/2011	1	0	2	10	0	2	1	2	0.16	0.2273	0.93	0	0	47	47	32	1	0	2	0	2	1	2	0.192174	0.23453	0.829565	0.053213	47	1313	1360
699	2/1/2011	1	0	2	11	0	2	1	2	0.18	0.2424	0.86	0	2	49	51	32	1	0	2	0	2	1	2	0.192174	0.23453	0.829565	0.053213	47	1313	1360
700	2/1/2011	1	0	2	12	0	2	1	2	0.2	0.2576	0.86	0	2	53	55	32	1	0	2	0	2	1	2	0.192174	0.23453	0.829565	0.053213	47	1313	1360
701	2/1/2011	1	0	2	13	0	2	1	2	0.2	0.2576	0.86	0	3	49	52	32	1	0	2	0	2	1	2	0.192174	0.23453	0.829565	0.053213	47	1313	1360
702	2/1/2011	1	0	2	14	0	2	1	2	0.22	0.2576	0.8	0.0896	5	49	54	32	1	0	2	0	2	1	2	0.192174	0.23453	0.829565	0.053213	47	1313	1360
703	2/1/2011	1	0	2	15	0	2	1	2	0.24	0.2879	0.75	0	7	45	52	32	1	0	2	0	2	1	2	0.192174	0.23453	0.829565	0.053213	47	1313	1360
704	2/1/2011	1	0	2	16	0	2	1	2	0.24	0.2424	0.75	0.1343	3	61	64	32	1	0	2	0	2	1	2	0.192174	0.23453	0.829565	0.053213	47	1313	1360
705	2/1/2011	1	0	2	17	0	2	1	2	0.24	0.2879	0.75	0	4	172	176	32	1	0	2	0	2	1	2	0.192174	0.23453	0.829565	0.053213	47	1313	1360
706	2/1/2011	1	0	2	18	0	2	1	2	0.24	0.2576	0.81	0.1045	3	165	168	32	1	0	2	0	2	1	2	0.192174	0.23453	0.829565	0.053213	47	1313	1360
707	2/1/2011	1	0	2	19	0	2	1	2	0.24	0.2424	0.81	0.1343	3	105	108	32	1	0	2	0	2	1	2	0.192174	0.23453	0.829565	0.053213	47	1313	1360
708	2/1/2011	1	0	2	20	0	2	1	2	0.22	0.2273	0.87	0.1343	5	69	74	32	1	0	2	0	2	1	2	0.192174	0.23453	0.829565	0.053213	47	1313	1360
709	2/1/2011	1	0	2	21	0	2	1	2	0.22	0.2273	0.87	0.1343	0	64	64	32	1	0	2	0	2	1	2	0.192174	0.23453	0.829565	0.053213	47	1313	1360
710	2/1/2011	1	0	2	22	0	2	1	2	0.22	0.2576	0.87	0.0896	2	34	36	32	1	0	2	0	2	1	2	0.192174	0.23453	0.829565	0.053213	47	1313	1360
711	2/1/2011	1	0	2	23	0	2	1	3	0.2	0.197	0.93	0.194	1	15	16	32	1	0	2	0	2	1	2	0.192174	0.23453	0.829565	0.053213	47	1313	1360
712	2/2/2011	1	0	2	0	0	3	1	3	0.22	0.2424	0.93	0.1045	0	2	2	33	1	0	2	0	3	1	2	0.26	0.254417	0.775417	0.264308	72	1454	1526
713	2/2/2011	1	0	2	1	0	3	1	3	0.22	0.2273	0.93	0.194	0	3	3	33	1	0	2	0	3	1	2	0.26	0.254417	0.775417	0.264308	72	1454	1526
714	2/2/2011	1	0	2	2	0	3	1	3	0.22	0.2273	0.93	0.1343	4	0	4	33	1	0	2	0	3	1	2	0.26	0.254417	0.775417	0.264308	72	1454	1526
715	2/2/2011	1	0	2	3	0	3	1	3	0.22	0.2273	0.93	0.1343	0	1	1	33	1	0	2	0	3	1	2	0.26	0.254417	0.775417	0.264308	72	1454	1526
716	2/2/2011	1	0	2	4	0	3	1	3	0.22	0.2121	0.93	0.2836	0	1	1	33	1	0	2	0	3	1	2	0.26	0.254417	0.775417	0.264308	72	1454	1526
717	2/2/2011	1	0	2	5	0	3	1	3	0.22	0.2424	0.93	0.1045	0	3	3	33	1	0	2	0	3	1	2	0.26	0.254417	0.775417	0.264308	72	1454	1526
718	2/2/2011	1	0	2	6	0	3	1	3	0.22	0.2424	0.93	0.1045	1	17	18	33	1	0	2	0	3	1	2	0.26	0.254417	0.775417	0.264308	72	1454	1526
719	2/2/2011	1	0	2	7	0	3	1	3	0.22	0.2121	0.93	0.2239	1	48	49	33	1	0	2	0	3	1	2	0.26	0.254417	0.775417	0.264308	72	1454	1526
720	2/2/2011	1	0	2	8	0	3	1	3	0.22	0.2121	0.93	0.2239	1	154	155	33	1	0	2	0	3	1	2	0.26	0.254417	0.775417	0.264308	72	1454	1526
721	2/2/2011	1	0	2	9	0	3	1	2	0.24	0.2576	0.93	0.0896	4	119	123	33	1	0	2	0	3	1	2	0.26	0.254417	0.775417	0.264308	72	1454	1526
722	2/2/2011	1	0	2	10	0	3	1	2	0.22	0.2727	1	0	2	59	61	33	1	0	2	0	3	1	2	0.26	0.254417	0.775417	0.264308	72	1454	1526
723	2/2/2011	1	0	2	11	0	3	1	2	0.24	0.2273	0.93	0.194	5	47	52	33	1	0	2	0	3	1	2	0.26	0.254417	0.775417	0.264308	72	1454	1526
724	2/2/2011	1	0	2	12	0	3	1	2	0.24	0.2273	0.93	0.2239	3	61	64	33	1	0	2	0	3	1	2	0.26	0.254417	0.775417	0.264308	72	1454	1526
725	2/2/2011	1	0	2	13	0	3	1	1	0.34	0.3333	0.93	0.1642	1	74	75	33	1	0	2	0	3	1	2	0.26	0.254417	0.775417	0.264308	72	1454	1526
726	2/2/2011	1	0	2	14	0	3	1	1	0.38	0.3939	0.82	0.3881	2	61	63	33	1	0	2	0	3	1	2	0.26	0.254417	0.775417	0.264308	72	1454	1526
727	2/2/2011	1	0	2	15	0	3	1	1	0.38	0.3939	0.76	0.3284	10	66	76	33	1	0	2	0	3	1	2	0.26	0.254417	0.775417	0.264308	72	1454	1526
728	2/2/2011	1	0	2	16	0	3	1	1	0.36	0.3333	0.71	0.2985	8	95	103	33	1	0	2	0	3	1	2	0.26	0.254417	0.775417	0.264308	72	1454	1526
729	2/2/2011	1	0	2	17	0	3	1	1	0.36	0.3182	0.53	0.5224	7	183	190	33	1	0	2	0	3	1	2	0.26	0.254417	0.775417	0.264308	72	1454	1526
730	2/2/2011	1	0	2	18	0	3	1	1	0.34	0.2879	0.42	0.5522	7	175	182	33	1	0	2	0	3	1	2	0.26	0.254417	0.775417	0.264308	72	1454	1526
731	2/2/2011	1	0	2	19	0	3	1	1	0.28	0.2424	0.45	0.4925	3	88	91	33	1	0	2	0	3	1	2	0.26	0.254417	0.775417	0.264308	72	1454	1526
732	2/2/2011	1	0	2	20	0	3	1	1	0.24	0.197	0.48	0.5522	4	71	75	33	1	0	2	0	3	1	2	0.26	0.254417	0.775417	0.264308	72	1454	1526
733	2/2/2011	1	0	2	21	0	3	1	1	0.22	0.197	0.47	0.3284	1	62	63	33	1	0	2	0	3	1	2	0.26	0.254417	0.775417	0.264308	72	1454	1526
734	2/2/2011	1	0	2	22	0	3	1	1	0.22	0.2121	0.44	0.2537	5	35	40	33	1	0	2	0	3	1	2	0.26	0.254417	0.775417	0.264308	72	1454	1526
735	2/2/2011	1	0	2	23	0	3	1	1	0.2	0.1667	0.44	0.4478	3	29	32	33	1	0	2	0	3	1	2	0.26	0.254417	0.775417	0.264308	72	1454	1526
736	2/3/2011	1	0	2	0	0	4	1	1	0.2	0.1667	0.4	0.4478	1	11	12	34	1	0	2	0	4	1	1	0.186957	0.177878	0.437826	0.277752	61	1489	1550
737	2/3/2011	1	0	2	1	0	4	1	1	0.2	0.1515	0.44	0.5224	0	5	5	34	1	0	2	0	4	1	1	0.186957	0.177878	0.437826	0.277752	61	1489	1550
738	2/3/2011	1	0	2	2	0	4	1	1	0.18	0.1667	0.43	0.2537	0	2	2	34	1	0	2	0	4	1	1	0.186957	0.177878	0.437826	0.277752	61	1489	1550
739	2/3/2011	1	0	2	3	0	4	1	1	0.18	0.1667	0.43	0.2537	0	1	1	34	1	0	2	0	4	1	1	0.186957	0.177878	0.437826	0.277752	61	1489	1550
740	2/3/2011	1	0	2	5	0	4	1	1	0.16	0.1364	0.5	0.2985	0	2	2	34	1	0	2	0	4	1	1	0.186957	0.177878	0.437826	0.277752	61	1489	1550
741	2/3/2011	1	0	2	6	0	4	1	1	0.16	0.1364	0.43	0.3582	0	39	39	34	1	0	2	0	4	1	1	0.186957	0.177878	0.437826	0.277752	61	1489	1550
742	2/3/2011	1	0	2	7	0	4	1	1	0.14	0.1212	0.5	0.3284	1	86	87	34	1	0	2	0	4	1	1	0.186957	0.177878	0.437826	0.277752	61	1489	1550
743	2/3/2011	1	0	2	8	0	4	1	1	0.14	0.1212	0.5	0.3582	4	184	188	34	1	0	2	0	4	1	1	0.186957	0.177878	0.437826	0.277752	61	1489	1550
744	2/3/2011	1	0	2	9	0	4	1	1	0.16	0.1364	0.47	0.2985	6	127	133	34	1	0	2	0	4	1	1	0.186957	0.177878	0.437826	0.277752	61	1489	1550
745	2/3/2011	1	0	2	10	0	4	1	1	0.18	0.1515	0.43	0.3284	2	50	52	34	1	0	2	0	4	1	1	0.186957	0.177878	0.437826	0.277752	61	1489	1550
746	2/3/2011	1	0	2	11	0	4	1	1	0.18	0.1364	0.43	0.4478	9	55	64	34	1	0	2	0	4	1	1	0.186957	0.177878	0.437826	0.277752	61	1489	1550
747	2/3/2011	1	0	2	12	0	4	1	1	0.2	0.1818	0.4	0.3582	2	67	69	34	1	0	2	0	4	1	1	0.186957	0.177878	0.437826	0.277752	61	1489	1550
748	2/3/2011	1	0	2	13	0	4	1	1	0.2	0.1667	0.4	0.4179	4	47	51	34	1	0	2	0	4	1	1	0.186957	0.177878	0.437826	0.277752	61	1489	1550
749	2/3/2011	1	0	2	14	0	4	1	1	0.22	0.197	0.37	0.3881	4	43	47	34	1	0	2	0	4	1	1	0.186957	0.177878	0.437826	0.277752	61	1489	1550
750	2/3/2011	1	0	2	15	0	4	1	1	0.22	0.197	0.37	0.3284	4	56	60	34	1	0	2	0	4	1	1	0.186957	0.177878	0.437826	0.277752	61	1489	1550
751	2/3/2011	1	0	2	16	0	4	1	1	0.22	0.2121	0.37	0.2537	5	73	78	34	1	0	2	0	4	1	1	0.186957	0.177878	0.437826	0.277752	61	1489	1550
752	2/3/2011	1	0	2	17	0	4	1	1	0.2	0.197	0.4	0.194	5	170	175	34	1	0	2	0	4	1	1	0.186957	0.177878	0.437826	0.277752	61	1489	1550
753	2/3/2011	1	0	2	18	0	4	1	1	0.2	0.2121	0.4	0.1642	2	145	147	34	1	0	2	0	4	1	1	0.186957	0.177878	0.437826	0.277752	61	1489	1550
754	2/3/2011	1	0	2	19	0	4	1	1	0.2	0.2576	0.4	0	4	92	96	34	1	0	2	0	4	1	1	0.186957	0.177878	0.437826	0.277752	61	1489	1550
755	2/3/2011	1	0	2	20	0	4	1	1	0.2	0.2273	0.47	0.0896	1	108	109	34	1	0	2	0	4	1	1	0.186957	0.177878	0.437826	0.277752	61	1489	1550
756	2/3/2011	1	0	2	21	0	4	1	1	0.18	0.2121	0.55	0.1045	1	53	54	34	1	0	2	0	4	1	1	0.186957	0.177878	0.437826	0.277752	61	1489	1550
757	2/3/2011	1	0	2	22	0	4	1	1	0.18	0.2121	0.51	0.0896	2	39	41	34	1	0	2	0	4	1	1	0.186957	0.177878	0.437826	0.277752	61	1489	1550
758	2/3/2011	1	0	2	23	0	4	1	1	0.2	0.2273	0.47	0.1045	4	34	38	34	1	0	2	0	4	1	1	0.186957	0.177878	0.437826	0.277752	61	1489	1550
759	2/4/2011	1	0	2	0	0	5	1	2	0.2	0.2576	0.44	0	3	10	13	35	1	0	2	0	5	1	2	0.211304	0.228587	0.585217	0.127839	88	1620	1708
760	2/4/2011	1	0	2	1	0	5	1	2	0.16	0.2273	0.59	0	0	7	7	35	1	0	2	0	5	1	2	0.211304	0.228587	0.585217	0.127839	88	1620	1708
761	2/4/2011	1	0	2	2	0	5	1	2	0.14	0.1667	0.63	0.1045	0	1	1	35	1	0	2	0	5	1	2	0.211304	0.228587	0.585217	0.127839	88	1620	1708
762	2/4/2011	1	0	2	3	0	5	1	2	0.14	0.1667	0.63	0.1045	0	1	1	35	1	0	2	0	5	1	2	0.211304	0.228587	0.585217	0.127839	88	1620	1708
763	2/4/2011	1	0	2	5	0	5	1	2	0.14	0.1515	0.63	0.1343	0	7	7	35	1	0	2	0	5	1	2	0.211304	0.228587	0.585217	0.127839	88	1620	1708
764	2/4/2011	1	0	2	6	0	5	1	2	0.16	0.2273	0.55	0	2	26	28	35	1	0	2	0	5	1	2	0.211304	0.228587	0.585217	0.127839	88	1620	1708
765	2/4/2011	1	0	2	7	0	5	1	1	0.14	0.2121	0.59	0	0	87	87	35	1	0	2	0	5	1	2	0.211304	0.228587	0.585217	0.127839	88	1620	1708
766	2/4/2011	1	0	2	8	0	5	1	1	0.14	0.1515	0.74	0.1343	3	217	220	35	1	0	2	0	5	1	2	0.211304	0.228587	0.585217	0.127839	88	1620	1708
767	2/4/2011	1	0	2	9	0	5	1	2	0.16	0.1818	0.8	0.1343	3	124	127	35	1	0	2	0	5	1	2	0.211304	0.228587	0.585217	0.127839	88	1620	1708
768	2/4/2011	1	0	2	10	0	5	1	2	0.2	0.2121	0.51	0.1343	5	46	51	35	1	0	2	0	5	1	2	0.211304	0.228587	0.585217	0.127839	88	1620	1708
769	2/4/2011	1	0	2	11	0	5	1	1	0.22	0.2273	0.51	0.1642	3	61	64	35	1	0	2	0	5	1	2	0.211304	0.228587	0.585217	0.127839	88	1620	1708
770	2/4/2011	1	0	2	12	0	5	1	2	0.24	0.2424	0.48	0.1642	8	78	86	35	1	0	2	0	5	1	2	0.211304	0.228587	0.585217	0.127839	88	1620	1708
771	2/4/2011	1	0	2	13	0	5	1	2	0.26	0.2576	0.5	0.2239	9	73	82	35	1	0	2	0	5	1	2	0.211304	0.228587	0.585217	0.127839	88	1620	1708
772	2/4/2011	1	0	2	14	0	5	1	2	0.28	0.2727	0.45	0.1642	15	76	91	35	1	0	2	0	5	1	2	0.211304	0.228587	0.585217	0.127839	88	1620	1708
773	2/4/2011	1	0	2	15	0	5	1	2	0.28	0.2727	0.48	0.2537	9	81	90	35	1	0	2	0	5	1	2	0.211304	0.228587	0.585217	0.127839	88	1620	1708
774	2/4/2011	1	0	2	16	0	5	1	2	0.3	0.2879	0.42	0.2239	8	91	99	35	1	0	2	0	5	1	2	0.211304	0.228587	0.585217	0.127839	88	1620	1708
775	2/4/2011	1	0	2	17	0	5	1	2	0.26	0.2727	0.56	0.1343	10	195	205	35	1	0	2	0	5	1	2	0.211304	0.228587	0.585217	0.127839	88	1620	1708
776	2/4/2011	1	0	2	18	0	5	1	2	0.24	0.2576	0.6	0.1045	3	152	155	35	1	0	2	0	5	1	2	0.211304	0.228587	0.585217	0.127839	88	1620	1708
777	2/4/2011	1	0	2	19	0	5	1	2	0.24	0.2424	0.65	0.1343	1	102	103	35	1	0	2	0	5	1	2	0.211304	0.228587	0.585217	0.127839	88	1620	1708
778	2/4/2011	1	0	2	20	0	5	1	2	0.24	0.2424	0.65	0.1642	2	69	71	35	1	0	2	0	5	1	2	0.211304	0.228587	0.585217	0.127839	88	1620	1708
779	2/4/2011	1	0	2	21	0	5	1	2	0.24	0.2424	0.7	0.1642	2	41	43	35	1	0	2	0	5	1	2	0.211304	0.228587	0.585217	0.127839	88	1620	1708
780	2/4/2011	1	0	2	22	0	5	1	2	0.24	0.2424	0.65	0.1642	1	45	46	35	1	0	2	0	5	1	2	0.211304	0.228587	0.585217	0.127839	88	1620	1708
781	2/4/2011	1	0	2	23	0	5	1	2	0.24	0.2424	0.7	0.1343	1	30	31	35	1	0	2	0	5	1	2	0.211304	0.228587	0.585217	0.127839	88	1620	1708
782	2/5/2011	1	0	2	0	0	6	0	2	0.24	0.2424	0.7	0.1642	3	36	39	36	1	0	2	0	6	0	2	0.233333	0.243058	0.929167	0.161079	100	905	1005
783	2/5/2011	1	0	2	1	0	6	0	2	0.24	0.2424	0.65	0.1642	1	17	18	36	1	0	2	0	6	0	2	0.233333	0.243058	0.929167	0.161079	100	905	1005
784	2/5/2011	1	0	2	2	0	6	0	2	0.24	0.2424	0.75	0.1642	5	12	17	36	1	0	2	0	6	0	2	0.233333	0.243058	0.929167	0.161079	100	905	1005
785	2/5/2011	1	0	2	3	0	6	0	2	0.24	0.2424	0.75	0.1642	1	10	11	36	1	0	2	0	6	0	2	0.233333	0.243058	0.929167	0.161079	100	905	1005
786	2/5/2011	1	0	2	4	0	6	0	3	0.22	0.2273	0.93	0.1343	0	8	8	36	1	0	2	0	6	0	2	0.233333	0.243058	0.929167	0.161079	100	905	1005
787	2/5/2011	1	0	2	5	0	6	0	3	0.2	0.2273	1	0.0896	0	9	9	36	1	0	2	0	6	0	2	0.233333	0.243058	0.929167	0.161079	100	905	1005
788	2/5/2011	1	0	2	6	0	6	0	3	0.2	0.2576	1	0	0	4	4	36	1	0	2	0	6	0	2	0.233333	0.243058	0.929167	0.161079	100	905	1005
789	2/5/2011	1	0	2	7	0	6	0	3	0.22	0.2576	0.93	0.0896	0	4	4	36	1	0	2	0	6	0	2	0.233333	0.243058	0.929167	0.161079	100	905	1005
790	2/5/2011	1	0	2	8	0	6	0	3	0.2	0.2273	1	0.0896	0	10	10	36	1	0	2	0	6	0	2	0.233333	0.243058	0.929167	0.161079	100	905	1005
791	2/5/2011	1	0	2	9	0	6	0	3	0.2	0.2273	1	0.0896	3	17	20	36	1	0	2	0	6	0	2	0.233333	0.243058	0.929167	0.161079	100	905	1005
792	2/5/2011	1	0	2	10	0	6	0	3	0.2	0.2121	1	0.1343	3	31	34	36	1	0	2	0	6	0	2	0.233333	0.243058	0.929167	0.161079	100	905	1005
793	2/5/2011	1	0	2	11	0	6	0	3	0.22	0.2273	1	0.1343	1	46	47	36	1	0	2	0	6	0	2	0.233333	0.243058	0.929167	0.161079	100	905	1005
794	2/5/2011	1	0	2	12	0	6	0	3	0.22	0.2273	1	0.1642	10	42	52	36	1	0	2	0	6	0	2	0.233333	0.243058	0.929167	0.161079	100	905	1005
795	2/5/2011	1	0	2	13	0	6	0	3	0.22	0.2273	1	0.1642	10	62	72	36	1	0	2	0	6	0	2	0.233333	0.243058	0.929167	0.161079	100	905	1005
796	2/5/2011	1	0	2	14	0	6	0	3	0.22	0.2727	1	0	5	50	55	36	1	0	2	0	6	0	2	0.233333	0.243058	0.929167	0.161079	100	905	1005
797	2/5/2011	1	0	2	15	0	6	0	3	0.22	0.2727	1	0	11	49	60	36	1	0	2	0	6	0	2	0.233333	0.243058	0.929167	0.161079	100	905	1005
798	2/5/2011	1	0	2	16	0	6	0	3	0.22	0.2273	1	0.1343	8	63	71	36	1	0	2	0	6	0	2	0.233333	0.243058	0.929167	0.161079	100	905	1005
799	2/5/2011	1	0	2	17	0	6	0	2	0.24	0.2121	1	0.2836	14	64	78	36	1	0	2	0	6	0	2	0.233333	0.243058	0.929167	0.161079	100	905	1005
800	2/5/2011	1	0	2	18	0	6	0	2	0.28	0.2424	0.93	0.4478	2	81	83	36	1	0	2	0	6	0	2	0.233333	0.243058	0.929167	0.161079	100	905	1005
801	2/5/2011	1	0	2	19	0	6	0	2	0.28	0.2424	0.93	0.4478	6	78	84	36	1	0	2	0	6	0	2	0.233333	0.243058	0.929167	0.161079	100	905	1005
802	2/5/2011	1	0	2	20	0	6	0	1	0.3	0.2879	0.87	0.2537	5	64	69	36	1	0	2	0	6	0	2	0.233333	0.243058	0.929167	0.161079	100	905	1005
803	2/5/2011	1	0	2	21	0	6	0	1	0.26	0.2576	1	0.194	3	53	56	36	1	0	2	0	6	0	2	0.233333	0.243058	0.929167	0.161079	100	905	1005
804	2/5/2011	1	0	2	22	0	6	0	1	0.26	0.2727	0.93	0.1343	2	43	45	36	1	0	2	0	6	0	2	0.233333	0.243058	0.929167	0.161079	100	905	1005
805	2/5/2011	1	0	2	23	0	6	0	1	0.26	0.2576	0.93	0.2239	7	52	59	36	1	0	2	0	6	0	2	0.233333	0.243058	0.929167	0.161079	100	905	1005
806	2/6/2011	1	0	2	0	0	0	0	1	0.26	0.2576	0.7	0.194	2	37	39	37	1	0	2	0	0	0	1	0.285833	0.291671	0.568333	0.1418	354	1269	1623
807	2/6/2011	1	0	2	1	0	0	0	1	0.26	0.2273	0.65	0.4179	4	40	44	37	1	0	2	0	0	0	1	0.285833	0.291671	0.568333	0.1418	354	1269	1623
808	2/6/2011	1	0	2	2	0	0	0	1	0.26	0.2273	0.6	0.3284	0	20	20	37	1	0	2	0	0	0	1	0.285833	0.291671	0.568333	0.1418	354	1269	1623
809	2/6/2011	1	0	2	3	0	0	0	1	0.26	0.2879	0.6	0.0896	3	10	13	37	1	0	2	0	0	0	1	0.285833	0.291671	0.568333	0.1418	354	1269	1623
810	2/6/2011	1	0	2	4	0	0	0	1	0.26	0.2273	0.6	0.3582	0	2	2	37	1	0	2	0	0	0	1	0.285833	0.291671	0.568333	0.1418	354	1269	1623
811	2/6/2011	1	0	2	5	0	0	0	1	0.26	0.2576	0.6	0.2239	0	1	1	37	1	0	2	0	0	0	1	0.285833	0.291671	0.568333	0.1418	354	1269	1623
812	2/6/2011	1	0	2	6	0	0	0	1	0.26	0.2576	0.6	0.2239	0	1	1	37	1	0	2	0	0	0	1	0.285833	0.291671	0.568333	0.1418	354	1269	1623
813	2/6/2011	1	0	2	7	0	0	0	1	0.24	0.2424	0.65	0.1642	0	8	8	37	1	0	2	0	0	0	1	0.285833	0.291671	0.568333	0.1418	354	1269	1623
814	2/6/2011	1	0	2	8	0	0	0	1	0.24	0.2576	0.65	0.1045	2	21	23	37	1	0	2	0	0	0	1	0.285833	0.291671	0.568333	0.1418	354	1269	1623
815	2/6/2011	1	0	2	9	0	0	0	1	0.28	0.2879	0.56	0.1045	7	38	45	37	1	0	2	0	0	0	1	0.285833	0.291671	0.568333	0.1418	354	1269	1623
816	2/6/2011	1	0	2	10	0	0	0	1	0.3	0.2879	0.52	0.2537	15	74	89	37	1	0	2	0	0	0	1	0.285833	0.291671	0.568333	0.1418	354	1269	1623
817	2/6/2011	1	0	2	11	0	0	0	1	0.32	0.303	0.49	0.2537	28	89	117	37	1	0	2	0	0	0	1	0.285833	0.291671	0.568333	0.1418	354	1269	1623
818	2/6/2011	1	0	2	12	0	0	0	1	0.34	0.3333	0.46	0	48	126	174	37	1	0	2	0	0	0	1	0.285833	0.291671	0.568333	0.1418	354	1269	1623
819	2/6/2011	1	0	2	13	0	0	0	1	0.34	0.3636	0.46	0	47	135	182	37	1	0	2	0	0	0	1	0.285833	0.291671	0.568333	0.1418	354	1269	1623
820	2/6/2011	1	0	2	14	0	0	0	1	0.34	0.3485	0.46	0.0896	47	114	161	37	1	0	2	0	0	0	1	0.285833	0.291671	0.568333	0.1418	354	1269	1623
821	2/6/2011	1	0	2	15	0	0	0	1	0.34	0.3485	0.46	0.0896	52	130	182	37	1	0	2	0	0	0	1	0.285833	0.291671	0.568333	0.1418	354	1269	1623
822	2/6/2011	1	0	2	16	0	0	0	1	0.34	0.3485	0.49	0.1045	42	115	157	37	1	0	2	0	0	0	1	0.285833	0.291671	0.568333	0.1418	354	1269	1623
823	2/6/2011	1	0	2	17	0	0	0	1	0.34	0.3636	0.46	0	24	97	121	37	1	0	2	0	0	0	1	0.285833	0.291671	0.568333	0.1418	354	1269	1623
824	2/6/2011	1	0	2	18	0	0	0	1	0.3	0.303	0.56	0.1642	13	65	78	37	1	0	2	0	0	0	1	0.285833	0.291671	0.568333	0.1418	354	1269	1623
825	2/6/2011	1	0	2	19	0	0	0	1	0.28	0.2879	0.61	0.1343	1	20	21	37	1	0	2	0	0	0	1	0.285833	0.291671	0.568333	0.1418	354	1269	1623
826	2/6/2011	1	0	2	20	0	0	0	1	0.28	0.2879	0.61	0.1045	5	21	26	37	1	0	2	0	0	0	1	0.285833	0.291671	0.568333	0.1418	354	1269	1623
827	2/6/2011	1	0	2	21	0	0	0	1	0.26	0.303	0.6	0	5	22	27	37	1	0	2	0	0	0	1	0.285833	0.291671	0.568333	0.1418	354	1269	1623
828	2/6/2011	1	0	2	22	0	0	0	1	0.26	0.303	0.6	0	5	57	62	37	1	0	2	0	0	0	1	0.285833	0.291671	0.568333	0.1418	354	1269	1623
829	2/6/2011	1	0	2	23	0	0	0	1	0.24	0.2879	0.65	0	4	26	30	37	1	0	2	0	0	0	1	0.285833	0.291671	0.568333	0.1418	354	1269	1623
830	2/7/2011	1	0	2	0	0	1	1	1	0.24	0.2879	0.65	0	1	14	15	38	1	0	2	0	1	1	1	0.271667	0.303658	0.738333	0.0454083	120	1592	1712
831	2/7/2011	1	0	2	1	0	1	1	1	0.22	0.2727	0.75	0	1	4	5	38	1	0	2	0	1	1	1	0.271667	0.303658	0.738333	0.0454083	120	1592	1712
832	2/7/2011	1	0	2	2	0	1	1	1	0.2	0.2576	0.8	0	0	3	3	38	1	0	2	0	1	1	1	0.271667	0.303658	0.738333	0.0454083	120	1592	1712
833	2/7/2011	1	0	2	3	0	1	1	1	0.2	0.2576	0.86	0	0	1	1	38	1	0	2	0	1	1	1	0.271667	0.303658	0.738333	0.0454083	120	1592	1712
834	2/7/2011	1	0	2	4	0	1	1	1	0.2	0.2576	0.86	0	1	1	2	38	1	0	2	0	1	1	1	0.271667	0.303658	0.738333	0.0454083	120	1592	1712
835	2/7/2011	1	0	2	5	0	1	1	1	0.2	0.2576	0.86	0	1	9	10	38	1	0	2	0	1	1	1	0.271667	0.303658	0.738333	0.0454083	120	1592	1712
836	2/7/2011	1	0	2	6	0	1	1	1	0.18	0.2424	0.93	0	1	29	30	38	1	0	2	0	1	1	1	0.271667	0.303658	0.738333	0.0454083	120	1592	1712
837	2/7/2011	1	0	2	7	0	1	1	1	0.18	0.2424	0.86	0	6	89	95	38	1	0	2	0	1	1	1	0.271667	0.303658	0.738333	0.0454083	120	1592	1712
838	2/7/2011	1	0	2	8	0	1	1	2	0.16	0.2273	1	0	7	223	230	38	1	0	2	0	1	1	1	0.271667	0.303658	0.738333	0.0454083	120	1592	1712
839	2/7/2011	1	0	2	9	0	1	1	1	0.22	0.2727	0.8	0	3	115	118	38	1	0	2	0	1	1	1	0.271667	0.303658	0.738333	0.0454083	120	1592	1712
840	2/7/2011	1	0	2	10	0	1	1	1	0.24	0.2576	0.75	0.1045	6	49	55	38	1	0	2	0	1	1	1	0.271667	0.303658	0.738333	0.0454083	120	1592	1712
841	2/7/2011	1	0	2	11	0	1	1	1	0.3	0.3182	0.65	0.0896	11	36	47	38	1	0	2	0	1	1	1	0.271667	0.303658	0.738333	0.0454083	120	1592	1712
842	2/7/2011	1	0	2	12	0	1	1	2	0.32	0.3485	0.62	0	7	59	66	38	1	0	2	0	1	1	1	0.271667	0.303658	0.738333	0.0454083	120	1592	1712
843	2/7/2011	1	0	2	13	0	1	1	2	0.36	0.3636	0.57	0.0896	10	54	64	38	1	0	2	0	1	1	1	0.271667	0.303658	0.738333	0.0454083	120	1592	1712
844	2/7/2011	1	0	2	14	0	1	1	2	0.36	0.3636	0.57	0.0896	8	52	60	38	1	0	2	0	1	1	1	0.271667	0.303658	0.738333	0.0454083	120	1592	1712
845	2/7/2011	1	0	2	15	0	1	1	2	0.38	0.3939	0.54	0.0896	4	46	50	38	1	0	2	0	1	1	1	0.271667	0.303658	0.738333	0.0454083	120	1592	1712
846	2/7/2011	1	0	2	16	0	1	1	2	0.36	0.3485	0.57	0.1343	16	98	114	38	1	0	2	0	1	1	1	0.271667	0.303658	0.738333	0.0454083	120	1592	1712
847	2/7/2011	1	0	2	17	0	1	1	2	0.32	0.3182	0.7	0.1642	9	207	216	38	1	0	2	0	1	1	1	0.271667	0.303658	0.738333	0.0454083	120	1592	1712
848	2/7/2011	1	0	2	18	0	1	1	2	0.34	0.3333	0.66	0.1343	5	170	175	38	1	0	2	0	1	1	1	0.271667	0.303658	0.738333	0.0454083	120	1592	1712
849	2/7/2011	1	0	2	19	0	1	1	2	0.32	0.3485	0.7	0	5	123	128	38	1	0	2	0	1	1	1	0.271667	0.303658	0.738333	0.0454083	120	1592	1712
850	2/7/2011	1	0	2	20	0	1	1	2	0.32	0.3333	0.7	0.1045	6	82	88	38	1	0	2	0	1	1	1	0.271667	0.303658	0.738333	0.0454083	120	1592	1712
851	2/7/2011	1	0	2	21	0	1	1	1	0.32	0.3485	0.7	0	3	75	78	38	1	0	2	0	1	1	1	0.271667	0.303658	0.738333	0.0454083	120	1592	1712
852	2/7/2011	1	0	2	22	0	1	1	1	0.28	0.303	0.81	0.0896	3	34	37	38	1	0	2	0	1	1	1	0.271667	0.303658	0.738333	0.0454083	120	1592	1712
853	2/7/2011	1	0	2	23	0	1	1	2	0.3	0.3333	0.81	0	6	19	25	38	1	0	2	0	1	1	1	0.271667	0.303658	0.738333	0.0454083	120	1592	1712
854	2/8/2011	1	0	2	0	0	2	1	2	0.28	0.3182	0.87	0	4	6	10	39	1	0	2	0	2	1	1	0.220833	0.198246	0.537917	0.36195	64	1466	1530
855	2/8/2011	1	0	2	1	0	2	1	2	0.28	0.3182	0.87	0	0	4	4	39	1	0	2	0	2	1	1	0.220833	0.198246	0.537917	0.36195	64	1466	1530
856	2/8/2011	1	0	2	2	0	2	1	2	0.26	0.2727	0.93	0.1045	1	1	2	39	1	0	2	0	2	1	1	0.220833	0.198246	0.537917	0.36195	64	1466	1530
857	2/8/2011	1	0	2	3	0	2	1	3	0.28	0.2727	0.93	0.1642	0	1	1	39	1	0	2	0	2	1	1	0.220833	0.198246	0.537917	0.36195	64	1466	1530
858	2/8/2011	1	0	2	4	0	2	1	1	0.26	0.2576	0.93	0.1642	0	3	3	39	1	0	2	0	2	1	1	0.220833	0.198246	0.537917	0.36195	64	1466	1530
859	2/8/2011	1	0	2	5	0	2	1	1	0.26	0.2273	0.81	0.3284	0	2	2	39	1	0	2	0	2	1	1	0.220833	0.198246	0.537917	0.36195	64	1466	1530
860	2/8/2011	1	0	2	6	0	2	1	1	0.26	0.2273	0.7	0.3284	0	39	39	39	1	0	2	0	2	1	1	0.220833	0.198246	0.537917	0.36195	64	1466	1530
861	2/8/2011	1	0	2	7	0	2	1	1	0.24	0.197	0.65	0.4179	3	97	100	39	1	0	2	0	2	1	1	0.220833	0.198246	0.537917	0.36195	64	1466	1530
862	2/8/2011	1	0	2	8	0	2	1	1	0.24	0.197	0.56	0.4925	7	236	243	39	1	0	2	0	2	1	1	0.220833	0.198246	0.537917	0.36195	64	1466	1530
863	2/8/2011	1	0	2	9	0	2	1	1	0.24	0.197	0.52	0.4925	7	128	135	39	1	0	2	0	2	1	1	0.220833	0.198246	0.537917	0.36195	64	1466	1530
864	2/8/2011	1	0	2	10	0	2	1	1	0.22	0.1818	0.47	0.5522	4	44	48	39	1	0	2	0	2	1	1	0.220833	0.198246	0.537917	0.36195	64	1466	1530
865	2/8/2011	1	0	2	11	0	2	1	1	0.22	0.1818	0.47	0.4627	1	49	50	39	1	0	2	0	2	1	1	0.220833	0.198246	0.537917	0.36195	64	1466	1530
866	2/8/2011	1	0	2	12	0	2	1	1	0.24	0.197	0.38	0.4925	2	63	65	39	1	0	2	0	2	1	1	0.220833	0.198246	0.537917	0.36195	64	1466	1530
867	2/8/2011	1	0	2	13	0	2	1	2	0.24	0.197	0.32	0.4478	2	48	50	39	1	0	2	0	2	1	1	0.220833	0.198246	0.537917	0.36195	64	1466	1530
868	2/8/2011	1	0	2	14	0	2	1	1	0.22	0.197	0.37	0.4179	3	61	64	39	1	0	2	0	2	1	1	0.220833	0.198246	0.537917	0.36195	64	1466	1530
869	2/8/2011	1	0	2	15	0	2	1	1	0.22	0.197	0.35	0.3881	6	45	51	39	1	0	2	0	2	1	1	0.220833	0.198246	0.537917	0.36195	64	1466	1530
870	2/8/2011	1	0	2	16	0	2	1	1	0.22	0.1818	0.35	0.5224	4	79	83	39	1	0	2	0	2	1	1	0.220833	0.198246	0.537917	0.36195	64	1466	1530
871	2/8/2011	1	0	2	17	0	2	1	1	0.22	0.1818	0.32	0.5821	4	172	176	39	1	0	2	0	2	1	1	0.220833	0.198246	0.537917	0.36195	64	1466	1530
872	2/8/2011	1	0	2	18	0	2	1	1	0.2	0.1818	0.32	0.3881	1	151	152	39	1	0	2	0	2	1	1	0.220833	0.198246	0.537917	0.36195	64	1466	1530
873	2/8/2011	1	0	2	19	0	2	1	1	0.16	0.1212	0.4	0.4627	1	100	101	39	1	0	2	0	2	1	1	0.220833	0.198246	0.537917	0.36195	64	1466	1530
874	2/8/2011	1	0	2	20	0	2	1	1	0.16	0.1364	0.4	0.3284	3	53	56	39	1	0	2	0	2	1	1	0.220833	0.198246	0.537917	0.36195	64	1466	1530
875	2/8/2011	1	0	2	21	0	2	1	1	0.14	0.1061	0.33	0.4627	8	46	54	39	1	0	2	0	2	1	1	0.220833	0.198246	0.537917	0.36195	64	1466	1530
876	2/8/2011	1	0	2	22	0	2	1	1	0.12	0.1061	0.33	0.3582	0	29	29	39	1	0	2	0	2	1	1	0.220833	0.198246	0.537917	0.36195	64	1466	1530
877	2/8/2011	1	0	2	23	0	2	1	1	0.12	0.1061	0.33	0.3284	3	9	12	39	1	0	2	0	2	1	1	0.220833	0.198246	0.537917	0.36195	64	1466	1530
878	2/9/2011	1	0	2	0	0	3	1	1	0.1	0.0758	0.36	0.3582	0	17	17	40	1	0	2	0	3	1	2	0.134783	0.144283	0.494783	0.188839	53	1552	1605
879	2/9/2011	1	0	2	1	0	3	1	1	0.1	0.1061	0.36	0.2239	0	7	7	40	1	0	2	0	3	1	2	0.134783	0.144283	0.494783	0.188839	53	1552	1605
880	2/9/2011	1	0	2	2	0	3	1	1	0.08	0.0758	0.38	0.2836	1	2	3	40	1	0	2	0	3	1	2	0.134783	0.144283	0.494783	0.188839	53	1552	1605
881	2/9/2011	1	0	2	3	0	3	1	1	0.06	0.0758	0.45	0.1343	0	2	2	40	1	0	2	0	3	1	2	0.134783	0.144283	0.494783	0.188839	53	1552	1605
882	2/9/2011	1	0	2	5	0	3	1	1	0.06	0.1061	0.45	0.1045	0	7	7	40	1	0	2	0	3	1	2	0.134783	0.144283	0.494783	0.188839	53	1552	1605
883	2/9/2011	1	0	2	6	0	3	1	1	0.06	0.1515	0.45	0	0	43	43	40	1	0	2	0	3	1	2	0.134783	0.144283	0.494783	0.188839	53	1552	1605
884	2/9/2011	1	0	2	7	0	3	1	1	0.06	0.1061	0.49	0.1045	4	95	99	40	1	0	2	0	3	1	2	0.134783	0.144283	0.494783	0.188839	53	1552	1605
885	2/9/2011	1	0	2	8	0	3	1	1	0.1	0.1364	0.42	0	1	198	199	40	1	0	2	0	3	1	2	0.134783	0.144283	0.494783	0.188839	53	1552	1605
886	2/9/2011	1	0	2	9	0	3	1	1	0.12	0.1364	0.39	0.1642	4	119	123	40	1	0	2	0	3	1	2	0.134783	0.144283	0.494783	0.188839	53	1552	1605
887	2/9/2011	1	0	2	10	0	3	1	1	0.14	0.1818	0.36	0	8	51	59	40	1	0	2	0	3	1	2	0.134783	0.144283	0.494783	0.188839	53	1552	1605
888	2/9/2011	1	0	2	11	0	3	1	2	0.14	0.1515	0.43	0.1642	1	40	41	40	1	0	2	0	3	1	2	0.134783	0.144283	0.494783	0.188839	53	1552	1605
889	2/9/2011	1	0	2	12	0	3	1	2	0.18	0.1818	0.4	0.2239	4	57	61	40	1	0	2	0	3	1	2	0.134783	0.144283	0.494783	0.188839	53	1552	1605
890	2/9/2011	1	0	2	13	0	3	1	1	0.18	0.1667	0.4	0.2537	2	67	69	40	1	0	2	0	3	1	2	0.134783	0.144283	0.494783	0.188839	53	1552	1605
891	2/9/2011	1	0	2	14	0	3	1	1	0.2	0.1818	0.34	0.2985	2	56	58	40	1	0	2	0	3	1	2	0.134783	0.144283	0.494783	0.188839	53	1552	1605
892	2/9/2011	1	0	2	15	0	3	1	2	0.2	0.1818	0.34	0.2836	3	61	64	40	1	0	2	0	3	1	2	0.134783	0.144283	0.494783	0.188839	53	1552	1605
893	2/9/2011	1	0	2	16	0	3	1	2	0.2	0.197	0.37	0.2537	7	72	79	40	1	0	2	0	3	1	2	0.134783	0.144283	0.494783	0.188839	53	1552	1605
894	2/9/2011	1	0	2	17	0	3	1	2	0.2	0.197	0.34	0.2537	9	157	166	40	1	0	2	0	3	1	2	0.134783	0.144283	0.494783	0.188839	53	1552	1605
895	2/9/2011	1	0	2	18	0	3	1	2	0.18	0.1667	0.47	0.2985	2	168	170	40	1	0	2	0	3	1	2	0.134783	0.144283	0.494783	0.188839	53	1552	1605
896	2/9/2011	1	0	2	19	0	3	1	3	0.14	0.1212	0.86	0.2537	1	87	88	40	1	0	2	0	3	1	2	0.134783	0.144283	0.494783	0.188839	53	1552	1605
897	2/9/2011	1	0	2	20	0	3	1	3	0.14	0.1515	0.86	0.1642	0	84	84	40	1	0	2	0	3	1	2	0.134783	0.144283	0.494783	0.188839	53	1552	1605
898	2/9/2011	1	0	2	21	0	3	1	2	0.14	0.1515	0.86	0.1642	0	83	83	40	1	0	2	0	3	1	2	0.134783	0.144283	0.494783	0.188839	53	1552	1605
899	2/9/2011	1	0	2	22	0	3	1	3	0.16	0.1667	0.8	0.1642	4	42	46	40	1	0	2	0	3	1	2	0.134783	0.144283	0.494783	0.188839	53	1552	1605
900	2/9/2011	1	0	2	23	0	3	1	3	0.16	0.1515	0.8	0.194	0	37	37	40	1	0	2	0	3	1	2	0.134783	0.144283	0.494783	0.188839	53	1552	1605
901	2/10/2011	1	0	2	0	0	4	1	3	0.14	0.1364	0.86	0.194	0	16	16	41	1	0	2	0	4	1	1	0.144348	0.149548	0.437391	0.221935	47	1491	1538
902	2/10/2011	1	0	2	1	0	4	1	3	0.14	0.1515	0.8	0.1343	0	7	7	41	1	0	2	0	4	1	1	0.144348	0.149548	0.437391	0.221935	47	1491	1538
903	2/10/2011	1	0	2	2	0	4	1	3	0.14	0.1515	0.8	0.1343	0	3	3	41	1	0	2	0	4	1	1	0.144348	0.149548	0.437391	0.221935	47	1491	1538
904	2/10/2011	1	0	2	4	0	4	1	2	0.14	0.1364	0.59	0.2239	0	1	1	41	1	0	2	0	4	1	1	0.144348	0.149548	0.437391	0.221935	47	1491	1538
905	2/10/2011	1	0	2	5	0	4	1	2	0.12	0.1212	0.5	0.2239	0	6	6	41	1	0	2	0	4	1	1	0.144348	0.149548	0.437391	0.221935	47	1491	1538
906	2/10/2011	1	0	2	6	0	4	1	2	0.12	0.1212	0.54	0.2836	0	26	26	41	1	0	2	0	4	1	1	0.144348	0.149548	0.437391	0.221935	47	1491	1538
907	2/10/2011	1	0	2	7	0	4	1	1	0.1	0.0758	0.5	0.4179	0	99	99	41	1	0	2	0	4	1	1	0.144348	0.149548	0.437391	0.221935	47	1491	1538
908	2/10/2011	1	0	2	8	0	4	1	1	0.1	0.0758	0.49	0.3284	5	173	178	41	1	0	2	0	4	1	1	0.144348	0.149548	0.437391	0.221935	47	1491	1538
909	2/10/2011	1	0	2	9	0	4	1	1	0.12	0.1061	0.42	0.3582	1	121	122	41	1	0	2	0	4	1	1	0.144348	0.149548	0.437391	0.221935	47	1491	1538
910	2/10/2011	1	0	2	10	0	4	1	1	0.12	0.1061	0.42	0.2985	1	34	35	41	1	0	2	0	4	1	1	0.144348	0.149548	0.437391	0.221935	47	1491	1538
911	2/10/2011	1	0	2	11	0	4	1	1	0.14	0.1212	0.39	0.3582	1	44	45	41	1	0	2	0	4	1	1	0.144348	0.149548	0.437391	0.221935	47	1491	1538
912	2/10/2011	1	0	2	12	0	4	1	1	0.16	0.1364	0.34	0.3881	4	65	69	41	1	0	2	0	4	1	1	0.144348	0.149548	0.437391	0.221935	47	1491	1538
913	2/10/2011	1	0	2	13	0	4	1	1	0.18	0.1667	0.29	0.2985	3	59	62	41	1	0	2	0	4	1	1	0.144348	0.149548	0.437391	0.221935	47	1491	1538
914	2/10/2011	1	0	2	14	0	4	1	1	0.2	0.1818	0.27	0.2836	6	42	48	41	1	0	2	0	4	1	1	0.144348	0.149548	0.437391	0.221935	47	1491	1538
915	2/10/2011	1	0	2	15	0	4	1	1	0.2	0.197	0.25	0.2537	0	50	50	41	1	0	2	0	4	1	1	0.144348	0.149548	0.437391	0.221935	47	1491	1538
916	2/10/2011	1	0	2	16	0	4	1	1	0.2	0.1818	0.27	0.2985	4	76	80	41	1	0	2	0	4	1	1	0.144348	0.149548	0.437391	0.221935	47	1491	1538
917	2/10/2011	1	0	2	17	0	4	1	1	0.18	0.1818	0.26	0.194	6	159	165	41	1	0	2	0	4	1	1	0.144348	0.149548	0.437391	0.221935	47	1491	1538
918	2/10/2011	1	0	2	18	0	4	1	1	0.16	0.1818	0.28	0.1343	3	157	160	41	1	0	2	0	4	1	1	0.144348	0.149548	0.437391	0.221935	47	1491	1538
919	2/10/2011	1	0	2	19	0	4	1	1	0.14	0.1667	0.28	0.1045	2	110	112	41	1	0	2	0	4	1	1	0.144348	0.149548	0.437391	0.221935	47	1491	1538
920	2/10/2011	1	0	2	20	0	4	1	1	0.14	0.1818	0.31	0.0896	4	93	97	41	1	0	2	0	4	1	1	0.144348	0.149548	0.437391	0.221935	47	1491	1538
921	2/10/2011	1	0	2	21	0	4	1	1	0.14	0.2121	0.39	0	2	70	72	41	1	0	2	0	4	1	1	0.144348	0.149548	0.437391	0.221935	47	1491	1538
922	2/10/2011	1	0	2	22	0	4	1	1	0.12	0.197	0.39	0	4	47	51	41	1	0	2	0	4	1	1	0.144348	0.149548	0.437391	0.221935	47	1491	1538
923	2/10/2011	1	0	2	23	0	4	1	1	0.12	0.1515	0.42	0.1045	1	33	34	41	1	0	2	0	4	1	1	0.144348	0.149548	0.437391	0.221935	47	1491	1538
924	2/11/2011	1	0	2	0	0	5	1	1	0.1	0.1364	0.49	0.1045	2	12	14	42	1	0	2	0	5	1	1	0.189091	0.213509	0.506364	0.10855	149	1597	1746
925	2/11/2011	1	0	2	1	0	5	1	1	0.1	0.1364	0.54	0.0896	1	6	7	42	1	0	2	0	5	1	1	0.189091	0.213509	0.506364	0.10855	149	1597	1746
926	2/11/2011	1	0	2	2	0	5	1	1	0.1	0.1364	0.54	0.0896	0	3	3	42	1	0	2	0	5	1	1	0.189091	0.213509	0.506364	0.10855	149	1597	1746
927	2/11/2011	1	0	2	5	0	5	1	1	0.08	0.1212	0.63	0.0896	0	4	4	42	1	0	2	0	5	1	1	0.189091	0.213509	0.506364	0.10855	149	1597	1746
928	2/11/2011	1	0	2	6	0	5	1	1	0.1	0.1818	0.68	0	1	23	24	42	1	0	2	0	5	1	1	0.189091	0.213509	0.506364	0.10855	149	1597	1746
929	2/11/2011	1	0	2	7	0	5	1	1	0.08	0.1667	0.73	0	1	73	74	42	1	0	2	0	5	1	1	0.189091	0.213509	0.506364	0.10855	149	1597	1746
930	2/11/2011	1	0	2	8	0	5	1	1	0.1	0.1212	0.74	0.1642	4	212	216	42	1	0	2	0	5	1	1	0.189091	0.213509	0.506364	0.10855	149	1597	1746
931	2/11/2011	1	0	2	9	0	5	1	1	0.12	0.1212	0.74	0.2239	8	132	140	42	1	0	2	0	5	1	1	0.189091	0.213509	0.506364	0.10855	149	1597	1746
932	2/11/2011	1	0	2	10	0	5	1	1	0.14	0.1364	0.69	0.194	5	39	44	42	1	0	2	0	5	1	1	0.189091	0.213509	0.506364	0.10855	149	1597	1746
933	2/11/2011	1	0	2	11	0	5	1	1	0.22	0.2273	0.47	0.1343	12	52	64	42	1	0	2	0	5	1	1	0.189091	0.213509	0.506364	0.10855	149	1597	1746
934	2/11/2011	1	0	2	12	0	5	1	1	0.22	0.2273	0.47	0.1343	7	64	71	42	1	0	2	0	5	1	1	0.189091	0.213509	0.506364	0.10855	149	1597	1746
935	2/11/2011	1	0	2	13	0	5	1	1	0.24	0.2273	0.35	0.194	21	89	110	42	1	0	2	0	5	1	1	0.189091	0.213509	0.506364	0.10855	149	1597	1746
936	2/11/2011	1	0	2	14	0	5	1	1	0.3	0.2879	0.26	0.2537	17	67	84	42	1	0	2	0	5	1	1	0.189091	0.213509	0.506364	0.10855	149	1597	1746
937	2/11/2011	1	0	2	15	0	5	1	1	0.32	0.3182	0.21	0.1642	12	62	74	42	1	0	2	0	5	1	1	0.189091	0.213509	0.506364	0.10855	149	1597	1746
938	2/11/2011	1	0	2	16	0	5	1	1	0.3	0.2879	0.28	0.194	14	111	125	42	1	0	2	0	5	1	1	0.189091	0.213509	0.506364	0.10855	149	1597	1746
939	2/11/2011	1	0	2	17	0	5	1	1	0.3	0.3333	0.24	0	18	193	211	42	1	0	2	0	5	1	1	0.189091	0.213509	0.506364	0.10855	149	1597	1746
940	2/11/2011	1	0	2	18	0	5	1	1	0.28	0.3182	0.28	0	9	165	174	42	1	0	2	0	5	1	1	0.189091	0.213509	0.506364	0.10855	149	1597	1746
941	2/11/2011	1	0	2	19	0	5	1	1	0.26	0.303	0.33	0	7	94	101	42	1	0	2	0	5	1	1	0.189091	0.213509	0.506364	0.10855	149	1597	1746
942	2/11/2011	1	0	2	20	0	5	1	1	0.22	0.2273	0.55	0.1343	2	61	63	42	1	0	2	0	5	1	1	0.189091	0.213509	0.506364	0.10855	149	1597	1746
943	2/11/2011	1	0	2	21	0	5	1	1	0.2	0.2121	0.59	0.1343	1	46	47	42	1	0	2	0	5	1	1	0.189091	0.213509	0.506364	0.10855	149	1597	1746
944	2/11/2011	1	0	2	22	0	5	1	1	0.2	0.2273	0.64	0.0896	2	41	43	42	1	0	2	0	5	1	1	0.189091	0.213509	0.506364	0.10855	149	1597	1746
945	2/11/2011	1	0	2	23	0	5	1	1	0.18	0.2424	0.69	0	5	48	53	42	1	0	2	0	5	1	1	0.189091	0.213509	0.506364	0.10855	149	1597	1746
946	2/12/2011	1	0	2	0	0	6	0	1	0.16	0.197	0.69	0.0896	3	27	30	43	1	0	2	0	6	0	1	0.2225	0.232954	0.544167	0.203367	288	1184	1472
947	2/12/2011	1	0	2	1	0	6	0	1	0.14	0.2121	0.86	0	2	22	24	43	1	0	2	0	6	0	1	0.2225	0.232954	0.544167	0.203367	288	1184	1472
948	2/12/2011	1	0	2	2	0	6	0	1	0.14	0.2121	0.8	0	2	13	15	43	1	0	2	0	6	0	1	0.2225	0.232954	0.544167	0.203367	288	1184	1472
949	2/12/2011	1	0	2	3	0	6	0	1	0.12	0.197	0.8	0	3	7	10	43	1	0	2	0	6	0	1	0.2225	0.232954	0.544167	0.203367	288	1184	1472
950	2/12/2011	1	0	2	4	0	6	0	1	0.12	0.1667	0.74	0.0896	0	4	4	43	1	0	2	0	6	0	1	0.2225	0.232954	0.544167	0.203367	288	1184	1472
951	2/12/2011	1	0	2	5	0	6	0	1	0.12	0.1667	0.74	0.0896	0	1	1	43	1	0	2	0	6	0	1	0.2225	0.232954	0.544167	0.203367	288	1184	1472
952	2/12/2011	1	0	2	6	0	6	0	1	0.12	0.1364	0.93	0.194	1	1	2	43	1	0	2	0	6	0	1	0.2225	0.232954	0.544167	0.203367	288	1184	1472
953	2/12/2011	1	0	2	7	0	6	0	1	0.12	0.1515	0.8	0.1045	2	9	11	43	1	0	2	0	6	0	1	0.2225	0.232954	0.544167	0.203367	288	1184	1472
954	2/12/2011	1	0	2	8	0	6	0	1	0.14	0.1515	0.86	0.1343	2	28	30	43	1	0	2	0	6	0	1	0.2225	0.232954	0.544167	0.203367	288	1184	1472
955	2/12/2011	1	0	2	9	0	6	0	1	0.16	0.1818	0.64	0.1343	5	38	43	43	1	0	2	0	6	0	1	0.2225	0.232954	0.544167	0.203367	288	1184	1472
956	2/12/2011	1	0	2	10	0	6	0	1	0.22	0.2121	0.41	0.2537	13	71	84	43	1	0	2	0	6	0	1	0.2225	0.232954	0.544167	0.203367	288	1184	1472
957	2/12/2011	1	0	2	11	0	6	0	1	0.3	0.2727	0.28	0.3284	30	84	114	43	1	0	2	0	6	0	1	0.2225	0.232954	0.544167	0.203367	288	1184	1472
958	2/12/2011	1	0	2	12	0	6	0	1	0.3	0.2727	0.39	0.4627	27	93	120	43	1	0	2	0	6	0	1	0.2225	0.232954	0.544167	0.203367	288	1184	1472
959	2/12/2011	1	0	2	13	0	6	0	1	0.3	0.2727	0.39	0.4179	32	103	135	43	1	0	2	0	6	0	1	0.2225	0.232954	0.544167	0.203367	288	1184	1472
960	2/12/2011	1	0	2	14	0	6	0	1	0.34	0.3182	0.31	0.2836	30	90	120	43	1	0	2	0	6	0	1	0.2225	0.232954	0.544167	0.203367	288	1184	1472
961	2/12/2011	1	0	2	15	0	6	0	1	0.34	0.303	0.29	0.4179	47	127	174	43	1	0	2	0	6	0	1	0.2225	0.232954	0.544167	0.203367	288	1184	1472
962	2/12/2011	1	0	2	16	0	6	0	1	0.34	0.303	0.29	0.4179	42	103	145	43	1	0	2	0	6	0	1	0.2225	0.232954	0.544167	0.203367	288	1184	1472
963	2/12/2011	1	0	2	17	0	6	0	1	0.32	0.2879	0.31	0.5224	24	113	137	43	1	0	2	0	6	0	1	0.2225	0.232954	0.544167	0.203367	288	1184	1472
964	2/12/2011	1	0	2	18	0	6	0	1	0.28	0.2576	0.38	0.3284	4	60	64	43	1	0	2	0	6	0	1	0.2225	0.232954	0.544167	0.203367	288	1184	1472
965	2/12/2011	1	0	2	19	0	6	0	1	0.28	0.2727	0.38	0.1642	2	39	41	43	1	0	2	0	6	0	1	0.2225	0.232954	0.544167	0.203367	288	1184	1472
966	2/12/2011	1	0	2	20	0	6	0	1	0.26	0.2576	0.41	0.2239	1	39	40	43	1	0	2	0	6	0	1	0.2225	0.232954	0.544167	0.203367	288	1184	1472
967	2/12/2011	1	0	2	21	0	6	0	1	0.26	0.303	0.41	0	9	42	51	43	1	0	2	0	6	0	1	0.2225	0.232954	0.544167	0.203367	288	1184	1472
968	2/12/2011	1	0	2	22	0	6	0	1	0.24	0.2576	0.44	0.0896	6	39	45	43	1	0	2	0	6	0	1	0.2225	0.232954	0.544167	0.203367	288	1184	1472
969	2/12/2011	1	0	2	23	0	6	0	1	0.22	0.2273	0.51	0.1343	1	31	32	43	1	0	2	0	6	0	1	0.2225	0.232954	0.544167	0.203367	288	1184	1472
970	2/13/2011	1	0	2	0	0	0	0	1	0.2	0.2273	0.64	0.1045	5	34	39	44	1	0	2	0	0	0	1	0.316522	0.324113	0.457391	0.260883	397	1192	1589
971	2/13/2011	1	0	2	1	0	0	0	1	0.2	0.2273	0.59	0.0896	1	23	24	44	1	0	2	0	0	0	1	0.316522	0.324113	0.457391	0.260883	397	1192	1589
972	2/13/2011	1	0	2	2	0	0	0	2	0.2	0.2273	0.75	0.0896	1	19	20	44	1	0	2	0	0	0	1	0.316522	0.324113	0.457391	0.260883	397	1192	1589
973	2/13/2011	1	0	2	3	0	0	0	2	0.2	0.2273	0.69	0.1045	4	8	12	44	1	0	2	0	0	0	1	0.316522	0.324113	0.457391	0.260883	397	1192	1589
974	2/13/2011	1	0	2	4	0	0	0	2	0.2	0.2121	0.69	0.1642	0	2	2	44	1	0	2	0	0	0	1	0.316522	0.324113	0.457391	0.260883	397	1192	1589
975	2/13/2011	1	0	2	6	0	0	0	2	0.2	0.2121	0.69	0.1343	2	3	5	44	1	0	2	0	0	0	1	0.316522	0.324113	0.457391	0.260883	397	1192	1589
976	2/13/2011	1	0	2	7	0	0	0	2	0.22	0.2727	0.55	0	0	3	3	44	1	0	2	0	0	0	1	0.316522	0.324113	0.457391	0.260883	397	1192	1589
977	2/13/2011	1	0	2	8	0	0	0	2	0.22	0.2273	0.64	0.194	1	11	12	44	1	0	2	0	0	0	1	0.316522	0.324113	0.457391	0.260883	397	1192	1589
978	2/13/2011	1	0	2	9	0	0	0	2	0.24	0.2273	0.6	0.2239	12	35	47	44	1	0	2	0	0	0	1	0.316522	0.324113	0.457391	0.260883	397	1192	1589
979	2/13/2011	1	0	2	10	0	0	0	1	0.3	0.2727	0.45	0.3284	19	86	105	44	1	0	2	0	0	0	1	0.316522	0.324113	0.457391	0.260883	397	1192	1589
980	2/13/2011	1	0	2	11	0	0	0	1	0.32	0.2879	0.39	0.4478	26	86	112	44	1	0	2	0	0	0	1	0.316522	0.324113	0.457391	0.260883	397	1192	1589
981	2/13/2011	1	0	2	12	0	0	0	1	0.36	0.3182	0.32	0.4627	58	94	152	44	1	0	2	0	0	0	1	0.316522	0.324113	0.457391	0.260883	397	1192	1589
982	2/13/2011	1	0	2	13	0	0	0	1	0.38	0.3939	0.29	0.3582	62	92	154	44	1	0	2	0	0	0	1	0.316522	0.324113	0.457391	0.260883	397	1192	1589
983	2/13/2011	1	0	2	14	0	0	0	2	0.4	0.4091	0.3	0.4179	51	110	161	44	1	0	2	0	0	0	1	0.316522	0.324113	0.457391	0.260883	397	1192	1589
984	2/13/2011	1	0	2	15	0	0	0	2	0.4	0.4091	0.3	0.2985	40	122	162	44	1	0	2	0	0	0	1	0.316522	0.324113	0.457391	0.260883	397	1192	1589
985	2/13/2011	1	0	2	16	0	0	0	2	0.42	0.4242	0.28	0.3284	28	106	134	44	1	0	2	0	0	0	1	0.316522	0.324113	0.457391	0.260883	397	1192	1589
986	2/13/2011	1	0	2	17	0	0	0	1	0.42	0.4242	0.28	0.3284	30	95	125	44	1	0	2	0	0	0	1	0.316522	0.324113	0.457391	0.260883	397	1192	1589
987	2/13/2011	1	0	2	18	0	0	0	1	0.4	0.4091	0.32	0.2985	17	78	95	44	1	0	2	0	0	0	1	0.316522	0.324113	0.457391	0.260883	397	1192	1589
988	2/13/2011	1	0	2	19	0	0	0	1	0.4	0.4091	0.35	0.2836	11	50	61	44	1	0	2	0	0	0	1	0.316522	0.324113	0.457391	0.260883	397	1192	1589
989	2/13/2011	1	0	2	20	0	0	0	1	0.4	0.4091	0.35	0.3284	15	32	47	44	1	0	2	0	0	0	1	0.316522	0.324113	0.457391	0.260883	397	1192	1589
990	2/13/2011	1	0	2	21	0	0	0	1	0.4	0.4091	0.35	0.3582	6	45	51	44	1	0	2	0	0	0	1	0.316522	0.324113	0.457391	0.260883	397	1192	1589
991	2/13/2011	1	0	2	22	0	0	0	1	0.4	0.4091	0.35	0.2985	5	31	36	44	1	0	2	0	0	0	1	0.316522	0.324113	0.457391	0.260883	397	1192	1589
992	2/13/2011	1	0	2	23	0	0	0	1	0.4	0.4091	0.35	0.3582	3	27	30	44	1	0	2	0	0	0	1	0.316522	0.324113	0.457391	0.260883	397	1192	1589
993	2/14/2011	1	0	2	0	0	1	1	1	0.38	0.3939	0.37	0.3582	3	8	11	45	1	0	2	0	1	1	1	0.415	0.39835	0.375833	0.417908	208	1705	1913
994	2/14/2011	1	0	2	1	0	1	1	1	0.38	0.3939	0.37	0.3582	1	6	7	45	1	0	2	0	1	1	1	0.415	0.39835	0.375833	0.417908	208	1705	1913
995	2/14/2011	1	0	2	2	0	1	1	1	0.36	0.3333	0.4	0.2985	0	2	2	45	1	0	2	0	1	1	1	0.415	0.39835	0.375833	0.417908	208	1705	1913
996	2/14/2011	1	0	2	3	0	1	1	1	0.34	0.3182	0.46	0.2239	1	1	2	45	1	0	2	0	1	1	1	0.415	0.39835	0.375833	0.417908	208	1705	1913
997	2/14/2011	1	0	2	4	0	1	1	1	0.32	0.303	0.53	0.2836	0	2	2	45	1	0	2	0	1	1	1	0.415	0.39835	0.375833	0.417908	208	1705	1913
998	2/14/2011	1	0	2	5	0	1	1	1	0.32	0.303	0.53	0.2836	0	3	3	45	1	0	2	0	1	1	1	0.415	0.39835	0.375833	0.417908	208	1705	1913
999	2/14/2011	1	0	2	6	0	1	1	1	0.34	0.303	0.46	0.2985	1	25	26	45	1	0	2	0	1	1	1	0.415	0.39835	0.375833	0.417908	208	1705	1913
1000	2/14/2011	1	0	2	7	0	1	1	1	0.34	0.303	0.46	0.2985	2	96	98	45	1	0	2	0	1	1	1	0.415	0.39835	0.375833	0.417908	208	1705	1913
1001	2/14/2011	1	0	2	8	0	1	1	1	0.38	0.3939	0.4	0.4627	7	249	256	45	1	0	2	0	1	1	1	0.415	0.39835	0.375833	0.417908	208	1705	1913
1002	2/14/2011	1	0	2	9	0	1	1	1	0.4	0.4091	0.37	0.3881	8	122	130	45	1	0	2	0	1	1	1	0.415	0.39835	0.375833	0.417908	208	1705	1913
1003	2/14/2011	1	0	2	10	0	1	1	1	0.44	0.4394	0.33	0.2239	9	46	55	45	1	0	2	0	1	1	1	0.415	0.39835	0.375833	0.417908	208	1705	1913
1004	2/14/2011	1	0	2	11	0	1	1	1	0.52	0.5	0.23	0.2537	10	43	53	45	1	0	2	0	1	1	1	0.415	0.39835	0.375833	0.417908	208	1705	1913
1005	2/14/2011	1	0	2	12	0	1	1	1	0.56	0.5303	0.22	0.4478	27	99	126	45	1	0	2	0	1	1	1	0.415	0.39835	0.375833	0.417908	208	1705	1913
1006	2/14/2011	1	0	2	13	0	1	1	1	0.58	0.5455	0.19	0.3881	27	93	120	45	1	0	2	0	1	1	1	0.415	0.39835	0.375833	0.417908	208	1705	1913
1007	2/14/2011	1	0	2	14	0	1	1	1	0.6	0.5909	0.15	0.4925	14	76	90	45	1	0	2	0	1	1	1	0.415	0.39835	0.375833	0.417908	208	1705	1913
1008	2/14/2011	1	0	2	15	0	1	1	1	0.56	0.5303	0.21	0.6567	19	71	90	45	1	0	2	0	1	1	1	0.415	0.39835	0.375833	0.417908	208	1705	1913
1009	2/14/2011	1	0	2	16	0	1	1	1	0.52	0.5	0.27	0.4627	16	102	118	45	1	0	2	0	1	1	1	0.415	0.39835	0.375833	0.417908	208	1705	1913
1010	2/14/2011	1	0	2	17	0	1	1	1	0.46	0.4545	0.33	0.6119	25	218	243	45	1	0	2	0	1	1	1	0.415	0.39835	0.375833	0.417908	208	1705	1913
1011	2/14/2011	1	0	2	18	0	1	1	1	0.4	0.4091	0.4	0.6119	11	194	205	45	1	0	2	0	1	1	1	0.415	0.39835	0.375833	0.417908	208	1705	1913
1012	2/14/2011	1	0	2	19	0	1	1	1	0.38	0.3939	0.43	0.4925	12	86	98	45	1	0	2	0	1	1	1	0.415	0.39835	0.375833	0.417908	208	1705	1913
1013	2/14/2011	1	0	2	20	0	1	1	1	0.36	0.3182	0.46	0.4627	5	65	70	45	1	0	2	0	1	1	1	0.415	0.39835	0.375833	0.417908	208	1705	1913
1014	2/14/2011	1	0	2	21	0	1	1	1	0.36	0.3182	0.5	0.5224	8	35	43	45	1	0	2	0	1	1	1	0.415	0.39835	0.375833	0.417908	208	1705	1913
1015	2/14/2011	1	0	2	22	0	1	1	1	0.34	0.2879	0.46	0.6567	1	44	45	45	1	0	2	0	1	1	1	0.415	0.39835	0.375833	0.417908	208	1705	1913
1016	2/14/2011	1	0	2	23	0	1	1	1	0.32	0.2879	0.49	0.4925	1	19	20	45	1	0	2	0	1	1	1	0.415	0.39835	0.375833	0.417908	208	1705	1913
1017	2/15/2011	1	0	2	0	0	2	1	1	0.3	0.2727	0.49	0.4179	7	12	19	46	1	0	2	0	2	1	1	0.266087	0.254274	0.314348	0.291374	140	1675	1815
1018	2/15/2011	1	0	2	1	0	2	1	1	0.3	0.2424	0.42	0.7761	0	5	5	46	1	0	2	0	2	1	1	0.266087	0.254274	0.314348	0.291374	140	1675	1815
1019	2/15/2011	1	0	2	2	0	2	1	1	0.28	0.2273	0.41	0.6866	1	2	3	46	1	0	2	0	2	1	1	0.266087	0.254274	0.314348	0.291374	140	1675	1815
1020	2/15/2011	1	0	2	4	0	2	1	1	0.22	0.1818	0.37	0.5224	0	1	1	46	1	0	2	0	2	1	1	0.266087	0.254274	0.314348	0.291374	140	1675	1815
1021	2/15/2011	1	0	2	5	0	2	1	1	0.22	0.1818	0.32	0.4627	0	4	4	46	1	0	2	0	2	1	1	0.266087	0.254274	0.314348	0.291374	140	1675	1815
1022	2/15/2011	1	0	2	6	0	2	1	1	0.2	0.1818	0.32	0.3284	0	30	30	46	1	0	2	0	2	1	1	0.266087	0.254274	0.314348	0.291374	140	1675	1815
1023	2/15/2011	1	0	2	7	0	2	1	1	0.2	0.1818	0.32	0.3582	2	103	105	46	1	0	2	0	2	1	1	0.266087	0.254274	0.314348	0.291374	140	1675	1815
1024	2/15/2011	1	0	2	8	0	2	1	1	0.2	0.1818	0.32	0.3582	10	213	223	46	1	0	2	0	2	1	1	0.266087	0.254274	0.314348	0.291374	140	1675	1815
1025	2/15/2011	1	0	2	9	0	2	1	1	0.22	0.197	0.29	0.4478	2	108	110	46	1	0	2	0	2	1	1	0.266087	0.254274	0.314348	0.291374	140	1675	1815
1026	2/15/2011	1	0	2	10	0	2	1	1	0.24	0.2121	0.27	0.2836	5	47	52	46	1	0	2	0	2	1	1	0.266087	0.254274	0.314348	0.291374	140	1675	1815
1027	2/15/2011	1	0	2	11	0	2	1	1	0.26	0.2424	0.25	0.2537	11	46	57	46	1	0	2	0	2	1	1	0.266087	0.254274	0.314348	0.291374	140	1675	1815
1028	2/15/2011	1	0	2	12	0	2	1	1	0.28	0.2727	0.24	0.2537	6	65	71	46	1	0	2	0	2	1	1	0.266087	0.254274	0.314348	0.291374	140	1675	1815
1029	2/15/2011	1	0	2	13	0	2	1	1	0.32	0.303	0.21	0.2239	14	68	82	46	1	0	2	0	2	1	1	0.266087	0.254274	0.314348	0.291374	140	1675	1815
1030	2/15/2011	1	0	2	14	0	2	1	1	0.34	0.3182	0.19	0.2239	10	69	79	46	1	0	2	0	2	1	1	0.266087	0.254274	0.314348	0.291374	140	1675	1815
1031	2/15/2011	1	0	2	15	0	2	1	1	0.34	0.3333	0.19	0.1642	11	74	85	46	1	0	2	0	2	1	1	0.266087	0.254274	0.314348	0.291374	140	1675	1815
1032	2/15/2011	1	0	2	16	0	2	1	1	0.34	0.3182	0.19	0.2537	21	77	98	46	1	0	2	0	2	1	1	0.266087	0.254274	0.314348	0.291374	140	1675	1815
1033	2/15/2011	1	0	2	17	0	2	1	1	0.32	0.303	0.22	0.2239	15	191	206	46	1	0	2	0	2	1	1	0.266087	0.254274	0.314348	0.291374	140	1675	1815
1034	2/15/2011	1	0	2	18	0	2	1	1	0.3	0.303	0.22	0.1343	14	198	212	46	1	0	2	0	2	1	1	0.266087	0.254274	0.314348	0.291374	140	1675	1815
1035	2/15/2011	1	0	2	19	0	2	1	1	0.28	0.2879	0.26	0.1343	3	142	145	46	1	0	2	0	2	1	1	0.266087	0.254274	0.314348	0.291374	140	1675	1815
1036	2/15/2011	1	0	2	20	0	2	1	1	0.26	0.2727	0.33	0.1045	3	98	101	46	1	0	2	0	2	1	1	0.266087	0.254274	0.314348	0.291374	140	1675	1815
1037	2/15/2011	1	0	2	21	0	2	1	1	0.24	0.2879	0.52	0	5	61	66	46	1	0	2	0	2	1	1	0.266087	0.254274	0.314348	0.291374	140	1675	1815
1038	2/15/2011	1	0	2	22	0	2	1	1	0.24	0.2879	0.44	0	0	41	41	46	1	0	2	0	2	1	1	0.266087	0.254274	0.314348	0.291374	140	1675	1815
1039	2/15/2011	1	0	2	23	0	2	1	2	0.22	0.2576	0.44	0.0896	0	20	20	46	1	0	2	0	2	1	1	0.266087	0.254274	0.314348	0.291374	140	1675	1815
1040	2/16/2011	1	0	2	0	0	3	1	1	0.22	0.2576	0.41	0.0896	0	15	15	47	1	0	2	0	3	1	1	0.318261	0.3162	0.423478	0.251791	218	1897	2115
1041	2/16/2011	1	0	2	1	0	3	1	1	0.2	0.2273	0.44	0.0896	0	9	9	47	1	0	2	0	3	1	1	0.318261	0.3162	0.423478	0.251791	218	1897	2115
1042	2/16/2011	1	0	2	3	0	3	1	2	0.2	0.197	0.47	0.194	0	1	1	47	1	0	2	0	3	1	1	0.318261	0.3162	0.423478	0.251791	218	1897	2115
1043	2/16/2011	1	0	2	4	0	3	1	1	0.2	0.197	0.51	0.194	0	1	1	47	1	0	2	0	3	1	1	0.318261	0.3162	0.423478	0.251791	218	1897	2115
1044	2/16/2011	1	0	2	5	0	3	1	1	0.2	0.197	0.47	0.194	0	5	5	47	1	0	2	0	3	1	1	0.318261	0.3162	0.423478	0.251791	218	1897	2115
1045	2/16/2011	1	0	2	6	0	3	1	1	0.2	0.197	0.55	0.2239	1	32	33	47	1	0	2	0	3	1	1	0.318261	0.3162	0.423478	0.251791	218	1897	2115
1046	2/16/2011	1	0	2	7	0	3	1	2	0.2	0.197	0.55	0.2239	5	103	108	47	1	0	2	0	3	1	1	0.318261	0.3162	0.423478	0.251791	218	1897	2115
1047	2/16/2011	1	0	2	8	0	3	1	2	0.22	0.2273	0.55	0.1642	6	224	230	47	1	0	2	0	3	1	1	0.318261	0.3162	0.423478	0.251791	218	1897	2115
1048	2/16/2011	1	0	2	9	0	3	1	1	0.24	0.2121	0.52	0.2836	2	122	124	47	1	0	2	0	3	1	1	0.318261	0.3162	0.423478	0.251791	218	1897	2115
1049	2/16/2011	1	0	2	10	0	3	1	1	0.26	0.2273	0.41	0.3881	14	55	69	47	1	0	2	0	3	1	1	0.318261	0.3162	0.423478	0.251791	218	1897	2115
1050	2/16/2011	1	0	2	11	0	3	1	1	0.34	0.303	0.34	0.2985	7	59	66	47	1	0	2	0	3	1	1	0.318261	0.3162	0.423478	0.251791	218	1897	2115
1051	2/16/2011	1	0	2	12	0	3	1	1	0.38	0.3939	0.32	0.3284	14	72	86	47	1	0	2	0	3	1	1	0.318261	0.3162	0.423478	0.251791	218	1897	2115
1052	2/16/2011	1	0	2	13	0	3	1	1	0.42	0.4242	0.3	0.3582	13	80	93	47	1	0	2	0	3	1	1	0.318261	0.3162	0.423478	0.251791	218	1897	2115
1053	2/16/2011	1	0	2	14	0	3	1	1	0.46	0.4545	0.28	0.4179	17	65	82	47	1	0	2	0	3	1	1	0.318261	0.3162	0.423478	0.251791	218	1897	2115
1054	2/16/2011	1	0	2	15	0	3	1	1	0.46	0.4545	0.28	0.4179	35	82	117	47	1	0	2	0	3	1	1	0.318261	0.3162	0.423478	0.251791	218	1897	2115
1055	2/16/2011	1	0	2	16	0	3	1	1	0.46	0.4545	0.31	0.3881	26	96	122	47	1	0	2	0	3	1	1	0.318261	0.3162	0.423478	0.251791	218	1897	2115
1056	2/16/2011	1	0	2	17	0	3	1	1	0.46	0.4545	0.28	0.2836	11	244	255	47	1	0	2	0	3	1	1	0.318261	0.3162	0.423478	0.251791	218	1897	2115
1057	2/16/2011	1	0	2	18	0	3	1	1	0.4	0.4091	0.4	0.2239	20	202	222	47	1	0	2	0	3	1	1	0.318261	0.3162	0.423478	0.251791	218	1897	2115
1058	2/16/2011	1	0	2	19	0	3	1	1	0.34	0.3182	0.53	0.2239	18	143	161	47	1	0	2	0	3	1	1	0.318261	0.3162	0.423478	0.251791	218	1897	2115
1059	2/16/2011	1	0	2	20	0	3	1	1	0.38	0.3939	0.43	0.194	10	108	118	47	1	0	2	0	3	1	1	0.318261	0.3162	0.423478	0.251791	218	1897	2115
1060	2/16/2011	1	0	2	21	0	3	1	1	0.36	0.3485	0.46	0.194	5	87	92	47	1	0	2	0	3	1	1	0.318261	0.3162	0.423478	0.251791	218	1897	2115
1061	2/16/2011	1	0	2	22	0	3	1	1	0.34	0.3333	0.53	0.194	12	61	73	47	1	0	2	0	3	1	1	0.318261	0.3162	0.423478	0.251791	218	1897	2115
1062	2/16/2011	1	0	2	23	0	3	1	1	0.38	0.3939	0.4	0.2239	2	31	33	47	1	0	2	0	3	1	1	0.318261	0.3162	0.423478	0.251791	218	1897	2115
1063	2/17/2011	1	0	2	0	0	4	1	1	0.34	0.3333	0.53	0.194	1	16	17	48	1	0	2	0	4	1	1	0.435833	0.428658	0.505	0.230104	259	2216	2475
1064	2/17/2011	1	0	2	1	0	4	1	1	0.34	0.3182	0.53	0.2239	0	6	6	48	1	0	2	0	4	1	1	0.435833	0.428658	0.505	0.230104	259	2216	2475
1065	2/17/2011	1	0	2	2	0	4	1	2	0.34	0.3182	0.53	0.2239	2	4	6	48	1	0	2	0	4	1	1	0.435833	0.428658	0.505	0.230104	259	2216	2475
1066	2/17/2011	1	0	2	3	0	4	1	1	0.34	0.3333	0.53	0.194	3	1	4	48	1	0	2	0	4	1	1	0.435833	0.428658	0.505	0.230104	259	2216	2475
1067	2/17/2011	1	0	2	4	0	4	1	1	0.32	0.3182	0.57	0.194	3	1	4	48	1	0	2	0	4	1	1	0.435833	0.428658	0.505	0.230104	259	2216	2475
1068	2/17/2011	1	0	2	5	0	4	1	1	0.32	0.3333	0.66	0.0896	1	11	12	48	1	0	2	0	4	1	1	0.435833	0.428658	0.505	0.230104	259	2216	2475
1069	2/17/2011	1	0	2	6	0	4	1	1	0.3	0.303	0.7	0.1343	3	44	47	48	1	0	2	0	4	1	1	0.435833	0.428658	0.505	0.230104	259	2216	2475
1070	2/17/2011	1	0	2	7	0	4	1	1	0.32	0.3333	0.57	0.1045	7	119	126	48	1	0	2	0	4	1	1	0.435833	0.428658	0.505	0.230104	259	2216	2475
1071	2/17/2011	1	0	2	8	0	4	1	1	0.32	0.3333	0.57	0.0896	18	267	285	48	1	0	2	0	4	1	1	0.435833	0.428658	0.505	0.230104	259	2216	2475
1072	2/17/2011	1	0	2	9	0	4	1	1	0.36	0.3485	0.57	0.194	16	163	179	48	1	0	2	0	4	1	1	0.435833	0.428658	0.505	0.230104	259	2216	2475
1073	2/17/2011	1	0	2	10	0	4	1	1	0.38	0.3939	0.54	0.194	18	70	88	48	1	0	2	0	4	1	1	0.435833	0.428658	0.505	0.230104	259	2216	2475
1074	2/17/2011	1	0	2	11	0	4	1	2	0.44	0.4394	0.44	0.2537	19	71	90	48	1	0	2	0	4	1	1	0.435833	0.428658	0.505	0.230104	259	2216	2475
1075	2/17/2011	1	0	2	12	0	4	1	1	0.48	0.4697	0.41	0.2239	15	86	101	48	1	0	2	0	4	1	1	0.435833	0.428658	0.505	0.230104	259	2216	2475
1076	2/17/2011	1	0	2	13	0	4	1	1	0.54	0.5152	0.34	0.2239	15	108	123	48	1	0	2	0	4	1	1	0.435833	0.428658	0.505	0.230104	259	2216	2475
1077	2/17/2011	1	0	2	14	0	4	1	1	0.6	0.6212	0.31	0.2239	26	55	81	48	1	0	2	0	4	1	1	0.435833	0.428658	0.505	0.230104	259	2216	2475
1078	2/17/2011	1	0	2	15	0	4	1	1	0.6	0.6061	0.28	0.2537	15	91	106	48	1	0	2	0	4	1	1	0.435833	0.428658	0.505	0.230104	259	2216	2475
1079	2/17/2011	1	0	2	16	0	4	1	2	0.56	0.5303	0.35	0.2985	29	117	146	48	1	0	2	0	4	1	1	0.435833	0.428658	0.505	0.230104	259	2216	2475
1080	2/17/2011	1	0	2	17	0	4	1	2	0.58	0.5455	0.32	0.2985	18	256	274	48	1	0	2	0	4	1	1	0.435833	0.428658	0.505	0.230104	259	2216	2475
1081	2/17/2011	1	0	2	18	0	4	1	2	0.54	0.5152	0.42	0.2836	11	211	222	48	1	0	2	0	4	1	1	0.435833	0.428658	0.505	0.230104	259	2216	2475
1082	2/17/2011	1	0	2	19	0	4	1	1	0.48	0.4697	0.55	0.3284	14	161	175	48	1	0	2	0	4	1	1	0.435833	0.428658	0.505	0.230104	259	2216	2475
1083	2/17/2011	1	0	2	20	0	4	1	1	0.48	0.4697	0.59	0.3284	8	131	139	48	1	0	2	0	4	1	1	0.435833	0.428658	0.505	0.230104	259	2216	2475
1084	2/17/2011	1	0	2	21	0	4	1	1	0.52	0.5	0.55	0.3881	5	119	124	48	1	0	2	0	4	1	1	0.435833	0.428658	0.505	0.230104	259	2216	2475
1085	2/17/2011	1	0	2	22	0	4	1	1	0.5	0.4848	0.59	0.2836	8	68	76	48	1	0	2	0	4	1	1	0.435833	0.428658	0.505	0.230104	259	2216	2475
1086	2/17/2011	1	0	2	23	0	4	1	1	0.46	0.4545	0.67	0.2985	4	40	44	48	1	0	2	0	4	1	1	0.435833	0.428658	0.505	0.230104	259	2216	2475
1087	2/18/2011	1	0	2	0	0	5	1	1	0.44	0.4394	0.72	0.2836	12	20	32	49	1	0	2	0	5	1	1	0.521667	0.511983	0.516667	0.264925	579	2348	2927
1088	2/18/2011	1	0	2	1	0	5	1	1	0.44	0.4394	0.72	0.2239	1	7	8	49	1	0	2	0	5	1	1	0.521667	0.511983	0.516667	0.264925	579	2348	2927
1089	2/18/2011	1	0	2	2	0	5	1	1	0.44	0.4394	0.72	0.2836	2	5	7	49	1	0	2	0	5	1	1	0.521667	0.511983	0.516667	0.264925	579	2348	2927
1090	2/18/2011	1	0	2	3	0	5	1	1	0.46	0.4545	0.67	0.2537	2	6	8	49	1	0	2	0	5	1	1	0.521667	0.511983	0.516667	0.264925	579	2348	2927
1091	2/18/2011	1	0	2	4	0	5	1	1	0.46	0.4545	0.67	0.2537	0	1	1	49	1	0	2	0	5	1	1	0.521667	0.511983	0.516667	0.264925	579	2348	2927
1092	2/18/2011	1	0	2	5	0	5	1	2	0.46	0.4545	0.67	0.1045	1	6	7	49	1	0	2	0	5	1	1	0.521667	0.511983	0.516667	0.264925	579	2348	2927
1093	2/18/2011	1	0	2	6	0	5	1	2	0.44	0.4394	0.72	0.1642	2	48	50	49	1	0	2	0	5	1	1	0.521667	0.511983	0.516667	0.264925	579	2348	2927
1094	2/18/2011	1	0	2	7	0	5	1	2	0.42	0.4242	0.77	0.2239	8	108	116	49	1	0	2	0	5	1	1	0.521667	0.511983	0.516667	0.264925	579	2348	2927
1095	2/18/2011	1	0	2	8	0	5	1	2	0.42	0.4242	0.77	0.194	26	246	272	49	1	0	2	0	5	1	1	0.521667	0.511983	0.516667	0.264925	579	2348	2927
1096	2/18/2011	1	0	2	9	0	5	1	2	0.42	0.4242	0.77	0.194	15	154	169	49	1	0	2	0	5	1	1	0.521667	0.511983	0.516667	0.264925	579	2348	2927
1097	2/18/2011	1	0	2	10	0	5	1	2	0.44	0.4394	0.72	0.2239	17	78	95	49	1	0	2	0	5	1	1	0.521667	0.511983	0.516667	0.264925	579	2348	2927
1098	2/18/2011	1	0	2	11	0	5	1	1	0.44	0.4394	0.72	0.1642	31	82	113	49	1	0	2	0	5	1	1	0.521667	0.511983	0.516667	0.264925	579	2348	2927
1099	2/18/2011	1	0	2	12	0	5	1	1	0.5	0.4848	0.59	0.194	59	126	185	49	1	0	2	0	5	1	1	0.521667	0.511983	0.516667	0.264925	579	2348	2927
1100	2/18/2011	1	0	2	13	0	5	1	1	0.6	0.6212	0.43	0.194	45	131	176	49	1	0	2	0	5	1	1	0.521667	0.511983	0.516667	0.264925	579	2348	2927
1101	2/18/2011	1	0	2	14	0	5	1	1	0.66	0.6212	0.36	0.2985	73	118	191	49	1	0	2	0	5	1	1	0.521667	0.511983	0.516667	0.264925	579	2348	2927
1102	2/18/2011	1	0	2	15	0	5	1	1	0.66	0.6212	0.36	0.3284	55	117	172	49	1	0	2	0	5	1	1	0.521667	0.511983	0.516667	0.264925	579	2348	2927
1103	2/18/2011	1	0	2	16	0	5	1	1	0.66	0.6212	0.36	0.2836	68	164	232	49	1	0	2	0	5	1	1	0.521667	0.511983	0.516667	0.264925	579	2348	2927
1104	2/18/2011	1	0	2	17	0	5	1	1	0.66	0.6212	0.34	0.3582	52	275	327	49	1	0	2	0	5	1	1	0.521667	0.511983	0.516667	0.264925	579	2348	2927
1105	2/18/2011	1	0	2	18	0	5	1	1	0.64	0.6212	0.33	0.3284	29	195	224	49	1	0	2	0	5	1	1	0.521667	0.511983	0.516667	0.264925	579	2348	2927
1106	2/18/2011	1	0	2	19	0	5	1	1	0.62	0.6212	0.29	0.5821	16	146	162	49	1	0	2	0	5	1	1	0.521667	0.511983	0.516667	0.264925	579	2348	2927
1107	2/18/2011	1	0	2	20	0	5	1	1	0.6	0.6212	0.31	0.194	19	105	124	49	1	0	2	0	5	1	1	0.521667	0.511983	0.516667	0.264925	579	2348	2927
1108	2/18/2011	1	0	2	21	0	5	1	1	0.58	0.5455	0.21	0.4925	11	61	72	49	1	0	2	0	5	1	1	0.521667	0.511983	0.516667	0.264925	579	2348	2927
1109	2/18/2011	1	0	2	22	0	5	1	1	0.54	0.5152	0.1	0.2537	19	88	107	49	1	0	2	0	5	1	1	0.521667	0.511983	0.516667	0.264925	579	2348	2927
1110	2/18/2011	1	0	2	23	0	5	1	1	0.52	0.5	0.08	0.2836	16	61	77	49	1	0	2	0	5	1	1	0.521667	0.511983	0.516667	0.264925	579	2348	2927
1111	2/19/2011	1	0	2	0	0	6	0	1	0.48	0.4697	0.12	0.4925	6	23	29	50	1	0	2	0	6	0	1	0.399167	0.391404	0.187917	0.507463	532	1103	1635
1112	2/19/2011	1	0	2	1	0	6	0	1	0.46	0.4545	0.14	0.4179	10	21	31	50	1	0	2	0	6	0	1	0.399167	0.391404	0.187917	0.507463	532	1103	1635
1113	2/19/2011	1	0	2	2	0	6	0	1	0.44	0.4394	0.13	0.3881	3	14	17	50	1	0	2	0	6	0	1	0.399167	0.391404	0.187917	0.507463	532	1103	1635
1114	2/19/2011	1	0	2	3	0	6	0	1	0.42	0.4242	0.14	0.2985	0	7	7	50	1	0	2	0	6	0	1	0.399167	0.391404	0.187917	0.507463	532	1103	1635
1115	2/19/2011	1	0	2	4	0	6	0	1	0.4	0.4091	0.15	0.3284	0	3	3	50	1	0	2	0	6	0	1	0.399167	0.391404	0.187917	0.507463	532	1103	1635
1116	2/19/2011	1	0	2	5	0	6	0	1	0.4	0.4091	0.15	0.3284	0	3	3	50	1	0	2	0	6	0	1	0.399167	0.391404	0.187917	0.507463	532	1103	1635
1117	2/19/2011	1	0	2	6	0	6	0	1	0.4	0.4091	0.17	0.4179	3	3	6	50	1	0	2	0	6	0	1	0.399167	0.391404	0.187917	0.507463	532	1103	1635
1118	2/19/2011	1	0	2	7	0	6	0	1	0.38	0.3939	0.17	0.5224	6	16	22	50	1	0	2	0	6	0	1	0.399167	0.391404	0.187917	0.507463	532	1103	1635
1119	2/19/2011	1	0	2	8	0	6	0	1	0.38	0.3939	0.17	0.5821	9	36	45	50	1	0	2	0	6	0	1	0.399167	0.391404	0.187917	0.507463	532	1103	1635
1120	2/19/2011	1	0	2	9	0	6	0	1	0.4	0.4091	0.16	0.6567	18	37	55	50	1	0	2	0	6	0	1	0.399167	0.391404	0.187917	0.507463	532	1103	1635
1121	2/19/2011	1	0	2	10	0	6	0	1	0.42	0.4242	0.16	0.5821	34	72	106	50	1	0	2	0	6	0	1	0.399167	0.391404	0.187917	0.507463	532	1103	1635
1122	2/19/2011	1	0	2	11	0	6	0	1	0.44	0.4394	0.16	0.5821	47	76	123	50	1	0	2	0	6	0	1	0.399167	0.391404	0.187917	0.507463	532	1103	1635
1123	2/19/2011	1	0	2	12	0	6	0	1	0.44	0.4394	0.18	0.4925	38	81	119	50	1	0	2	0	6	0	1	0.399167	0.391404	0.187917	0.507463	532	1103	1635
1124	2/19/2011	1	0	2	13	0	6	0	1	0.44	0.4394	0.16	0.6119	52	103	155	50	1	0	2	0	6	0	1	0.399167	0.391404	0.187917	0.507463	532	1103	1635
1125	2/19/2011	1	0	2	14	0	6	0	1	0.46	0.4545	0.15	0.6567	102	94	196	50	1	0	2	0	6	0	1	0.399167	0.391404	0.187917	0.507463	532	1103	1635
1126	2/19/2011	1	0	2	15	0	6	0	1	0.44	0.4394	0.16	0.7463	84	87	171	50	1	0	2	0	6	0	1	0.399167	0.391404	0.187917	0.507463	532	1103	1635
1127	2/19/2011	1	0	2	16	0	6	0	1	0.44	0.4394	0.16	0.6418	39	81	120	50	1	0	2	0	6	0	1	0.399167	0.391404	0.187917	0.507463	532	1103	1635
1128	2/19/2011	1	0	2	17	0	6	0	1	0.42	0.4242	0.19	0.6119	36	91	127	50	1	0	2	0	6	0	1	0.399167	0.391404	0.187917	0.507463	532	1103	1635
1129	2/19/2011	1	0	2	18	0	6	0	1	0.36	0.3182	0.25	0.4478	21	67	88	50	1	0	2	0	6	0	1	0.399167	0.391404	0.187917	0.507463	532	1103	1635
1130	2/19/2011	1	0	2	19	0	6	0	1	0.34	0.303	0.29	0.3582	5	54	59	50	1	0	2	0	6	0	1	0.399167	0.391404	0.187917	0.507463	532	1103	1635
1131	2/19/2011	1	0	2	20	0	6	0	1	0.32	0.2879	0.28	0.5224	9	38	47	50	1	0	2	0	6	0	1	0.399167	0.391404	0.187917	0.507463	532	1103	1635
1132	2/19/2011	1	0	2	21	0	6	0	1	0.32	0.2727	0.26	0.5522	4	29	33	50	1	0	2	0	6	0	1	0.399167	0.391404	0.187917	0.507463	532	1103	1635
1133	2/19/2011	1	0	2	22	0	6	0	1	0.3	0.2576	0.28	0.4925	2	42	44	50	1	0	2	0	6	0	1	0.399167	0.391404	0.187917	0.507463	532	1103	1635
1134	2/19/2011	1	0	2	23	0	6	0	1	0.28	0.2424	0.33	0.4478	4	25	29	50	1	0	2	0	6	0	1	0.399167	0.391404	0.187917	0.507463	532	1103	1635
1135	2/20/2011	1	0	2	0	0	0	0	1	0.26	0.2121	0.35	0.4478	3	14	17	51	1	0	2	0	0	0	1	0.285217	0.27733	0.407826	0.223235	639	1173	1812
1136	2/20/2011	1	0	2	1	0	0	0	1	0.24	0.197	0.41	0.4627	5	11	16	51	1	0	2	0	0	0	1	0.285217	0.27733	0.407826	0.223235	639	1173	1812
1137	2/20/2011	1	0	2	2	0	0	0	1	0.24	0.197	0.41	0.5522	0	17	17	51	1	0	2	0	0	0	1	0.285217	0.27733	0.407826	0.223235	639	1173	1812
1138	2/20/2011	1	0	2	3	0	0	0	1	0.22	0.1818	0.44	0.5522	9	9	18	51	1	0	2	0	0	0	1	0.285217	0.27733	0.407826	0.223235	639	1173	1812
1139	2/20/2011	1	0	2	4	0	0	0	1	0.22	0.1818	0.44	0.5522	0	1	1	51	1	0	2	0	0	0	1	0.285217	0.27733	0.407826	0.223235	639	1173	1812
1140	2/20/2011	1	0	2	6	0	0	0	1	0.2	0.1818	0.47	0.2985	1	1	2	51	1	0	2	0	0	0	1	0.285217	0.27733	0.407826	0.223235	639	1173	1812
1141	2/20/2011	1	0	2	7	0	0	0	1	0.18	0.1667	0.51	0.2537	0	2	2	51	1	0	2	0	0	0	1	0.285217	0.27733	0.407826	0.223235	639	1173	1812
1142	2/20/2011	1	0	2	8	0	0	0	1	0.2	0.2273	0.51	0.1045	2	22	24	51	1	0	2	0	0	0	1	0.285217	0.27733	0.407826	0.223235	639	1173	1812
1143	2/20/2011	1	0	2	9	0	0	0	1	0.22	0.2121	0.47	0.2836	7	48	55	51	1	0	2	0	0	0	1	0.285217	0.27733	0.407826	0.223235	639	1173	1812
1144	2/20/2011	1	0	2	10	0	0	0	2	0.26	0.2576	0.41	0.194	34	70	104	51	1	0	2	0	0	0	1	0.285217	0.27733	0.407826	0.223235	639	1173	1812
1145	2/20/2011	1	0	2	11	0	0	0	2	0.3	0.303	0.33	0.1642	72	89	161	51	1	0	2	0	0	0	1	0.285217	0.27733	0.407826	0.223235	639	1173	1812
1146	2/20/2011	1	0	2	12	0	0	0	1	0.3	0.3182	0.33	0.1045	62	120	182	51	1	0	2	0	0	0	1	0.285217	0.27733	0.407826	0.223235	639	1173	1812
1147	2/20/2011	1	0	2	13	0	0	0	1	0.34	0.3333	0.29	0	76	122	198	51	1	0	2	0	0	0	1	0.285217	0.27733	0.407826	0.223235	639	1173	1812
1148	2/20/2011	1	0	2	14	0	0	0	1	0.36	0.3485	0.27	0.1642	108	104	212	51	1	0	2	0	0	0	1	0.285217	0.27733	0.407826	0.223235	639	1173	1812
1149	2/20/2011	1	0	2	15	0	0	0	1	0.36	0.3636	0.27	0.0896	66	102	168	51	1	0	2	0	0	0	1	0.285217	0.27733	0.407826	0.223235	639	1173	1812
1150	2/20/2011	1	0	2	16	0	0	0	1	0.36	0.3636	0.29	0.0896	59	88	147	51	1	0	2	0	0	0	1	0.285217	0.27733	0.407826	0.223235	639	1173	1812
1151	2/20/2011	1	0	2	17	0	0	0	1	0.34	0.3485	0.33	0.1642	60	86	146	51	1	0	2	0	0	0	1	0.285217	0.27733	0.407826	0.223235	639	1173	1812
1152	2/20/2011	1	0	2	18	0	0	0	2	0.34	0.3333	0.36	0.1343	30	71	101	51	1	0	2	0	0	0	1	0.285217	0.27733	0.407826	0.223235	639	1173	1812
1153	2/20/2011	1	0	2	19	0	0	0	2	0.34	0.3333	0.36	0.1343	3	39	42	51	1	0	2	0	0	0	1	0.285217	0.27733	0.407826	0.223235	639	1173	1812
1154	2/20/2011	1	0	2	20	0	0	0	2	0.34	0.3636	0.42	0	12	30	42	51	1	0	2	0	0	0	1	0.285217	0.27733	0.407826	0.223235	639	1173	1812
1155	2/20/2011	1	0	2	21	0	0	0	2	0.32	0.3485	0.53	0	17	39	56	51	1	0	2	0	0	0	1	0.285217	0.27733	0.407826	0.223235	639	1173	1812
1156	2/20/2011	1	0	2	22	0	0	0	2	0.32	0.303	0.57	0.2239	4	43	47	51	1	0	2	0	0	0	1	0.285217	0.27733	0.407826	0.223235	639	1173	1812
1157	2/20/2011	1	0	2	23	0	0	0	2	0.3	0.303	0.61	0.1642	9	45	54	51	1	0	2	0	0	0	1	0.285217	0.27733	0.407826	0.223235	639	1173	1812
1158	2/21/2011	1	0	2	0	1	1	0	2	0.34	0.303	0.42	0.3284	7	30	37	52	1	0	2	1	1	0	2	0.303333	0.284075	0.605	0.307846	195	912	1107
1159	2/21/2011	1	0	2	1	1	1	0	2	0.34	0.303	0.42	0.3284	2	11	13	52	1	0	2	1	1	0	2	0.303333	0.284075	0.605	0.307846	195	912	1107
1160	2/21/2011	1	0	2	2	1	1	0	2	0.34	0.303	0.42	0.3284	1	3	4	52	1	0	2	1	1	0	2	0.303333	0.284075	0.605	0.307846	195	912	1107
1161	2/21/2011	1	0	2	3	1	1	0	2	0.34	0.303	0.42	0.2985	2	3	5	52	1	0	2	1	1	0	2	0.303333	0.284075	0.605	0.307846	195	912	1107
1162	2/21/2011	1	0	2	4	1	1	0	1	0.32	0.3182	0.45	0.1642	1	0	1	52	1	0	2	1	1	0	2	0.303333	0.284075	0.605	0.307846	195	912	1107
1163	2/21/2011	1	0	2	5	1	1	0	2	0.34	0.3636	0.36	0	1	2	3	52	1	0	2	1	1	0	2	0.303333	0.284075	0.605	0.307846	195	912	1107
1164	2/21/2011	1	0	2	6	1	1	0	2	0.42	0.4242	0.26	0.2985	2	6	8	52	1	0	2	1	1	0	2	0.303333	0.284075	0.605	0.307846	195	912	1107
1165	2/21/2011	1	0	2	7	1	1	0	2	0.42	0.4242	0.26	0.2836	3	16	19	52	1	0	2	1	1	0	2	0.303333	0.284075	0.605	0.307846	195	912	1107
1166	2/21/2011	1	0	2	8	1	1	0	2	0.32	0.303	0.57	0.2985	7	56	63	52	1	0	2	1	1	0	2	0.303333	0.284075	0.605	0.307846	195	912	1107
1167	2/21/2011	1	0	2	9	1	1	0	2	0.32	0.303	0.57	0.2836	11	46	57	52	1	0	2	1	1	0	2	0.303333	0.284075	0.605	0.307846	195	912	1107
1168	2/21/2011	1	0	2	10	1	1	0	2	0.32	0.303	0.57	0.2537	29	52	81	52	1	0	2	1	1	0	2	0.303333	0.284075	0.605	0.307846	195	912	1107
1169	2/21/2011	1	0	2	11	1	1	0	2	0.32	0.3333	0.57	0.1045	20	70	90	52	1	0	2	1	1	0	2	0.303333	0.284075	0.605	0.307846	195	912	1107
1170	2/21/2011	1	0	2	12	1	1	0	2	0.32	0.3182	0.66	0.194	26	67	93	52	1	0	2	1	1	0	2	0.303333	0.284075	0.605	0.307846	195	912	1107
1171	2/21/2011	1	0	2	13	1	1	0	3	0.3	0.2727	0.81	0.3284	28	75	103	52	1	0	2	1	1	0	2	0.303333	0.284075	0.605	0.307846	195	912	1107
1172	2/21/2011	1	0	2	14	1	1	0	2	0.32	0.303	0.76	0.2537	15	101	116	52	1	0	2	1	1	0	2	0.303333	0.284075	0.605	0.307846	195	912	1107
1173	2/21/2011	1	0	2	15	1	1	0	2	0.3	0.2727	0.7	0.4478	11	76	87	52	1	0	2	1	1	0	2	0.303333	0.284075	0.605	0.307846	195	912	1107
1174	2/21/2011	1	0	2	16	1	1	0	3	0.28	0.2424	0.75	0.4179	8	48	56	52	1	0	2	1	1	0	2	0.303333	0.284075	0.605	0.307846	195	912	1107
1175	2/21/2011	1	0	2	17	1	1	0	2	0.28	0.2576	0.75	0.3881	18	62	80	52	1	0	2	1	1	0	2	0.303333	0.284075	0.605	0.307846	195	912	1107
1176	2/21/2011	1	0	2	18	1	1	0	2	0.24	0.2121	0.87	0.3582	2	64	66	52	1	0	2	1	1	0	2	0.303333	0.284075	0.605	0.307846	195	912	1107
1177	2/21/2011	1	0	2	19	1	1	0	2	0.24	0.2121	0.87	0.3582	0	49	49	52	1	0	2	1	1	0	2	0.303333	0.284075	0.605	0.307846	195	912	1107
1178	2/21/2011	1	0	2	20	1	1	0	3	0.24	0.2121	0.81	0.3881	0	29	29	52	1	0	2	1	1	0	2	0.303333	0.284075	0.605	0.307846	195	912	1107
1179	2/21/2011	1	0	2	21	1	1	0	3	0.22	0.197	0.75	0.4478	1	33	34	52	1	0	2	1	1	0	2	0.303333	0.284075	0.605	0.307846	195	912	1107
1180	2/21/2011	1	0	2	22	1	1	0	3	0.2	0.1667	0.75	0.4179	0	11	11	52	1	0	2	1	1	0	2	0.303333	0.284075	0.605	0.307846	195	912	1107
1181	2/21/2011	1	0	2	23	1	1	0	3	0.2	0.1667	0.75	0.4179	0	2	2	52	1	0	2	1	1	0	2	0.303333	0.284075	0.605	0.307846	195	912	1107
1182	2/22/2011	1	0	2	6	0	2	1	2	0.12	0.1212	0.8	0.2836	0	7	7	53	1	0	2	0	2	1	1	0.182222	0.186033	0.577778	0.195683	74	1376	1450
1183	2/22/2011	1	0	2	7	0	2	1	2	0.12	0.1212	0.8	0.2836	0	40	40	53	1	0	2	0	2	1	1	0.182222	0.186033	0.577778	0.195683	74	1376	1450
1184	2/22/2011	1	0	2	8	0	2	1	2	0.12	0.1212	0.8	0.2537	7	107	114	53	1	0	2	0	2	1	1	0.182222	0.186033	0.577778	0.195683	74	1376	1450
1185	2/22/2011	1	0	2	9	0	2	1	2	0.14	0.1212	0.74	0.2537	5	101	106	53	1	0	2	0	2	1	1	0.182222	0.186033	0.577778	0.195683	74	1376	1450
1186	2/22/2011	1	0	2	10	0	2	1	1	0.16	0.1818	0.69	0	0	44	44	53	1	0	2	0	2	1	1	0.182222	0.186033	0.577778	0.195683	74	1376	1450
1187	2/22/2011	1	0	2	11	0	2	1	1	0.16	0.2273	0.64	0	7	43	50	53	1	0	2	0	2	1	1	0.182222	0.186033	0.577778	0.195683	74	1376	1450
1188	2/22/2011	1	0	2	12	0	2	1	1	0.2	0.2273	0.59	0.1045	7	48	55	53	1	0	2	0	2	1	1	0.182222	0.186033	0.577778	0.195683	74	1376	1450
1189	2/22/2011	1	0	2	13	0	2	1	1	0.22	0.2273	0.55	0.1642	3	52	55	53	1	0	2	0	2	1	1	0.182222	0.186033	0.577778	0.195683	74	1376	1450
1190	2/22/2011	1	0	2	14	0	2	1	1	0.22	0.2273	0.55	0.194	9	49	58	53	1	0	2	0	2	1	1	0.182222	0.186033	0.577778	0.195683	74	1376	1450
1191	2/22/2011	1	0	2	15	0	2	1	1	0.24	0.2273	0.48	0.194	2	67	69	53	1	0	2	0	2	1	1	0.182222	0.186033	0.577778	0.195683	74	1376	1450
1192	2/22/2011	1	0	2	16	0	2	1	1	0.22	0.2273	0.51	0.1642	7	79	86	53	1	0	2	0	2	1	1	0.182222	0.186033	0.577778	0.195683	74	1376	1450
1193	2/22/2011	1	0	2	17	0	2	1	1	0.22	0.2121	0.51	0.2239	8	188	196	53	1	0	2	0	2	1	1	0.182222	0.186033	0.577778	0.195683	74	1376	1450
1194	2/22/2011	1	0	2	18	0	2	1	1	0.22	0.2273	0.47	0.1343	6	161	167	53	1	0	2	0	2	1	1	0.182222	0.186033	0.577778	0.195683	74	1376	1450
1195	2/22/2011	1	0	2	19	0	2	1	1	0.2	0.1818	0.47	0.2836	4	114	118	53	1	0	2	0	2	1	1	0.182222	0.186033	0.577778	0.195683	74	1376	1450
1196	2/22/2011	1	0	2	20	0	2	1	1	0.2	0.197	0.47	0.2239	3	102	105	53	1	0	2	0	2	1	1	0.182222	0.186033	0.577778	0.195683	74	1376	1450
1197	2/22/2011	1	0	2	21	0	2	1	1	0.2	0.197	0.47	0.2537	2	80	82	53	1	0	2	0	2	1	1	0.182222	0.186033	0.577778	0.195683	74	1376	1450
1198	2/22/2011	1	0	2	22	0	2	1	1	0.16	0.1515	0.43	0.2537	1	76	77	53	1	0	2	0	2	1	1	0.182222	0.186033	0.577778	0.195683	74	1376	1450
1199	2/22/2011	1	0	2	23	0	2	1	1	0.16	0.1515	0.43	0.2537	3	18	21	53	1	0	2	0	2	1	1	0.182222	0.186033	0.577778	0.195683	74	1376	1450
1200	2/23/2011	1	0	2	0	0	3	1	1	0.14	0.1364	0.5	0.194	0	6	6	54	1	0	2	0	3	1	1	0.221739	0.245717	0.423043	0.094113	139	1778	1917
1201	2/23/2011	1	0	2	1	0	3	1	1	0.14	0.1515	0.46	0.1642	0	4	4	54	1	0	2	0	3	1	1	0.221739	0.245717	0.423043	0.094113	139	1778	1917
1202	2/23/2011	1	0	2	2	0	3	1	1	0.12	0.1515	0.5	0.1343	0	1	1	54	1	0	2	0	3	1	1	0.221739	0.245717	0.423043	0.094113	139	1778	1917
1203	2/23/2011	1	0	2	3	0	3	1	1	0.12	0.1364	0.5	0.1642	0	2	2	54	1	0	2	0	3	1	1	0.221739	0.245717	0.423043	0.094113	139	1778	1917
1204	2/23/2011	1	0	2	5	0	3	1	1	0.12	0.1515	0.5	0.1045	0	8	8	54	1	0	2	0	3	1	1	0.221739	0.245717	0.423043	0.094113	139	1778	1917
1205	2/23/2011	1	0	2	6	0	3	1	1	0.12	0.1515	0.5	0.1045	0	36	36	54	1	0	2	0	3	1	1	0.221739	0.245717	0.423043	0.094113	139	1778	1917
1206	2/23/2011	1	0	2	7	0	3	1	1	0.12	0.1515	0.54	0.1343	2	94	96	54	1	0	2	0	3	1	1	0.221739	0.245717	0.423043	0.094113	139	1778	1917
1207	2/23/2011	1	0	2	8	0	3	1	1	0.14	0.1515	0.54	0.1642	8	227	235	54	1	0	2	0	3	1	1	0.221739	0.245717	0.423043	0.094113	139	1778	1917
1208	2/23/2011	1	0	2	9	0	3	1	1	0.18	0.2121	0.51	0.0896	9	130	139	54	1	0	2	0	3	1	1	0.221739	0.245717	0.423043	0.094113	139	1778	1917
1209	2/23/2011	1	0	2	10	0	3	1	1	0.2	0.2576	0.4	0	4	47	51	54	1	0	2	0	3	1	1	0.221739	0.245717	0.423043	0.094113	139	1778	1917
1210	2/23/2011	1	0	2	11	0	3	1	1	0.24	0.2576	0.41	0.1045	16	53	69	54	1	0	2	0	3	1	1	0.221739	0.245717	0.423043	0.094113	139	1778	1917
1211	2/23/2011	1	0	2	12	0	3	1	1	0.26	0.2879	0.35	0.0896	11	56	67	54	1	0	2	0	3	1	1	0.221739	0.245717	0.423043	0.094113	139	1778	1917
1212	2/23/2011	1	0	2	13	0	3	1	1	0.3	0.3182	0.28	0.0896	9	78	87	54	1	0	2	0	3	1	1	0.221739	0.245717	0.423043	0.094113	139	1778	1917
1213	2/23/2011	1	0	2	14	0	3	1	1	0.32	0.3333	0.29	0.1045	17	61	78	54	1	0	2	0	3	1	1	0.221739	0.245717	0.423043	0.094113	139	1778	1917
1214	2/23/2011	1	0	2	15	0	3	1	1	0.34	0.3485	0.25	0.0896	18	54	72	54	1	0	2	0	3	1	1	0.221739	0.245717	0.423043	0.094113	139	1778	1917
1215	2/23/2011	1	0	2	16	0	3	1	1	0.34	0.3636	0.25	0	15	79	94	54	1	0	2	0	3	1	1	0.221739	0.245717	0.423043	0.094113	139	1778	1917
1216	2/23/2011	1	0	2	17	0	3	1	1	0.34	0.3485	0.25	0.0896	15	207	222	54	1	0	2	0	3	1	1	0.221739	0.245717	0.423043	0.094113	139	1778	1917
1217	2/23/2011	1	0	2	18	0	3	1	1	0.32	0.3333	0.26	0.0896	3	206	209	54	1	0	2	0	3	1	1	0.221739	0.245717	0.423043	0.094113	139	1778	1917
1218	2/23/2011	1	0	2	19	0	3	1	1	0.3	0.3333	0.33	0	6	135	141	54	1	0	2	0	3	1	1	0.221739	0.245717	0.423043	0.094113	139	1778	1917
1219	2/23/2011	1	0	2	20	0	3	1	1	0.24	0.2424	0.6	0.1642	2	107	109	54	1	0	2	0	3	1	1	0.221739	0.245717	0.423043	0.094113	139	1778	1917
1220	2/23/2011	1	0	2	21	0	3	1	1	0.24	0.2879	0.48	0	2	89	91	54	1	0	2	0	3	1	1	0.221739	0.245717	0.423043	0.094113	139	1778	1917
1221	2/23/2011	1	0	2	22	0	3	1	1	0.24	0.2879	0.48	0	1	60	61	54	1	0	2	0	3	1	1	0.221739	0.245717	0.423043	0.094113	139	1778	1917
1222	2/23/2011	1	0	2	23	0	3	1	1	0.22	0.2576	0.55	0.0896	1	38	39	54	1	0	2	0	3	1	1	0.221739	0.245717	0.423043	0.094113	139	1778	1917
1223	2/24/2011	1	0	2	0	0	4	1	1	0.22	0.2576	0.55	0.0896	0	11	11	55	1	0	2	0	4	1	2	0.295652	0.289191	0.697391	0.250496	100	1707	1807
1224	2/24/2011	1	0	2	1	0	4	1	1	0.22	0.2576	0.6	0.0896	0	7	7	55	1	0	2	0	4	1	2	0.295652	0.289191	0.697391	0.250496	100	1707	1807
1225	2/24/2011	1	0	2	2	0	4	1	1	0.2	0.2273	0.64	0.0896	0	4	4	55	1	0	2	0	4	1	2	0.295652	0.289191	0.697391	0.250496	100	1707	1807
1226	2/24/2011	1	0	2	3	0	4	1	1	0.2	0.2121	0.64	0.1343	0	2	2	55	1	0	2	0	4	1	2	0.295652	0.289191	0.697391	0.250496	100	1707	1807
1227	2/24/2011	1	0	2	5	0	4	1	1	0.2	0.2121	0.69	0.1343	1	3	4	55	1	0	2	0	4	1	2	0.295652	0.289191	0.697391	0.250496	100	1707	1807
1228	2/24/2011	1	0	2	6	0	4	1	1	0.2	0.197	0.69	0.194	0	58	58	55	1	0	2	0	4	1	2	0.295652	0.289191	0.697391	0.250496	100	1707	1807
1229	2/24/2011	1	0	2	7	0	4	1	1	0.2	0.197	0.72	0.194	0	104	104	55	1	0	2	0	4	1	2	0.295652	0.289191	0.697391	0.250496	100	1707	1807
1230	2/24/2011	1	0	2	8	0	4	1	1	0.24	0.2273	0.7	0.2239	8	244	252	55	1	0	2	0	4	1	2	0.295652	0.289191	0.697391	0.250496	100	1707	1807
1231	2/24/2011	1	0	2	9	0	4	1	2	0.24	0.2121	0.75	0.2985	4	133	137	55	1	0	2	0	4	1	2	0.295652	0.289191	0.697391	0.250496	100	1707	1807
1232	2/24/2011	1	0	2	10	0	4	1	2	0.26	0.2424	0.7	0.2836	8	49	57	55	1	0	2	0	4	1	2	0.295652	0.289191	0.697391	0.250496	100	1707	1807
1233	2/24/2011	1	0	2	11	0	4	1	2	0.32	0.2879	0.57	0.3881	8	71	79	55	1	0	2	0	4	1	2	0.295652	0.289191	0.697391	0.250496	100	1707	1807
1234	2/24/2011	1	0	2	12	0	4	1	2	0.36	0.3333	0.53	0.3582	10	85	95	55	1	0	2	0	4	1	2	0.295652	0.289191	0.697391	0.250496	100	1707	1807
1235	2/24/2011	1	0	2	13	0	4	1	2	0.38	0.3939	0.54	0.2985	16	72	88	55	1	0	2	0	4	1	2	0.295652	0.289191	0.697391	0.250496	100	1707	1807
1236	2/24/2011	1	0	2	14	0	4	1	2	0.4	0.4091	0.5	0.2985	2	67	69	55	1	0	2	0	4	1	2	0.295652	0.289191	0.697391	0.250496	100	1707	1807
1237	2/24/2011	1	0	2	15	0	4	1	3	0.4	0.4091	0.54	0.3881	5	58	63	55	1	0	2	0	4	1	2	0.295652	0.289191	0.697391	0.250496	100	1707	1807
1238	2/24/2011	1	0	2	16	0	4	1	3	0.38	0.3939	0.62	0.2836	4	67	71	55	1	0	2	0	4	1	2	0.295652	0.289191	0.697391	0.250496	100	1707	1807
1239	2/24/2011	1	0	2	17	0	4	1	3	0.36	0.3485	0.66	0.194	9	168	177	55	1	0	2	0	4	1	2	0.295652	0.289191	0.697391	0.250496	100	1707	1807
1240	2/24/2011	1	0	2	18	0	4	1	2	0.34	0.303	0.87	0.3284	5	132	137	55	1	0	2	0	4	1	2	0.295652	0.289191	0.697391	0.250496	100	1707	1807
1241	2/24/2011	1	0	2	19	0	4	1	3	0.34	0.303	0.93	0.2985	3	112	115	55	1	0	2	0	4	1	2	0.295652	0.289191	0.697391	0.250496	100	1707	1807
1242	2/24/2011	1	0	2	20	0	4	1	2	0.34	0.303	0.93	0.3582	2	87	89	55	1	0	2	0	4	1	2	0.295652	0.289191	0.697391	0.250496	100	1707	1807
1243	2/24/2011	1	0	2	21	0	4	1	2	0.34	0.303	0.87	0.3284	7	76	83	55	1	0	2	0	4	1	2	0.295652	0.289191	0.697391	0.250496	100	1707	1807
1244	2/24/2011	1	0	2	22	0	4	1	3	0.34	0.3182	0.87	0.2836	5	50	55	55	1	0	2	0	4	1	2	0.295652	0.289191	0.697391	0.250496	100	1707	1807
1245	2/24/2011	1	0	2	23	0	4	1	2	0.32	0.303	0.93	0.2239	3	47	50	55	1	0	2	0	4	1	2	0.295652	0.289191	0.697391	0.250496	100	1707	1807
1246	2/25/2011	1	0	2	0	0	5	1	3	0.32	0.3485	0.93	0	1	8	9	56	1	0	2	0	5	1	2	0.364348	0.350461	0.712174	0.346539	120	1341	1461
1247	2/25/2011	1	0	2	1	0	5	1	2	0.32	0.3485	1	0	1	9	10	56	1	0	2	0	5	1	2	0.364348	0.350461	0.712174	0.346539	120	1341	1461
1248	2/25/2011	1	0	2	2	0	5	1	2	0.32	0.3485	1	0	0	3	3	56	1	0	2	0	5	1	2	0.364348	0.350461	0.712174	0.346539	120	1341	1461
1249	2/25/2011	1	0	2	3	0	5	1	2	0.32	0.3333	0.93	0.1045	1	1	2	56	1	0	2	0	5	1	2	0.364348	0.350461	0.712174	0.346539	120	1341	1461
1250	2/25/2011	1	0	2	5	0	5	1	2	0.32	0.3333	0.93	0.1045	1	5	6	56	1	0	2	0	5	1	2	0.364348	0.350461	0.712174	0.346539	120	1341	1461
1251	2/25/2011	1	0	2	6	0	5	1	3	0.34	0.3485	0.93	0.0896	0	11	11	56	1	0	2	0	5	1	2	0.364348	0.350461	0.712174	0.346539	120	1341	1461
1252	2/25/2011	1	0	2	7	0	5	1	3	0.34	0.3333	1	0.1343	1	34	35	56	1	0	2	0	5	1	2	0.364348	0.350461	0.712174	0.346539	120	1341	1461
1253	2/25/2011	1	0	2	8	0	5	1	3	0.36	0.3485	0.93	0.1343	3	70	73	56	1	0	2	0	5	1	2	0.364348	0.350461	0.712174	0.346539	120	1341	1461
1254	2/25/2011	1	0	2	9	0	5	1	3	0.34	0.303	0.93	0.3582	3	111	114	56	1	0	2	0	5	1	2	0.364348	0.350461	0.712174	0.346539	120	1341	1461
1255	2/25/2011	1	0	2	10	0	5	1	3	0.42	0.4242	0.94	0.3284	7	42	49	56	1	0	2	0	5	1	2	0.364348	0.350461	0.712174	0.346539	120	1341	1461
1256	2/25/2011	1	0	2	11	0	5	1	1	0.52	0.5	0.77	0.4478	9	50	59	56	1	0	2	0	5	1	2	0.364348	0.350461	0.712174	0.346539	120	1341	1461
1257	2/25/2011	1	0	2	12	0	5	1	3	0.54	0.5152	0.6	0.4627	20	95	115	56	1	0	2	0	5	1	2	0.364348	0.350461	0.712174	0.346539	120	1341	1461
1258	2/25/2011	1	0	2	13	0	5	1	3	0.54	0.5152	0.6	0.4627	6	77	83	56	1	0	2	0	5	1	2	0.364348	0.350461	0.712174	0.346539	120	1341	1461
1259	2/25/2011	1	0	2	14	0	5	1	3	0.56	0.5303	0.56	0.6119	14	71	85	56	1	0	2	0	5	1	2	0.364348	0.350461	0.712174	0.346539	120	1341	1461
1260	2/25/2011	1	0	2	15	0	5	1	1	0.46	0.4545	0.41	0.806	5	50	55	56	1	0	2	0	5	1	2	0.364348	0.350461	0.712174	0.346539	120	1341	1461
1261	2/25/2011	1	0	2	16	0	5	1	1	0.32	0.2879	0.49	0.4627	11	91	102	56	1	0	2	0	5	1	2	0.364348	0.350461	0.712174	0.346539	120	1341	1461
1262	2/25/2011	1	0	2	17	0	5	1	1	0.32	0.2727	0.49	0.7463	8	181	189	56	1	0	2	0	5	1	2	0.364348	0.350461	0.712174	0.346539	120	1341	1461
1263	2/25/2011	1	0	2	18	0	5	1	1	0.32	0.2879	0.49	0.4925	7	150	157	56	1	0	2	0	5	1	2	0.364348	0.350461	0.712174	0.346539	120	1341	1461
1264	2/25/2011	1	0	2	19	0	5	1	1	0.3	0.2727	0.52	0.4478	4	86	90	56	1	0	2	0	5	1	2	0.364348	0.350461	0.712174	0.346539	120	1341	1461
1265	2/25/2011	1	0	2	20	0	5	1	1	0.3	0.2576	0.49	0.6119	2	60	62	56	1	0	2	0	5	1	2	0.364348	0.350461	0.712174	0.346539	120	1341	1461
1266	2/25/2011	1	0	2	21	0	5	1	1	0.28	0.2576	0.48	0.3881	7	56	63	56	1	0	2	0	5	1	2	0.364348	0.350461	0.712174	0.346539	120	1341	1461
1267	2/25/2011	1	0	2	22	0	5	1	1	0.26	0.2121	0.48	0.4478	7	43	50	56	1	0	2	0	5	1	2	0.364348	0.350461	0.712174	0.346539	120	1341	1461
1268	2/25/2011	1	0	2	23	0	5	1	1	0.26	0.2273	0.48	0.3284	2	37	39	56	1	0	2	0	5	1	2	0.364348	0.350461	0.712174	0.346539	120	1341	1461
1269	2/26/2011	1	0	2	0	0	6	0	1	0.24	0.2273	0.52	0.194	3	25	28	57	1	0	2	0	6	0	1	0.2825	0.282192	0.537917	0.186571	424	1545	1969
1270	2/26/2011	1	0	2	1	0	6	0	1	0.24	0.2121	0.52	0.2985	2	25	27	57	1	0	2	0	6	0	1	0.2825	0.282192	0.537917	0.186571	424	1545	1969
1271	2/26/2011	1	0	2	2	0	6	0	1	0.22	0.197	0.6	0.3582	3	9	12	57	1	0	2	0	6	0	1	0.2825	0.282192	0.537917	0.186571	424	1545	1969
1272	2/26/2011	1	0	2	3	0	6	0	1	0.22	0.2273	0.55	0.1343	1	7	8	57	1	0	2	0	6	0	1	0.2825	0.282192	0.537917	0.186571	424	1545	1969
1273	2/26/2011	1	0	2	4	0	6	0	2	0.22	0.2576	0.6	0.0896	1	1	2	57	1	0	2	0	6	0	1	0.2825	0.282192	0.537917	0.186571	424	1545	1969
1274	2/26/2011	1	0	2	5	0	6	0	2	0.22	0.2424	0.64	0.1045	1	9	10	57	1	0	2	0	6	0	1	0.2825	0.282192	0.537917	0.186571	424	1545	1969
1275	2/26/2011	1	0	2	6	0	6	0	1	0.22	0.2727	0.6	0	1	6	7	57	1	0	2	0	6	0	1	0.2825	0.282192	0.537917	0.186571	424	1545	1969
1276	2/26/2011	1	0	2	7	0	6	0	1	0.22	0.2576	0.6	0.0896	1	21	22	57	1	0	2	0	6	0	1	0.2825	0.282192	0.537917	0.186571	424	1545	1969
1277	2/26/2011	1	0	2	8	0	6	0	2	0.24	0.2879	0.6	0	2	55	57	57	1	0	2	0	6	0	1	0.2825	0.282192	0.537917	0.186571	424	1545	1969
1278	2/26/2011	1	0	2	9	0	6	0	2	0.26	0.2576	0.56	0.1642	9	65	74	57	1	0	2	0	6	0	1	0.2825	0.282192	0.537917	0.186571	424	1545	1969
1279	2/26/2011	1	0	2	10	0	6	0	2	0.3	0.303	0.49	0.1343	14	71	85	57	1	0	2	0	6	0	1	0.2825	0.282192	0.537917	0.186571	424	1545	1969
1280	2/26/2011	1	0	2	11	0	6	0	1	0.3	0.3333	0.45	0	26	100	126	57	1	0	2	0	6	0	1	0.2825	0.282192	0.537917	0.186571	424	1545	1969
1281	2/26/2011	1	0	2	12	0	6	0	2	0.32	0.3182	0.45	0.1642	45	115	160	57	1	0	2	0	6	0	1	0.2825	0.282192	0.537917	0.186571	424	1545	1969
1282	2/26/2011	1	0	2	13	0	6	0	2	0.34	0.3182	0.42	0.2537	38	136	174	57	1	0	2	0	6	0	1	0.2825	0.282192	0.537917	0.186571	424	1545	1969
1283	2/26/2011	1	0	2	14	0	6	0	2	0.34	0.303	0.36	0.3284	57	154	211	57	1	0	2	0	6	0	1	0.2825	0.282192	0.537917	0.186571	424	1545	1969
1284	2/26/2011	1	0	2	15	0	6	0	2	0.36	0.3333	0.4	0.2836	40	125	165	57	1	0	2	0	6	0	1	0.2825	0.282192	0.537917	0.186571	424	1545	1969
1285	2/26/2011	1	0	2	16	0	6	0	1	0.36	0.3333	0.46	0.2836	41	130	171	57	1	0	2	0	6	0	1	0.2825	0.282192	0.537917	0.186571	424	1545	1969
1286	2/26/2011	1	0	2	17	0	6	0	1	0.36	0.3485	0.43	0.2239	53	130	183	57	1	0	2	0	6	0	1	0.2825	0.282192	0.537917	0.186571	424	1545	1969
1287	2/26/2011	1	0	2	18	0	6	0	1	0.34	0.3333	0.46	0.194	26	111	137	57	1	0	2	0	6	0	1	0.2825	0.282192	0.537917	0.186571	424	1545	1969
1288	2/26/2011	1	0	2	19	0	6	0	1	0.32	0.303	0.49	0.2537	30	64	94	57	1	0	2	0	6	0	1	0.2825	0.282192	0.537917	0.186571	424	1545	1969
1289	2/26/2011	1	0	2	20	0	6	0	1	0.3	0.303	0.56	0.1642	8	60	68	57	1	0	2	0	6	0	1	0.2825	0.282192	0.537917	0.186571	424	1545	1969
1290	2/26/2011	1	0	2	21	0	6	0	1	0.28	0.2727	0.65	0.2537	9	59	68	57	1	0	2	0	6	0	1	0.2825	0.282192	0.537917	0.186571	424	1545	1969
1291	2/26/2011	1	0	2	22	0	6	0	1	0.28	0.2727	0.75	0.2239	8	38	46	57	1	0	2	0	6	0	1	0.2825	0.282192	0.537917	0.186571	424	1545	1969
1292	2/26/2011	1	0	2	23	0	6	0	1	0.28	0.2576	0.75	0.2836	5	29	34	57	1	0	2	0	6	0	1	0.2825	0.282192	0.537917	0.186571	424	1545	1969
1293	2/27/2011	1	0	2	0	0	0	0	1	0.26	0.2424	0.87	0.2836	8	26	34	58	1	0	2	0	0	0	1	0.343478	0.351109	0.68	0.125248	694	1708	2402
1294	2/27/2011	1	0	2	1	0	0	0	1	0.26	0.2576	0.87	0.194	7	30	37	58	1	0	2	0	0	0	1	0.343478	0.351109	0.68	0.125248	694	1708	2402
1295	2/27/2011	1	0	2	2	0	0	0	1	0.26	0.2727	0.87	0.1343	2	20	22	58	1	0	2	0	0	0	1	0.343478	0.351109	0.68	0.125248	694	1708	2402
1296	2/27/2011	1	0	2	3	0	0	0	1	0.26	0.2879	0.87	0.0896	3	8	11	58	1	0	2	0	0	0	1	0.343478	0.351109	0.68	0.125248	694	1708	2402
1297	2/27/2011	1	0	2	4	0	0	0	1	0.24	0.2424	0.87	0.1343	0	2	2	58	1	0	2	0	0	0	1	0.343478	0.351109	0.68	0.125248	694	1708	2402
1298	2/27/2011	1	0	2	6	0	0	0	1	0.24	0.2879	0.87	0	2	1	3	58	1	0	2	0	0	0	1	0.343478	0.351109	0.68	0.125248	694	1708	2402
1299	2/27/2011	1	0	2	7	0	0	0	1	0.24	0.2424	0.87	0.1343	6	8	14	58	1	0	2	0	0	0	1	0.343478	0.351109	0.68	0.125248	694	1708	2402
1300	2/27/2011	1	0	2	8	0	0	0	1	0.26	0.303	0.87	0	9	26	35	58	1	0	2	0	0	0	1	0.343478	0.351109	0.68	0.125248	694	1708	2402
1301	2/27/2011	1	0	2	9	0	0	0	1	0.28	0.303	0.87	0.0896	17	42	59	58	1	0	2	0	0	0	1	0.343478	0.351109	0.68	0.125248	694	1708	2402
1302	2/27/2011	1	0	2	10	0	0	0	1	0.3	0.303	0.81	0.1642	24	79	103	58	1	0	2	0	0	0	1	0.343478	0.351109	0.68	0.125248	694	1708	2402
1303	2/27/2011	1	0	2	11	0	0	0	1	0.36	0.3485	0.62	0.1343	33	92	125	58	1	0	2	0	0	0	1	0.343478	0.351109	0.68	0.125248	694	1708	2402
1304	2/27/2011	1	0	2	12	0	0	0	1	0.4	0.4091	0.54	0.0896	61	132	193	58	1	0	2	0	0	0	1	0.343478	0.351109	0.68	0.125248	694	1708	2402
1305	2/27/2011	1	0	2	13	0	0	0	1	0.42	0.4242	0.47	0	90	169	259	58	1	0	2	0	0	0	1	0.343478	0.351109	0.68	0.125248	694	1708	2402
1306	2/27/2011	1	0	2	14	0	0	0	1	0.44	0.4394	0.47	0.0896	105	177	282	58	1	0	2	0	0	0	1	0.343478	0.351109	0.68	0.125248	694	1708	2402
1307	2/27/2011	1	0	2	15	0	0	0	1	0.46	0.4545	0.44	0.1343	98	163	261	58	1	0	2	0	0	0	1	0.343478	0.351109	0.68	0.125248	694	1708	2402
1308	2/27/2011	1	0	2	16	0	0	0	1	0.48	0.4697	0.44	0.1642	98	170	268	58	1	0	2	0	0	0	1	0.343478	0.351109	0.68	0.125248	694	1708	2402
1309	2/27/2011	1	0	2	17	0	0	0	1	0.42	0.4242	0.54	0.194	66	121	187	58	1	0	2	0	0	0	1	0.343478	0.351109	0.68	0.125248	694	1708	2402
1310	2/27/2011	1	0	2	18	0	0	0	1	0.4	0.4091	0.54	0.194	24	103	127	58	1	0	2	0	0	0	1	0.343478	0.351109	0.68	0.125248	694	1708	2402
1311	2/27/2011	1	0	2	19	0	0	0	1	0.4	0.4091	0.54	0.1343	16	86	102	58	1	0	2	0	0	0	1	0.343478	0.351109	0.68	0.125248	694	1708	2402
1312	2/27/2011	1	0	2	20	0	0	0	1	0.4	0.4091	0.54	0.0896	9	72	81	58	1	0	2	0	0	0	1	0.343478	0.351109	0.68	0.125248	694	1708	2402
1313	2/27/2011	1	0	2	21	0	0	0	1	0.38	0.3939	0.62	0.1642	8	61	69	58	1	0	2	0	0	0	1	0.343478	0.351109	0.68	0.125248	694	1708	2402
1314	2/27/2011	1	0	2	22	0	0	0	2	0.38	0.3939	0.62	0.1045	2	67	69	58	1	0	2	0	0	0	1	0.343478	0.351109	0.68	0.125248	694	1708	2402
1315	2/27/2011	1	0	2	23	0	0	0	2	0.36	0.3485	0.62	0.1642	6	53	59	58	1	0	2	0	0	0	1	0.343478	0.351109	0.68	0.125248	694	1708	2402
1316	2/28/2011	1	0	2	0	0	1	1	2	0.36	0.3636	0.66	0.1045	5	25	30	59	1	0	2	0	1	1	2	0.407273	0.400118	0.876364	0.289686	81	1365	1446
1317	2/28/2011	1	0	2	1	0	1	1	3	0.34	0.303	0.87	0.3582	1	7	8	59	1	0	2	0	1	1	2	0.407273	0.400118	0.876364	0.289686	81	1365	1446
1318	2/28/2011	1	0	2	3	0	1	1	3	0.32	0.3182	0.93	0.1642	0	1	1	59	1	0	2	0	1	1	2	0.407273	0.400118	0.876364	0.289686	81	1365	1446
1319	2/28/2011	1	0	2	5	0	1	1	2	0.34	0.3636	0.93	0	1	4	5	59	1	0	2	0	1	1	2	0.407273	0.400118	0.876364	0.289686	81	1365	1446
1320	2/28/2011	1	0	2	6	0	1	1	2	0.34	0.3485	0.96	0.1045	1	27	28	59	1	0	2	0	1	1	2	0.407273	0.400118	0.876364	0.289686	81	1365	1446
1321	2/28/2011	1	0	2	7	0	1	1	2	0.36	0.3636	0.93	0.1045	2	90	92	59	1	0	2	0	1	1	2	0.407273	0.400118	0.876364	0.289686	81	1365	1446
1322	2/28/2011	1	0	2	8	0	1	1	2	0.34	0.303	0.93	0.2985	13	242	255	59	1	0	2	0	1	1	2	0.407273	0.400118	0.876364	0.289686	81	1365	1446
1323	2/28/2011	1	0	2	9	0	1	1	1	0.42	0.4242	0.82	0.2836	15	127	142	59	1	0	2	0	1	1	2	0.407273	0.400118	0.876364	0.289686	81	1365	1446
1324	2/28/2011	1	0	2	10	0	1	1	2	0.52	0.5	0.72	0.4925	13	79	92	59	1	0	2	0	1	1	2	0.407273	0.400118	0.876364	0.289686	81	1365	1446
1325	2/28/2011	1	0	2	11	0	1	1	2	0.56	0.5303	0.64	0.2985	13	74	87	59	1	0	2	0	1	1	2	0.407273	0.400118	0.876364	0.289686	81	1365	1446
1326	2/28/2011	1	0	2	12	0	1	1	2	0.56	0.5303	0.64	0.2985	0	36	36	59	1	0	2	0	1	1	2	0.407273	0.400118	0.876364	0.289686	81	1365	1446
1327	2/28/2011	1	0	2	13	0	1	1	3	0.46	0.4545	0.94	0.2239	1	31	32	59	1	0	2	0	1	1	2	0.407273	0.400118	0.876364	0.289686	81	1365	1446
1328	2/28/2011	1	0	2	14	0	1	1	3	0.42	0.4242	1	0.2985	1	24	25	59	1	0	2	0	1	1	2	0.407273	0.400118	0.876364	0.289686	81	1365	1446
1329	2/28/2011	1	0	2	15	0	1	1	3	0.42	0.4242	1	0.2985	0	35	35	59	1	0	2	0	1	1	2	0.407273	0.400118	0.876364	0.289686	81	1365	1446
1330	2/28/2011	1	0	2	16	0	1	1	3	0.42	0.4242	1	0.1343	2	40	42	59	1	0	2	0	1	1	2	0.407273	0.400118	0.876364	0.289686	81	1365	1446
1331	2/28/2011	1	0	2	17	0	1	1	3	0.4	0.4091	1	0.2985	2	77	79	59	1	0	2	0	1	1	2	0.407273	0.400118	0.876364	0.289686	81	1365	1446
1332	2/28/2011	1	0	2	18	0	1	1	3	0.46	0.4545	0.94	0.194	4	127	131	59	1	0	2	0	1	1	2	0.407273	0.400118	0.876364	0.289686	81	1365	1446
1333	2/28/2011	1	0	2	19	0	1	1	3	0.44	0.4394	0.88	0.6119	1	79	80	59	1	0	2	0	1	1	2	0.407273	0.400118	0.876364	0.289686	81	1365	1446
1334	2/28/2011	1	0	2	20	0	1	1	3	0.44	0.4394	0.88	0.6119	0	45	45	59	1	0	2	0	1	1	2	0.407273	0.400118	0.876364	0.289686	81	1365	1446
1335	2/28/2011	1	0	2	21	0	1	1	2	0.38	0.3939	0.87	0.3881	2	78	80	59	1	0	2	0	1	1	2	0.407273	0.400118	0.876364	0.289686	81	1365	1446
1336	2/28/2011	1	0	2	22	0	1	1	3	0.34	0.303	0.93	0.4179	4	72	76	59	1	0	2	0	1	1	2	0.407273	0.400118	0.876364	0.289686	81	1365	1446
1337	2/28/2011	1	0	2	23	0	1	1	2	0.32	0.2879	0.81	0.3881	0	45	45	59	1	0	2	0	1	1	2	0.407273	0.400118	0.876364	0.289686	81	1365	1446
1338	3/1/2011	1	0	3	0	0	2	1	1	0.3	0.2727	0.7	0.4627	0	7	7	60	1	0	3	0	2	1	1	0.266667	0.263879	0.535	0.216425	137	1714	1851
1339	3/1/2011	1	0	3	1	0	2	1	1	0.26	0.2273	0.7	0.3582	0	3	3	60	1	0	3	0	2	1	1	0.266667	0.263879	0.535	0.216425	137	1714	1851
1340	3/1/2011	1	0	3	2	0	2	1	1	0.24	0.2121	0.65	0.3881	0	4	4	60	1	0	3	0	2	1	1	0.266667	0.263879	0.535	0.216425	137	1714	1851
1341	3/1/2011	1	0	3	3	0	2	1	1	0.22	0.2121	0.69	0.2836	0	2	2	60	1	0	3	0	2	1	1	0.266667	0.263879	0.535	0.216425	137	1714	1851
1342	3/1/2011	1	0	3	4	0	2	1	1	0.22	0.2121	0.69	0.2537	0	1	1	60	1	0	3	0	2	1	1	0.266667	0.263879	0.535	0.216425	137	1714	1851
1343	3/1/2011	1	0	3	5	0	2	1	1	0.2	0.1818	0.64	0.2836	1	1	2	60	1	0	3	0	2	1	1	0.266667	0.263879	0.535	0.216425	137	1714	1851
1344	3/1/2011	1	0	3	6	0	2	1	1	0.2	0.1818	0.59	0.2985	0	46	46	60	1	0	3	0	2	1	1	0.266667	0.263879	0.535	0.216425	137	1714	1851
1345	3/1/2011	1	0	3	7	0	2	1	1	0.2	0.1818	0.59	0.3284	2	105	107	60	1	0	3	0	2	1	1	0.266667	0.263879	0.535	0.216425	137	1714	1851
1346	3/1/2011	1	0	3	8	0	2	1	1	0.2	0.1818	0.59	0.3881	10	204	214	60	1	0	3	0	2	1	1	0.266667	0.263879	0.535	0.216425	137	1714	1851
1347	3/1/2011	1	0	3	9	0	2	1	1	0.22	0.197	0.55	0.4179	8	116	124	60	1	0	3	0	2	1	1	0.266667	0.263879	0.535	0.216425	137	1714	1851
1348	3/1/2011	1	0	3	10	0	2	1	1	0.24	0.2121	0.52	0.2836	13	55	68	60	1	0	3	0	2	1	1	0.266667	0.263879	0.535	0.216425	137	1714	1851
1349	3/1/2011	1	0	3	11	0	2	1	1	0.28	0.2727	0.45	0.2537	8	48	56	60	1	0	3	0	2	1	1	0.266667	0.263879	0.535	0.216425	137	1714	1851
1350	3/1/2011	1	0	3	12	0	2	1	1	0.3	0.303	0.39	0.1343	6	80	86	60	1	0	3	0	2	1	1	0.266667	0.263879	0.535	0.216425	137	1714	1851
1351	3/1/2011	1	0	3	13	0	2	1	1	0.32	0.3485	0.39	0	13	65	78	60	1	0	3	0	2	1	1	0.266667	0.263879	0.535	0.216425	137	1714	1851
1352	3/1/2011	1	0	3	14	0	2	1	1	0.32	0.3333	0.36	0.1343	18	61	79	60	1	0	3	0	2	1	1	0.266667	0.263879	0.535	0.216425	137	1714	1851
1353	3/1/2011	1	0	3	15	0	2	1	1	0.34	0.3636	0.34	0	7	57	64	60	1	0	3	0	2	1	1	0.266667	0.263879	0.535	0.216425	137	1714	1851
1354	3/1/2011	1	0	3	16	0	2	1	1	0.34	0.3485	0.34	0.0896	10	92	102	60	1	0	3	0	2	1	1	0.266667	0.263879	0.535	0.216425	137	1714	1851
1355	3/1/2011	1	0	3	17	0	2	1	1	0.34	0.3485	0.34	0.0896	12	230	242	60	1	0	3	0	2	1	1	0.266667	0.263879	0.535	0.216425	137	1714	1851
1356	3/1/2011	1	0	3	18	0	2	1	1	0.32	0.3182	0.39	0.194	10	214	224	60	1	0	3	0	2	1	1	0.266667	0.263879	0.535	0.216425	137	1714	1851
1357	3/1/2011	1	0	3	19	0	2	1	1	0.3	0.303	0.49	0.1343	4	115	119	60	1	0	3	0	2	1	1	0.266667	0.263879	0.535	0.216425	137	1714	1851
1358	3/1/2011	1	0	3	20	0	2	1	1	0.3	0.3182	0.61	0.0896	2	86	88	60	1	0	3	0	2	1	1	0.266667	0.263879	0.535	0.216425	137	1714	1851
1359	3/1/2011	1	0	3	21	0	2	1	1	0.26	0.303	0.56	0	8	55	63	60	1	0	3	0	2	1	1	0.266667	0.263879	0.535	0.216425	137	1714	1851
1360	3/1/2011	1	0	3	22	0	2	1	1	0.24	0.2727	0.62	0.1045	3	44	47	60	1	0	3	0	2	1	1	0.266667	0.263879	0.535	0.216425	137	1714	1851
1361	3/1/2011	1	0	3	23	0	2	1	1	0.24	0.2273	0.65	0.2239	2	23	25	60	1	0	3	0	2	1	1	0.266667	0.263879	0.535	0.216425	137	1714	1851
1362	3/2/2011	1	0	3	0	0	3	1	1	0.22	0.2273	0.69	0.1642	3	5	8	61	1	0	3	0	3	1	1	0.335	0.320071	0.449583	0.307833	231	1903	2134
1363	3/2/2011	1	0	3	1	0	3	1	1	0.22	0.2273	0.69	0.194	0	4	4	61	1	0	3	0	3	1	1	0.335	0.320071	0.449583	0.307833	231	1903	2134
1364	3/2/2011	1	0	3	2	0	3	1	1	0.22	0.2273	0.69	0.194	0	2	2	61	1	0	3	0	3	1	1	0.335	0.320071	0.449583	0.307833	231	1903	2134
1365	3/2/2011	1	0	3	3	0	3	1	1	0.22	0.2121	0.69	0.2836	3	1	4	61	1	0	3	0	3	1	1	0.335	0.320071	0.449583	0.307833	231	1903	2134
1366	3/2/2011	1	0	3	4	0	3	1	1	0.2	0.2121	0.75	0.1343	1	0	1	61	1	0	3	0	3	1	1	0.335	0.320071	0.449583	0.307833	231	1903	2134
1367	3/2/2011	1	0	3	5	0	3	1	1	0.22	0.2121	0.69	0.2239	0	5	5	61	1	0	3	0	3	1	1	0.335	0.320071	0.449583	0.307833	231	1903	2134
1368	3/2/2011	1	0	3	6	0	3	1	1	0.22	0.2121	0.55	0.2537	1	39	40	61	1	0	3	0	3	1	1	0.335	0.320071	0.449583	0.307833	231	1903	2134
1369	3/2/2011	1	0	3	7	0	3	1	1	0.22	0.2121	0.64	0.2537	2	108	110	61	1	0	3	0	3	1	1	0.335	0.320071	0.449583	0.307833	231	1903	2134
1370	3/2/2011	1	0	3	8	0	3	1	1	0.24	0.2121	0.65	0.2836	13	243	256	61	1	0	3	0	3	1	1	0.335	0.320071	0.449583	0.307833	231	1903	2134
1371	3/2/2011	1	0	3	9	0	3	1	1	0.28	0.2576	0.56	0.2985	7	141	148	61	1	0	3	0	3	1	1	0.335	0.320071	0.449583	0.307833	231	1903	2134
1372	3/2/2011	1	0	3	10	0	3	1	1	0.32	0.303	0.49	0.2836	11	65	76	61	1	0	3	0	3	1	1	0.335	0.320071	0.449583	0.307833	231	1903	2134
1373	3/2/2011	1	0	3	11	0	3	1	1	0.34	0.303	0.53	0.3284	8	65	73	61	1	0	3	0	3	1	1	0.335	0.320071	0.449583	0.307833	231	1903	2134
1374	3/2/2011	1	0	3	12	0	3	1	1	0.4	0.4091	0.43	0.194	20	62	82	61	1	0	3	0	3	1	1	0.335	0.320071	0.449583	0.307833	231	1903	2134
1375	3/2/2011	1	0	3	13	0	3	1	1	0.5	0.4848	0.25	0	35	90	125	61	1	0	3	0	3	1	1	0.335	0.320071	0.449583	0.307833	231	1903	2134
1376	3/2/2011	1	0	3	14	0	3	1	1	0.52	0.5	0.23	0.2985	21	75	96	61	1	0	3	0	3	1	1	0.335	0.320071	0.449583	0.307833	231	1903	2134
1377	3/2/2011	1	0	3	15	0	3	1	1	0.54	0.5152	0.19	0.4179	19	91	110	61	1	0	3	0	3	1	1	0.335	0.320071	0.449583	0.307833	231	1903	2134
1378	3/2/2011	1	0	3	16	0	3	1	1	0.54	0.5152	0.19	0.3284	27	112	139	61	1	0	3	0	3	1	1	0.335	0.320071	0.449583	0.307833	231	1903	2134
1379	3/2/2011	1	0	3	17	0	3	1	1	0.5	0.4848	0.23	0.2836	30	238	268	61	1	0	3	0	3	1	1	0.335	0.320071	0.449583	0.307833	231	1903	2134
1380	3/2/2011	1	0	3	18	0	3	1	1	0.46	0.4545	0.23	0.4925	8	193	201	61	1	0	3	0	3	1	1	0.335	0.320071	0.449583	0.307833	231	1903	2134
1381	3/2/2011	1	0	3	19	0	3	1	1	0.4	0.4091	0.28	0.5224	6	144	150	61	1	0	3	0	3	1	1	0.335	0.320071	0.449583	0.307833	231	1903	2134
1382	3/2/2011	1	0	3	20	0	3	1	1	0.36	0.3333	0.29	0.4179	9	86	95	61	1	0	3	0	3	1	1	0.335	0.320071	0.449583	0.307833	231	1903	2134
1383	3/2/2011	1	0	3	21	0	3	1	1	0.34	0.2879	0.29	0.4627	3	68	71	61	1	0	3	0	3	1	1	0.335	0.320071	0.449583	0.307833	231	1903	2134
1384	3/2/2011	1	0	3	22	0	3	1	1	0.3	0.2576	0.26	0.5522	4	44	48	61	1	0	3	0	3	1	1	0.335	0.320071	0.449583	0.307833	231	1903	2134
1385	3/2/2011	1	0	3	23	0	3	1	1	0.26	0.2121	0.3	0.5224	0	22	22	61	1	0	3	0	3	1	1	0.335	0.320071	0.449583	0.307833	231	1903	2134
1386	3/3/2011	1	0	3	0	0	4	1	1	0.24	0.197	0.3	0.4627	3	10	13	62	1	0	3	0	4	1	1	0.198333	0.200133	0.318333	0.225754	123	1562	1685
1387	3/3/2011	1	0	3	1	0	4	1	1	0.24	0.197	0.3	0.4627	0	1	1	62	1	0	3	0	4	1	1	0.198333	0.200133	0.318333	0.225754	123	1562	1685
1388	3/3/2011	1	0	3	2	0	4	1	1	0.2	0.1667	0.27	0.4627	1	2	3	62	1	0	3	0	4	1	1	0.198333	0.200133	0.318333	0.225754	123	1562	1685
1389	3/3/2011	1	0	3	3	0	4	1	1	0.2	0.1667	0.27	0.4627	0	1	1	62	1	0	3	0	4	1	1	0.198333	0.200133	0.318333	0.225754	123	1562	1685
1390	3/3/2011	1	0	3	4	0	4	1	1	0.16	0.1212	0.31	0.4925	0	1	1	62	1	0	3	0	4	1	1	0.198333	0.200133	0.318333	0.225754	123	1562	1685
1391	3/3/2011	1	0	3	5	0	4	1	1	0.14	0.1212	0.33	0.2985	1	7	8	62	1	0	3	0	4	1	1	0.198333	0.200133	0.318333	0.225754	123	1562	1685
1392	3/3/2011	1	0	3	6	0	4	1	1	0.14	0.1212	0.33	0.2985	1	34	35	62	1	0	3	0	4	1	1	0.198333	0.200133	0.318333	0.225754	123	1562	1685
1393	3/3/2011	1	0	3	7	0	4	1	1	0.12	0.0909	0.42	0.4179	1	110	111	62	1	0	3	0	4	1	1	0.198333	0.200133	0.318333	0.225754	123	1562	1685
1394	3/3/2011	1	0	3	8	0	4	1	1	0.14	0.1212	0.39	0.2985	4	216	220	62	1	0	3	0	4	1	1	0.198333	0.200133	0.318333	0.225754	123	1562	1685
1395	3/3/2011	1	0	3	9	0	4	1	1	0.16	0.1364	0.37	0.2836	10	135	145	62	1	0	3	0	4	1	1	0.198333	0.200133	0.318333	0.225754	123	1562	1685
1396	3/3/2011	1	0	3	10	0	4	1	1	0.18	0.1818	0.29	0.194	7	49	56	62	1	0	3	0	4	1	1	0.198333	0.200133	0.318333	0.225754	123	1562	1685
1397	3/3/2011	1	0	3	11	0	4	1	1	0.2	0.2273	0.29	0.0896	10	40	50	62	1	0	3	0	4	1	1	0.198333	0.200133	0.318333	0.225754	123	1562	1685
1398	3/3/2011	1	0	3	12	0	4	1	1	0.22	0.2273	0.25	0.1343	7	65	72	62	1	0	3	0	4	1	1	0.198333	0.200133	0.318333	0.225754	123	1562	1685
1399	3/3/2011	1	0	3	13	0	4	1	1	0.22	0.2576	0.25	0.0896	13	67	80	62	1	0	3	0	4	1	1	0.198333	0.200133	0.318333	0.225754	123	1562	1685
1400	3/3/2011	1	0	3	14	0	4	1	1	0.24	0.2576	0.21	0.1045	18	60	78	62	1	0	3	0	4	1	1	0.198333	0.200133	0.318333	0.225754	123	1562	1685
1401	3/3/2011	1	0	3	15	0	4	1	1	0.24	0.2879	0.23	0	6	62	68	62	1	0	3	0	4	1	1	0.198333	0.200133	0.318333	0.225754	123	1562	1685
1402	3/3/2011	1	0	3	16	0	4	1	1	0.26	0.303	0.23	0	6	65	71	62	1	0	3	0	4	1	1	0.198333	0.200133	0.318333	0.225754	123	1562	1685
1403	3/3/2011	1	0	3	17	0	4	1	1	0.26	0.303	0.22	0	17	185	202	62	1	0	3	0	4	1	1	0.198333	0.200133	0.318333	0.225754	123	1562	1685
1404	3/3/2011	1	0	3	18	0	4	1	1	0.24	0.2121	0.35	0.3284	6	161	167	62	1	0	3	0	4	1	1	0.198333	0.200133	0.318333	0.225754	123	1562	1685
1405	3/3/2011	1	0	3	19	0	4	1	1	0.2	0.197	0.4	0.2537	5	101	106	62	1	0	3	0	4	1	1	0.198333	0.200133	0.318333	0.225754	123	1562	1685
1406	3/3/2011	1	0	3	20	0	4	1	1	0.2	0.2273	0.4	0.0896	1	69	70	62	1	0	3	0	4	1	1	0.198333	0.200133	0.318333	0.225754	123	1562	1685
1407	3/3/2011	1	0	3	21	0	4	1	1	0.18	0.2121	0.4	0.1045	3	48	51	62	1	0	3	0	4	1	1	0.198333	0.200133	0.318333	0.225754	123	1562	1685
1408	3/3/2011	1	0	3	22	0	4	1	1	0.2	0.2576	0.4	0	3	50	53	62	1	0	3	0	4	1	1	0.198333	0.200133	0.318333	0.225754	123	1562	1685
1409	3/3/2011	1	0	3	23	0	4	1	2	0.18	0.2121	0.43	0.0896	0	23	23	62	1	0	3	0	4	1	1	0.198333	0.200133	0.318333	0.225754	123	1562	1685
1410	3/4/2011	1	0	3	0	0	5	1	2	0.2	0.197	0.55	0.194	0	12	12	63	1	0	3	0	5	1	2	0.261667	0.255679	0.610417	0.203346	214	1730	1944
1411	3/4/2011	1	0	3	1	0	5	1	2	0.18	0.1818	0.64	0.194	0	4	4	63	1	0	3	0	5	1	2	0.261667	0.255679	0.610417	0.203346	214	1730	1944
1412	3/4/2011	1	0	3	2	0	5	1	2	0.18	0.1818	0.64	0.194	0	2	2	63	1	0	3	0	5	1	2	0.261667	0.255679	0.610417	0.203346	214	1730	1944
1413	3/4/2011	1	0	3	3	0	5	1	2	0.18	0.1667	0.74	0.2537	0	1	1	63	1	0	3	0	5	1	2	0.261667	0.255679	0.610417	0.203346	214	1730	1944
1414	3/4/2011	1	0	3	4	0	5	1	2	0.18	0.1818	0.74	0.194	1	0	1	63	1	0	3	0	5	1	2	0.261667	0.255679	0.610417	0.203346	214	1730	1944
1415	3/4/2011	1	0	3	5	0	5	1	2	0.16	0.1818	0.74	0.1343	0	7	7	63	1	0	3	0	5	1	2	0.261667	0.255679	0.610417	0.203346	214	1730	1944
1416	3/4/2011	1	0	3	6	0	5	1	2	0.16	0.197	0.74	0.0896	1	28	29	63	1	0	3	0	5	1	2	0.261667	0.255679	0.610417	0.203346	214	1730	1944
1417	3/4/2011	1	0	3	7	0	5	1	1	0.16	0.1818	0.8	0.1343	0	83	83	63	1	0	3	0	5	1	2	0.261667	0.255679	0.610417	0.203346	214	1730	1944
1418	3/4/2011	1	0	3	8	0	5	1	1	0.18	0.197	0.74	0.1343	6	222	228	63	1	0	3	0	5	1	2	0.261667	0.255679	0.610417	0.203346	214	1730	1944
1419	3/4/2011	1	0	3	9	0	5	1	1	0.22	0.2273	0.6	0.1343	12	138	150	63	1	0	3	0	5	1	2	0.261667	0.255679	0.610417	0.203346	214	1730	1944
1420	3/4/2011	1	0	3	10	0	5	1	1	0.24	0.2273	0.6	0.2537	10	56	66	63	1	0	3	0	5	1	2	0.261667	0.255679	0.610417	0.203346	214	1730	1944
1421	3/4/2011	1	0	3	11	0	5	1	1	0.28	0.2727	0.52	0.2239	16	73	89	63	1	0	3	0	5	1	2	0.261667	0.255679	0.610417	0.203346	214	1730	1944
1422	3/4/2011	1	0	3	12	0	5	1	1	0.32	0.303	0.43	0.1642	10	87	97	63	1	0	3	0	5	1	2	0.261667	0.255679	0.610417	0.203346	214	1730	1944
1423	3/4/2011	1	0	3	13	0	5	1	1	0.34	0.3182	0.42	0.2239	13	74	87	63	1	0	3	0	5	1	2	0.261667	0.255679	0.610417	0.203346	214	1730	1944
1424	3/4/2011	1	0	3	14	0	5	1	1	0.36	0.3333	0.4	0.2836	30	65	95	63	1	0	3	0	5	1	2	0.261667	0.255679	0.610417	0.203346	214	1730	1944
1425	3/4/2011	1	0	3	15	0	5	1	1	0.36	0.3333	0.4	0.2985	31	75	106	63	1	0	3	0	5	1	2	0.261667	0.255679	0.610417	0.203346	214	1730	1944
1426	3/4/2011	1	0	3	16	0	5	1	1	0.36	0.3485	0.46	0.194	17	101	118	63	1	0	3	0	5	1	2	0.261667	0.255679	0.610417	0.203346	214	1730	1944
1427	3/4/2011	1	0	3	17	0	5	1	2	0.36	0.3333	0.5	0.2537	22	206	228	63	1	0	3	0	5	1	2	0.261667	0.255679	0.610417	0.203346	214	1730	1944
1428	3/4/2011	1	0	3	18	0	5	1	2	0.34	0.303	0.53	0.2985	15	172	187	63	1	0	3	0	5	1	2	0.261667	0.255679	0.610417	0.203346	214	1730	1944
1429	3/4/2011	1	0	3	19	0	5	1	1	0.32	0.303	0.61	0.2537	5	102	107	63	1	0	3	0	5	1	2	0.261667	0.255679	0.610417	0.203346	214	1730	1944
1430	3/4/2011	1	0	3	20	0	5	1	2	0.3	0.2879	0.7	0.194	9	78	87	63	1	0	3	0	5	1	2	0.261667	0.255679	0.610417	0.203346	214	1730	1944
1431	3/4/2011	1	0	3	21	0	5	1	2	0.3	0.2879	0.7	0.2239	6	64	70	63	1	0	3	0	5	1	2	0.261667	0.255679	0.610417	0.203346	214	1730	1944
1432	3/4/2011	1	0	3	22	0	5	1	1	0.3	0.2879	0.7	0.194	4	40	44	63	1	0	3	0	5	1	2	0.261667	0.255679	0.610417	0.203346	214	1730	1944
1433	3/4/2011	1	0	3	23	0	5	1	2	0.3	0.303	0.75	0.1642	6	40	46	63	1	0	3	0	5	1	2	0.261667	0.255679	0.610417	0.203346	214	1730	1944
1434	3/5/2011	1	0	3	0	0	6	0	2	0.28	0.2879	0.81	0.1045	4	15	19	64	1	0	3	0	6	0	2	0.384167	0.378779	0.789167	0.251871	640	1437	2077
1435	3/5/2011	1	0	3	1	0	6	0	2	0.3	0.3182	0.81	0.1045	5	20	25	64	1	0	3	0	6	0	2	0.384167	0.378779	0.789167	0.251871	640	1437	2077
1436	3/5/2011	1	0	3	2	0	6	0	2	0.3	0.2879	0.87	0.194	5	15	20	64	1	0	3	0	6	0	2	0.384167	0.378779	0.789167	0.251871	640	1437	2077
1437	3/5/2011	1	0	3	3	0	6	0	2	0.3	0.2879	0.87	0.194	0	2	2	64	1	0	3	0	6	0	2	0.384167	0.378779	0.789167	0.251871	640	1437	2077
1438	3/5/2011	1	0	3	4	0	6	0	2	0.3	0.303	0.93	0.1642	0	1	1	64	1	0	3	0	6	0	2	0.384167	0.378779	0.789167	0.251871	640	1437	2077
1439	3/5/2011	1	0	3	5	0	6	0	2	0.3	0.303	1	0.1343	0	3	3	64	1	0	3	0	6	0	2	0.384167	0.378779	0.789167	0.251871	640	1437	2077
1440	3/5/2011	1	0	3	6	0	6	0	2	0.3	0.2879	1	0.2239	1	3	4	64	1	0	3	0	6	0	2	0.384167	0.378779	0.789167	0.251871	640	1437	2077
1441	3/5/2011	1	0	3	7	0	6	0	2	0.3	0.2727	1	0.2985	5	10	15	64	1	0	3	0	6	0	2	0.384167	0.378779	0.789167	0.251871	640	1437	2077
1442	3/5/2011	1	0	3	8	0	6	0	2	0.3	0.2727	1	0.2985	11	34	45	64	1	0	3	0	6	0	2	0.384167	0.378779	0.789167	0.251871	640	1437	2077
1443	3/5/2011	1	0	3	9	0	6	0	2	0.32	0.303	0.93	0.2239	15	48	63	64	1	0	3	0	6	0	2	0.384167	0.378779	0.789167	0.251871	640	1437	2077
1444	3/5/2011	1	0	3	10	0	6	0	2	0.34	0.3333	0.93	0.194	34	69	103	64	1	0	3	0	6	0	2	0.384167	0.378779	0.789167	0.251871	640	1437	2077
1445	3/5/2011	1	0	3	11	0	6	0	2	0.4	0.4091	0.76	0.2239	43	116	159	64	1	0	3	0	6	0	2	0.384167	0.378779	0.789167	0.251871	640	1437	2077
1446	3/5/2011	1	0	3	12	0	6	0	2	0.44	0.4394	0.67	0.2537	46	121	167	64	1	0	3	0	6	0	2	0.384167	0.378779	0.789167	0.251871	640	1437	2077
1447	3/5/2011	1	0	3	13	0	6	0	2	0.46	0.4545	0.67	0.2836	60	130	190	64	1	0	3	0	6	0	2	0.384167	0.378779	0.789167	0.251871	640	1437	2077
1448	3/5/2011	1	0	3	14	0	6	0	2	0.48	0.4697	0.59	0.2836	80	118	198	64	1	0	3	0	6	0	2	0.384167	0.378779	0.789167	0.251871	640	1437	2077
1449	3/5/2011	1	0	3	15	0	6	0	2	0.46	0.4545	0.63	0.2985	83	122	205	64	1	0	3	0	6	0	2	0.384167	0.378779	0.789167	0.251871	640	1437	2077
1450	3/5/2011	1	0	3	16	0	6	0	2	0.48	0.4697	0.59	0.2985	74	130	204	64	1	0	3	0	6	0	2	0.384167	0.378779	0.789167	0.251871	640	1437	2077
1451	3/5/2011	1	0	3	17	0	6	0	2	0.48	0.4697	0.59	0.3582	60	104	164	64	1	0	3	0	6	0	2	0.384167	0.378779	0.789167	0.251871	640	1437	2077
1452	3/5/2011	1	0	3	18	0	6	0	2	0.48	0.4697	0.59	0.3284	37	115	152	64	1	0	3	0	6	0	2	0.384167	0.378779	0.789167	0.251871	640	1437	2077
1453	3/5/2011	1	0	3	19	0	6	0	2	0.46	0.4545	0.67	0.3284	27	62	89	64	1	0	3	0	6	0	2	0.384167	0.378779	0.789167	0.251871	640	1437	2077
1454	3/5/2011	1	0	3	20	0	6	0	2	0.44	0.4394	0.77	0.3284	12	58	70	64	1	0	3	0	6	0	2	0.384167	0.378779	0.789167	0.251871	640	1437	2077
1455	3/5/2011	1	0	3	21	0	6	0	2	0.44	0.4394	0.72	0.3284	12	60	72	64	1	0	3	0	6	0	2	0.384167	0.378779	0.789167	0.251871	640	1437	2077
1456	3/5/2011	1	0	3	22	0	6	0	2	0.42	0.4242	0.77	0.2985	16	47	63	64	1	0	3	0	6	0	2	0.384167	0.378779	0.789167	0.251871	640	1437	2077
1457	3/5/2011	1	0	3	23	0	6	0	2	0.44	0.4394	0.77	0.2985	10	34	44	64	1	0	3	0	6	0	2	0.384167	0.378779	0.789167	0.251871	640	1437	2077
1458	3/6/2011	1	0	3	0	0	0	0	2	0.42	0.4242	0.77	0.3582	11	41	52	65	1	0	3	0	0	0	2	0.376522	0.366252	0.948261	0.343287	114	491	605
1459	3/6/2011	1	0	3	1	0	0	0	2	0.42	0.4242	0.77	0.2836	12	27	39	65	1	0	3	0	0	0	2	0.376522	0.366252	0.948261	0.343287	114	491	605
1460	3/6/2011	1	0	3	2	0	0	0	2	0.4	0.4091	0.82	0.2836	5	27	32	65	1	0	3	0	0	0	2	0.376522	0.366252	0.948261	0.343287	114	491	605
1461	3/6/2011	1	0	3	3	0	0	0	2	0.42	0.4242	0.82	0.2985	2	9	11	65	1	0	3	0	0	0	2	0.376522	0.366252	0.948261	0.343287	114	491	605
1462	3/6/2011	1	0	3	4	0	0	0	2	0.42	0.4242	0.88	0.3582	0	3	3	65	1	0	3	0	0	0	2	0.376522	0.366252	0.948261	0.343287	114	491	605
1463	3/6/2011	1	0	3	6	0	0	0	2	0.42	0.4242	0.94	0.3582	1	1	2	65	1	0	3	0	0	0	2	0.376522	0.366252	0.948261	0.343287	114	491	605
1464	3/6/2011	1	0	3	7	0	0	0	3	0.42	0.4242	1	0.4478	0	5	5	65	1	0	3	0	0	0	2	0.376522	0.366252	0.948261	0.343287	114	491	605
1465	3/6/2011	1	0	3	8	0	0	0	2	0.4	0.4091	1	0.2985	1	8	9	65	1	0	3	0	0	0	2	0.376522	0.366252	0.948261	0.343287	114	491	605
1466	3/6/2011	1	0	3	9	0	0	0	2	0.42	0.4242	1	0.2836	4	18	22	65	1	0	3	0	0	0	2	0.376522	0.366252	0.948261	0.343287	114	491	605
1467	3/6/2011	1	0	3	10	0	0	0	2	0.42	0.4242	1	0.2985	4	27	31	65	1	0	3	0	0	0	2	0.376522	0.366252	0.948261	0.343287	114	491	605
1468	3/6/2011	1	0	3	11	0	0	0	2	0.42	0.4242	1	0.2239	18	44	62	65	1	0	3	0	0	0	2	0.376522	0.366252	0.948261	0.343287	114	491	605
1469	3/6/2011	1	0	3	12	0	0	0	2	0.46	0.4545	0.94	0.3284	10	69	79	65	1	0	3	0	0	0	2	0.376522	0.366252	0.948261	0.343287	114	491	605
1470	3/6/2011	1	0	3	13	0	0	0	2	0.46	0.4545	0.94	0.3582	22	83	105	65	1	0	3	0	0	0	2	0.376522	0.366252	0.948261	0.343287	114	491	605
1471	3/6/2011	1	0	3	14	0	0	0	3	0.44	0.4394	1	0.2239	12	27	39	65	1	0	3	0	0	0	2	0.376522	0.366252	0.948261	0.343287	114	491	605
1472	3/6/2011	1	0	3	15	0	0	0	3	0.44	0.4394	1	0.2239	3	4	7	65	1	0	3	0	0	0	2	0.376522	0.366252	0.948261	0.343287	114	491	605
1473	3/6/2011	1	0	3	16	0	0	0	3	0.36	0.3333	1	0.2836	3	8	11	65	1	0	3	0	0	0	2	0.376522	0.366252	0.948261	0.343287	114	491	605
1474	3/6/2011	1	0	3	17	0	0	0	3	0.34	0.303	1	0.2985	2	23	25	65	1	0	3	0	0	0	2	0.376522	0.366252	0.948261	0.343287	114	491	605
1475	3/6/2011	1	0	3	18	0	0	0	3	0.32	0.2879	1	0.3582	0	23	23	65	1	0	3	0	0	0	2	0.376522	0.366252	0.948261	0.343287	114	491	605
1476	3/6/2011	1	0	3	19	0	0	0	3	0.3	0.2576	1	0.4925	0	11	11	65	1	0	3	0	0	0	2	0.376522	0.366252	0.948261	0.343287	114	491	605
1477	3/6/2011	1	0	3	20	0	0	0	3	0.28	0.2424	1	0.4179	3	8	11	65	1	0	3	0	0	0	2	0.376522	0.366252	0.948261	0.343287	114	491	605
1478	3/6/2011	1	0	3	21	0	0	0	3	0.24	0.1818	0.93	0.6119	1	6	7	65	1	0	3	0	0	0	2	0.376522	0.366252	0.948261	0.343287	114	491	605
1479	3/6/2011	1	0	3	22	0	0	0	2	0.22	0.197	1	0.3881	0	10	10	65	1	0	3	0	0	0	2	0.376522	0.366252	0.948261	0.343287	114	491	605
1480	3/6/2011	1	0	3	23	0	0	0	2	0.22	0.197	1	0.4179	0	9	9	65	1	0	3	0	0	0	2	0.376522	0.366252	0.948261	0.343287	114	491	605
1481	3/7/2011	1	0	3	0	0	1	1	3	0.2	0.1818	1	0.3284	0	4	4	66	1	0	3	0	1	1	1	0.261739	0.238461	0.551304	0.341352	244	1628	1872
1482	3/7/2011	1	0	3	1	0	1	1	3	0.2	0.1818	1	0.3284	0	2	2	66	1	0	3	0	1	1	1	0.261739	0.238461	0.551304	0.341352	244	1628	1872
1483	3/7/2011	1	0	3	3	0	1	1	1	0.2	0.1515	0.8	0.5821	0	1	1	66	1	0	3	0	1	1	1	0.261739	0.238461	0.551304	0.341352	244	1628	1872
1484	3/7/2011	1	0	3	4	0	1	1	1	0.2	0.1515	0.8	0.5224	1	0	1	66	1	0	3	0	1	1	1	0.261739	0.238461	0.551304	0.341352	244	1628	1872
1485	3/7/2011	1	0	3	5	0	1	1	1	0.2	0.1818	0.75	0.3582	0	1	1	66	1	0	3	0	1	1	1	0.261739	0.238461	0.551304	0.341352	244	1628	1872
1486	3/7/2011	1	0	3	6	0	1	1	1	0.2	0.1818	0.75	0.3881	3	31	34	66	1	0	3	0	1	1	1	0.261739	0.238461	0.551304	0.341352	244	1628	1872
1487	3/7/2011	1	0	3	7	0	1	1	1	0.2	0.1667	0.75	0.4179	3	88	91	66	1	0	3	0	1	1	1	0.261739	0.238461	0.551304	0.341352	244	1628	1872
1488	3/7/2011	1	0	3	8	0	1	1	1	0.2	0.1818	0.75	0.3881	11	200	211	66	1	0	3	0	1	1	1	0.261739	0.238461	0.551304	0.341352	244	1628	1872
1489	3/7/2011	1	0	3	9	0	1	1	1	0.22	0.1818	0.64	0.4627	5	129	134	66	1	0	3	0	1	1	1	0.261739	0.238461	0.551304	0.341352	244	1628	1872
1490	3/7/2011	1	0	3	10	0	1	1	1	0.24	0.2121	0.6	0.2985	15	43	58	66	1	0	3	0	1	1	1	0.261739	0.238461	0.551304	0.341352	244	1628	1872
1491	3/7/2011	1	0	3	11	0	1	1	1	0.26	0.2121	0.48	0.4478	19	41	60	66	1	0	3	0	1	1	1	0.261739	0.238461	0.551304	0.341352	244	1628	1872
1492	3/7/2011	1	0	3	12	0	1	1	1	0.3	0.2727	0.42	0.4179	28	68	96	66	1	0	3	0	1	1	1	0.261739	0.238461	0.551304	0.341352	244	1628	1872
1493	3/7/2011	1	0	3	13	0	1	1	1	0.32	0.2879	0.36	0.3881	16	54	70	66	1	0	3	0	1	1	1	0.261739	0.238461	0.551304	0.341352	244	1628	1872
1494	3/7/2011	1	0	3	14	0	1	1	1	0.32	0.2879	0.36	0.4179	21	56	77	66	1	0	3	0	1	1	1	0.261739	0.238461	0.551304	0.341352	244	1628	1872
1495	3/7/2011	1	0	3	15	0	1	1	1	0.34	0.303	0.31	0.3881	32	64	96	66	1	0	3	0	1	1	1	0.261739	0.238461	0.551304	0.341352	244	1628	1872
1496	3/7/2011	1	0	3	16	0	1	1	1	0.34	0.303	0.31	0.3582	26	96	122	66	1	0	3	0	1	1	1	0.261739	0.238461	0.551304	0.341352	244	1628	1872
1497	3/7/2011	1	0	3	17	0	1	1	1	0.34	0.303	0.29	0.3582	27	206	233	66	1	0	3	0	1	1	1	0.261739	0.238461	0.551304	0.341352	244	1628	1872
1498	3/7/2011	1	0	3	18	0	1	1	1	0.32	0.303	0.31	0.2239	19	214	233	66	1	0	3	0	1	1	1	0.261739	0.238461	0.551304	0.341352	244	1628	1872
1499	3/7/2011	1	0	3	19	0	1	1	1	0.3	0.2879	0.33	0.2239	11	134	145	66	1	0	3	0	1	1	1	0.261739	0.238461	0.551304	0.341352	244	1628	1872
1500	3/7/2011	1	0	3	20	0	1	1	1	0.3	0.303	0.33	0.1642	5	87	92	66	1	0	3	0	1	1	1	0.261739	0.238461	0.551304	0.341352	244	1628	1872
1501	3/7/2011	1	0	3	21	0	1	1	1	0.28	0.2727	0.38	0.2239	1	53	54	66	1	0	3	0	1	1	1	0.261739	0.238461	0.551304	0.341352	244	1628	1872
1502	3/7/2011	1	0	3	22	0	1	1	1	0.26	0.2576	0.48	0.1642	1	34	35	66	1	0	3	0	1	1	1	0.261739	0.238461	0.551304	0.341352	244	1628	1872
1503	3/7/2011	1	0	3	23	0	1	1	1	0.28	0.3182	0.48	0	0	22	22	66	1	0	3	0	1	1	1	0.261739	0.238461	0.551304	0.341352	244	1628	1872
1504	3/8/2011	1	0	3	0	0	2	1	1	0.26	0.2879	0.48	0.0896	1	9	10	67	1	0	3	0	2	1	1	0.2925	0.3024	0.420833	0.12065	316	1817	2133
1505	3/8/2011	1	0	3	1	0	2	1	1	0.24	0.2424	0.52	0.1343	0	4	4	67	1	0	3	0	2	1	1	0.2925	0.3024	0.420833	0.12065	316	1817	2133
1506	3/8/2011	1	0	3	2	0	2	1	1	0.24	0.2424	0.52	0.1343	1	0	1	67	1	0	3	0	2	1	1	0.2925	0.3024	0.420833	0.12065	316	1817	2133
1507	3/8/2011	1	0	3	3	0	2	1	1	0.24	0.2576	0.52	0.0896	5	2	7	67	1	0	3	0	2	1	1	0.2925	0.3024	0.420833	0.12065	316	1817	2133
1508	3/8/2011	1	0	3	4	0	2	1	1	0.22	0.2727	0.64	0	0	2	2	67	1	0	3	0	2	1	1	0.2925	0.3024	0.420833	0.12065	316	1817	2133
1509	3/8/2011	1	0	3	5	0	2	1	1	0.2	0.2273	0.69	0.1045	2	8	10	67	1	0	3	0	2	1	1	0.2925	0.3024	0.420833	0.12065	316	1817	2133
1510	3/8/2011	1	0	3	6	0	2	1	1	0.2	0.2576	0.59	0	3	42	45	67	1	0	3	0	2	1	1	0.2925	0.3024	0.420833	0.12065	316	1817	2133
1511	3/8/2011	1	0	3	7	0	2	1	1	0.18	0.197	0.64	0.1343	9	119	128	67	1	0	3	0	2	1	1	0.2925	0.3024	0.420833	0.12065	316	1817	2133
1512	3/8/2011	1	0	3	8	0	2	1	1	0.22	0.2273	0.55	0.194	10	247	257	67	1	0	3	0	2	1	1	0.2925	0.3024	0.420833	0.12065	316	1817	2133
1513	3/8/2011	1	0	3	9	0	2	1	1	0.26	0.2576	0.41	0.1642	11	140	151	67	1	0	3	0	2	1	1	0.2925	0.3024	0.420833	0.12065	316	1817	2133
1514	3/8/2011	1	0	3	10	0	2	1	2	0.3	0.2879	0.33	0.194	25	46	71	67	1	0	3	0	2	1	1	0.2925	0.3024	0.420833	0.12065	316	1817	2133
1515	3/8/2011	1	0	3	11	0	2	1	2	0.36	0.3485	0.25	0.1642	26	52	78	67	1	0	3	0	2	1	1	0.2925	0.3024	0.420833	0.12065	316	1817	2133
1516	3/8/2011	1	0	3	12	0	2	1	2	0.36	0.3788	0.23	0	29	70	99	67	1	0	3	0	2	1	1	0.2925	0.3024	0.420833	0.12065	316	1817	2133
1517	3/8/2011	1	0	3	13	0	2	1	2	0.38	0.3939	0.25	0.1045	25	73	98	67	1	0	3	0	2	1	1	0.2925	0.3024	0.420833	0.12065	316	1817	2133
1518	3/8/2011	1	0	3	14	0	2	1	2	0.38	0.3939	0.2	0	16	56	72	67	1	0	3	0	2	1	1	0.2925	0.3024	0.420833	0.12065	316	1817	2133
1519	3/8/2011	1	0	3	15	0	2	1	2	0.36	0.3788	0.18	0	35	77	112	67	1	0	3	0	2	1	1	0.2925	0.3024	0.420833	0.12065	316	1817	2133
1520	3/8/2011	1	0	3	16	0	2	1	1	0.38	0.3939	0.27	0.1642	26	82	108	67	1	0	3	0	2	1	1	0.2925	0.3024	0.420833	0.12065	316	1817	2133
1521	3/8/2011	1	0	3	17	0	2	1	1	0.36	0.3485	0.27	0.2239	39	209	248	67	1	0	3	0	2	1	1	0.2925	0.3024	0.420833	0.12065	316	1817	2133
1522	3/8/2011	1	0	3	18	0	2	1	1	0.34	0.3333	0.27	0.194	21	214	235	67	1	0	3	0	2	1	1	0.2925	0.3024	0.420833	0.12065	316	1817	2133
1523	3/8/2011	1	0	3	19	0	2	1	1	0.34	0.3485	0.31	0.1045	9	141	150	67	1	0	3	0	2	1	1	0.2925	0.3024	0.420833	0.12065	316	1817	2133
1524	3/8/2011	1	0	3	20	0	2	1	1	0.32	0.3333	0.39	0.0896	2	74	76	67	1	0	3	0	2	1	1	0.2925	0.3024	0.420833	0.12065	316	1817	2133
1525	3/8/2011	1	0	3	21	0	2	1	1	0.3	0.2879	0.49	0.194	7	68	75	67	1	0	3	0	2	1	1	0.2925	0.3024	0.420833	0.12065	316	1817	2133
1526	3/8/2011	1	0	3	22	0	2	1	1	0.3	0.2879	0.49	0.2239	11	44	55	67	1	0	3	0	2	1	1	0.2925	0.3024	0.420833	0.12065	316	1817	2133
1527	3/8/2011	1	0	3	23	0	2	1	1	0.28	0.2727	0.61	0.194	3	38	41	67	1	0	3	0	2	1	1	0.2925	0.3024	0.420833	0.12065	316	1817	2133
1528	3/9/2011	1	0	3	0	0	3	1	1	0.26	0.2879	0.65	0.0896	0	9	9	68	1	0	3	0	3	1	2	0.295833	0.286608	0.775417	0.22015	191	1700	1891
1529	3/9/2011	1	0	3	1	0	3	1	1	0.26	0.2727	0.52	0.1343	0	4	4	68	1	0	3	0	3	1	2	0.295833	0.286608	0.775417	0.22015	191	1700	1891
1530	3/9/2011	1	0	3	2	0	3	1	1	0.26	0.2727	0.52	0.1343	1	1	2	68	1	0	3	0	3	1	2	0.295833	0.286608	0.775417	0.22015	191	1700	1891
1531	3/9/2011	1	0	3	3	0	3	1	1	0.24	0.2576	0.7	0.0896	1	2	3	68	1	0	3	0	3	1	2	0.295833	0.286608	0.775417	0.22015	191	1700	1891
1532	3/9/2011	1	0	3	4	0	3	1	1	0.24	0.2576	0.75	0.1045	0	2	2	68	1	0	3	0	3	1	2	0.295833	0.286608	0.775417	0.22015	191	1700	1891
1533	3/9/2011	1	0	3	5	0	3	1	2	0.24	0.2424	0.81	0.1343	1	7	8	68	1	0	3	0	3	1	2	0.295833	0.286608	0.775417	0.22015	191	1700	1891
1534	3/9/2011	1	0	3	6	0	3	1	2	0.24	0.2576	0.85	0.1045	5	44	49	68	1	0	3	0	3	1	2	0.295833	0.286608	0.775417	0.22015	191	1700	1891
1535	3/9/2011	1	0	3	7	0	3	1	2	0.24	0.2424	0.87	0.1642	18	123	141	68	1	0	3	0	3	1	2	0.295833	0.286608	0.775417	0.22015	191	1700	1891
1536	3/9/2011	1	0	3	8	0	3	1	2	0.24	0.2424	0.87	0.1343	11	238	249	68	1	0	3	0	3	1	2	0.295833	0.286608	0.775417	0.22015	191	1700	1891
1537	3/9/2011	1	0	3	9	0	3	1	2	0.26	0.2424	0.87	0.2537	5	136	141	68	1	0	3	0	3	1	2	0.295833	0.286608	0.775417	0.22015	191	1700	1891
1538	3/9/2011	1	0	3	10	0	3	1	2	0.3	0.2879	0.75	0.2537	8	49	57	68	1	0	3	0	3	1	2	0.295833	0.286608	0.775417	0.22015	191	1700	1891
1539	3/9/2011	1	0	3	11	0	3	1	2	0.32	0.2879	0.76	0.3881	15	44	59	68	1	0	3	0	3	1	2	0.295833	0.286608	0.775417	0.22015	191	1700	1891
1540	3/9/2011	1	0	3	12	0	3	1	2	0.32	0.303	0.76	0.2537	14	84	98	68	1	0	3	0	3	1	2	0.295833	0.286608	0.775417	0.22015	191	1700	1891
1541	3/9/2011	1	0	3	13	0	3	1	2	0.32	0.2879	0.76	0.3582	17	82	99	68	1	0	3	0	3	1	2	0.295833	0.286608	0.775417	0.22015	191	1700	1891
1542	3/9/2011	1	0	3	14	0	3	1	2	0.34	0.303	0.76	0.2985	10	61	71	68	1	0	3	0	3	1	2	0.295833	0.286608	0.775417	0.22015	191	1700	1891
1543	3/9/2011	1	0	3	15	0	3	1	2	0.36	0.3333	0.71	0.2985	15	64	79	68	1	0	3	0	3	1	2	0.295833	0.286608	0.775417	0.22015	191	1700	1891
1544	3/9/2011	1	0	3	16	0	3	1	2	0.34	0.303	0.76	0.3284	10	102	112	68	1	0	3	0	3	1	2	0.295833	0.286608	0.775417	0.22015	191	1700	1891
1545	3/9/2011	1	0	3	17	0	3	1	2	0.34	0.303	0.76	0.2985	18	176	194	68	1	0	3	0	3	1	2	0.295833	0.286608	0.775417	0.22015	191	1700	1891
1546	3/9/2011	1	0	3	18	0	3	1	2	0.34	0.3182	0.76	0.2537	12	176	188	68	1	0	3	0	3	1	2	0.295833	0.286608	0.775417	0.22015	191	1700	1891
1547	3/9/2011	1	0	3	19	0	3	1	2	0.34	0.303	0.76	0.3284	11	123	134	68	1	0	3	0	3	1	2	0.295833	0.286608	0.775417	0.22015	191	1700	1891
1548	3/9/2011	1	0	3	20	0	3	1	2	0.32	0.3182	0.87	0.194	4	87	91	68	1	0	3	0	3	1	2	0.295833	0.286608	0.775417	0.22015	191	1700	1891
1549	3/9/2011	1	0	3	21	0	3	1	2	0.32	0.303	0.93	0.3284	10	52	62	68	1	0	3	0	3	1	2	0.295833	0.286608	0.775417	0.22015	191	1700	1891
1550	3/9/2011	1	0	3	22	0	3	1	3	0.32	0.3182	0.93	0.1642	4	17	21	68	1	0	3	0	3	1	2	0.295833	0.286608	0.775417	0.22015	191	1700	1891
1551	3/9/2011	1	0	3	23	0	3	1	3	0.34	0.3333	0.93	0.194	1	17	18	68	1	0	3	0	3	1	2	0.295833	0.286608	0.775417	0.22015	191	1700	1891
1552	3/10/2011	1	0	3	0	0	4	1	3	0.34	0.3182	0	0.2537	3	0	3	69	1	0	3	0	4	1	3	0.389091	0.385668	0	0.261877	46	577	623
1553	3/10/2011	1	0	3	1	0	4	1	3	0.34	0.3182	0	0.2537	0	2	2	69	1	0	3	0	4	1	3	0.389091	0.385668	0	0.261877	46	577	623
1554	3/10/2011	1	0	3	2	0	4	1	3	0.34	0.3182	0	0.2537	0	1	1	69	1	0	3	0	4	1	3	0.389091	0.385668	0	0.261877	46	577	623
1555	3/10/2011	1	0	3	5	0	4	1	3	0.36	0.3485	0	0.194	1	2	3	69	1	0	3	0	4	1	3	0.389091	0.385668	0	0.261877	46	577	623
1556	3/10/2011	1	0	3	6	0	4	1	3	0.36	0.3333	0	0.3284	0	12	12	69	1	0	3	0	4	1	3	0.389091	0.385668	0	0.261877	46	577	623
1557	3/10/2011	1	0	3	7	0	4	1	3	0.38	0.3939	0	0.2239	1	36	37	69	1	0	3	0	4	1	3	0.389091	0.385668	0	0.261877	46	577	623
1558	3/10/2011	1	0	3	8	0	4	1	3	0.38	0.3939	0	0.2836	1	43	44	69	1	0	3	0	4	1	3	0.389091	0.385668	0	0.261877	46	577	623
1559	3/10/2011	1	0	3	9	0	4	1	3	0.4	0.4091	0	0.2239	1	23	24	69	1	0	3	0	4	1	3	0.389091	0.385668	0	0.261877	46	577	623
1560	3/10/2011	1	0	3	10	0	4	1	3	0.4	0.4091	0	0.1642	0	17	17	69	1	0	3	0	4	1	3	0.389091	0.385668	0	0.261877	46	577	623
1561	3/10/2011	1	0	3	11	0	4	1	3	0.4	0.4091	0	0.2537	6	5	11	69	1	0	3	0	4	1	3	0.389091	0.385668	0	0.261877	46	577	623
1562	3/10/2011	1	0	3	12	0	4	1	3	0.42	0.4242	0	0.2239	4	30	34	69	1	0	3	0	4	1	3	0.389091	0.385668	0	0.261877	46	577	623
1563	3/10/2011	1	0	3	13	0	4	1	3	0.42	0.4242	0	0.2239	1	11	12	69	1	0	3	0	4	1	3	0.389091	0.385668	0	0.261877	46	577	623
1564	3/10/2011	1	0	3	14	0	4	1	3	0.44	0.4394	0	0.2985	0	12	12	69	1	0	3	0	4	1	3	0.389091	0.385668	0	0.261877	46	577	623
1565	3/10/2011	1	0	3	15	0	4	1	3	0.44	0.4394	0	0.2239	3	11	14	69	1	0	3	0	4	1	3	0.389091	0.385668	0	0.261877	46	577	623
1566	3/10/2011	1	0	3	16	0	4	1	3	0.42	0.4242	0	0.2537	1	20	21	69	1	0	3	0	4	1	3	0.389091	0.385668	0	0.261877	46	577	623
1567	3/10/2011	1	0	3	17	0	4	1	2	0.44	0.4394	0	0.3881	2	109	111	69	1	0	3	0	4	1	3	0.389091	0.385668	0	0.261877	46	577	623
1568	3/10/2011	1	0	3	18	0	4	1	3	0.44	0.4394	0	0.3582	2	80	82	69	1	0	3	0	4	1	3	0.389091	0.385668	0	0.261877	46	577	623
1569	3/10/2011	1	0	3	19	0	4	1	3	0.44	0.4394	0	0.5821	5	51	56	69	1	0	3	0	4	1	3	0.389091	0.385668	0	0.261877	46	577	623
1570	3/10/2011	1	0	3	20	0	4	1	3	0.36	0.3333	0	0.3284	9	29	38	69	1	0	3	0	4	1	3	0.389091	0.385668	0	0.261877	46	577	623
1571	3/10/2011	1	0	3	21	0	4	1	3	0.36	0.3485	0	0.2239	1	27	28	69	1	0	3	0	4	1	3	0.389091	0.385668	0	0.261877	46	577	623
1572	3/10/2011	1	0	3	22	0	4	1	2	0.34	0.3333	0	0.1343	4	30	34	69	1	0	3	0	4	1	3	0.389091	0.385668	0	0.261877	46	577	623
1573	3/10/2011	1	0	3	23	0	4	1	3	0.34	0.3485	0	0.0896	1	26	27	69	1	0	3	0	4	1	3	0.389091	0.385668	0	0.261877	46	577	623
1574	3/11/2011	1	0	3	0	0	5	1	2	0.34	0.3485	1	0.0896	0	6	6	70	1	0	3	0	5	1	2	0.316522	0.305	0.649565	0.23297	247	1730	1977
1575	3/11/2011	1	0	3	1	0	5	1	3	0.34	0.3485	1	0.1045	0	8	8	70	1	0	3	0	5	1	2	0.316522	0.305	0.649565	0.23297	247	1730	1977
1576	3/11/2011	1	0	3	2	0	5	1	3	0.34	0.3485	1	0.1045	2	3	5	70	1	0	3	0	5	1	2	0.316522	0.305	0.649565	0.23297	247	1730	1977
1577	3/11/2011	1	0	3	3	0	5	1	2	0.32	0.3333	0.93	0.0896	0	2	2	70	1	0	3	0	5	1	2	0.316522	0.305	0.649565	0.23297	247	1730	1977
1578	3/11/2011	1	0	3	5	0	5	1	1	0.3	0.2879	0.81	0.2239	1	6	7	70	1	0	3	0	5	1	2	0.316522	0.305	0.649565	0.23297	247	1730	1977
1579	3/11/2011	1	0	3	6	0	5	1	1	0.26	0.2424	0.81	0.2836	1	31	32	70	1	0	3	0	5	1	2	0.316522	0.305	0.649565	0.23297	247	1730	1977
1580	3/11/2011	1	0	3	7	0	5	1	1	0.26	0.2576	0.7	0.194	10	104	114	70	1	0	3	0	5	1	2	0.316522	0.305	0.649565	0.23297	247	1730	1977
1581	3/11/2011	1	0	3	8	0	5	1	1	0.28	0.2727	0.7	0.2537	15	244	259	70	1	0	3	0	5	1	2	0.316522	0.305	0.649565	0.23297	247	1730	1977
1582	3/11/2011	1	0	3	9	0	5	1	2	0.3	0.2879	0.61	0.2836	13	143	156	70	1	0	3	0	5	1	2	0.316522	0.305	0.649565	0.23297	247	1730	1977
1583	3/11/2011	1	0	3	10	0	5	1	2	0.32	0.303	0.57	0.2985	18	60	78	70	1	0	3	0	5	1	2	0.316522	0.305	0.649565	0.23297	247	1730	1977
1584	3/11/2011	1	0	3	11	0	5	1	2	0.32	0.303	0.57	0.2985	14	67	81	70	1	0	3	0	5	1	2	0.316522	0.305	0.649565	0.23297	247	1730	1977
1585	3/11/2011	1	0	3	12	0	5	1	2	0.34	0.3182	0.53	0.2537	15	96	111	70	1	0	3	0	5	1	2	0.316522	0.305	0.649565	0.23297	247	1730	1977
1586	3/11/2011	1	0	3	13	0	5	1	1	0.36	0.3333	0.53	0.2537	15	92	107	70	1	0	3	0	5	1	2	0.316522	0.305	0.649565	0.23297	247	1730	1977
1587	3/11/2011	1	0	3	14	0	5	1	2	0.36	0.3333	0.5	0.3582	25	64	89	70	1	0	3	0	5	1	2	0.316522	0.305	0.649565	0.23297	247	1730	1977
1588	3/11/2011	1	0	3	15	0	5	1	2	0.34	0.3182	0.53	0.2537	21	64	85	70	1	0	3	0	5	1	2	0.316522	0.305	0.649565	0.23297	247	1730	1977
1589	3/11/2011	1	0	3	16	0	5	1	2	0.34	0.303	0.49	0.2985	18	95	113	70	1	0	3	0	5	1	2	0.316522	0.305	0.649565	0.23297	247	1730	1977
1590	3/11/2011	1	0	3	17	0	5	1	1	0.34	0.3182	0.49	0.2239	23	200	223	70	1	0	3	0	5	1	2	0.316522	0.305	0.649565	0.23297	247	1730	1977
1591	3/11/2011	1	0	3	18	0	5	1	1	0.32	0.303	0.49	0.3284	19	134	153	70	1	0	3	0	5	1	2	0.316522	0.305	0.649565	0.23297	247	1730	1977
1592	3/11/2011	1	0	3	19	0	5	1	1	0.3	0.2727	0.56	0.3284	7	111	118	70	1	0	3	0	5	1	2	0.316522	0.305	0.649565	0.23297	247	1730	1977
1593	3/11/2011	1	0	3	20	0	5	1	1	0.3	0.303	0.56	0.1642	6	70	76	70	1	0	3	0	5	1	2	0.316522	0.305	0.649565	0.23297	247	1730	1977
1594	3/11/2011	1	0	3	21	0	5	1	2	0.3	0.2879	0.52	0.2537	10	43	53	70	1	0	3	0	5	1	2	0.316522	0.305	0.649565	0.23297	247	1730	1977
1595	3/11/2011	1	0	3	22	0	5	1	1	0.3	0.303	0.52	0.1642	11	53	64	70	1	0	3	0	5	1	2	0.316522	0.305	0.649565	0.23297	247	1730	1977
1596	3/11/2011	1	0	3	23	0	5	1	1	0.3	0.2879	0.52	0.2537	3	34	37	70	1	0	3	0	5	1	2	0.316522	0.305	0.649565	0.23297	247	1730	1977
1597	3/12/2011	1	0	3	0	0	6	0	1	0.26	0.2727	0.6	0.1343	4	30	34	71	1	0	3	0	6	0	1	0.329167	0.32575	0.594583	0.220775	724	1408	2132
1598	3/12/2011	1	0	3	1	0	6	0	1	0.24	0.2273	0.65	0.194	3	15	18	71	1	0	3	0	6	0	1	0.329167	0.32575	0.594583	0.220775	724	1408	2132
1599	3/12/2011	1	0	3	2	0	6	0	1	0.24	0.2273	0.65	0.194	0	14	14	71	1	0	3	0	6	0	1	0.329167	0.32575	0.594583	0.220775	724	1408	2132
1600	3/12/2011	1	0	3	3	0	6	0	1	0.24	0.2273	0.65	0.2537	1	6	7	71	1	0	3	0	6	0	1	0.329167	0.32575	0.594583	0.220775	724	1408	2132
1601	3/12/2011	1	0	3	4	0	6	0	1	0.24	0.2273	0.65	0.2537	0	1	1	71	1	0	3	0	6	0	1	0.329167	0.32575	0.594583	0.220775	724	1408	2132
1602	3/12/2011	1	0	3	5	0	6	0	1	0.22	0.2273	0.69	0.194	0	2	2	71	1	0	3	0	6	0	1	0.329167	0.32575	0.594583	0.220775	724	1408	2132
1603	3/12/2011	1	0	3	6	0	6	0	1	0.22	0.2121	0.75	0.2537	2	2	4	71	1	0	3	0	6	0	1	0.329167	0.32575	0.594583	0.220775	724	1408	2132
1604	3/12/2011	1	0	3	7	0	6	0	1	0.24	0.2273	0.7	0.194	4	19	23	71	1	0	3	0	6	0	1	0.329167	0.32575	0.594583	0.220775	724	1408	2132
1605	3/12/2011	1	0	3	8	0	6	0	1	0.26	0.2576	0.65	0.1642	9	44	53	71	1	0	3	0	6	0	1	0.329167	0.32575	0.594583	0.220775	724	1408	2132
1606	3/12/2011	1	0	3	9	0	6	0	1	0.28	0.2879	0.65	0.1045	25	76	101	71	1	0	3	0	6	0	1	0.329167	0.32575	0.594583	0.220775	724	1408	2132
1607	3/12/2011	1	0	3	10	0	6	0	1	0.32	0.303	0.66	0.2239	21	78	99	71	1	0	3	0	6	0	1	0.329167	0.32575	0.594583	0.220775	724	1408	2132
1608	3/12/2011	1	0	3	11	0	6	0	1	0.34	0.303	0.49	0.3284	36	83	119	71	1	0	3	0	6	0	1	0.329167	0.32575	0.594583	0.220775	724	1408	2132
1609	3/12/2011	1	0	3	12	0	6	0	1	0.34	0.3182	0.53	0.2836	51	107	158	71	1	0	3	0	6	0	1	0.329167	0.32575	0.594583	0.220775	724	1408	2132
1610	3/12/2011	1	0	3	13	0	6	0	1	0.36	0.3333	0.51	0.3582	62	95	157	71	1	0	3	0	6	0	1	0.329167	0.32575	0.594583	0.220775	724	1408	2132
1611	3/12/2011	1	0	3	14	0	6	0	1	0.4	0.4091	0.5	0.4478	70	96	166	71	1	0	3	0	6	0	1	0.329167	0.32575	0.594583	0.220775	724	1408	2132
1612	3/12/2011	1	0	3	15	0	6	0	1	0.42	0.4242	0.44	0.4925	81	101	182	71	1	0	3	0	6	0	1	0.329167	0.32575	0.594583	0.220775	724	1408	2132
1613	3/12/2011	1	0	3	16	0	6	0	1	0.46	0.4545	0.41	0.4478	100	144	244	71	1	0	3	0	6	0	1	0.329167	0.32575	0.594583	0.220775	724	1408	2132
1614	3/12/2011	1	0	3	17	0	6	0	1	0.46	0.4545	0.44	0.3284	99	114	213	71	1	0	3	0	6	0	1	0.329167	0.32575	0.594583	0.220775	724	1408	2132
1615	3/12/2011	1	0	3	18	0	6	0	1	0.42	0.4242	0.54	0.1642	54	91	145	71	1	0	3	0	6	0	1	0.329167	0.32575	0.594583	0.220775	724	1408	2132
1616	3/12/2011	1	0	3	19	0	6	0	1	0.42	0.4242	0.54	0.0896	26	86	112	71	1	0	3	0	6	0	1	0.329167	0.32575	0.594583	0.220775	724	1408	2132
1617	3/12/2011	1	0	3	20	0	6	0	1	0.4	0.4091	0.58	0.1045	22	64	86	71	1	0	3	0	6	0	1	0.329167	0.32575	0.594583	0.220775	724	1408	2132
1618	3/12/2011	1	0	3	21	0	6	0	1	0.38	0.3939	0.62	0	36	46	82	71	1	0	3	0	6	0	1	0.329167	0.32575	0.594583	0.220775	724	1408	2132
1619	3/12/2011	1	0	3	22	0	6	0	1	0.36	0.3788	0.71	0	7	56	63	71	1	0	3	0	6	0	1	0.329167	0.32575	0.594583	0.220775	724	1408	2132
1620	3/12/2011	1	0	3	23	0	6	0	1	0.38	0.3939	0.66	0.0896	11	38	49	71	1	0	3	0	6	0	1	0.329167	0.32575	0.594583	0.220775	724	1408	2132
1621	3/13/2011	1	0	3	0	0	0	0	1	0.38	0.3939	0.62	0.1045	3	35	38	72	1	0	3	0	0	0	1	0.384348	0.380091	0.527391	0.270604	982	1435	2417
1622	3/13/2011	1	0	3	1	0	0	0	1	0.36	0.3485	0.66	0.1343	10	23	33	72	1	0	3	0	0	0	1	0.384348	0.380091	0.527391	0.270604	982	1435	2417
1623	3/13/2011	1	0	3	3	0	0	0	1	0.34	0.3333	0.76	0.1343	6	17	23	72	1	0	3	0	0	0	1	0.384348	0.380091	0.527391	0.270604	982	1435	2417
1624	3/13/2011	1	0	3	4	0	0	0	1	0.34	0.3333	0.66	0.1642	4	9	13	72	1	0	3	0	0	0	1	0.384348	0.380091	0.527391	0.270604	982	1435	2417
1625	3/13/2011	1	0	3	5	0	0	0	1	0.36	0.3485	0.62	0.1343	0	3	3	72	1	0	3	0	0	0	1	0.384348	0.380091	0.527391	0.270604	982	1435	2417
1626	3/13/2011	1	0	3	6	0	0	0	1	0.34	0.3636	0.66	0	0	2	2	72	1	0	3	0	0	0	1	0.384348	0.380091	0.527391	0.270604	982	1435	2417
1627	3/13/2011	1	0	3	7	0	0	0	1	0.36	0.3485	0.62	0.194	2	8	10	72	1	0	3	0	0	0	1	0.384348	0.380091	0.527391	0.270604	982	1435	2417
1628	3/13/2011	1	0	3	8	0	0	0	1	0.4	0.4091	0.5	0.2985	11	23	34	72	1	0	3	0	0	0	1	0.384348	0.380091	0.527391	0.270604	982	1435	2417
1629	3/13/2011	1	0	3	9	0	0	0	1	0.4	0.4091	0.5	0.4179	8	36	44	72	1	0	3	0	0	0	1	0.384348	0.380091	0.527391	0.270604	982	1435	2417
1630	3/13/2011	1	0	3	10	0	0	0	1	0.42	0.4242	0.47	0.2537	36	86	122	72	1	0	3	0	0	0	1	0.384348	0.380091	0.527391	0.270604	982	1435	2417
1631	3/13/2011	1	0	3	11	0	0	0	1	0.44	0.4394	0.41	0.4179	88	93	181	72	1	0	3	0	0	0	1	0.384348	0.380091	0.527391	0.270604	982	1435	2417
1632	3/13/2011	1	0	3	12	0	0	0	1	0.46	0.4545	0.38	0.3881	74	120	194	72	1	0	3	0	0	0	1	0.384348	0.380091	0.527391	0.270604	982	1435	2417
1633	3/13/2011	1	0	3	13	0	0	0	1	0.46	0.4545	0.38	0.3881	97	124	221	72	1	0	3	0	0	0	1	0.384348	0.380091	0.527391	0.270604	982	1435	2417
1634	3/13/2011	1	0	3	14	0	0	0	1	0.46	0.4545	0.41	0.2985	144	106	250	72	1	0	3	0	0	0	1	0.384348	0.380091	0.527391	0.270604	982	1435	2417
1635	3/13/2011	1	0	3	15	0	0	0	1	0.48	0.4697	0.39	0.3284	149	155	304	72	1	0	3	0	0	0	1	0.384348	0.380091	0.527391	0.270604	982	1435	2417
1636	3/13/2011	1	0	3	16	0	0	0	1	0.46	0.4545	0.41	0.3881	124	132	256	72	1	0	3	0	0	0	1	0.384348	0.380091	0.527391	0.270604	982	1435	2417
1637	3/13/2011	1	0	3	17	0	0	0	1	0.44	0.4394	0.41	0.3582	98	143	241	72	1	0	3	0	0	0	1	0.384348	0.380091	0.527391	0.270604	982	1435	2417
1638	3/13/2011	1	0	3	18	0	0	0	1	0.4	0.4091	0.43	0.3582	55	92	147	72	1	0	3	0	0	0	1	0.384348	0.380091	0.527391	0.270604	982	1435	2417
1639	3/13/2011	1	0	3	19	0	0	0	1	0.36	0.3333	0.5	0.3582	28	73	101	72	1	0	3	0	0	0	1	0.384348	0.380091	0.527391	0.270604	982	1435	2417
1640	3/13/2011	1	0	3	20	0	0	0	1	0.32	0.303	0.57	0.2985	23	54	77	72	1	0	3	0	0	0	1	0.384348	0.380091	0.527391	0.270604	982	1435	2417
1641	3/13/2011	1	0	3	21	0	0	0	1	0.3	0.2879	0.56	0.2537	9	49	58	72	1	0	3	0	0	0	1	0.384348	0.380091	0.527391	0.270604	982	1435	2417
1642	3/13/2011	1	0	3	22	0	0	0	1	0.3	0.2727	0.56	0.3284	8	29	37	72	1	0	3	0	0	0	1	0.384348	0.380091	0.527391	0.270604	982	1435	2417
1643	3/13/2011	1	0	3	23	0	0	0	1	0.26	0.2576	0.65	0.2239	5	23	28	72	1	0	3	0	0	0	1	0.384348	0.380091	0.527391	0.270604	982	1435	2417
1644	3/14/2011	1	0	3	0	0	1	1	1	0.26	0.2727	0.65	0.1045	4	7	11	73	1	0	3	0	1	1	1	0.325217	0.332	0.496957	0.136926	359	1687	2046
1645	3/14/2011	1	0	3	1	0	1	1	1	0.26	0.2879	0.65	0.0896	0	1	1	73	1	0	3	0	1	1	1	0.325217	0.332	0.496957	0.136926	359	1687	2046
1646	3/14/2011	1	0	3	2	0	1	1	1	0.26	0.2879	0.65	0.0896	0	1	1	73	1	0	3	0	1	1	1	0.325217	0.332	0.496957	0.136926	359	1687	2046
1647	3/14/2011	1	0	3	3	0	1	1	1	0.26	0.2727	0.65	0.1343	0	3	3	73	1	0	3	0	1	1	1	0.325217	0.332	0.496957	0.136926	359	1687	2046
1648	3/14/2011	1	0	3	5	0	1	1	1	0.24	0.2424	0.7	0.1343	0	8	8	73	1	0	3	0	1	1	1	0.325217	0.332	0.496957	0.136926	359	1687	2046
1649	3/14/2011	1	0	3	6	0	1	1	1	0.26	0.2727	0.65	0.1343	1	27	28	73	1	0	3	0	1	1	1	0.325217	0.332	0.496957	0.136926	359	1687	2046
1650	3/14/2011	1	0	3	7	0	1	1	2	0.28	0.3182	0.61	0	4	84	88	73	1	0	3	0	1	1	1	0.325217	0.332	0.496957	0.136926	359	1687	2046
1651	3/14/2011	1	0	3	8	0	1	1	2	0.3	0.303	0.56	0.1343	24	217	241	73	1	0	3	0	1	1	1	0.325217	0.332	0.496957	0.136926	359	1687	2046
1652	3/14/2011	1	0	3	9	0	1	1	1	0.32	0.303	0.53	0.3284	13	127	140	73	1	0	3	0	1	1	1	0.325217	0.332	0.496957	0.136926	359	1687	2046
1653	3/14/2011	1	0	3	10	0	1	1	1	0.34	0.3182	0.42	0.2537	27	57	84	73	1	0	3	0	1	1	1	0.325217	0.332	0.496957	0.136926	359	1687	2046
1654	3/14/2011	1	0	3	11	0	1	1	1	0.36	0.3333	0.4	0.2537	26	45	71	73	1	0	3	0	1	1	1	0.325217	0.332	0.496957	0.136926	359	1687	2046
1655	3/14/2011	1	0	3	12	0	1	1	1	0.38	0.3939	0.37	0	40	54	94	73	1	0	3	0	1	1	1	0.325217	0.332	0.496957	0.136926	359	1687	2046
1656	3/14/2011	1	0	3	13	0	1	1	1	0.38	0.3939	0.36	0.3284	24	51	75	73	1	0	3	0	1	1	1	0.325217	0.332	0.496957	0.136926	359	1687	2046
1657	3/14/2011	1	0	3	14	0	1	1	2	0.38	0.3939	0.34	0	27	52	79	73	1	0	3	0	1	1	1	0.325217	0.332	0.496957	0.136926	359	1687	2046
1658	3/14/2011	1	0	3	15	0	1	1	1	0.38	0.3939	0.37	0.1642	24	77	101	73	1	0	3	0	1	1	1	0.325217	0.332	0.496957	0.136926	359	1687	2046
1659	3/14/2011	1	0	3	16	0	1	1	1	0.4	0.4091	0.35	0.1045	27	80	107	73	1	0	3	0	1	1	1	0.325217	0.332	0.496957	0.136926	359	1687	2046
1660	3/14/2011	1	0	3	17	0	1	1	1	0.38	0.3939	0.4	0.194	42	229	271	73	1	0	3	0	1	1	1	0.325217	0.332	0.496957	0.136926	359	1687	2046
1661	3/14/2011	1	0	3	18	0	1	1	1	0.36	0.3636	0.4	0.1045	25	210	235	73	1	0	3	0	1	1	1	0.325217	0.332	0.496957	0.136926	359	1687	2046
1662	3/14/2011	1	0	3	19	0	1	1	1	0.36	0.3485	0.43	0.1343	17	133	150	73	1	0	3	0	1	1	1	0.325217	0.332	0.496957	0.136926	359	1687	2046
1663	3/14/2011	1	0	3	20	0	1	1	1	0.34	0.3182	0.46	0.2239	23	106	129	73	1	0	3	0	1	1	1	0.325217	0.332	0.496957	0.136926	359	1687	2046
1664	3/14/2011	1	0	3	21	0	1	1	1	0.34	0.3333	0.46	0.1343	5	58	63	73	1	0	3	0	1	1	1	0.325217	0.332	0.496957	0.136926	359	1687	2046
1665	3/14/2011	1	0	3	22	0	1	1	1	0.32	0.3333	0.49	0.1045	4	43	47	73	1	0	3	0	1	1	1	0.325217	0.332	0.496957	0.136926	359	1687	2046
1666	3/14/2011	1	0	3	23	0	1	1	1	0.32	0.3485	0.53	0	2	17	19	73	1	0	3	0	1	1	1	0.325217	0.332	0.496957	0.136926	359	1687	2046
1667	3/15/2011	1	0	3	0	0	2	1	1	0.32	0.3485	0.53	0	7	7	14	74	1	0	3	0	2	1	2	0.317391	0.318178	0.655652	0.184309	289	1767	2056
1668	3/15/2011	1	0	3	1	0	2	1	1	0.3	0.303	0.62	0.0896	4	6	10	74	1	0	3	0	2	1	2	0.317391	0.318178	0.655652	0.184309	289	1767	2056
1669	3/15/2011	1	0	3	2	0	2	1	1	0.3	0.303	0.62	0.0896	1	2	3	74	1	0	3	0	2	1	2	0.317391	0.318178	0.655652	0.184309	289	1767	2056
1670	3/15/2011	1	0	3	4	0	2	1	1	0.24	0.2576	0.75	0.0896	1	1	2	74	1	0	3	0	2	1	2	0.317391	0.318178	0.655652	0.184309	289	1767	2056
1671	3/15/2011	1	0	3	5	0	2	1	1	0.24	0.2273	0.75	0.194	0	11	11	74	1	0	3	0	2	1	2	0.317391	0.318178	0.655652	0.184309	289	1767	2056
1672	3/15/2011	1	0	3	6	0	2	1	1	0.22	0.2273	0.8	0.194	3	32	35	74	1	0	3	0	2	1	2	0.317391	0.318178	0.655652	0.184309	289	1767	2056
1673	3/15/2011	1	0	3	7	0	2	1	1	0.24	0.2424	0.75	0.1642	10	109	119	74	1	0	3	0	2	1	2	0.317391	0.318178	0.655652	0.184309	289	1767	2056
1674	3/15/2011	1	0	3	8	0	2	1	1	0.26	0.2879	0.7	0.0896	23	259	282	74	1	0	3	0	2	1	2	0.317391	0.318178	0.655652	0.184309	289	1767	2056
1675	3/15/2011	1	0	3	9	0	2	1	2	0.3	0.3333	0.7	0	10	147	157	74	1	0	3	0	2	1	2	0.317391	0.318178	0.655652	0.184309	289	1767	2056
1676	3/15/2011	1	0	3	10	0	2	1	2	0.32	0.3182	0.66	0.194	22	56	78	74	1	0	3	0	2	1	2	0.317391	0.318178	0.655652	0.184309	289	1767	2056
1677	3/15/2011	1	0	3	11	0	2	1	2	0.34	0.3182	0.57	0.2239	27	51	78	74	1	0	3	0	2	1	2	0.317391	0.318178	0.655652	0.184309	289	1767	2056
1678	3/15/2011	1	0	3	12	0	2	1	2	0.36	0.3485	0.5	0.2239	32	70	102	74	1	0	3	0	2	1	2	0.317391	0.318178	0.655652	0.184309	289	1767	2056
1679	3/15/2011	1	0	3	13	0	2	1	2	0.36	0.3333	0.57	0.2836	23	74	97	74	1	0	3	0	2	1	2	0.317391	0.318178	0.655652	0.184309	289	1767	2056
1680	3/15/2011	1	0	3	14	0	2	1	2	0.38	0.3939	0.46	0.2985	14	74	88	74	1	0	3	0	2	1	2	0.317391	0.318178	0.655652	0.184309	289	1767	2056
1681	3/15/2011	1	0	3	15	0	2	1	2	0.38	0.3939	0.43	0.2836	24	66	90	74	1	0	3	0	2	1	2	0.317391	0.318178	0.655652	0.184309	289	1767	2056
1682	3/15/2011	1	0	3	16	0	2	1	2	0.38	0.3939	0.46	0.3284	21	93	114	74	1	0	3	0	2	1	2	0.317391	0.318178	0.655652	0.184309	289	1767	2056
1683	3/15/2011	1	0	3	17	0	2	1	2	0.36	0.3485	0.62	0.194	22	195	217	74	1	0	3	0	2	1	2	0.317391	0.318178	0.655652	0.184309	289	1767	2056
1684	3/15/2011	1	0	3	18	0	2	1	2	0.36	0.3333	0.62	0.2985	18	207	225	74	1	0	3	0	2	1	2	0.317391	0.318178	0.655652	0.184309	289	1767	2056
1685	3/15/2011	1	0	3	19	0	2	1	2	0.34	0.3182	0.71	0.2836	14	138	152	74	1	0	3	0	2	1	2	0.317391	0.318178	0.655652	0.184309	289	1767	2056
1686	3/15/2011	1	0	3	20	0	2	1	2	0.34	0.3182	0.71	0.2836	9	79	88	74	1	0	3	0	2	1	2	0.317391	0.318178	0.655652	0.184309	289	1767	2056
1687	3/15/2011	1	0	3	21	0	2	1	3	0.32	0.3333	0.81	0.1045	2	53	55	74	1	0	3	0	2	1	2	0.317391	0.318178	0.655652	0.184309	289	1767	2056
1688	3/15/2011	1	0	3	22	0	2	1	2	0.32	0.3182	0.87	0.1642	1	20	21	74	1	0	3	0	2	1	2	0.317391	0.318178	0.655652	0.184309	289	1767	2056
1689	3/15/2011	1	0	3	23	0	2	1	2	0.32	0.3182	0.87	0.1642	1	17	18	74	1	0	3	0	2	1	2	0.317391	0.318178	0.655652	0.184309	289	1767	2056
1690	3/16/2011	1	0	3	0	0	3	1	3	0.3	0.2879	0.93	0.2537	0	8	8	75	1	0	3	0	3	1	2	0.365217	0.36693	0.776522	0.203117	321	1871	2192
1691	3/16/2011	1	0	3	1	0	3	1	3	0.3	0.2727	1	0.2985	1	2	3	75	1	0	3	0	3	1	2	0.365217	0.36693	0.776522	0.203117	321	1871	2192
1692	3/16/2011	1	0	3	3	0	3	1	2	0.28	0.2727	1	0.2239	1	2	3	75	1	0	3	0	3	1	2	0.365217	0.36693	0.776522	0.203117	321	1871	2192
1693	3/16/2011	1	0	3	4	0	3	1	2	0.3	0.303	0.93	0.1642	0	1	1	75	1	0	3	0	3	1	2	0.365217	0.36693	0.776522	0.203117	321	1871	2192
1694	3/16/2011	1	0	3	5	0	3	1	2	0.3	0.3182	0.93	0.1045	0	3	3	75	1	0	3	0	3	1	2	0.365217	0.36693	0.776522	0.203117	321	1871	2192
1695	3/16/2011	1	0	3	6	0	3	1	2	0.3	0.3182	0.93	0.1045	1	30	31	75	1	0	3	0	3	1	2	0.365217	0.36693	0.776522	0.203117	321	1871	2192
1696	3/16/2011	1	0	3	7	0	3	1	2	0.3	0.2879	0.93	0.194	10	101	111	75	1	0	3	0	3	1	2	0.365217	0.36693	0.776522	0.203117	321	1871	2192
1697	3/16/2011	1	0	3	8	0	3	1	2	0.32	0.3182	0.93	0	26	227	253	75	1	0	3	0	3	1	2	0.365217	0.36693	0.776522	0.203117	321	1871	2192
1698	3/16/2011	1	0	3	9	0	3	1	2	0.32	0.3333	0.93	0.1343	10	144	154	75	1	0	3	0	3	1	2	0.365217	0.36693	0.776522	0.203117	321	1871	2192
1699	3/16/2011	1	0	3	10	0	3	1	2	0.36	0.3485	0.81	0.1642	19	49	68	75	1	0	3	0	3	1	2	0.365217	0.36693	0.776522	0.203117	321	1871	2192
1700	3/16/2011	1	0	3	11	0	3	1	2	0.36	0.3485	0.81	0.1343	13	62	75	75	1	0	3	0	3	1	2	0.365217	0.36693	0.776522	0.203117	321	1871	2192
1701	3/16/2011	1	0	3	12	0	3	1	2	0.4	0.4091	0.71	0.1045	23	65	88	75	1	0	3	0	3	1	2	0.365217	0.36693	0.776522	0.203117	321	1871	2192
1702	3/16/2011	1	0	3	13	0	3	1	2	0.4	0.4091	0.76	0.1343	18	81	99	75	1	0	3	0	3	1	2	0.365217	0.36693	0.776522	0.203117	321	1871	2192
1703	3/16/2011	1	0	3	14	0	3	1	2	0.4	0.4091	0.76	0.2239	33	67	100	75	1	0	3	0	3	1	2	0.365217	0.36693	0.776522	0.203117	321	1871	2192
1704	3/16/2011	1	0	3	15	0	3	1	2	0.4	0.4091	0.76	0.2537	22	79	101	75	1	0	3	0	3	1	2	0.365217	0.36693	0.776522	0.203117	321	1871	2192
1705	3/16/2011	1	0	3	16	0	3	1	2	0.4	0.4091	0.76	0.1642	30	121	151	75	1	0	3	0	3	1	2	0.365217	0.36693	0.776522	0.203117	321	1871	2192
1706	3/16/2011	1	0	3	17	0	3	1	2	0.44	0.4394	0.54	0.2985	37	216	253	75	1	0	3	0	3	1	2	0.365217	0.36693	0.776522	0.203117	321	1871	2192
1707	3/16/2011	1	0	3	18	0	3	1	2	0.44	0.4394	0.54	0.2239	26	211	237	75	1	0	3	0	3	1	2	0.365217	0.36693	0.776522	0.203117	321	1871	2192
1708	3/16/2011	1	0	3	19	0	3	1	2	0.44	0.4394	0.51	0.3284	18	150	168	75	1	0	3	0	3	1	2	0.365217	0.36693	0.776522	0.203117	321	1871	2192
1709	3/16/2011	1	0	3	20	0	3	1	2	0.42	0.4242	0.54	0.2985	10	111	121	75	1	0	3	0	3	1	2	0.365217	0.36693	0.776522	0.203117	321	1871	2192
1710	3/16/2011	1	0	3	21	0	3	1	2	0.42	0.4242	0.58	0.2836	3	75	78	75	1	0	3	0	3	1	2	0.365217	0.36693	0.776522	0.203117	321	1871	2192
1711	3/16/2011	1	0	3	22	0	3	1	2	0.4	0.4091	0.62	0.3881	11	48	59	75	1	0	3	0	3	1	2	0.365217	0.36693	0.776522	0.203117	321	1871	2192
1712	3/16/2011	1	0	3	23	0	3	1	1	0.4	0.4091	0.65	0.194	9	18	27	75	1	0	3	0	3	1	2	0.365217	0.36693	0.776522	0.203117	321	1871	2192
1713	3/17/2011	1	0	3	0	0	4	1	1	0.38	0.3939	0.66	0.2537	4	19	23	76	1	0	3	0	4	1	1	0.415	0.410333	0.602917	0.209579	424	2320	2744
1714	3/17/2011	1	0	3	1	0	4	1	1	0.36	0.3485	0.71	0.2239	1	11	12	76	1	0	3	0	4	1	1	0.415	0.410333	0.602917	0.209579	424	2320	2744
1715	3/17/2011	1	0	3	2	0	4	1	1	0.34	0.303	0.71	0.2985	3	5	8	76	1	0	3	0	4	1	1	0.415	0.410333	0.602917	0.209579	424	2320	2744
1716	3/17/2011	1	0	3	3	0	4	1	1	0.34	0.3333	0.66	0.1642	1	1	2	76	1	0	3	0	4	1	1	0.415	0.410333	0.602917	0.209579	424	2320	2744
1717	3/17/2011	1	0	3	4	0	4	1	1	0.34	0.3333	0.71	0.194	0	3	3	76	1	0	3	0	4	1	1	0.415	0.410333	0.602917	0.209579	424	2320	2744
1718	3/17/2011	1	0	3	5	0	4	1	1	0.32	0.3333	0.76	0.1045	0	13	13	76	1	0	3	0	4	1	1	0.415	0.410333	0.602917	0.209579	424	2320	2744
1719	3/17/2011	1	0	3	6	0	4	1	1	0.32	0.3182	0.76	0.194	4	47	51	76	1	0	3	0	4	1	1	0.415	0.410333	0.602917	0.209579	424	2320	2744
1720	3/17/2011	1	0	3	7	0	4	1	1	0.32	0.3333	0.76	0.1343	12	128	140	76	1	0	3	0	4	1	1	0.415	0.410333	0.602917	0.209579	424	2320	2744
1721	3/17/2011	1	0	3	8	0	4	1	1	0.36	0.3485	0.66	0.1343	17	282	299	76	1	0	3	0	4	1	1	0.415	0.410333	0.602917	0.209579	424	2320	2744
1722	3/17/2011	1	0	3	9	0	4	1	1	0.4	0.4091	0.62	0.2537	23	162	185	76	1	0	3	0	4	1	1	0.415	0.410333	0.602917	0.209579	424	2320	2744
1723	3/17/2011	1	0	3	10	0	4	1	1	0.44	0.4394	0.54	0.3284	9	69	78	76	1	0	3	0	4	1	1	0.415	0.410333	0.602917	0.209579	424	2320	2744
1724	3/17/2011	1	0	3	11	0	4	1	1	0.44	0.4394	0.54	0.2836	20	66	86	76	1	0	3	0	4	1	1	0.415	0.410333	0.602917	0.209579	424	2320	2744
1725	3/17/2011	1	0	3	12	0	4	1	1	0.5	0.4848	0.45	0.2239	24	81	105	76	1	0	3	0	4	1	1	0.415	0.410333	0.602917	0.209579	424	2320	2744
1726	3/17/2011	1	0	3	13	0	4	1	2	0.52	0.5	0.42	0.0896	26	85	111	76	1	0	3	0	4	1	1	0.415	0.410333	0.602917	0.209579	424	2320	2744
1727	3/17/2011	1	0	3	14	0	4	1	1	0.5	0.4848	0.45	0.1045	32	87	119	76	1	0	3	0	4	1	1	0.415	0.410333	0.602917	0.209579	424	2320	2744
1728	3/17/2011	1	0	3	15	0	4	1	1	0.52	0.5	0.42	0.2537	30	95	125	76	1	0	3	0	4	1	1	0.415	0.410333	0.602917	0.209579	424	2320	2744
1729	3/17/2011	1	0	3	16	0	4	1	1	0.5	0.4848	0.48	0.2836	34	108	142	76	1	0	3	0	4	1	1	0.415	0.410333	0.602917	0.209579	424	2320	2744
1730	3/17/2011	1	0	3	17	0	4	1	1	0.5	0.4848	0.42	0.194	48	265	313	76	1	0	3	0	4	1	1	0.415	0.410333	0.602917	0.209579	424	2320	2744
1731	3/17/2011	1	0	3	18	0	4	1	2	0.46	0.4545	0.59	0.1642	50	260	310	76	1	0	3	0	4	1	1	0.415	0.410333	0.602917	0.209579	424	2320	2744
1732	3/17/2011	1	0	3	19	0	4	1	1	0.44	0.4394	0.58	0.194	18	189	207	76	1	0	3	0	4	1	1	0.415	0.410333	0.602917	0.209579	424	2320	2744
1733	3/17/2011	1	0	3	20	0	4	1	1	0.42	0.4242	0.67	0.2239	25	112	137	76	1	0	3	0	4	1	1	0.415	0.410333	0.602917	0.209579	424	2320	2744
1734	3/17/2011	1	0	3	21	0	4	1	1	0.42	0.4242	0.62	0.2239	19	119	138	76	1	0	3	0	4	1	1	0.415	0.410333	0.602917	0.209579	424	2320	2744
1735	3/17/2011	1	0	3	22	0	4	1	1	0.4	0.4091	0.66	0.2239	17	70	87	76	1	0	3	0	4	1	1	0.415	0.410333	0.602917	0.209579	424	2320	2744
1736	3/17/2011	1	0	3	23	0	4	1	1	0.42	0.4242	0.62	0.2836	7	43	50	76	1	0	3	0	4	1	1	0.415	0.410333	0.602917	0.209579	424	2320	2744
1737	3/18/2011	1	0	3	0	0	5	1	1	0.42	0.4242	0.58	0.2836	5	24	29	77	1	0	3	0	5	1	1	0.54	0.527009	0.525217	0.231017	884	2355	3239
1738	3/18/2011	1	0	3	1	0	5	1	1	0.4	0.4091	0.62	0.2537	4	12	16	77	1	0	3	0	5	1	1	0.54	0.527009	0.525217	0.231017	884	2355	3239
1739	3/18/2011	1	0	3	2	0	5	1	1	0.4	0.4091	0.62	0.194	5	9	14	77	1	0	3	0	5	1	1	0.54	0.527009	0.525217	0.231017	884	2355	3239
1740	3/18/2011	1	0	3	3	0	5	1	1	0.36	0.3485	0.71	0.194	1	4	5	77	1	0	3	0	5	1	1	0.54	0.527009	0.525217	0.231017	884	2355	3239
1741	3/18/2011	1	0	3	5	0	5	1	1	0.38	0.3939	0.66	0.1642	2	8	10	77	1	0	3	0	5	1	1	0.54	0.527009	0.525217	0.231017	884	2355	3239
1742	3/18/2011	1	0	3	6	0	5	1	1	0.4	0.4091	0.66	0.194	1	35	36	77	1	0	3	0	5	1	1	0.54	0.527009	0.525217	0.231017	884	2355	3239
1743	3/18/2011	1	0	3	7	0	5	1	1	0.4	0.4091	0.66	0.194	11	112	123	77	1	0	3	0	5	1	1	0.54	0.527009	0.525217	0.231017	884	2355	3239
1744	3/18/2011	1	0	3	8	0	5	1	1	0.42	0.4242	0.67	0.2537	24	256	280	77	1	0	3	0	5	1	1	0.54	0.527009	0.525217	0.231017	884	2355	3239
1745	3/18/2011	1	0	3	9	0	5	1	1	0.46	0.4545	0.63	0.2239	18	192	210	77	1	0	3	0	5	1	1	0.54	0.527009	0.525217	0.231017	884	2355	3239
1746	3/18/2011	1	0	3	10	0	5	1	1	0.52	0.5	0.53	0.2836	43	74	117	77	1	0	3	0	5	1	1	0.54	0.527009	0.525217	0.231017	884	2355	3239
1747	3/18/2011	1	0	3	11	0	5	1	1	0.54	0.5152	0.52	0.2836	55	104	159	77	1	0	3	0	5	1	1	0.54	0.527009	0.525217	0.231017	884	2355	3239
1748	3/18/2011	1	0	3	12	0	5	1	2	0.56	0.5303	0.49	0.3582	72	123	195	77	1	0	3	0	5	1	1	0.54	0.527009	0.525217	0.231017	884	2355	3239
1749	3/18/2011	1	0	3	13	0	5	1	1	0.64	0.6212	0.41	0.2836	57	118	175	77	1	0	3	0	5	1	1	0.54	0.527009	0.525217	0.231017	884	2355	3239
1750	3/18/2011	1	0	3	14	0	5	1	1	0.66	0.6212	0.39	0.2537	71	103	174	77	1	0	3	0	5	1	1	0.54	0.527009	0.525217	0.231017	884	2355	3239
1751	3/18/2011	1	0	3	15	0	5	1	2	0.68	0.6364	0.39	0.3582	62	111	173	77	1	0	3	0	5	1	1	0.54	0.527009	0.525217	0.231017	884	2355	3239
1752	3/18/2011	1	0	3	16	0	5	1	1	0.68	0.6364	0.39	0.2836	67	137	204	77	1	0	3	0	5	1	1	0.54	0.527009	0.525217	0.231017	884	2355	3239
1753	3/18/2011	1	0	3	17	0	5	1	1	0.7	0.6364	0.37	0.3284	95	237	332	77	1	0	3	0	5	1	1	0.54	0.527009	0.525217	0.231017	884	2355	3239
1754	3/18/2011	1	0	3	18	0	5	1	1	0.68	0.6364	0.39	0.1642	84	247	331	77	1	0	3	0	5	1	1	0.54	0.527009	0.525217	0.231017	884	2355	3239
1755	3/18/2011	1	0	3	19	0	5	1	1	0.66	0.6212	0.44	0.1343	58	132	190	77	1	0	3	0	5	1	1	0.54	0.527009	0.525217	0.231017	884	2355	3239
1756	3/18/2011	1	0	3	20	0	5	1	1	0.62	0.6212	0.46	0.1343	46	103	149	77	1	0	3	0	5	1	1	0.54	0.527009	0.525217	0.231017	884	2355	3239
1757	3/18/2011	1	0	3	21	0	5	1	1	0.62	0.6212	0.46	0.1045	22	91	113	77	1	0	3	0	5	1	1	0.54	0.527009	0.525217	0.231017	884	2355	3239
1758	3/18/2011	1	0	3	22	0	5	1	1	0.62	0.6212	0.5	0.1642	55	63	118	77	1	0	3	0	5	1	1	0.54	0.527009	0.525217	0.231017	884	2355	3239
1759	3/18/2011	1	0	3	23	0	5	1	2	0.6	0.6212	0.53	0.2239	26	60	86	77	1	0	3	0	5	1	1	0.54	0.527009	0.525217	0.231017	884	2355	3239
1760	3/19/2011	1	0	3	0	0	6	0	2	0.6	0.6212	0.53	0.2537	26	50	76	78	1	0	3	0	6	0	1	0.4725	0.466525	0.379167	0.368167	1424	1693	3117
1761	3/19/2011	1	0	3	1	0	6	0	2	0.58	0.5455	0.46	0.3582	16	35	51	78	1	0	3	0	6	0	1	0.4725	0.466525	0.379167	0.368167	1424	1693	3117
1762	3/19/2011	1	0	3	2	0	6	0	2	0.56	0.5303	0.43	0.2239	5	20	25	78	1	0	3	0	6	0	1	0.4725	0.466525	0.379167	0.368167	1424	1693	3117
1763	3/19/2011	1	0	3	3	0	6	0	2	0.54	0.5152	0.39	0.3284	1	7	8	78	1	0	3	0	6	0	1	0.4725	0.466525	0.379167	0.368167	1424	1693	3117
1764	3/19/2011	1	0	3	4	0	6	0	1	0.52	0.5	0.34	0.4179	1	2	3	78	1	0	3	0	6	0	1	0.4725	0.466525	0.379167	0.368167	1424	1693	3117
1765	3/19/2011	1	0	3	5	0	6	0	1	0.52	0.5	0.34	0.4179	0	2	2	78	1	0	3	0	6	0	1	0.4725	0.466525	0.379167	0.368167	1424	1693	3117
1766	3/19/2011	1	0	3	6	0	6	0	1	0.44	0.4394	0.44	0.4179	0	10	10	78	1	0	3	0	6	0	1	0.4725	0.466525	0.379167	0.368167	1424	1693	3117
1767	3/19/2011	1	0	3	7	0	6	0	1	0.4	0.4091	0.5	0.3284	4	9	13	78	1	0	3	0	6	0	1	0.4725	0.466525	0.379167	0.368167	1424	1693	3117
1768	3/19/2011	1	0	3	8	0	6	0	1	0.42	0.4242	0.47	0.4925	11	37	48	78	1	0	3	0	6	0	1	0.4725	0.466525	0.379167	0.368167	1424	1693	3117
1769	3/19/2011	1	0	3	9	0	6	0	1	0.42	0.4242	0.44	0.4627	35	41	76	78	1	0	3	0	6	0	1	0.4725	0.466525	0.379167	0.368167	1424	1693	3117
1770	3/19/2011	1	0	3	10	0	6	0	1	0.44	0.4394	0.38	0.4179	55	85	140	78	1	0	3	0	6	0	1	0.4725	0.466525	0.379167	0.368167	1424	1693	3117
1771	3/19/2011	1	0	3	11	0	6	0	1	0.46	0.4545	0.36	0.4478	90	106	196	78	1	0	3	0	6	0	1	0.4725	0.466525	0.379167	0.368167	1424	1693	3117
1772	3/19/2011	1	0	3	12	0	6	0	1	0.46	0.4545	0.33	0.4179	126	141	267	78	1	0	3	0	6	0	1	0.4725	0.466525	0.379167	0.368167	1424	1693	3117
1773	3/19/2011	1	0	3	13	0	6	0	1	0.5	0.4848	0.34	0.4627	174	127	301	78	1	0	3	0	6	0	1	0.4725	0.466525	0.379167	0.368167	1424	1693	3117
1774	3/19/2011	1	0	3	14	0	6	0	1	0.5	0.4848	0.31	0.4925	168	144	312	78	1	0	3	0	6	0	1	0.4725	0.466525	0.379167	0.368167	1424	1693	3117
1775	3/19/2011	1	0	3	15	0	6	0	1	0.5	0.4848	0.29	0.4179	170	143	313	78	1	0	3	0	6	0	1	0.4725	0.466525	0.379167	0.368167	1424	1693	3117
1776	3/19/2011	1	0	3	16	0	6	0	1	0.5	0.4848	0.31	0.3881	175	129	304	78	1	0	3	0	6	0	1	0.4725	0.466525	0.379167	0.368167	1424	1693	3117
1777	3/19/2011	1	0	3	17	0	6	0	1	0.48	0.4697	0.31	0.3284	138	140	278	78	1	0	3	0	6	0	1	0.4725	0.466525	0.379167	0.368167	1424	1693	3117
1778	3/19/2011	1	0	3	18	0	6	0	1	0.46	0.4545	0.31	0.3284	92	125	217	78	1	0	3	0	6	0	1	0.4725	0.466525	0.379167	0.368167	1424	1693	3117
1779	3/19/2011	1	0	3	19	0	6	0	1	0.44	0.4394	0.33	0.2836	38	116	154	78	1	0	3	0	6	0	1	0.4725	0.466525	0.379167	0.368167	1424	1693	3117
1780	3/19/2011	1	0	3	20	0	6	0	1	0.42	0.4242	0.35	0.2239	39	69	108	78	1	0	3	0	6	0	1	0.4725	0.466525	0.379167	0.368167	1424	1693	3117
1781	3/19/2011	1	0	3	21	0	6	0	1	0.4	0.4091	0.37	0.2985	20	73	93	78	1	0	3	0	6	0	1	0.4725	0.466525	0.379167	0.368167	1424	1693	3117
1782	3/19/2011	1	0	3	22	0	6	0	1	0.4	0.4091	0.37	0.3284	27	45	72	78	1	0	3	0	6	0	1	0.4725	0.466525	0.379167	0.368167	1424	1693	3117
1783	3/19/2011	1	0	3	23	0	6	0	1	0.38	0.3939	0.4	0.2985	13	37	50	78	1	0	3	0	6	0	1	0.4725	0.466525	0.379167	0.368167	1424	1693	3117
1784	3/20/2011	1	0	3	0	0	0	0	1	0.34	0.303	0.49	0.4179	7	33	40	79	1	0	3	0	0	0	1	0.3325	0.32575	0.47375	0.207721	1047	1424	2471
1785	3/20/2011	1	0	3	1	0	0	0	1	0.32	0.2879	0.53	0.3582	2	22	24	79	1	0	3	0	0	0	1	0.3325	0.32575	0.47375	0.207721	1047	1424	2471
1786	3/20/2011	1	0	3	2	0	0	0	1	0.3	0.2879	0.52	0.2836	6	24	30	79	1	0	3	0	0	0	1	0.3325	0.32575	0.47375	0.207721	1047	1424	2471
1787	3/20/2011	1	0	3	3	0	0	0	1	0.28	0.2727	0.56	0.2537	1	11	12	79	1	0	3	0	0	0	1	0.3325	0.32575	0.47375	0.207721	1047	1424	2471
1788	3/20/2011	1	0	3	4	0	0	0	1	0.26	0.2576	0.56	0.2239	2	1	3	79	1	0	3	0	0	0	1	0.3325	0.32575	0.47375	0.207721	1047	1424	2471
1789	3/20/2011	1	0	3	5	0	0	0	1	0.26	0.2576	0.6	0.194	3	6	9	79	1	0	3	0	0	0	1	0.3325	0.32575	0.47375	0.207721	1047	1424	2471
1790	3/20/2011	1	0	3	6	0	0	0	1	0.26	0.2576	0.6	0.2239	1	3	4	79	1	0	3	0	0	0	1	0.3325	0.32575	0.47375	0.207721	1047	1424	2471
1791	3/20/2011	1	0	3	7	0	0	0	1	0.24	0.2273	0.6	0.2239	5	9	14	79	1	0	3	0	0	0	1	0.3325	0.32575	0.47375	0.207721	1047	1424	2471
1792	3/20/2011	1	0	3	8	0	0	0	1	0.28	0.2727	0.56	0.1642	7	30	37	79	1	0	3	0	0	0	1	0.3325	0.32575	0.47375	0.207721	1047	1424	2471
1793	3/20/2011	1	0	3	9	0	0	0	1	0.3	0.303	0.52	0.1343	35	43	78	79	1	0	3	0	0	0	1	0.3325	0.32575	0.47375	0.207721	1047	1424	2471
1794	3/20/2011	1	0	3	10	0	0	0	2	0.32	0.3485	0.45	0	55	81	136	79	1	0	3	0	0	0	1	0.3325	0.32575	0.47375	0.207721	1047	1424	2471
1795	3/20/2011	1	0	3	11	0	0	0	1	0.34	0.3485	0.39	0.1045	92	111	203	79	1	0	3	0	0	0	1	0.3325	0.32575	0.47375	0.207721	1047	1424	2471
1796	3/20/2011	1	0	3	12	0	0	0	1	0.36	0.3636	0.4	0.1045	120	108	228	79	1	0	3	0	0	0	1	0.3325	0.32575	0.47375	0.207721	1047	1424	2471
1797	3/20/2011	1	0	3	13	0	0	0	1	0.38	0.3939	0.34	0	88	115	203	79	1	0	3	0	0	0	1	0.3325	0.32575	0.47375	0.207721	1047	1424	2471
1798	3/20/2011	1	0	3	14	0	0	0	1	0.4	0.4091	0.3	0	145	134	279	79	1	0	3	0	0	0	1	0.3325	0.32575	0.47375	0.207721	1047	1424	2471
1799	3/20/2011	1	0	3	15	0	0	0	1	0.4	0.4091	0.32	0.0896	172	136	308	79	1	0	3	0	0	0	1	0.3325	0.32575	0.47375	0.207721	1047	1424	2471
1800	3/20/2011	1	0	3	16	0	0	0	1	0.42	0.4242	0.32	0	92	132	224	79	1	0	3	0	0	0	1	0.3325	0.32575	0.47375	0.207721	1047	1424	2471
1801	3/20/2011	1	0	3	17	0	0	0	1	0.4	0.4091	0.35	0.2836	83	143	226	79	1	0	3	0	0	0	1	0.3325	0.32575	0.47375	0.207721	1047	1424	2471
1802	3/20/2011	1	0	3	18	0	0	0	1	0.38	0.3939	0.4	0.3582	58	98	156	79	1	0	3	0	0	0	1	0.3325	0.32575	0.47375	0.207721	1047	1424	2471
1803	3/20/2011	1	0	3	19	0	0	0	1	0.36	0.3333	0.43	0.2836	21	58	79	79	1	0	3	0	0	0	1	0.3325	0.32575	0.47375	0.207721	1047	1424	2471
1804	3/20/2011	1	0	3	20	0	0	0	1	0.36	0.3333	0.46	0.2836	21	46	67	79	1	0	3	0	0	0	1	0.3325	0.32575	0.47375	0.207721	1047	1424	2471
1805	3/20/2011	1	0	3	21	0	0	0	2	0.34	0.3182	0.53	0.2836	10	39	49	79	1	0	3	0	0	0	1	0.3325	0.32575	0.47375	0.207721	1047	1424	2471
1806	3/20/2011	1	0	3	22	0	0	0	2	0.34	0.303	0.53	0.3284	8	30	38	79	1	0	3	0	0	0	1	0.3325	0.32575	0.47375	0.207721	1047	1424	2471
1807	3/20/2011	1	0	3	23	0	0	0	3	0.34	0.303	0.61	0.3881	13	11	24	79	1	0	3	0	0	0	1	0.3325	0.32575	0.47375	0.207721	1047	1424	2471
1808	3/21/2011	2	0	3	0	0	1	1	3	0.34	0.303	0.66	0.3881	2	11	13	80	2	0	3	0	1	1	2	0.430435	0.409735	0.737391	0.288783	401	1676	2077
1809	3/21/2011	2	0	3	1	0	1	1	2	0.34	0.303	0.71	0.3881	1	6	7	80	2	0	3	0	1	1	2	0.430435	0.409735	0.737391	0.288783	401	1676	2077
1810	3/21/2011	2	0	3	2	0	1	1	2	0.34	0.303	0.71	0.3284	1	5	6	80	2	0	3	0	1	1	2	0.430435	0.409735	0.737391	0.288783	401	1676	2077
1811	3/21/2011	2	0	3	3	0	1	1	2	0.34	0.303	0.71	0.3284	0	1	1	80	2	0	3	0	1	1	2	0.430435	0.409735	0.737391	0.288783	401	1676	2077
1812	3/21/2011	2	0	3	5	0	1	1	1	0.32	0.303	0.81	0.2985	1	1	2	80	2	0	3	0	1	1	2	0.430435	0.409735	0.737391	0.288783	401	1676	2077
1813	3/21/2011	2	0	3	6	0	1	1	3	0.32	0.303	0.76	0.2537	2	30	32	80	2	0	3	0	1	1	2	0.430435	0.409735	0.737391	0.288783	401	1676	2077
1814	3/21/2011	2	0	3	7	0	1	1	3	0.3	0.2727	0.87	0.4179	3	15	18	80	2	0	3	0	1	1	2	0.430435	0.409735	0.737391	0.288783	401	1676	2077
1815	3/21/2011	2	0	3	8	0	1	1	2	0.3	0.2727	0.87	0.4179	3	95	98	80	2	0	3	0	1	1	2	0.430435	0.409735	0.737391	0.288783	401	1676	2077
1816	3/21/2011	2	0	3	9	0	1	1	2	0.34	0.303	0.81	0.3284	12	115	127	80	2	0	3	0	1	1	2	0.430435	0.409735	0.737391	0.288783	401	1676	2077
1817	3/21/2011	2	0	3	10	0	1	1	2	0.38	0.3939	0.76	0.3881	17	45	62	80	2	0	3	0	1	1	2	0.430435	0.409735	0.737391	0.288783	401	1676	2077
1818	3/21/2011	2	0	3	11	0	1	1	2	0.42	0.4242	0.71	0.2985	32	47	79	80	2	0	3	0	1	1	2	0.430435	0.409735	0.737391	0.288783	401	1676	2077
1819	3/21/2011	2	0	3	12	0	1	1	2	0.44	0.4394	0.77	0.2537	25	56	81	80	2	0	3	0	1	1	2	0.430435	0.409735	0.737391	0.288783	401	1676	2077
1820	3/21/2011	2	0	3	13	0	1	1	2	0.5	0.4848	0.63	0.2239	35	77	112	80	2	0	3	0	1	1	2	0.430435	0.409735	0.737391	0.288783	401	1676	2077
1821	3/21/2011	2	0	3	14	0	1	1	2	0.54	0.5152	0.64	0.2239	36	65	101	80	2	0	3	0	1	1	2	0.430435	0.409735	0.737391	0.288783	401	1676	2077
1822	3/21/2011	2	0	3	15	0	1	1	2	0.56	0.5303	0.6	0.2239	41	66	107	80	2	0	3	0	1	1	2	0.430435	0.409735	0.737391	0.288783	401	1676	2077
1823	3/21/2011	2	0	3	16	0	1	1	2	0.54	0.5152	0.64	0.2836	29	112	141	80	2	0	3	0	1	1	2	0.430435	0.409735	0.737391	0.288783	401	1676	2077
1824	3/21/2011	2	0	3	17	0	1	1	2	0.54	0.5152	0.64	0.2537	41	231	272	80	2	0	3	0	1	1	2	0.430435	0.409735	0.737391	0.288783	401	1676	2077
1825	3/21/2011	2	0	3	18	0	1	1	2	0.52	0.5	0.72	0.2239	44	232	276	80	2	0	3	0	1	1	2	0.430435	0.409735	0.737391	0.288783	401	1676	2077
1826	3/21/2011	2	0	3	19	0	1	1	1	0.58	0.5455	0.6	0.4179	22	199	221	80	2	0	3	0	1	1	2	0.430435	0.409735	0.737391	0.288783	401	1676	2077
1827	3/21/2011	2	0	3	20	0	1	1	1	0.56	0.5303	0.64	0.194	16	106	122	80	2	0	3	0	1	1	2	0.430435	0.409735	0.737391	0.288783	401	1676	2077
1828	3/21/2011	2	0	3	21	0	1	1	1	0.46	0.4545	0.94	0.194	12	79	91	80	2	0	3	0	1	1	2	0.430435	0.409735	0.737391	0.288783	401	1676	2077
1829	3/21/2011	2	0	3	22	0	1	1	1	0.46	0.4545	0.88	0.2239	18	60	78	80	2	0	3	0	1	1	2	0.430435	0.409735	0.737391	0.288783	401	1676	2077
1830	3/21/2011	2	0	3	23	0	1	1	1	0.46	0.4545	0.88	0.0896	8	22	30	80	2	0	3	0	1	1	2	0.430435	0.409735	0.737391	0.288783	401	1676	2077
1831	3/22/2011	2	0	3	0	0	2	1	1	0.46	0.4545	0.88	0.194	4	7	11	81	2	0	3	0	2	1	1	0.441667	0.440642	0.624583	0.22575	460	2243	2703
1832	3/22/2011	2	0	3	1	0	2	1	1	0.42	0.4242	1	0.1343	6	13	19	81	2	0	3	0	2	1	1	0.441667	0.440642	0.624583	0.22575	460	2243	2703
1833	3/22/2011	2	0	3	2	0	2	1	1	0.44	0.4394	0.94	0.0896	0	1	1	81	2	0	3	0	2	1	1	0.441667	0.440642	0.624583	0.22575	460	2243	2703
1834	3/22/2011	2	0	3	3	0	2	1	1	0.44	0.4394	0.82	0.2239	3	2	5	81	2	0	3	0	2	1	1	0.441667	0.440642	0.624583	0.22575	460	2243	2703
1835	3/22/2011	2	0	3	4	0	2	1	2	0.42	0.4242	0.82	0.1642	0	1	1	81	2	0	3	0	2	1	1	0.441667	0.440642	0.624583	0.22575	460	2243	2703
1836	3/22/2011	2	0	3	5	0	2	1	2	0.4	0.4091	0.87	0.1343	1	11	12	81	2	0	3	0	2	1	1	0.441667	0.440642	0.624583	0.22575	460	2243	2703
1837	3/22/2011	2	0	3	6	0	2	1	1	0.4	0.4091	0.87	0.2537	2	58	60	81	2	0	3	0	2	1	1	0.441667	0.440642	0.624583	0.22575	460	2243	2703
1838	3/22/2011	2	0	3	7	0	2	1	2	0.4	0.4091	0.76	0.1045	4	132	136	81	2	0	3	0	2	1	1	0.441667	0.440642	0.624583	0.22575	460	2243	2703
1839	3/22/2011	2	0	3	8	0	2	1	2	0.4	0.4091	0.58	0.2985	24	312	336	81	2	0	3	0	2	1	1	0.441667	0.440642	0.624583	0.22575	460	2243	2703
1840	3/22/2011	2	0	3	9	0	2	1	2	0.4	0.4091	0.58	0.4627	19	159	178	81	2	0	3	0	2	1	1	0.441667	0.440642	0.624583	0.22575	460	2243	2703
1841	3/22/2011	2	0	3	10	0	2	1	2	0.44	0.4394	0.54	0.2985	29	95	124	81	2	0	3	0	2	1	1	0.441667	0.440642	0.624583	0.22575	460	2243	2703
1842	3/22/2011	2	0	3	11	0	2	1	1	0.44	0.4394	0.51	0.3284	22	64	86	81	2	0	3	0	2	1	1	0.441667	0.440642	0.624583	0.22575	460	2243	2703
1843	3/22/2011	2	0	3	12	0	2	1	1	0.46	0.4545	0.47	0.2537	35	86	121	81	2	0	3	0	2	1	1	0.441667	0.440642	0.624583	0.22575	460	2243	2703
1844	3/22/2011	2	0	3	13	0	2	1	1	0.5	0.4848	0.45	0.2239	21	85	106	81	2	0	3	0	2	1	1	0.441667	0.440642	0.624583	0.22575	460	2243	2703
1845	3/22/2011	2	0	3	14	0	2	1	1	0.5	0.4848	0.42	0.3284	30	71	101	81	2	0	3	0	2	1	1	0.441667	0.440642	0.624583	0.22575	460	2243	2703
1846	3/22/2011	2	0	3	15	0	2	1	1	0.5	0.4848	0.42	0.2239	55	79	134	81	2	0	3	0	2	1	1	0.441667	0.440642	0.624583	0.22575	460	2243	2703
1847	3/22/2011	2	0	3	16	0	2	1	1	0.5	0.4848	0.42	0.1045	40	125	165	81	2	0	3	0	2	1	1	0.441667	0.440642	0.624583	0.22575	460	2243	2703
1848	3/22/2011	2	0	3	17	0	2	1	1	0.5	0.4848	0.42	0.1045	42	265	307	81	2	0	3	0	2	1	1	0.441667	0.440642	0.624583	0.22575	460	2243	2703
1849	3/22/2011	2	0	3	18	0	2	1	1	0.48	0.4697	0.44	0.0896	41	271	312	81	2	0	3	0	2	1	1	0.441667	0.440642	0.624583	0.22575	460	2243	2703
1850	3/22/2011	2	0	3	19	0	2	1	2	0.44	0.4394	0.54	0.2537	22	142	164	81	2	0	3	0	2	1	1	0.441667	0.440642	0.624583	0.22575	460	2243	2703
1851	3/22/2011	2	0	3	20	0	2	1	2	0.44	0.4394	0.54	0.3582	19	116	135	81	2	0	3	0	2	1	1	0.441667	0.440642	0.624583	0.22575	460	2243	2703
1852	3/22/2011	2	0	3	21	0	2	1	2	0.42	0.4242	0.54	0.2836	24	63	87	81	2	0	3	0	2	1	1	0.441667	0.440642	0.624583	0.22575	460	2243	2703
1853	3/22/2011	2	0	3	22	0	2	1	2	0.4	0.4091	0.58	0.2537	13	57	70	81	2	0	3	0	2	1	1	0.441667	0.440642	0.624583	0.22575	460	2243	2703
1854	3/22/2011	2	0	3	23	0	2	1	2	0.4	0.4091	0.58	0.2537	4	28	32	81	2	0	3	0	2	1	1	0.441667	0.440642	0.624583	0.22575	460	2243	2703
1855	3/23/2011	2	0	3	0	0	3	1	3	0.36	0.3485	0.71	0.2239	3	8	11	82	2	0	3	0	3	1	2	0.346957	0.337939	0.839565	0.234261	203	1918	2121
1856	3/23/2011	2	0	3	1	0	3	1	3	0.34	0.3182	0.76	0.2239	0	7	7	82	2	0	3	0	3	1	2	0.346957	0.337939	0.839565	0.234261	203	1918	2121
1857	3/23/2011	2	0	3	2	0	3	1	3	0.34	0.3182	0.76	0.2239	1	1	2	82	2	0	3	0	3	1	2	0.346957	0.337939	0.839565	0.234261	203	1918	2121
1858	3/23/2011	2	0	3	3	0	3	1	2	0.34	0.3182	0.76	0.2537	0	3	3	82	2	0	3	0	3	1	2	0.346957	0.337939	0.839565	0.234261	203	1918	2121
1859	3/23/2011	2	0	3	5	0	3	1	3	0.32	0.3182	0.87	0.194	0	10	10	82	2	0	3	0	3	1	2	0.346957	0.337939	0.839565	0.234261	203	1918	2121
1860	3/23/2011	2	0	3	6	0	3	1	2	0.34	0.3182	0.87	0.2537	1	43	44	82	2	0	3	0	3	1	2	0.346957	0.337939	0.839565	0.234261	203	1918	2121
1861	3/23/2011	2	0	3	7	0	3	1	2	0.32	0.303	0.93	0.2239	7	111	118	82	2	0	3	0	3	1	2	0.346957	0.337939	0.839565	0.234261	203	1918	2121
1862	3/23/2011	2	0	3	8	0	3	1	2	0.32	0.3182	0.87	0.194	14	247	261	82	2	0	3	0	3	1	2	0.346957	0.337939	0.839565	0.234261	203	1918	2121
1863	3/23/2011	2	0	3	9	0	3	1	2	0.32	0.303	0.81	0.2537	8	174	182	82	2	0	3	0	3	1	2	0.346957	0.337939	0.839565	0.234261	203	1918	2121
1864	3/23/2011	2	0	3	10	0	3	1	2	0.34	0.3182	0.81	0.2836	15	60	75	82	2	0	3	0	3	1	2	0.346957	0.337939	0.839565	0.234261	203	1918	2121
1865	3/23/2011	2	0	3	11	0	3	1	2	0.34	0.3333	0.87	0.194	18	53	71	82	2	0	3	0	3	1	2	0.346957	0.337939	0.839565	0.234261	203	1918	2121
1866	3/23/2011	2	0	3	12	0	3	1	2	0.34	0.3182	0.87	0.2239	14	73	87	82	2	0	3	0	3	1	2	0.346957	0.337939	0.839565	0.234261	203	1918	2121
1867	3/23/2011	2	0	3	13	0	3	1	3	0.34	0.3333	0.87	0.1343	14	94	108	82	2	0	3	0	3	1	2	0.346957	0.337939	0.839565	0.234261	203	1918	2121
1868	3/23/2011	2	0	3	14	0	3	1	2	0.36	0.3636	0.87	0.1045	13	71	84	82	2	0	3	0	3	1	2	0.346957	0.337939	0.839565	0.234261	203	1918	2121
1869	3/23/2011	2	0	3	15	0	3	1	2	0.38	0.3939	0.82	0.2239	11	74	85	82	2	0	3	0	3	1	2	0.346957	0.337939	0.839565	0.234261	203	1918	2121
1870	3/23/2011	2	0	3	16	0	3	1	2	0.4	0.4091	0.76	0.2239	13	123	136	82	2	0	3	0	3	1	2	0.346957	0.337939	0.839565	0.234261	203	1918	2121
1871	3/23/2011	2	0	3	17	0	3	1	2	0.4	0.4091	0.76	0.2239	28	245	273	82	2	0	3	0	3	1	2	0.346957	0.337939	0.839565	0.234261	203	1918	2121
1872	3/23/2011	2	0	3	18	0	3	1	3	0.38	0.3939	0.82	0.2537	20	218	238	82	2	0	3	0	3	1	2	0.346957	0.337939	0.839565	0.234261	203	1918	2121
1873	3/23/2011	2	0	3	19	0	3	1	3	0.38	0.3939	0.82	0.2537	12	147	159	82	2	0	3	0	3	1	2	0.346957	0.337939	0.839565	0.234261	203	1918	2121
1874	3/23/2011	2	0	3	20	0	3	1	3	0.36	0.303	0.87	0.6418	3	72	75	82	2	0	3	0	3	1	2	0.346957	0.337939	0.839565	0.234261	203	1918	2121
1875	3/23/2011	2	0	3	21	0	3	1	3	0.32	0.2879	1	0.4179	0	22	22	82	2	0	3	0	3	1	2	0.346957	0.337939	0.839565	0.234261	203	1918	2121
1876	3/23/2011	2	0	3	22	0	3	1	2	0.32	0.3182	0.93	0.1642	6	38	44	82	2	0	3	0	3	1	2	0.346957	0.337939	0.839565	0.234261	203	1918	2121
1877	3/23/2011	2	0	3	23	0	3	1	3	0.32	0.3333	0.9	0	2	24	26	82	2	0	3	0	3	1	2	0.346957	0.337939	0.839565	0.234261	203	1918	2121
1878	3/24/2011	2	0	3	0	0	4	1	2	0.32	0.303	0.93	0.2239	0	11	11	83	2	0	3	0	4	1	2	0.285	0.270833	0.805833	0.243787	166	1699	1865
1879	3/24/2011	2	0	3	1	0	4	1	2	0.3	0.2879	1	0.2239	0	3	3	83	2	0	3	0	4	1	2	0.285	0.270833	0.805833	0.243787	166	1699	1865
1880	3/24/2011	2	0	3	2	0	4	1	2	0.3	0.2879	1	0.2537	0	6	6	83	2	0	3	0	4	1	2	0.285	0.270833	0.805833	0.243787	166	1699	1865
1881	3/24/2011	2	0	3	3	0	4	1	2	0.28	0.2727	1	0.194	1	0	1	83	2	0	3	0	4	1	2	0.285	0.270833	0.805833	0.243787	166	1699	1865
1882	3/24/2011	2	0	3	4	0	4	1	2	0.28	0.2727	1	0.194	0	1	1	83	2	0	3	0	4	1	2	0.285	0.270833	0.805833	0.243787	166	1699	1865
1883	3/24/2011	2	0	3	5	0	4	1	2	0.28	0.2727	0.93	0.2239	1	8	9	83	2	0	3	0	4	1	2	0.285	0.270833	0.805833	0.243787	166	1699	1865
1884	3/24/2011	2	0	3	6	0	4	1	2	0.28	0.2727	0.93	0.2239	0	41	41	83	2	0	3	0	4	1	2	0.285	0.270833	0.805833	0.243787	166	1699	1865
1885	3/24/2011	2	0	3	7	0	4	1	3	0.26	0.2576	1	0.2239	2	106	108	83	2	0	3	0	4	1	2	0.285	0.270833	0.805833	0.243787	166	1699	1865
1886	3/24/2011	2	0	3	8	0	4	1	3	0.26	0.2273	1	0.2985	4	120	124	83	2	0	3	0	4	1	2	0.285	0.270833	0.805833	0.243787	166	1699	1865
1887	3/24/2011	2	0	3	9	0	4	1	2	0.26	0.2576	0.93	0.2239	3	94	97	83	2	0	3	0	4	1	2	0.285	0.270833	0.805833	0.243787	166	1699	1865
1888	3/24/2011	2	0	3	10	0	4	1	2	0.26	0.2273	0.93	0.3284	10	55	65	83	2	0	3	0	4	1	2	0.285	0.270833	0.805833	0.243787	166	1699	1865
1889	3/24/2011	2	0	3	11	0	4	1	2	0.3	0.2727	0.81	0.2985	10	61	71	83	2	0	3	0	4	1	2	0.285	0.270833	0.805833	0.243787	166	1699	1865
1890	3/24/2011	2	0	3	12	0	4	1	2	0.3	0.2727	0.7	0.3284	12	82	94	83	2	0	3	0	4	1	2	0.285	0.270833	0.805833	0.243787	166	1699	1865
1891	3/24/2011	2	0	3	13	0	4	1	2	0.32	0.303	0.7	0.2239	11	90	101	83	2	0	3	0	4	1	2	0.285	0.270833	0.805833	0.243787	166	1699	1865
1892	3/24/2011	2	0	3	14	0	4	1	2	0.3	0.303	0.7	0.1343	17	66	83	83	2	0	3	0	4	1	2	0.285	0.270833	0.805833	0.243787	166	1699	1865
1893	3/24/2011	2	0	3	15	0	4	1	2	0.3	0.2879	0.7	0.2537	13	77	90	83	2	0	3	0	4	1	2	0.285	0.270833	0.805833	0.243787	166	1699	1865
1894	3/24/2011	2	0	3	16	0	4	1	2	0.3	0.2879	0.65	0.2239	6	78	84	83	2	0	3	0	4	1	2	0.285	0.270833	0.805833	0.243787	166	1699	1865
1895	3/24/2011	2	0	3	17	0	4	1	2	0.3	0.2879	0.7	0.2239	12	221	233	83	2	0	3	0	4	1	2	0.285	0.270833	0.805833	0.243787	166	1699	1865
1896	3/24/2011	2	0	3	18	0	4	1	2	0.3	0.2727	0.61	0.2985	17	197	214	83	2	0	3	0	4	1	2	0.285	0.270833	0.805833	0.243787	166	1699	1865
1897	3/24/2011	2	0	3	19	0	4	1	1	0.3	0.2727	0.56	0.3881	16	122	138	83	2	0	3	0	4	1	2	0.285	0.270833	0.805833	0.243787	166	1699	1865
1898	3/24/2011	2	0	3	20	0	4	1	1	0.28	0.2576	0.61	0.2836	8	110	118	83	2	0	3	0	4	1	2	0.285	0.270833	0.805833	0.243787	166	1699	1865
1899	3/24/2011	2	0	3	21	0	4	1	1	0.26	0.2576	0.65	0.2239	11	67	78	83	2	0	3	0	4	1	2	0.285	0.270833	0.805833	0.243787	166	1699	1865
1900	3/24/2011	2	0	3	22	0	4	1	1	0.26	0.2576	0.65	0.1642	3	59	62	83	2	0	3	0	4	1	2	0.285	0.270833	0.805833	0.243787	166	1699	1865
1901	3/24/2011	2	0	3	23	0	4	1	1	0.24	0.2273	0.65	0.194	9	24	33	83	2	0	3	0	4	1	2	0.285	0.270833	0.805833	0.243787	166	1699	1865
1902	3/25/2011	2	0	3	0	0	5	1	1	0.24	0.2273	0.6	0.194	1	17	18	84	2	0	3	0	5	1	1	0.264167	0.256312	0.495	0.230725	300	1910	2210
1903	3/25/2011	2	0	3	1	0	5	1	1	0.2	0.2121	0.69	0.1642	0	5	5	84	2	0	3	0	5	1	1	0.264167	0.256312	0.495	0.230725	300	1910	2210
1904	3/25/2011	2	0	3	2	0	5	1	1	0.2	0.197	0.69	0.2239	0	5	5	84	2	0	3	0	5	1	1	0.264167	0.256312	0.495	0.230725	300	1910	2210
1905	3/25/2011	2	0	3	3	0	5	1	1	0.2	0.2273	0.69	0.1045	0	2	2	84	2	0	3	0	5	1	1	0.264167	0.256312	0.495	0.230725	300	1910	2210
1906	3/25/2011	2	0	3	4	0	5	1	1	0.18	0.2121	0.74	0.1045	3	2	5	84	2	0	3	0	5	1	1	0.264167	0.256312	0.495	0.230725	300	1910	2210
1907	3/25/2011	2	0	3	5	0	5	1	1	0.18	0.197	0.74	0.1642	0	9	9	84	2	0	3	0	5	1	1	0.264167	0.256312	0.495	0.230725	300	1910	2210
1908	3/25/2011	2	0	3	6	0	5	1	1	0.18	0.1818	0.74	0.2239	0	32	32	84	2	0	3	0	5	1	1	0.264167	0.256312	0.495	0.230725	300	1910	2210
1909	3/25/2011	2	0	3	7	0	5	1	1	0.2	0.1818	0.59	0.3582	4	100	104	84	2	0	3	0	5	1	1	0.264167	0.256312	0.495	0.230725	300	1910	2210
1910	3/25/2011	2	0	3	8	0	5	1	1	0.22	0.2121	0.51	0.2836	9	228	237	84	2	0	3	0	5	1	1	0.264167	0.256312	0.495	0.230725	300	1910	2210
1911	3/25/2011	2	0	3	9	0	5	1	1	0.24	0.2121	0.48	0.2985	16	150	166	84	2	0	3	0	5	1	1	0.264167	0.256312	0.495	0.230725	300	1910	2210
1912	3/25/2011	2	0	3	10	0	5	1	1	0.26	0.2576	0.48	0	15	53	68	84	2	0	3	0	5	1	1	0.264167	0.256312	0.495	0.230725	300	1910	2210
1913	3/25/2011	2	0	3	11	0	5	1	1	0.3	0.2879	0.45	0.2836	17	58	75	84	2	0	3	0	5	1	1	0.264167	0.256312	0.495	0.230725	300	1910	2210
1914	3/25/2011	2	0	3	12	0	5	1	1	0.32	0.303	0.42	0.2537	37	108	145	84	2	0	3	0	5	1	1	0.264167	0.256312	0.495	0.230725	300	1910	2210
1915	3/25/2011	2	0	3	13	0	5	1	1	0.32	0.3182	0.39	0.194	34	104	138	84	2	0	3	0	5	1	1	0.264167	0.256312	0.495	0.230725	300	1910	2210
1916	3/25/2011	2	0	3	14	0	5	1	1	0.36	0.3333	0.32	0.3284	30	103	133	84	2	0	3	0	5	1	1	0.264167	0.256312	0.495	0.230725	300	1910	2210
1917	3/25/2011	2	0	3	15	0	5	1	2	0.34	0.3182	0.36	0.2537	43	79	122	84	2	0	3	0	5	1	1	0.264167	0.256312	0.495	0.230725	300	1910	2210
1918	3/25/2011	2	0	3	16	0	5	1	2	0.34	0.303	0.34	0.2985	23	127	150	84	2	0	3	0	5	1	1	0.264167	0.256312	0.495	0.230725	300	1910	2210
1919	3/25/2011	2	0	3	17	0	5	1	2	0.32	0.2879	0.36	0.3582	23	202	225	84	2	0	3	0	5	1	1	0.264167	0.256312	0.495	0.230725	300	1910	2210
1920	3/25/2011	2	0	3	18	0	5	1	1	0.3	0.2879	0.39	0.2537	8	190	198	84	2	0	3	0	5	1	1	0.264167	0.256312	0.495	0.230725	300	1910	2210
1921	3/25/2011	2	0	3	19	0	5	1	2	0.3	0.2879	0.36	0.2836	9	126	135	84	2	0	3	0	5	1	1	0.264167	0.256312	0.495	0.230725	300	1910	2210
1922	3/25/2011	2	0	3	20	0	5	1	2	0.3	0.303	0.39	0.1343	6	75	81	84	2	0	3	0	5	1	1	0.264167	0.256312	0.495	0.230725	300	1910	2210
1923	3/25/2011	2	0	3	21	0	5	1	2	0.3	0.303	0.39	0.1642	11	64	75	84	2	0	3	0	5	1	1	0.264167	0.256312	0.495	0.230725	300	1910	2210
1924	3/25/2011	2	0	3	22	0	5	1	2	0.28	0.2576	0.38	0.3284	3	40	43	84	2	0	3	0	5	1	1	0.264167	0.256312	0.495	0.230725	300	1910	2210
1925	3/25/2011	2	0	3	23	0	5	1	2	0.26	0.2424	0.38	0.2836	8	31	39	84	2	0	3	0	5	1	1	0.264167	0.256312	0.495	0.230725	300	1910	2210
1926	3/26/2011	2	0	3	0	0	6	0	2	0.26	0.2424	0.38	0.2836	3	25	28	85	2	0	3	0	6	0	1	0.265833	0.257571	0.394167	0.209571	981	1515	2496
1927	3/26/2011	2	0	3	1	0	6	0	1	0.26	0.2273	0.38	0.2985	3	24	27	85	2	0	3	0	6	0	1	0.265833	0.257571	0.394167	0.209571	981	1515	2496
1928	3/26/2011	2	0	3	2	0	6	0	1	0.22	0.2121	0.44	0.2239	4	21	25	85	2	0	3	0	6	0	1	0.265833	0.257571	0.394167	0.209571	981	1515	2496
1929	3/26/2011	2	0	3	3	0	6	0	1	0.2	0.197	0.47	0.194	2	7	9	85	2	0	3	0	6	0	1	0.265833	0.257571	0.394167	0.209571	981	1515	2496
1930	3/26/2011	2	0	3	4	0	6	0	1	0.22	0.2121	0.44	0.2239	2	4	6	85	2	0	3	0	6	0	1	0.265833	0.257571	0.394167	0.209571	981	1515	2496
1931	3/26/2011	2	0	3	5	0	6	0	1	0.2	0.197	0.51	0.194	0	8	8	85	2	0	3	0	6	0	1	0.265833	0.257571	0.394167	0.209571	981	1515	2496
1932	3/26/2011	2	0	3	6	0	6	0	1	0.18	0.1818	0.55	0.194	2	8	10	85	2	0	3	0	6	0	1	0.265833	0.257571	0.394167	0.209571	981	1515	2496
1933	3/26/2011	2	0	3	7	0	6	0	1	0.2	0.197	0.51	0.194	18	23	41	85	2	0	3	0	6	0	1	0.265833	0.257571	0.394167	0.209571	981	1515	2496
1934	3/26/2011	2	0	3	8	0	6	0	1	0.22	0.2273	0.44	0.1343	24	42	66	85	2	0	3	0	6	0	1	0.265833	0.257571	0.394167	0.209571	981	1515	2496
1935	3/26/2011	2	0	3	9	0	6	0	1	0.24	0.2424	0.41	0.1343	32	68	100	85	2	0	3	0	6	0	1	0.265833	0.257571	0.394167	0.209571	981	1515	2496
1936	3/26/2011	2	0	3	10	0	6	0	1	0.26	0.2576	0.41	0.1642	32	93	125	85	2	0	3	0	6	0	1	0.265833	0.257571	0.394167	0.209571	981	1515	2496
1937	3/26/2011	2	0	3	11	0	6	0	1	0.28	0.2727	0.38	0.1642	75	93	168	85	2	0	3	0	6	0	1	0.265833	0.257571	0.394167	0.209571	981	1515	2496
1938	3/26/2011	2	0	3	12	0	6	0	1	0.3	0.2879	0.36	0.194	98	129	227	85	2	0	3	0	6	0	1	0.265833	0.257571	0.394167	0.209571	981	1515	2496
1939	3/26/2011	2	0	3	13	0	6	0	1	0.32	0.303	0.33	0.2239	94	145	239	85	2	0	3	0	6	0	1	0.265833	0.257571	0.394167	0.209571	981	1515	2496
1940	3/26/2011	2	0	3	14	0	6	0	1	0.34	0.3182	0.29	0.2239	93	123	216	85	2	0	3	0	6	0	1	0.265833	0.257571	0.394167	0.209571	981	1515	2496
1941	3/26/2011	2	0	3	15	0	6	0	1	0.34	0.3333	0.29	0.194	110	109	219	85	2	0	3	0	6	0	1	0.265833	0.257571	0.394167	0.209571	981	1515	2496
1942	3/26/2011	2	0	3	16	0	6	0	1	0.34	0.3333	0.23	0.194	118	130	248	85	2	0	3	0	6	0	1	0.265833	0.257571	0.394167	0.209571	981	1515	2496
1943	3/26/2011	2	0	3	17	0	6	0	1	0.32	0.303	0.24	0.2239	102	101	203	85	2	0	3	0	6	0	1	0.265833	0.257571	0.394167	0.209571	981	1515	2496
1944	3/26/2011	2	0	3	18	0	6	0	2	0.32	0.3182	0.21	0.1642	64	89	153	85	2	0	3	0	6	0	1	0.265833	0.257571	0.394167	0.209571	981	1515	2496
1945	3/26/2011	2	0	3	19	0	6	0	2	0.28	0.2727	0.45	0.2537	45	93	138	85	2	0	3	0	6	0	1	0.265833	0.257571	0.394167	0.209571	981	1515	2496
1946	3/26/2011	2	0	3	20	0	6	0	2	0.28	0.2727	0.45	0.2537	18	67	85	85	2	0	3	0	6	0	1	0.265833	0.257571	0.394167	0.209571	981	1515	2496
1947	3/26/2011	2	0	3	21	0	6	0	2	0.26	0.2576	0.44	0.194	15	36	51	85	2	0	3	0	6	0	1	0.265833	0.257571	0.394167	0.209571	981	1515	2496
1948	3/26/2011	2	0	3	22	0	6	0	2	0.28	0.2727	0.41	0.2239	17	46	63	85	2	0	3	0	6	0	1	0.265833	0.257571	0.394167	0.209571	981	1515	2496
1949	3/26/2011	2	0	3	23	0	6	0	2	0.26	0.2424	0.44	0.2836	10	31	41	85	2	0	3	0	6	0	1	0.265833	0.257571	0.394167	0.209571	981	1515	2496
1950	3/27/2011	2	0	3	0	0	0	0	2	0.26	0.2576	0.41	0.1642	5	26	31	86	2	0	3	0	0	0	2	0.253043	0.250339	0.493913	0.1843	472	1221	1693
1951	3/27/2011	2	0	3	1	0	0	0	2	0.24	0.2273	0.52	0.194	3	17	20	86	2	0	3	0	0	0	2	0.253043	0.250339	0.493913	0.1843	472	1221	1693
1952	3/27/2011	2	0	3	2	0	0	0	3	0.22	0.2273	0.55	0.194	6	15	21	86	2	0	3	0	0	0	2	0.253043	0.250339	0.493913	0.1843	472	1221	1693
1953	3/27/2011	2	0	3	3	0	0	0	3	0.2	0.197	0.69	0.2239	0	14	14	86	2	0	3	0	0	0	2	0.253043	0.250339	0.493913	0.1843	472	1221	1693
1954	3/27/2011	2	0	3	4	0	0	0	3	0.18	0.197	0.74	0.1642	1	5	6	86	2	0	3	0	0	0	2	0.253043	0.250339	0.493913	0.1843	472	1221	1693
1955	3/27/2011	2	0	3	6	0	0	0	3	0.16	0.1818	0.86	0.1343	0	2	2	86	2	0	3	0	0	0	2	0.253043	0.250339	0.493913	0.1843	472	1221	1693
1956	3/27/2011	2	0	3	7	0	0	0	3	0.16	0.1667	0.86	0.1642	0	7	7	86	2	0	3	0	0	0	2	0.253043	0.250339	0.493913	0.1843	472	1221	1693
1957	3/27/2011	2	0	3	8	0	0	0	1	0.2	0.197	0.69	0.2239	6	8	14	86	2	0	3	0	0	0	2	0.253043	0.250339	0.493913	0.1843	472	1221	1693
1958	3/27/2011	2	0	3	9	0	0	0	1	0.22	0.2273	0.55	0.1343	17	37	54	86	2	0	3	0	0	0	2	0.253043	0.250339	0.493913	0.1843	472	1221	1693
1959	3/27/2011	2	0	3	10	0	0	0	2	0.22	0.2121	0.55	0.2239	27	59	86	86	2	0	3	0	0	0	2	0.253043	0.250339	0.493913	0.1843	472	1221	1693
1960	3/27/2011	2	0	3	11	0	0	0	2	0.24	0.2424	0.48	0.1642	23	85	108	86	2	0	3	0	0	0	2	0.253043	0.250339	0.493913	0.1843	472	1221	1693
1961	3/27/2011	2	0	3	12	0	0	0	2	0.26	0.2576	0.44	0.2239	43	120	163	86	2	0	3	0	0	0	2	0.253043	0.250339	0.493913	0.1843	472	1221	1693
1962	3/27/2011	2	0	3	13	0	0	0	1	0.3	0.2879	0.39	0.2239	47	100	147	86	2	0	3	0	0	0	2	0.253043	0.250339	0.493913	0.1843	472	1221	1693
1963	3/27/2011	2	0	3	14	0	0	0	1	0.32	0.3182	0.36	0.1642	61	103	164	86	2	0	3	0	0	0	2	0.253043	0.250339	0.493913	0.1843	472	1221	1693
1964	3/27/2011	2	0	3	15	0	0	0	1	0.32	0.303	0.36	0.2836	61	111	172	86	2	0	3	0	0	0	2	0.253043	0.250339	0.493913	0.1843	472	1221	1693
1965	3/27/2011	2	0	3	16	0	0	0	1	0.34	0.3333	0.34	0	45	98	143	86	2	0	3	0	0	0	2	0.253043	0.250339	0.493913	0.1843	472	1221	1693
1966	3/27/2011	2	0	3	17	0	0	0	1	0.32	0.303	0.31	0.2537	50	109	159	86	2	0	3	0	0	0	2	0.253043	0.250339	0.493913	0.1843	472	1221	1693
1967	3/27/2011	2	0	3	18	0	0	0	1	0.3	0.2879	0.33	0.194	32	105	137	86	2	0	3	0	0	0	2	0.253043	0.250339	0.493913	0.1843	472	1221	1693
1968	3/27/2011	2	0	3	19	0	0	0	1	0.3	0.2879	0.31	0.2239	23	80	103	86	2	0	3	0	0	0	2	0.253043	0.250339	0.493913	0.1843	472	1221	1693
1969	3/27/2011	2	0	3	20	0	0	0	1	0.28	0.2727	0.36	0.1642	7	50	57	86	2	0	3	0	0	0	2	0.253043	0.250339	0.493913	0.1843	472	1221	1693
1970	3/27/2011	2	0	3	21	0	0	0	1	0.26	0.2576	0.41	0.1642	7	29	36	86	2	0	3	0	0	0	2	0.253043	0.250339	0.493913	0.1843	472	1221	1693
1971	3/27/2011	2	0	3	22	0	0	0	1	0.26	0.2576	0.41	0.1642	5	25	30	86	2	0	3	0	0	0	2	0.253043	0.250339	0.493913	0.1843	472	1221	1693
1972	3/27/2011	2	0	3	23	0	0	0	1	0.26	0.2576	0.44	0.194	3	16	19	86	2	0	3	0	0	0	2	0.253043	0.250339	0.493913	0.1843	472	1221	1693
1973	3/28/2011	2	0	3	0	0	1	1	1	0.22	0.2273	0.55	0.194	1	11	12	87	2	0	3	0	1	1	1	0.264348	0.257574	0.302174	0.212204	222	1806	2028
1974	3/28/2011	2	0	3	1	0	1	1	1	0.22	0.2273	0.44	0.194	2	4	6	87	2	0	3	0	1	1	1	0.264348	0.257574	0.302174	0.212204	222	1806	2028
1975	3/28/2011	2	0	3	2	0	1	1	1	0.22	0.2273	0.44	0.1642	0	5	5	87	2	0	3	0	1	1	1	0.264348	0.257574	0.302174	0.212204	222	1806	2028
1976	3/28/2011	2	0	3	3	0	1	1	1	0.22	0.2273	0.44	0.1642	0	2	2	87	2	0	3	0	1	1	1	0.264348	0.257574	0.302174	0.212204	222	1806	2028
1977	3/28/2011	2	0	3	5	0	1	1	1	0.18	0.1818	0.43	0.194	0	8	8	87	2	0	3	0	1	1	1	0.264348	0.257574	0.302174	0.212204	222	1806	2028
1978	3/28/2011	2	0	3	6	0	1	1	1	0.18	0.1667	0.34	0.2836	0	40	40	87	2	0	3	0	1	1	1	0.264348	0.257574	0.302174	0.212204	222	1806	2028
1979	3/28/2011	2	0	3	7	0	1	1	1	0.2	0.1818	0.32	0.3284	6	104	110	87	2	0	3	0	1	1	1	0.264348	0.257574	0.302174	0.212204	222	1806	2028
1980	3/28/2011	2	0	3	8	0	1	1	1	0.2	0.197	0.34	0.2239	15	239	254	87	2	0	3	0	1	1	1	0.264348	0.257574	0.302174	0.212204	222	1806	2028
1981	3/28/2011	2	0	3	9	0	1	1	2	0.22	0.2121	0.32	0.2239	12	109	121	87	2	0	3	0	1	1	1	0.264348	0.257574	0.302174	0.212204	222	1806	2028
1982	3/28/2011	2	0	3	10	0	1	1	1	0.24	0.2273	0.3	0.194	22	47	69	87	2	0	3	0	1	1	1	0.264348	0.257574	0.302174	0.212204	222	1806	2028
1983	3/28/2011	2	0	3	11	0	1	1	2	0.26	0.2424	0.3	0.2836	18	39	57	87	2	0	3	0	1	1	1	0.264348	0.257574	0.302174	0.212204	222	1806	2028
1984	3/28/2011	2	0	3	12	0	1	1	2	0.26	0.2727	0.25	0	8	71	79	87	2	0	3	0	1	1	1	0.264348	0.257574	0.302174	0.212204	222	1806	2028
1985	3/28/2011	2	0	3	13	0	1	1	2	0.3	0.2879	0.24	0.2239	14	69	83	87	2	0	3	0	1	1	1	0.264348	0.257574	0.302174	0.212204	222	1806	2028
1986	3/28/2011	2	0	3	14	0	1	1	1	0.32	0.303	0.22	0.2239	15	65	80	87	2	0	3	0	1	1	1	0.264348	0.257574	0.302174	0.212204	222	1806	2028
1987	3/28/2011	2	0	3	15	0	1	1	1	0.32	0.303	0.24	0.2836	19	53	72	87	2	0	3	0	1	1	1	0.264348	0.257574	0.302174	0.212204	222	1806	2028
1988	3/28/2011	2	0	3	16	0	1	1	1	0.34	0.3182	0.23	0.2239	15	117	132	87	2	0	3	0	1	1	1	0.264348	0.257574	0.302174	0.212204	222	1806	2028
1989	3/28/2011	2	0	3	17	0	1	1	1	0.34	0.303	0.23	0.2985	25	227	252	87	2	0	3	0	1	1	1	0.264348	0.257574	0.302174	0.212204	222	1806	2028
1990	3/28/2011	2	0	3	18	0	1	1	1	0.32	0.303	0.21	0.2836	21	220	241	87	2	0	3	0	1	1	1	0.264348	0.257574	0.302174	0.212204	222	1806	2028
1991	3/28/2011	2	0	3	19	0	1	1	1	0.3	0.303	0.22	0.1343	17	156	173	87	2	0	3	0	1	1	1	0.264348	0.257574	0.302174	0.212204	222	1806	2028
1992	3/28/2011	2	0	3	20	0	1	1	1	0.32	0.3333	0.22	0.1045	5	107	112	87	2	0	3	0	1	1	1	0.264348	0.257574	0.302174	0.212204	222	1806	2028
1993	3/28/2011	2	0	3	21	0	1	1	1	0.32	0.3333	0.21	0.1343	6	55	61	87	2	0	3	0	1	1	1	0.264348	0.257574	0.302174	0.212204	222	1806	2028
1994	3/28/2011	2	0	3	22	0	1	1	1	0.3	0.2879	0.22	0.2239	0	40	40	87	2	0	3	0	1	1	1	0.264348	0.257574	0.302174	0.212204	222	1806	2028
1995	3/28/2011	2	0	3	23	0	1	1	1	0.28	0.2576	0.24	0.2985	1	18	19	87	2	0	3	0	1	1	1	0.264348	0.257574	0.302174	0.212204	222	1806	2028
1996	3/29/2011	2	0	3	0	0	2	1	1	0.26	0.2273	0.28	0.3284	1	15	16	88	2	0	3	0	2	1	1	0.3025	0.292908	0.314167	0.226996	317	2108	2425
1997	3/29/2011	2	0	3	1	0	2	1	1	0.24	0.2121	0.32	0.2985	0	4	4	88	2	0	3	0	2	1	1	0.3025	0.292908	0.314167	0.226996	317	2108	2425
1998	3/29/2011	2	0	3	2	0	2	1	1	0.24	0.2121	0.32	0.2985	0	3	3	88	2	0	3	0	2	1	1	0.3025	0.292908	0.314167	0.226996	317	2108	2425
1999	3/29/2011	2	0	3	3	0	2	1	1	0.24	0.2121	0.32	0.2985	2	1	3	88	2	0	3	0	2	1	1	0.3025	0.292908	0.314167	0.226996	317	2108	2425
2000	3/29/2011	2	0	3	4	0	2	1	1	0.2	0.2121	0.44	0.1642	1	1	2	88	2	0	3	0	2	1	1	0.3025	0.292908	0.314167	0.226996	317	2108	2425
2001	3/29/2011	2	0	3	5	0	2	1	1	0.22	0.2121	0.37	0.2537	0	8	8	88	2	0	3	0	2	1	1	0.3025	0.292908	0.314167	0.226996	317	2108	2425
2002	3/29/2011	2	0	3	6	0	2	1	1	0.22	0.2121	0.41	0.2985	4	46	50	88	2	0	3	0	2	1	1	0.3025	0.292908	0.314167	0.226996	317	2108	2425
2003	3/29/2011	2	0	3	7	0	2	1	1	0.22	0.197	0.41	0.3582	5	128	133	88	2	0	3	0	2	1	1	0.3025	0.292908	0.314167	0.226996	317	2108	2425
2004	3/29/2011	2	0	3	8	0	2	1	1	0.24	0.2121	0.35	0.3582	19	268	287	88	2	0	3	0	2	1	1	0.3025	0.292908	0.314167	0.226996	317	2108	2425
2005	3/29/2011	2	0	3	9	0	2	1	1	0.28	0.2576	0.28	0.3881	16	156	172	88	2	0	3	0	2	1	1	0.3025	0.292908	0.314167	0.226996	317	2108	2425
2006	3/29/2011	2	0	3	10	0	2	1	1	0.3	0.2727	0.24	0.2985	13	46	59	88	2	0	3	0	2	1	1	0.3025	0.292908	0.314167	0.226996	317	2108	2425
2007	3/29/2011	2	0	3	11	0	2	1	2	0.34	0.303	0.25	0.3881	18	63	81	88	2	0	3	0	2	1	1	0.3025	0.292908	0.314167	0.226996	317	2108	2425
2008	3/29/2011	2	0	3	12	0	2	1	1	0.34	0.3333	0.25	0.1642	29	77	106	88	2	0	3	0	2	1	1	0.3025	0.292908	0.314167	0.226996	317	2108	2425
2009	3/29/2011	2	0	3	13	0	2	1	1	0.34	0.303	0.25	0.2985	24	80	104	88	2	0	3	0	2	1	1	0.3025	0.292908	0.314167	0.226996	317	2108	2425
2010	3/29/2011	2	0	3	14	0	2	1	1	0.36	0.3333	0.25	0.2537	20	66	86	88	2	0	3	0	2	1	1	0.3025	0.292908	0.314167	0.226996	317	2108	2425
2011	3/29/2011	2	0	3	15	0	2	1	1	0.38	0.3939	0.25	0.2239	22	65	87	88	2	0	3	0	2	1	1	0.3025	0.292908	0.314167	0.226996	317	2108	2425
2012	3/29/2011	2	0	3	16	0	2	1	1	0.38	0.3939	0.22	0.1642	12	124	136	88	2	0	3	0	2	1	1	0.3025	0.292908	0.314167	0.226996	317	2108	2425
2013	3/29/2011	2	0	3	17	0	2	1	1	0.4	0.4091	0.2	0.1343	34	265	299	88	2	0	3	0	2	1	1	0.3025	0.292908	0.314167	0.226996	317	2108	2425
2014	3/29/2011	2	0	3	18	0	2	1	1	0.36	0.3636	0.21	0.0896	42	252	294	88	2	0	3	0	2	1	1	0.3025	0.292908	0.314167	0.226996	317	2108	2425
2015	3/29/2011	2	0	3	19	0	2	1	1	0.34	0.3333	0.23	0.194	20	170	190	88	2	0	3	0	2	1	1	0.3025	0.292908	0.314167	0.226996	317	2108	2425
2016	3/29/2011	2	0	3	20	0	2	1	1	0.36	0.3636	0.21	0.0896	13	119	132	88	2	0	3	0	2	1	1	0.3025	0.292908	0.314167	0.226996	317	2108	2425
2017	3/29/2011	2	0	3	21	0	2	1	1	0.34	0.3636	0.42	0	8	75	83	88	2	0	3	0	2	1	1	0.3025	0.292908	0.314167	0.226996	317	2108	2425
2018	3/29/2011	2	0	3	22	0	2	1	1	0.34	0.3636	0.49	0	6	49	55	88	2	0	3	0	2	1	1	0.3025	0.292908	0.314167	0.226996	317	2108	2425
2019	3/29/2011	2	0	3	23	0	2	1	2	0.32	0.3333	0.57	0.1045	8	27	35	88	2	0	3	0	2	1	1	0.3025	0.292908	0.314167	0.226996	317	2108	2425
2020	3/30/2011	2	0	3	0	0	3	1	2	0.32	0.3485	0.57	0	3	8	11	89	2	0	3	0	3	1	2	0.3	0.29735	0.646667	0.172888	168	1368	1536
2021	3/30/2011	2	0	3	1	0	3	1	1	0.32	0.3485	0.39	0	1	9	10	89	2	0	3	0	3	1	2	0.3	0.29735	0.646667	0.172888	168	1368	1536
2022	3/30/2011	2	0	3	2	0	3	1	2	0.32	0.3485	0.57	0	0	4	4	89	2	0	3	0	3	1	2	0.3	0.29735	0.646667	0.172888	168	1368	1536
2023	3/30/2011	2	0	3	3	0	3	1	2	0.32	0.3485	0.49	0	0	4	4	89	2	0	3	0	3	1	2	0.3	0.29735	0.646667	0.172888	168	1368	1536
2024	3/30/2011	2	0	3	4	0	3	1	2	0.32	0.3485	0.57	0	1	0	1	89	2	0	3	0	3	1	2	0.3	0.29735	0.646667	0.172888	168	1368	1536
2025	3/30/2011	2	0	3	5	0	3	1	2	0.3	0.2879	0.56	0.194	0	7	7	89	2	0	3	0	3	1	2	0.3	0.29735	0.646667	0.172888	168	1368	1536
2026	3/30/2011	2	0	3	6	0	3	1	2	0.3	0.303	0.49	0.1343	4	44	48	89	2	0	3	0	3	1	2	0.3	0.29735	0.646667	0.172888	168	1368	1536
2027	3/30/2011	2	0	3	7	0	3	1	2	0.32	0.3333	0.45	0.1045	8	128	136	89	2	0	3	0	3	1	2	0.3	0.29735	0.646667	0.172888	168	1368	1536
2028	3/30/2011	2	0	3	8	0	3	1	2	0.32	0.3182	0.49	0.1642	16	247	263	89	2	0	3	0	3	1	2	0.3	0.29735	0.646667	0.172888	168	1368	1536
2029	3/30/2011	2	0	3	9	0	3	1	2	0.32	0.303	0.45	0.2239	7	147	154	89	2	0	3	0	3	1	2	0.3	0.29735	0.646667	0.172888	168	1368	1536
2030	3/30/2011	2	0	3	10	0	3	1	2	0.34	0.3182	0.46	0.2239	13	51	64	89	2	0	3	0	3	1	2	0.3	0.29735	0.646667	0.172888	168	1368	1536
2031	3/30/2011	2	0	3	11	0	3	1	2	0.34	0.3182	0.46	0.2537	26	64	90	89	2	0	3	0	3	1	2	0.3	0.29735	0.646667	0.172888	168	1368	1536
2032	3/30/2011	2	0	3	12	0	3	1	2	0.34	0.3333	0.46	0.1642	15	65	80	89	2	0	3	0	3	1	2	0.3	0.29735	0.646667	0.172888	168	1368	1536
2033	3/30/2011	2	0	3	13	0	3	1	2	0.36	0.3485	0.46	0.2239	14	84	98	89	2	0	3	0	3	1	2	0.3	0.29735	0.646667	0.172888	168	1368	1536
2034	3/30/2011	2	0	3	14	0	3	1	2	0.36	0.3333	0.46	0.2985	16	64	80	89	2	0	3	0	3	1	2	0.3	0.29735	0.646667	0.172888	168	1368	1536
2035	3/30/2011	2	0	3	15	0	3	1	3	0.28	0.2576	0.81	0.2985	14	56	70	89	2	0	3	0	3	1	2	0.3	0.29735	0.646667	0.172888	168	1368	1536
2036	3/30/2011	2	0	3	16	0	3	1	3	0.28	0.2727	0.87	0.2537	0	36	36	89	2	0	3	0	3	1	2	0.3	0.29735	0.646667	0.172888	168	1368	1536
2037	3/30/2011	2	0	3	17	0	3	1	3	0.26	0.2727	0.93	0.1045	11	105	116	89	2	0	3	0	3	1	2	0.3	0.29735	0.646667	0.172888	168	1368	1536
2038	3/30/2011	2	0	3	18	0	3	1	2	0.26	0.2576	0.93	0.2239	6	79	85	89	2	0	3	0	3	1	2	0.3	0.29735	0.646667	0.172888	168	1368	1536
2039	3/30/2011	2	0	3	19	0	3	1	2	0.26	0.2576	0.93	0.2239	5	67	72	89	2	0	3	0	3	1	2	0.3	0.29735	0.646667	0.172888	168	1368	1536
2040	3/30/2011	2	0	3	20	0	3	1	3	0.24	0.2121	0.93	0.2985	4	40	44	89	2	0	3	0	3	1	2	0.3	0.29735	0.646667	0.172888	168	1368	1536
2041	3/30/2011	2	0	3	21	0	3	1	2	0.24	0.2273	0.93	0.2537	0	27	27	89	2	0	3	0	3	1	2	0.3	0.29735	0.646667	0.172888	168	1368	1536
2042	3/30/2011	2	0	3	22	0	3	1	3	0.24	0.2273	0.93	0.2239	3	21	24	89	2	0	3	0	3	1	2	0.3	0.29735	0.646667	0.172888	168	1368	1536
2043	3/30/2011	2	0	3	23	0	3	1	3	0.24	0.2121	0.93	0.2836	1	11	12	89	2	0	3	0	3	1	2	0.3	0.29735	0.646667	0.172888	168	1368	1536
2044	3/31/2011	2	0	3	0	0	4	1	3	0.24	0.2273	0.93	0.2239	0	3	3	90	2	0	3	0	4	1	3	0.268333	0.257575	0.918333	0.217646	179	1506	1685
2045	3/31/2011	2	0	3	1	0	4	1	3	0.24	0.2273	0.93	0.194	1	4	5	90	2	0	3	0	4	1	3	0.268333	0.257575	0.918333	0.217646	179	1506	1685
2046	3/31/2011	2	0	3	2	0	4	1	3	0.24	0.2273	0.93	0.194	0	5	5	90	2	0	3	0	4	1	3	0.268333	0.257575	0.918333	0.217646	179	1506	1685
2047	3/31/2011	2	0	3	3	0	4	1	3	0.24	0.2273	0.93	0.2239	0	1	1	90	2	0	3	0	4	1	3	0.268333	0.257575	0.918333	0.217646	179	1506	1685
2048	3/31/2011	2	0	3	4	0	4	1	3	0.24	0.2273	0.93	0.2537	0	2	2	90	2	0	3	0	4	1	3	0.268333	0.257575	0.918333	0.217646	179	1506	1685
2049	3/31/2011	2	0	3	5	0	4	1	3	0.24	0.2273	0.93	0.2239	0	8	8	90	2	0	3	0	4	1	3	0.268333	0.257575	0.918333	0.217646	179	1506	1685
2050	3/31/2011	2	0	3	6	0	4	1	3	0.24	0.2121	0.93	0.2985	2	34	36	90	2	0	3	0	4	1	3	0.268333	0.257575	0.918333	0.217646	179	1506	1685
2051	3/31/2011	2	0	3	7	0	4	1	3	0.24	0.2273	0.93	0.2537	5	87	92	90	2	0	3	0	4	1	3	0.268333	0.257575	0.918333	0.217646	179	1506	1685
2052	3/31/2011	2	0	3	8	0	4	1	2	0.24	0.2273	1	0.2537	7	185	192	90	2	0	3	0	4	1	3	0.268333	0.257575	0.918333	0.217646	179	1506	1685
2053	3/31/2011	2	0	3	9	0	4	1	3	0.26	0.2424	0.93	0.2537	6	126	132	90	2	0	3	0	4	1	3	0.268333	0.257575	0.918333	0.217646	179	1506	1685
2054	3/31/2011	2	0	3	10	0	4	1	3	0.26	0.2424	0.93	0.2537	15	54	69	90	2	0	3	0	4	1	3	0.268333	0.257575	0.918333	0.217646	179	1506	1685
2055	3/31/2011	2	0	3	11	0	4	1	3	0.28	0.2727	0.93	0.194	6	52	58	90	2	0	3	0	4	1	3	0.268333	0.257575	0.918333	0.217646	179	1506	1685
2056	3/31/2011	2	0	3	12	0	4	1	3	0.28	0.2727	0.93	0.194	17	73	90	90	2	0	3	0	4	1	3	0.268333	0.257575	0.918333	0.217646	179	1506	1685
2057	3/31/2011	2	0	3	13	0	4	1	3	0.3	0.303	0.87	0.1343	13	55	68	90	2	0	3	0	4	1	3	0.268333	0.257575	0.918333	0.217646	179	1506	1685
2058	3/31/2011	2	0	3	14	0	4	1	3	0.3	0.303	0.87	0.1343	27	49	76	90	2	0	3	0	4	1	3	0.268333	0.257575	0.918333	0.217646	179	1506	1685
2059	3/31/2011	2	0	3	15	0	4	1	3	0.3	0.2727	0.87	0.2985	4	61	65	90	2	0	3	0	4	1	3	0.268333	0.257575	0.918333	0.217646	179	1506	1685
2060	3/31/2011	2	0	3	16	0	4	1	2	0.3	0.2879	0.87	0.2537	13	72	85	90	2	0	3	0	4	1	3	0.268333	0.257575	0.918333	0.217646	179	1506	1685
2061	3/31/2011	2	0	3	17	0	4	1	2	0.3	0.2879	0.87	0.2537	15	153	168	90	2	0	3	0	4	1	3	0.268333	0.257575	0.918333	0.217646	179	1506	1685
2062	3/31/2011	2	0	3	18	0	4	1	2	0.3	0.303	0.87	0.1343	12	165	177	90	2	0	3	0	4	1	3	0.268333	0.257575	0.918333	0.217646	179	1506	1685
2063	3/31/2011	2	0	3	19	0	4	1	2	0.3	0.303	0.87	0.1343	12	118	130	90	2	0	3	0	4	1	3	0.268333	0.257575	0.918333	0.217646	179	1506	1685
2064	3/31/2011	2	0	3	20	0	4	1	3	0.28	0.2576	0.93	0.2836	6	79	85	90	2	0	3	0	4	1	3	0.268333	0.257575	0.918333	0.217646	179	1506	1685
2065	3/31/2011	2	0	3	21	0	4	1	2	0.28	0.2727	0.93	0.1642	7	53	60	90	2	0	3	0	4	1	3	0.268333	0.257575	0.918333	0.217646	179	1506	1685
2066	3/31/2011	2	0	3	22	0	4	1	3	0.28	0.2727	0.93	0.2537	7	44	51	90	2	0	3	0	4	1	3	0.268333	0.257575	0.918333	0.217646	179	1506	1685
2067	3/31/2011	2	0	3	23	0	4	1	3	0.26	0.2576	1	0.1642	4	23	27	90	2	0	3	0	4	1	3	0.268333	0.257575	0.918333	0.217646	179	1506	1685
2068	4/1/2011	2	0	4	0	0	5	1	3	0.26	0.2576	1	0.1642	0	6	6	91	2	0	4	0	5	1	2	0.3	0.283454	0.68625	0.258708	307	1920	2227
2069	4/1/2011	2	0	4	1	0	5	1	3	0.26	0.2576	1	0.1642	0	4	4	91	2	0	4	0	5	1	2	0.3	0.283454	0.68625	0.258708	307	1920	2227
2070	4/1/2011	2	0	4	2	0	5	1	3	0.26	0.2576	0.93	0.194	0	7	7	91	2	0	4	0	5	1	2	0.3	0.283454	0.68625	0.258708	307	1920	2227
2071	4/1/2011	2	0	4	3	0	5	1	2	0.24	0.2273	0.93	0.2537	0	4	4	91	2	0	4	0	5	1	2	0.3	0.283454	0.68625	0.258708	307	1920	2227
2072	4/1/2011	2	0	4	4	0	5	1	2	0.24	0.2273	0.93	0.2537	0	3	3	91	2	0	4	0	5	1	2	0.3	0.283454	0.68625	0.258708	307	1920	2227
2073	4/1/2011	2	0	4	5	0	5	1	3	0.24	0.2273	0.93	0.2239	1	11	12	91	2	0	4	0	5	1	2	0.3	0.283454	0.68625	0.258708	307	1920	2227
2074	4/1/2011	2	0	4	6	0	5	1	3	0.24	0.2273	0.93	0.2239	2	26	28	91	2	0	4	0	5	1	2	0.3	0.283454	0.68625	0.258708	307	1920	2227
2075	4/1/2011	2	0	4	7	0	5	1	3	0.24	0.2424	0.93	0	4	91	95	91	2	0	4	0	5	1	2	0.3	0.283454	0.68625	0.258708	307	1920	2227
2076	4/1/2011	2	0	4	8	0	5	1	2	0.26	0.2424	0.87	0.2537	8	198	206	91	2	0	4	0	5	1	2	0.3	0.283454	0.68625	0.258708	307	1920	2227
2077	4/1/2011	2	0	4	9	0	5	1	1	0.32	0.2879	0.7	0.3582	11	162	173	91	2	0	4	0	5	1	2	0.3	0.283454	0.68625	0.258708	307	1920	2227
2078	4/1/2011	2	0	4	10	0	5	1	1	0.32	0.303	0.66	0.2836	12	63	75	91	2	0	4	0	5	1	2	0.3	0.283454	0.68625	0.258708	307	1920	2227
2079	4/1/2011	2	0	4	11	0	5	1	1	0.32	0.2879	0.61	0.3582	17	72	89	91	2	0	4	0	5	1	2	0.3	0.283454	0.68625	0.258708	307	1920	2227
2080	4/1/2011	2	0	4	12	0	5	1	1	0.34	0.303	0.53	0.3582	15	80	95	91	2	0	4	0	5	1	2	0.3	0.283454	0.68625	0.258708	307	1920	2227
2081	4/1/2011	2	0	4	13	0	5	1	1	0.36	0.3333	0.5	0.3582	18	92	110	91	2	0	4	0	5	1	2	0.3	0.283454	0.68625	0.258708	307	1920	2227
2082	4/1/2011	2	0	4	14	0	5	1	2	0.36	0.3333	0.46	0.3582	26	61	87	91	2	0	4	0	5	1	2	0.3	0.283454	0.68625	0.258708	307	1920	2227
2083	4/1/2011	2	0	4	15	0	5	1	1	0.34	0.303	0.46	0.4179	30	81	111	91	2	0	4	0	5	1	2	0.3	0.283454	0.68625	0.258708	307	1920	2227
2084	4/1/2011	2	0	4	16	0	5	1	1	0.34	0.303	0.46	0.4179	42	125	167	91	2	0	4	0	5	1	2	0.3	0.283454	0.68625	0.258708	307	1920	2227
2085	4/1/2011	2	0	4	17	0	5	1	1	0.34	0.303	0.46	0.3284	36	245	281	91	2	0	4	0	5	1	2	0.3	0.283454	0.68625	0.258708	307	1920	2227
2086	4/1/2011	2	0	4	18	0	5	1	1	0.34	0.303	0.46	0.3284	36	205	241	91	2	0	4	0	5	1	2	0.3	0.283454	0.68625	0.258708	307	1920	2227
2087	4/1/2011	2	0	4	19	0	5	1	1	0.34	0.303	0.49	0.3284	16	120	136	91	2	0	4	0	5	1	2	0.3	0.283454	0.68625	0.258708	307	1920	2227
2088	4/1/2011	2	0	4	20	0	5	1	1	0.32	0.3182	0.53	0.194	2	75	77	91	2	0	4	0	5	1	2	0.3	0.283454	0.68625	0.258708	307	1920	2227
2089	4/1/2011	2	0	4	21	0	5	1	1	0.32	0.3333	0.53	0.1343	9	84	93	91	2	0	4	0	5	1	2	0.3	0.283454	0.68625	0.258708	307	1920	2227
2090	4/1/2011	2	0	4	22	0	5	1	1	0.3	0.303	0.56	0.1642	10	64	74	91	2	0	4	0	5	1	2	0.3	0.283454	0.68625	0.258708	307	1920	2227
2091	4/1/2011	2	0	4	23	0	5	1	1	0.3	0.3182	0.61	0.0896	12	41	53	91	2	0	4	0	5	1	2	0.3	0.283454	0.68625	0.258708	307	1920	2227
2092	4/2/2011	2	0	4	0	0	6	0	2	0.3	0.3333	0.61	0	3	29	32	92	2	0	4	0	6	0	2	0.315	0.315637	0.65375	0.197146	898	1354	2252
2093	4/2/2011	2	0	4	1	0	6	0	1	0.26	0.2727	0.65	0.1343	4	28	32	92	2	0	4	0	6	0	2	0.315	0.315637	0.65375	0.197146	898	1354	2252
2094	4/2/2011	2	0	4	2	0	6	0	1	0.24	0.2424	0.75	0.1343	1	20	21	92	2	0	4	0	6	0	2	0.315	0.315637	0.65375	0.197146	898	1354	2252
2095	4/2/2011	2	0	4	3	0	6	0	1	0.24	0.2424	0.7	0.1642	1	8	9	92	2	0	4	0	6	0	2	0.315	0.315637	0.65375	0.197146	898	1354	2252
2096	4/2/2011	2	0	4	4	0	6	0	1	0.24	0.2424	0.7	0.1642	0	5	5	92	2	0	4	0	6	0	2	0.315	0.315637	0.65375	0.197146	898	1354	2252
2097	4/2/2011	2	0	4	5	0	6	0	2	0.24	0.2424	0.75	0.1642	1	4	5	92	2	0	4	0	6	0	2	0.315	0.315637	0.65375	0.197146	898	1354	2252
2098	4/2/2011	2	0	4	6	0	6	0	1	0.26	0.2727	0.7	0.1045	5	7	12	92	2	0	4	0	6	0	2	0.315	0.315637	0.65375	0.197146	898	1354	2252
2099	4/2/2011	2	0	4	7	0	6	0	2	0.26	0.2727	0.7	0.1045	2	16	18	92	2	0	4	0	6	0	2	0.315	0.315637	0.65375	0.197146	898	1354	2252
2100	4/2/2011	2	0	4	8	0	6	0	1	0.3	0.3182	0.7	0.1045	10	45	55	92	2	0	4	0	6	0	2	0.315	0.315637	0.65375	0.197146	898	1354	2252
2101	4/2/2011	2	0	4	9	0	6	0	2	0.34	0.3485	0.66	0.1045	22	65	87	92	2	0	4	0	6	0	2	0.315	0.315637	0.65375	0.197146	898	1354	2252
2102	4/2/2011	2	0	4	10	0	6	0	2	0.36	0.3485	0.57	0.1642	41	113	154	92	2	0	4	0	6	0	2	0.315	0.315637	0.65375	0.197146	898	1354	2252
2103	4/2/2011	2	0	4	11	0	6	0	2	0.4	0.4091	0.47	0.1642	72	126	198	92	2	0	4	0	6	0	2	0.315	0.315637	0.65375	0.197146	898	1354	2252
2104	4/2/2011	2	0	4	12	0	6	0	3	0.32	0.3333	0.81	0.1343	84	100	184	92	2	0	4	0	6	0	2	0.315	0.315637	0.65375	0.197146	898	1354	2252
2105	4/2/2011	2	0	4	13	0	6	0	1	0.34	0.3333	0.81	0.1343	56	81	137	92	2	0	4	0	6	0	2	0.315	0.315637	0.65375	0.197146	898	1354	2252
2106	4/2/2011	2	0	4	14	0	6	0	3	0.32	0.303	0.76	0.3284	97	93	190	92	2	0	4	0	6	0	2	0.315	0.315637	0.65375	0.197146	898	1354	2252
2107	4/2/2011	2	0	4	15	0	6	0	3	0.34	0.303	0.76	0.3881	72	64	136	92	2	0	4	0	6	0	2	0.315	0.315637	0.65375	0.197146	898	1354	2252
2108	4/2/2011	2	0	4	16	0	6	0	1	0.38	0.3939	0.62	0.3284	111	85	196	92	2	0	4	0	6	0	2	0.315	0.315637	0.65375	0.197146	898	1354	2252
2109	4/2/2011	2	0	4	17	0	6	0	1	0.38	0.3939	0.54	0.3582	89	95	184	92	2	0	4	0	6	0	2	0.315	0.315637	0.65375	0.197146	898	1354	2252
2110	4/2/2011	2	0	4	18	0	6	0	1	0.38	0.3939	0.54	0.194	69	110	179	92	2	0	4	0	6	0	2	0.315	0.315637	0.65375	0.197146	898	1354	2252
2111	4/2/2011	2	0	4	19	0	6	0	1	0.36	0.3333	0.53	0.3582	71	77	148	92	2	0	4	0	6	0	2	0.315	0.315637	0.65375	0.197146	898	1354	2252
2112	4/2/2011	2	0	4	20	0	6	0	1	0.34	0.3182	0.53	0.2836	29	56	85	92	2	0	4	0	6	0	2	0.315	0.315637	0.65375	0.197146	898	1354	2252
2113	4/2/2011	2	0	4	21	0	6	0	1	0.32	0.303	0.61	0.2537	24	53	77	92	2	0	4	0	6	0	2	0.315	0.315637	0.65375	0.197146	898	1354	2252
2114	4/2/2011	2	0	4	22	0	6	0	1	0.32	0.303	0.61	0.2985	14	41	55	92	2	0	4	0	6	0	2	0.315	0.315637	0.65375	0.197146	898	1354	2252
2115	4/2/2011	2	0	4	23	0	6	0	1	0.32	0.3182	0.61	0.1642	20	33	53	92	2	0	4	0	6	0	2	0.315	0.315637	0.65375	0.197146	898	1354	2252
2116	4/3/2011	2	0	4	0	0	0	0	1	0.3	0.2879	0.65	0.194	8	31	39	93	2	0	4	0	0	0	1	0.378333	0.378767	0.48	0.182213	1651	1598	3249
2117	4/3/2011	2	0	4	1	0	0	0	1	0.3	0.3182	0.61	0.1045	8	26	34	93	2	0	4	0	0	0	1	0.378333	0.378767	0.48	0.182213	1651	1598	3249
2118	4/3/2011	2	0	4	2	0	0	0	1	0.26	0.2727	0.7	0.1343	5	19	24	93	2	0	4	0	0	0	1	0.378333	0.378767	0.48	0.182213	1651	1598	3249
2119	4/3/2011	2	0	4	3	0	0	0	1	0.3	0.3333	0.61	0	3	8	11	93	2	0	4	0	0	0	1	0.378333	0.378767	0.48	0.182213	1651	1598	3249
2120	4/3/2011	2	0	4	4	0	0	0	1	0.28	0.303	0.7	0.0896	3	0	3	93	2	0	4	0	0	0	1	0.378333	0.378767	0.48	0.182213	1651	1598	3249
2121	4/3/2011	2	0	4	5	0	0	0	1	0.28	0.2727	0.65	0.2239	1	4	5	93	2	0	4	0	0	0	1	0.378333	0.378767	0.48	0.182213	1651	1598	3249
2122	4/3/2011	2	0	4	6	0	0	0	1	0.28	0.2727	0.65	0.194	10	23	33	93	2	0	4	0	0	0	1	0.378333	0.378767	0.48	0.182213	1651	1598	3249
2123	4/3/2011	2	0	4	7	0	0	0	1	0.32	0.303	0.57	0.2239	13	20	33	93	2	0	4	0	0	0	1	0.378333	0.378767	0.48	0.182213	1651	1598	3249
2124	4/3/2011	2	0	4	8	0	0	0	1	0.34	0.3333	0.57	0.1642	18	44	62	93	2	0	4	0	0	0	1	0.378333	0.378767	0.48	0.182213	1651	1598	3249
2125	4/3/2011	2	0	4	9	0	0	0	1	0.36	0.3182	0.5	0.4925	68	74	142	93	2	0	4	0	0	0	1	0.378333	0.378767	0.48	0.182213	1651	1598	3249
2126	4/3/2011	2	0	4	10	0	0	0	1	0.4	0.4091	0.43	0.4179	111	104	215	93	2	0	4	0	0	0	1	0.378333	0.378767	0.48	0.182213	1651	1598	3249
2127	4/3/2011	2	0	4	11	0	0	0	1	0.42	0.4242	0.41	0.2537	139	104	243	93	2	0	4	0	0	0	1	0.378333	0.378767	0.48	0.182213	1651	1598	3249
2128	4/3/2011	2	0	4	12	0	0	0	1	0.44	0.4394	0.38	0.2836	166	147	313	93	2	0	4	0	0	0	1	0.378333	0.378767	0.48	0.182213	1651	1598	3249
2129	4/3/2011	2	0	4	13	0	0	0	1	0.44	0.4394	0.33	0.2985	219	148	367	93	2	0	4	0	0	0	1	0.378333	0.378767	0.48	0.182213	1651	1598	3249
2130	4/3/2011	2	0	4	14	0	0	0	1	0.46	0.4545	0.31	0.1343	240	109	349	93	2	0	4	0	0	0	1	0.378333	0.378767	0.48	0.182213	1651	1598	3249
2131	4/3/2011	2	0	4	15	0	0	0	2	0.46	0.4545	0.33	0	174	118	292	93	2	0	4	0	0	0	1	0.378333	0.378767	0.48	0.182213	1651	1598	3249
2132	4/3/2011	2	0	4	16	0	0	0	2	0.46	0.4545	0.31	0.194	147	156	303	93	2	0	4	0	0	0	1	0.378333	0.378767	0.48	0.182213	1651	1598	3249
2133	4/3/2011	2	0	4	17	0	0	0	2	0.46	0.4545	0.28	0.1343	148	126	274	93	2	0	4	0	0	0	1	0.378333	0.378767	0.48	0.182213	1651	1598	3249
2134	4/3/2011	2	0	4	18	0	0	0	2	0.46	0.4545	0.31	0	71	101	172	93	2	0	4	0	0	0	1	0.378333	0.378767	0.48	0.182213	1651	1598	3249
2135	4/3/2011	2	0	4	19	0	0	0	2	0.42	0.4242	0.44	0.194	51	93	144	93	2	0	4	0	0	0	1	0.378333	0.378767	0.48	0.182213	1651	1598	3249
2136	4/3/2011	2	0	4	20	0	0	0	3	0.42	0.4242	0.41	0.2239	24	55	79	93	2	0	4	0	0	0	1	0.378333	0.378767	0.48	0.182213	1651	1598	3249
2137	4/3/2011	2	0	4	21	0	0	0	2	0.42	0.4242	0.44	0.2239	8	37	45	93	2	0	4	0	0	0	1	0.378333	0.378767	0.48	0.182213	1651	1598	3249
2138	4/3/2011	2	0	4	22	0	0	0	1	0.4	0.4091	0.43	0.1045	7	29	36	93	2	0	4	0	0	0	1	0.378333	0.378767	0.48	0.182213	1651	1598	3249
2139	4/3/2011	2	0	4	23	0	0	0	1	0.4	0.4091	0.5	0.0896	9	22	31	93	2	0	4	0	0	0	1	0.378333	0.378767	0.48	0.182213	1651	1598	3249
2140	4/4/2011	2	0	4	0	0	1	1	1	0.4	0.4091	0.5	0.2239	1	5	6	94	2	0	4	0	1	1	1	0.573333	0.542929	0.42625	0.385571	734	2381	3115
2141	4/4/2011	2	0	4	1	0	1	1	1	0.4	0.4091	0.56	0.3582	7	4	11	94	2	0	4	0	1	1	1	0.573333	0.542929	0.42625	0.385571	734	2381	3115
2142	4/4/2011	2	0	4	2	0	1	1	1	0.38	0.3939	0.66	0.2537	1	1	2	94	2	0	4	0	1	1	1	0.573333	0.542929	0.42625	0.385571	734	2381	3115
2143	4/4/2011	2	0	4	3	0	1	1	1	0.38	0.3939	0.66	0.2836	1	0	1	94	2	0	4	0	1	1	1	0.573333	0.542929	0.42625	0.385571	734	2381	3115
2144	4/4/2011	2	0	4	4	0	1	1	1	0.38	0.3939	0.71	0.2985	1	1	2	94	2	0	4	0	1	1	1	0.573333	0.542929	0.42625	0.385571	734	2381	3115
2145	4/4/2011	2	0	4	5	0	1	1	1	0.4	0.4091	0.62	0.2537	0	7	7	94	2	0	4	0	1	1	1	0.573333	0.542929	0.42625	0.385571	734	2381	3115
2146	4/4/2011	2	0	4	6	0	1	1	1	0.42	0.4242	0.58	0.2836	3	43	46	94	2	0	4	0	1	1	1	0.573333	0.542929	0.42625	0.385571	734	2381	3115
2147	4/4/2011	2	0	4	7	0	1	1	2	0.44	0.4394	0.54	0.2537	7	150	157	94	2	0	4	0	1	1	1	0.573333	0.542929	0.42625	0.385571	734	2381	3115
2148	4/4/2011	2	0	4	8	0	1	1	2	0.46	0.4545	0.55	0.2985	31	308	339	94	2	0	4	0	1	1	1	0.573333	0.542929	0.42625	0.385571	734	2381	3115
2149	4/4/2011	2	0	4	9	0	1	1	2	0.5	0.4848	0.51	0.3881	24	134	158	94	2	0	4	0	1	1	1	0.573333	0.542929	0.42625	0.385571	734	2381	3115
2150	4/4/2011	2	0	4	10	0	1	1	2	0.54	0.5152	0.45	0.3582	35	55	90	94	2	0	4	0	1	1	1	0.573333	0.542929	0.42625	0.385571	734	2381	3115
2151	4/4/2011	2	0	4	11	0	1	1	1	0.6	0.6212	0.4	0.3881	58	66	124	94	2	0	4	0	1	1	1	0.573333	0.542929	0.42625	0.385571	734	2381	3115
2152	4/4/2011	2	0	4	12	0	1	1	1	0.64	0.6212	0.36	0.4627	59	98	157	94	2	0	4	0	1	1	1	0.573333	0.542929	0.42625	0.385571	734	2381	3115
2153	4/4/2011	2	0	4	13	0	1	1	1	0.68	0.6364	0.34	0.3284	47	92	139	94	2	0	4	0	1	1	1	0.573333	0.542929	0.42625	0.385571	734	2381	3115
2154	4/4/2011	2	0	4	14	0	1	1	2	0.74	0.6515	0.27	0.4925	47	76	123	94	2	0	4	0	1	1	1	0.573333	0.542929	0.42625	0.385571	734	2381	3115
2155	4/4/2011	2	0	4	15	0	1	1	1	0.76	0.6667	0.23	0.5522	47	96	143	94	2	0	4	0	1	1	1	0.573333	0.542929	0.42625	0.385571	734	2381	3115
2156	4/4/2011	2	0	4	16	0	1	1	1	0.76	0.6515	0.22	0.5224	59	130	189	94	2	0	4	0	1	1	1	0.573333	0.542929	0.42625	0.385571	734	2381	3115
2157	4/4/2011	2	0	4	17	0	1	1	1	0.74	0.6515	0.23	0.6119	83	283	366	94	2	0	4	0	1	1	1	0.573333	0.542929	0.42625	0.385571	734	2381	3115
2158	4/4/2011	2	0	4	18	0	1	1	2	0.72	0.6364	0.23	0.4925	78	308	386	94	2	0	4	0	1	1	1	0.573333	0.542929	0.42625	0.385571	734	2381	3115
2159	4/4/2011	2	0	4	19	0	1	1	1	0.7	0.6364	0.24	0.4627	51	227	278	94	2	0	4	0	1	1	1	0.573333	0.542929	0.42625	0.385571	734	2381	3115
2160	4/4/2011	2	0	4	20	0	1	1	2	0.7	0.6364	0.24	0.5522	40	133	173	94	2	0	4	0	1	1	1	0.573333	0.542929	0.42625	0.385571	734	2381	3115
2161	4/4/2011	2	0	4	21	0	1	1	2	0.7	0.6364	0.3	0.4478	19	76	95	94	2	0	4	0	1	1	1	0.573333	0.542929	0.42625	0.385571	734	2381	3115
2162	4/4/2011	2	0	4	22	0	1	1	2	0.68	0.6364	0.36	0.4627	17	58	75	94	2	0	4	0	1	1	1	0.573333	0.542929	0.42625	0.385571	734	2381	3115
2163	4/4/2011	2	0	4	23	0	1	1	2	0.64	0.6212	0.47	0.2239	18	30	48	94	2	0	4	0	1	1	1	0.573333	0.542929	0.42625	0.385571	734	2381	3115
2164	4/5/2011	2	0	4	0	0	2	1	1	0.62	0.6212	0.5	0.1045	10	12	22	95	2	0	4	0	2	1	2	0.414167	0.39835	0.642083	0.388067	167	1628	1795
2165	4/5/2011	2	0	4	1	0	2	1	3	0.62	0.6212	0.57	0.4179	10	5	15	95	2	0	4	0	2	1	2	0.414167	0.39835	0.642083	0.388067	167	1628	1795
2166	4/5/2011	2	0	4	2	0	2	1	2	0.54	0.5152	0.73	0.3284	0	5	5	95	2	0	4	0	2	1	2	0.414167	0.39835	0.642083	0.388067	167	1628	1795
2167	4/5/2011	2	0	4	3	0	2	1	2	0.54	0.5152	0.73	0.3284	1	3	4	95	2	0	4	0	2	1	2	0.414167	0.39835	0.642083	0.388067	167	1628	1795
2168	4/5/2011	2	0	4	4	0	2	1	3	0.5	0.4848	0.88	0.4925	0	2	2	95	2	0	4	0	2	1	2	0.414167	0.39835	0.642083	0.388067	167	1628	1795
2169	4/5/2011	2	0	4	5	0	2	1	3	0.46	0.4545	0.94	0.2985	0	5	5	95	2	0	4	0	2	1	2	0.414167	0.39835	0.642083	0.388067	167	1628	1795
2170	4/5/2011	2	0	4	6	0	2	1	2	0.48	0.4697	0.88	0.3284	2	36	38	95	2	0	4	0	2	1	2	0.414167	0.39835	0.642083	0.388067	167	1628	1795
2171	4/5/2011	2	0	4	7	0	2	1	2	0.48	0.4697	0.88	0.3284	10	124	134	95	2	0	4	0	2	1	2	0.414167	0.39835	0.642083	0.388067	167	1628	1795
2172	4/5/2011	2	0	4	8	0	2	1	3	0.38	0.3939	0.87	0.5821	9	148	157	95	2	0	4	0	2	1	2	0.414167	0.39835	0.642083	0.388067	167	1628	1795
2173	4/5/2011	2	0	4	9	0	2	1	3	0.36	0.3182	0.87	0.4925	2	44	46	95	2	0	4	0	2	1	2	0.414167	0.39835	0.642083	0.388067	167	1628	1795
2174	4/5/2011	2	0	4	10	0	2	1	3	0.34	0.303	0.81	0.3881	3	25	28	95	2	0	4	0	2	1	2	0.414167	0.39835	0.642083	0.388067	167	1628	1795
2175	4/5/2011	2	0	4	11	0	2	1	3	0.32	0.2879	0.81	0.4478	1	18	19	95	2	0	4	0	2	1	2	0.414167	0.39835	0.642083	0.388067	167	1628	1795
2176	4/5/2011	2	0	4	12	0	2	1	2	0.34	0.303	0.71	0.3881	6	32	38	95	2	0	4	0	2	1	2	0.414167	0.39835	0.642083	0.388067	167	1628	1795
2177	4/5/2011	2	0	4	13	0	2	1	2	0.36	0.3333	0.63	0.4179	5	51	56	95	2	0	4	0	2	1	2	0.414167	0.39835	0.642083	0.388067	167	1628	1795
2178	4/5/2011	2	0	4	14	0	2	1	2	0.36	0.3182	0.57	0.4925	9	67	76	95	2	0	4	0	2	1	2	0.414167	0.39835	0.642083	0.388067	167	1628	1795
2179	4/5/2011	2	0	4	15	0	2	1	1	0.4	0.4091	0.46	0.4627	6	62	68	95	2	0	4	0	2	1	2	0.414167	0.39835	0.642083	0.388067	167	1628	1795
2180	4/5/2011	2	0	4	16	0	2	1	1	0.38	0.3939	0.46	0.4179	17	113	130	95	2	0	4	0	2	1	2	0.414167	0.39835	0.642083	0.388067	167	1628	1795
2181	4/5/2011	2	0	4	17	0	2	1	1	0.42	0.4242	0.38	0.4179	27	246	273	95	2	0	4	0	2	1	2	0.414167	0.39835	0.642083	0.388067	167	1628	1795
2182	4/5/2011	2	0	4	18	0	2	1	1	0.38	0.3939	0.4	0.4925	19	248	267	95	2	0	4	0	2	1	2	0.414167	0.39835	0.642083	0.388067	167	1628	1795
2183	4/5/2011	2	0	4	19	0	2	1	1	0.36	0.3333	0.43	0.2985	12	148	160	95	2	0	4	0	2	1	2	0.414167	0.39835	0.642083	0.388067	167	1628	1795
2184	4/5/2011	2	0	4	20	0	2	1	1	0.34	0.3182	0.46	0.2836	4	87	91	95	2	0	4	0	2	1	2	0.414167	0.39835	0.642083	0.388067	167	1628	1795
2185	4/5/2011	2	0	4	21	0	2	1	1	0.34	0.2879	0.46	0.5224	8	81	89	95	2	0	4	0	2	1	2	0.414167	0.39835	0.642083	0.388067	167	1628	1795
2186	4/5/2011	2	0	4	22	0	2	1	1	0.32	0.303	0.49	0.2985	3	43	46	95	2	0	4	0	2	1	2	0.414167	0.39835	0.642083	0.388067	167	1628	1795
2187	4/5/2011	2	0	4	23	0	2	1	1	0.3	0.2879	0.49	0.2836	3	23	26	95	2	0	4	0	2	1	2	0.414167	0.39835	0.642083	0.388067	167	1628	1795
2188	4/6/2011	2	0	4	0	0	3	1	1	0.3	0.3182	0.49	0.1045	0	15	15	96	2	0	4	0	3	1	1	0.390833	0.387608	0.470833	0.263063	413	2395	2808
2189	4/6/2011	2	0	4	1	0	3	1	1	0.26	0.2727	0.6	0.1343	0	2	2	96	2	0	4	0	3	1	1	0.390833	0.387608	0.470833	0.263063	413	2395	2808
2190	4/6/2011	2	0	4	2	0	3	1	1	0.24	0.2424	0.7	0.1343	0	5	5	96	2	0	4	0	3	1	1	0.390833	0.387608	0.470833	0.263063	413	2395	2808
2191	4/6/2011	2	0	4	3	0	3	1	1	0.26	0.2727	0.6	0.1343	0	4	4	96	2	0	4	0	3	1	1	0.390833	0.387608	0.470833	0.263063	413	2395	2808
2192	4/6/2011	2	0	4	4	0	3	1	1	0.24	0.2424	0.65	0.1343	0	1	1	96	2	0	4	0	3	1	1	0.390833	0.387608	0.470833	0.263063	413	2395	2808
2193	4/6/2011	2	0	4	5	0	3	1	1	0.24	0.2576	0.7	0.1045	1	12	13	96	2	0	4	0	3	1	1	0.390833	0.387608	0.470833	0.263063	413	2395	2808
2194	4/6/2011	2	0	4	6	0	3	1	1	0.24	0.2576	0.7	0.1045	4	52	56	96	2	0	4	0	3	1	1	0.390833	0.387608	0.470833	0.263063	413	2395	2808
2195	4/6/2011	2	0	4	7	0	3	1	1	0.26	0.2727	0.65	0.1045	3	130	133	96	2	0	4	0	3	1	1	0.390833	0.387608	0.470833	0.263063	413	2395	2808
2196	4/6/2011	2	0	4	8	0	3	1	1	0.32	0.303	0.61	0.2239	17	308	325	96	2	0	4	0	3	1	1	0.390833	0.387608	0.470833	0.263063	413	2395	2808
2197	4/6/2011	2	0	4	9	0	3	1	1	0.36	0.3333	0.46	0.2537	8	157	165	96	2	0	4	0	3	1	1	0.390833	0.387608	0.470833	0.263063	413	2395	2808
2198	4/6/2011	2	0	4	10	0	3	1	1	0.4	0.4091	0.37	0.3881	21	48	69	96	2	0	4	0	3	1	1	0.390833	0.387608	0.470833	0.263063	413	2395	2808
2199	4/6/2011	2	0	4	11	0	3	1	1	0.42	0.4242	0.38	0.3881	23	70	93	96	2	0	4	0	3	1	1	0.390833	0.387608	0.470833	0.263063	413	2395	2808
2200	4/6/2011	2	0	4	12	0	3	1	1	0.44	0.4394	0.41	0.2537	22	112	134	96	2	0	4	0	3	1	1	0.390833	0.387608	0.470833	0.263063	413	2395	2808
2201	4/6/2011	2	0	4	13	0	3	1	1	0.46	0.4545	0.38	0.4925	29	83	112	96	2	0	4	0	3	1	1	0.390833	0.387608	0.470833	0.263063	413	2395	2808
2202	4/6/2011	2	0	4	14	0	3	1	1	0.5	0.4848	0.34	0.4179	35	80	115	96	2	0	4	0	3	1	1	0.390833	0.387608	0.470833	0.263063	413	2395	2808
2203	4/6/2011	2	0	4	15	0	3	1	1	0.52	0.5	0.32	0.3284	34	83	117	96	2	0	4	0	3	1	1	0.390833	0.387608	0.470833	0.263063	413	2395	2808
2204	4/6/2011	2	0	4	16	0	3	1	1	0.54	0.5152	0.28	0.4179	27	142	169	96	2	0	4	0	3	1	1	0.390833	0.387608	0.470833	0.263063	413	2395	2808
2205	4/6/2011	2	0	4	17	0	3	1	1	0.52	0.5	0.32	0.4478	53	303	356	96	2	0	4	0	3	1	1	0.390833	0.387608	0.470833	0.263063	413	2395	2808
2206	4/6/2011	2	0	4	18	0	3	1	1	0.52	0.5	0.29	0.3582	43	282	325	96	2	0	4	0	3	1	1	0.390833	0.387608	0.470833	0.263063	413	2395	2808
2207	4/6/2011	2	0	4	19	0	3	1	1	0.5	0.4848	0.31	0.2985	36	196	232	96	2	0	4	0	3	1	1	0.390833	0.387608	0.470833	0.263063	413	2395	2808
2208	4/6/2011	2	0	4	20	0	3	1	1	0.46	0.4545	0.51	0.2239	15	126	141	96	2	0	4	0	3	1	1	0.390833	0.387608	0.470833	0.263063	413	2395	2808
2209	4/6/2011	2	0	4	21	0	3	1	1	0.46	0.4545	0.41	0.2836	18	84	102	96	2	0	4	0	3	1	1	0.390833	0.387608	0.470833	0.263063	413	2395	2808
2210	4/6/2011	2	0	4	22	0	3	1	1	0.46	0.4545	0.41	0.2836	13	71	84	96	2	0	4	0	3	1	1	0.390833	0.387608	0.470833	0.263063	413	2395	2808
2211	4/6/2011	2	0	4	23	0	3	1	1	0.46	0.4545	0.41	0.2985	11	29	40	96	2	0	4	0	3	1	1	0.390833	0.387608	0.470833	0.263063	413	2395	2808
2212	4/7/2011	2	0	4	0	0	4	1	1	0.46	0.4545	0.41	0.2836	5	15	20	97	2	0	4	0	4	1	1	0.4375	0.433696	0.602917	0.162312	571	2570	3141
2213	4/7/2011	2	0	4	1	0	4	1	1	0.42	0.4242	0.47	0.1343	2	11	13	97	2	0	4	0	4	1	1	0.4375	0.433696	0.602917	0.162312	571	2570	3141
2214	4/7/2011	2	0	4	2	0	4	1	1	0.42	0.4242	0.54	0	0	7	7	97	2	0	4	0	4	1	1	0.4375	0.433696	0.602917	0.162312	571	2570	3141
2215	4/7/2011	2	0	4	3	0	4	1	1	0.36	0.3485	0.66	0.194	0	3	3	97	2	0	4	0	4	1	1	0.4375	0.433696	0.602917	0.162312	571	2570	3141
2216	4/7/2011	2	0	4	4	0	4	1	1	0.34	0.3333	0.76	0.194	0	1	1	97	2	0	4	0	4	1	1	0.4375	0.433696	0.602917	0.162312	571	2570	3141
2217	4/7/2011	2	0	4	5	0	4	1	1	0.34	0.3182	0.76	0.2239	0	6	6	97	2	0	4	0	4	1	1	0.4375	0.433696	0.602917	0.162312	571	2570	3141
2218	4/7/2011	2	0	4	6	0	4	1	1	0.32	0.303	0.81	0.2537	5	59	64	97	2	0	4	0	4	1	1	0.4375	0.433696	0.602917	0.162312	571	2570	3141
2219	4/7/2011	2	0	4	7	0	4	1	2	0.34	0.3333	0.76	0.1642	8	152	160	97	2	0	4	0	4	1	1	0.4375	0.433696	0.602917	0.162312	571	2570	3141
2220	4/7/2011	2	0	4	8	0	4	1	1	0.36	0.3485	0.76	0.194	23	291	314	97	2	0	4	0	4	1	1	0.4375	0.433696	0.602917	0.162312	571	2570	3141
2221	4/7/2011	2	0	4	9	0	4	1	2	0.4	0.4091	0.66	0.1343	15	155	170	97	2	0	4	0	4	1	1	0.4375	0.433696	0.602917	0.162312	571	2570	3141
2222	4/7/2011	2	0	4	10	0	4	1	2	0.42	0.4242	0.67	0.1045	29	66	95	97	2	0	4	0	4	1	1	0.4375	0.433696	0.602917	0.162312	571	2570	3141
2223	4/7/2011	2	0	4	11	0	4	1	2	0.46	0.4545	0.55	0	36	86	122	97	2	0	4	0	4	1	1	0.4375	0.433696	0.602917	0.162312	571	2570	3141
2224	4/7/2011	2	0	4	12	0	4	1	2	0.46	0.4545	0.55	0	39	114	153	97	2	0	4	0	4	1	1	0.4375	0.433696	0.602917	0.162312	571	2570	3141
2225	4/7/2011	2	0	4	13	0	4	1	2	0.52	0.5	0.48	0.0896	36	99	135	97	2	0	4	0	4	1	1	0.4375	0.433696	0.602917	0.162312	571	2570	3141
2226	4/7/2011	2	0	4	14	0	4	1	1	0.56	0.5303	0.43	0.0896	46	111	157	97	2	0	4	0	4	1	1	0.4375	0.433696	0.602917	0.162312	571	2570	3141
2227	4/7/2011	2	0	4	15	0	4	1	1	0.6	0.6212	0.38	0.1045	27	133	160	97	2	0	4	0	4	1	1	0.4375	0.433696	0.602917	0.162312	571	2570	3141
2228	4/7/2011	2	0	4	16	0	4	1	1	0.6	0.6212	0.35	0	52	161	213	97	2	0	4	0	4	1	1	0.4375	0.433696	0.602917	0.162312	571	2570	3141
2229	4/7/2011	2	0	4	17	0	4	1	1	0.52	0.5	0.52	0.2836	63	280	343	97	2	0	4	0	4	1	1	0.4375	0.433696	0.602917	0.162312	571	2570	3141
2230	4/7/2011	2	0	4	18	0	4	1	1	0.48	0.4697	0.55	0.2537	68	265	333	97	2	0	4	0	4	1	1	0.4375	0.433696	0.602917	0.162312	571	2570	3141
2231	4/7/2011	2	0	4	19	0	4	1	1	0.46	0.4545	0.59	0.2985	34	192	226	97	2	0	4	0	4	1	1	0.4375	0.433696	0.602917	0.162312	571	2570	3141
2232	4/7/2011	2	0	4	20	0	4	1	1	0.44	0.4394	0.62	0.1642	37	166	203	97	2	0	4	0	4	1	1	0.4375	0.433696	0.602917	0.162312	571	2570	3141
2233	4/7/2011	2	0	4	21	0	4	1	2	0.44	0.4394	0.67	0.2836	19	89	108	97	2	0	4	0	4	1	1	0.4375	0.433696	0.602917	0.162312	571	2570	3141
2234	4/7/2011	2	0	4	22	0	4	1	2	0.4	0.4091	0.76	0.194	18	63	81	97	2	0	4	0	4	1	1	0.4375	0.433696	0.602917	0.162312	571	2570	3141
2235	4/7/2011	2	0	4	23	0	4	1	1	0.38	0.3939	0.76	0.2537	9	45	54	97	2	0	4	0	4	1	1	0.4375	0.433696	0.602917	0.162312	571	2570	3141
2236	4/8/2011	2	0	4	0	0	5	1	2	0.36	0.3485	0.76	0.2239	4	21	25	98	2	0	4	0	5	1	2	0.335833	0.324479	0.83625	0.226992	172	1299	1471
2237	4/8/2011	2	0	4	1	0	5	1	2	0.34	0.3333	0.76	0.1343	3	6	9	98	2	0	4	0	5	1	2	0.335833	0.324479	0.83625	0.226992	172	1299	1471
2238	4/8/2011	2	0	4	2	0	5	1	3	0.34	0.3333	0.76	0.1642	3	10	13	98	2	0	4	0	5	1	2	0.335833	0.324479	0.83625	0.226992	172	1299	1471
2239	4/8/2011	2	0	4	3	0	5	1	3	0.34	0.3333	0.76	0.1642	0	1	1	98	2	0	4	0	5	1	2	0.335833	0.324479	0.83625	0.226992	172	1299	1471
2240	4/8/2011	2	0	4	4	0	5	1	2	0.34	0.3333	0.86	0.1343	0	1	1	98	2	0	4	0	5	1	2	0.335833	0.324479	0.83625	0.226992	172	1299	1471
2241	4/8/2011	2	0	4	5	0	5	1	2	0.32	0.3182	0.87	0.194	1	8	9	98	2	0	4	0	5	1	2	0.335833	0.324479	0.83625	0.226992	172	1299	1471
2242	4/8/2011	2	0	4	6	0	5	1	2	0.34	0.3636	0.87	0	2	33	35	98	2	0	4	0	5	1	2	0.335833	0.324479	0.83625	0.226992	172	1299	1471
2243	4/8/2011	2	0	4	7	0	5	1	3	0.34	0.3333	0.87	0.1642	4	109	113	98	2	0	4	0	5	1	2	0.335833	0.324479	0.83625	0.226992	172	1299	1471
2244	4/8/2011	2	0	4	8	0	5	1	3	0.34	0.3333	0.87	0.1642	13	208	221	98	2	0	4	0	5	1	2	0.335833	0.324479	0.83625	0.226992	172	1299	1471
2245	4/8/2011	2	0	4	9	0	5	1	2	0.36	0.3485	0.76	0.194	17	168	185	98	2	0	4	0	5	1	2	0.335833	0.324479	0.83625	0.226992	172	1299	1471
2246	4/8/2011	2	0	4	10	0	5	1	2	0.36	0.3333	0.71	0.2836	10	63	73	98	2	0	4	0	5	1	2	0.335833	0.324479	0.83625	0.226992	172	1299	1471
2247	4/8/2011	2	0	4	11	0	5	1	2	0.4	0.4091	0.62	0.3881	19	79	98	98	2	0	4	0	5	1	2	0.335833	0.324479	0.83625	0.226992	172	1299	1471
2248	4/8/2011	2	0	4	12	0	5	1	3	0.38	0.3939	0.66	0.2239	29	51	80	98	2	0	4	0	5	1	2	0.335833	0.324479	0.83625	0.226992	172	1299	1471
2249	4/8/2011	2	0	4	13	0	5	1	3	0.36	0.3333	0.76	0.2836	7	35	42	98	2	0	4	0	5	1	2	0.335833	0.324479	0.83625	0.226992	172	1299	1471
2250	4/8/2011	2	0	4	14	0	5	1	3	0.34	0.3182	0.87	0.2239	2	13	15	98	2	0	4	0	5	1	2	0.335833	0.324479	0.83625	0.226992	172	1299	1471
2251	4/8/2011	2	0	4	15	0	5	1	3	0.34	0.3182	0.87	0.2239	1	24	25	98	2	0	4	0	5	1	2	0.335833	0.324479	0.83625	0.226992	172	1299	1471
2252	4/8/2011	2	0	4	16	0	5	1	2	0.32	0.303	0.93	0.2537	2	58	60	98	2	0	4	0	5	1	2	0.335833	0.324479	0.83625	0.226992	172	1299	1471
2253	4/8/2011	2	0	4	17	0	5	1	3	0.32	0.303	0.93	0.2537	10	138	148	98	2	0	4	0	5	1	2	0.335833	0.324479	0.83625	0.226992	172	1299	1471
2254	4/8/2011	2	0	4	18	0	5	1	3	0.32	0.303	0.93	0.2537	8	54	62	98	2	0	4	0	5	1	2	0.335833	0.324479	0.83625	0.226992	172	1299	1471
2255	4/8/2011	2	0	4	19	0	5	1	3	0.3	0.2727	0.93	0.4179	1	52	53	98	2	0	4	0	5	1	2	0.335833	0.324479	0.83625	0.226992	172	1299	1471
2256	4/8/2011	2	0	4	20	0	5	1	2	0.3	0.2727	0.93	0.3284	12	51	63	98	2	0	4	0	5	1	2	0.335833	0.324479	0.83625	0.226992	172	1299	1471
2257	4/8/2011	2	0	4	21	0	5	1	2	0.3	0.2879	0.93	0.2537	11	43	54	98	2	0	4	0	5	1	2	0.335833	0.324479	0.83625	0.226992	172	1299	1471
2258	4/8/2011	2	0	4	22	0	5	1	2	0.3	0.2727	0.93	0.2985	9	42	51	98	2	0	4	0	5	1	2	0.335833	0.324479	0.83625	0.226992	172	1299	1471
2259	4/8/2011	2	0	4	23	0	5	1	2	0.3	0.2879	0.93	0.2239	4	31	35	98	2	0	4	0	5	1	2	0.335833	0.324479	0.83625	0.226992	172	1299	1471
2260	4/9/2011	2	0	4	0	0	6	0	2	0.3	0.2879	0.87	0.2239	5	26	31	99	2	0	4	0	6	0	2	0.3425	0.341529	0.8775	0.133083	879	1576	2455
2261	4/9/2011	2	0	4	1	0	6	0	2	0.3	0.303	0.87	0.1343	3	17	20	99	2	0	4	0	6	0	2	0.3425	0.341529	0.8775	0.133083	879	1576	2455
2262	4/9/2011	2	0	4	2	0	6	0	2	0.32	0.303	0.87	0.2239	2	15	17	99	2	0	4	0	6	0	2	0.3425	0.341529	0.8775	0.133083	879	1576	2455
2263	4/9/2011	2	0	4	3	0	6	0	3	0.3	0.2879	1	0.2537	3	11	14	99	2	0	4	0	6	0	2	0.3425	0.341529	0.8775	0.133083	879	1576	2455
2264	4/9/2011	2	0	4	4	0	6	0	3	0.3	0.2727	1	0.2537	0	3	3	99	2	0	4	0	6	0	2	0.3425	0.341529	0.8775	0.133083	879	1576	2455
2265	4/9/2011	2	0	4	5	0	6	0	2	0.3	0.2879	0.93	0.2239	0	5	5	99	2	0	4	0	6	0	2	0.3425	0.341529	0.8775	0.133083	879	1576	2455
2266	4/9/2011	2	0	4	6	0	6	0	2	0.3	0.2879	0.93	0.194	0	13	13	99	2	0	4	0	6	0	2	0.3425	0.341529	0.8775	0.133083	879	1576	2455
2267	4/9/2011	2	0	4	7	0	6	0	2	0.3	0.303	0.93	0.1642	8	13	21	99	2	0	4	0	6	0	2	0.3425	0.341529	0.8775	0.133083	879	1576	2455
2268	4/9/2011	2	0	4	8	0	6	0	2	0.32	0.303	0.93	0.1642	7	47	54	99	2	0	4	0	6	0	2	0.3425	0.341529	0.8775	0.133083	879	1576	2455
2269	4/9/2011	2	0	4	9	0	6	0	2	0.34	0.3485	0.87	0.1045	27	71	98	99	2	0	4	0	6	0	2	0.3425	0.341529	0.8775	0.133083	879	1576	2455
2270	4/9/2011	2	0	4	10	0	6	0	2	0.34	0.3333	0.87	0.1343	43	90	133	99	2	0	4	0	6	0	2	0.3425	0.341529	0.8775	0.133083	879	1576	2455
2271	4/9/2011	2	0	4	11	0	6	0	2	0.36	0.3636	0.81	0	51	91	142	99	2	0	4	0	6	0	2	0.3425	0.341529	0.8775	0.133083	879	1576	2455
2272	4/9/2011	2	0	4	12	0	6	0	2	0.36	0.3485	0.81	0.1343	79	123	202	99	2	0	4	0	6	0	2	0.3425	0.341529	0.8775	0.133083	879	1576	2455
2273	4/9/2011	2	0	4	13	0	6	0	2	0.36	0.3788	0.81	0	114	108	222	99	2	0	4	0	6	0	2	0.3425	0.341529	0.8775	0.133083	879	1576	2455
2274	4/9/2011	2	0	4	14	0	6	0	2	0.36	0.3485	0.81	0.1343	94	118	212	99	2	0	4	0	6	0	2	0.3425	0.341529	0.8775	0.133083	879	1576	2455
2275	4/9/2011	2	0	4	15	0	6	0	2	0.36	0.3788	0.87	0	85	116	201	99	2	0	4	0	6	0	2	0.3425	0.341529	0.8775	0.133083	879	1576	2455
2276	4/9/2011	2	0	4	16	0	6	0	2	0.38	0.3939	0.82	0	73	118	191	99	2	0	4	0	6	0	2	0.3425	0.341529	0.8775	0.133083	879	1576	2455
2277	4/9/2011	2	0	4	17	0	6	0	2	0.38	0.3939	0.82	0.0896	128	129	257	99	2	0	4	0	6	0	2	0.3425	0.341529	0.8775	0.133083	879	1576	2455
2278	4/9/2011	2	0	4	18	0	6	0	2	0.38	0.3939	0.82	0.1045	48	129	177	99	2	0	4	0	6	0	2	0.3425	0.341529	0.8775	0.133083	879	1576	2455
2279	4/9/2011	2	0	4	19	0	6	0	2	0.38	0.3939	0.82	0.1343	47	83	130	99	2	0	4	0	6	0	2	0.3425	0.341529	0.8775	0.133083	879	1576	2455
2280	4/9/2011	2	0	4	20	0	6	0	2	0.38	0.3939	0.87	0.1642	19	74	93	99	2	0	4	0	6	0	2	0.3425	0.341529	0.8775	0.133083	879	1576	2455
2281	4/9/2011	2	0	4	21	0	6	0	2	0.36	0.3485	0.93	0.1343	10	65	75	99	2	0	4	0	6	0	2	0.3425	0.341529	0.8775	0.133083	879	1576	2455
2282	4/9/2011	2	0	4	22	0	6	0	2	0.36	0.3485	0.93	0.1343	21	66	87	99	2	0	4	0	6	0	2	0.3425	0.341529	0.8775	0.133083	879	1576	2455
2283	4/9/2011	2	0	4	23	0	6	0	2	0.38	0.3939	0.87	0.0896	12	45	57	99	2	0	4	0	6	0	2	0.3425	0.341529	0.8775	0.133083	879	1576	2455
2284	4/10/2011	2	0	4	0	0	0	0	2	0.38	0.3939	0.87	0.0896	5	48	53	100	2	0	4	0	0	0	2	0.426667	0.426737	0.8575	0.146767	1188	1707	2895
2285	4/10/2011	2	0	4	1	0	0	0	2	0.38	0.3939	0.87	0.1343	6	31	37	100	2	0	4	0	0	0	2	0.426667	0.426737	0.8575	0.146767	1188	1707	2895
2286	4/10/2011	2	0	4	2	0	0	0	2	0.38	0.3939	0.87	0.0896	12	24	36	100	2	0	4	0	0	0	2	0.426667	0.426737	0.8575	0.146767	1188	1707	2895
2287	4/10/2011	2	0	4	3	0	0	0	2	0.38	0.3939	0.87	0.1343	5	11	16	100	2	0	4	0	0	0	2	0.426667	0.426737	0.8575	0.146767	1188	1707	2895
2288	4/10/2011	2	0	4	4	0	0	0	2	0.36	0.3636	0.93	0.1045	3	2	5	100	2	0	4	0	0	0	2	0.426667	0.426737	0.8575	0.146767	1188	1707	2895
2289	4/10/2011	2	0	4	5	0	0	0	2	0.36	0.3636	0.93	0.0896	0	4	4	100	2	0	4	0	0	0	2	0.426667	0.426737	0.8575	0.146767	1188	1707	2895
2290	4/10/2011	2	0	4	6	0	0	0	2	0.36	0.3636	0.93	0.0896	0	4	4	100	2	0	4	0	0	0	2	0.426667	0.426737	0.8575	0.146767	1188	1707	2895
2291	4/10/2011	2	0	4	7	0	0	0	2	0.36	0.3636	1	0.0896	3	7	10	100	2	0	4	0	0	0	2	0.426667	0.426737	0.8575	0.146767	1188	1707	2895
2292	4/10/2011	2	0	4	8	0	0	0	2	0.38	0.3939	0.94	0.0896	17	38	55	100	2	0	4	0	0	0	2	0.426667	0.426737	0.8575	0.146767	1188	1707	2895
2293	4/10/2011	2	0	4	9	0	0	0	2	0.38	0.3939	0.94	0.1343	31	50	81	100	2	0	4	0	0	0	2	0.426667	0.426737	0.8575	0.146767	1188	1707	2895
2294	4/10/2011	2	0	4	10	0	0	0	2	0.4	0.4091	0.87	0	69	81	150	100	2	0	4	0	0	0	2	0.426667	0.426737	0.8575	0.146767	1188	1707	2895
2295	4/10/2011	2	0	4	11	0	0	0	2	0.4	0.4091	0.87	0.1343	93	109	202	100	2	0	4	0	0	0	2	0.426667	0.426737	0.8575	0.146767	1188	1707	2895
2296	4/10/2011	2	0	4	12	0	0	0	2	0.42	0.4242	0.88	0.1343	94	136	230	100	2	0	4	0	0	0	2	0.426667	0.426737	0.8575	0.146767	1188	1707	2895
2297	4/10/2011	2	0	4	13	0	0	0	1	0.46	0.4545	0.82	0.1045	121	142	263	100	2	0	4	0	0	0	2	0.426667	0.426737	0.8575	0.146767	1188	1707	2895
2298	4/10/2011	2	0	4	14	0	0	0	1	0.5	0.4848	0.72	0.194	148	133	281	100	2	0	4	0	0	0	2	0.426667	0.426737	0.8575	0.146767	1188	1707	2895
2299	4/10/2011	2	0	4	15	0	0	0	1	0.5	0.4848	0.77	0.2239	156	141	297	100	2	0	4	0	0	0	2	0.426667	0.426737	0.8575	0.146767	1188	1707	2895
2300	4/10/2011	2	0	4	16	0	0	0	2	0.52	0.5	0.72	0.1642	135	153	288	100	2	0	4	0	0	0	2	0.426667	0.426737	0.8575	0.146767	1188	1707	2895
2301	4/10/2011	2	0	4	17	0	0	0	2	0.52	0.5	0.72	0.194	84	152	236	100	2	0	4	0	0	0	2	0.426667	0.426737	0.8575	0.146767	1188	1707	2895
2302	4/10/2011	2	0	4	18	0	0	0	1	0.5	0.4848	0.77	0.194	103	137	240	100	2	0	4	0	0	0	2	0.426667	0.426737	0.8575	0.146767	1188	1707	2895
2303	4/10/2011	2	0	4	19	0	0	0	1	0.5	0.4848	0.77	0.194	47	84	131	100	2	0	4	0	0	0	2	0.426667	0.426737	0.8575	0.146767	1188	1707	2895
2304	4/10/2011	2	0	4	20	0	0	0	1	0.46	0.4545	0.82	0.1343	21	71	92	100	2	0	4	0	0	0	2	0.426667	0.426737	0.8575	0.146767	1188	1707	2895
2305	4/10/2011	2	0	4	21	0	0	0	1	0.44	0.4394	0.88	0.194	18	77	95	100	2	0	4	0	0	0	2	0.426667	0.426737	0.8575	0.146767	1188	1707	2895
2306	4/10/2011	2	0	4	22	0	0	0	1	0.44	0.4394	0.94	0.2537	12	45	57	100	2	0	4	0	0	0	2	0.426667	0.426737	0.8575	0.146767	1188	1707	2895
2307	4/10/2011	2	0	4	23	0	0	0	1	0.46	0.4545	0.88	0.3582	5	27	32	100	2	0	4	0	0	0	2	0.426667	0.426737	0.8575	0.146767	1188	1707	2895
2308	4/11/2011	2	0	4	0	0	1	1	1	0.48	0.4697	0.88	0.3284	7	16	23	101	2	0	4	0	1	1	2	0.595652	0.565217	0.716956	0.324474	855	2493	3348
2309	4/11/2011	2	0	4	1	0	1	1	1	0.46	0.4545	0.94	0.2836	1	3	4	101	2	0	4	0	1	1	2	0.595652	0.565217	0.716956	0.324474	855	2493	3348
2310	4/11/2011	2	0	4	2	0	1	1	1	0.46	0.4545	0.94	0.2836	7	2	9	101	2	0	4	0	1	1	2	0.595652	0.565217	0.716956	0.324474	855	2493	3348
2311	4/11/2011	2	0	4	4	0	1	1	1	0.46	0.4545	0.94	0.194	0	1	1	101	2	0	4	0	1	1	2	0.595652	0.565217	0.716956	0.324474	855	2493	3348
2312	4/11/2011	2	0	4	5	0	1	1	1	0.46	0.4545	0.94	0.194	1	12	13	101	2	0	4	0	1	1	2	0.595652	0.565217	0.716956	0.324474	855	2493	3348
2313	4/11/2011	2	0	4	6	0	1	1	2	0.46	0.4545	1	0.2239	2	59	61	101	2	0	4	0	1	1	2	0.595652	0.565217	0.716956	0.324474	855	2493	3348
2314	4/11/2011	2	0	4	7	0	1	1	2	0.5	0.4848	0.88	0.2239	12	164	176	101	2	0	4	0	1	1	2	0.595652	0.565217	0.716956	0.324474	855	2493	3348
2315	4/11/2011	2	0	4	8	0	1	1	2	0.52	0.5	0.88	0.2836	28	286	314	101	2	0	4	0	1	1	2	0.595652	0.565217	0.716956	0.324474	855	2493	3348
2316	4/11/2011	2	0	4	9	0	1	1	2	0.56	0.5303	0.83	0.2836	33	132	165	101	2	0	4	0	1	1	2	0.595652	0.565217	0.716956	0.324474	855	2493	3348
2317	4/11/2011	2	0	4	10	0	1	1	2	0.56	0.5303	0.83	0.2985	41	55	96	101	2	0	4	0	1	1	2	0.595652	0.565217	0.716956	0.324474	855	2493	3348
2318	4/11/2011	2	0	4	11	0	1	1	2	0.6	0.5909	0.73	0.2985	45	59	104	101	2	0	4	0	1	1	2	0.595652	0.565217	0.716956	0.324474	855	2493	3348
2319	4/11/2011	2	0	4	12	0	1	1	2	0.6	0.5909	0.73	0.3284	37	97	134	101	2	0	4	0	1	1	2	0.595652	0.565217	0.716956	0.324474	855	2493	3348
2320	4/11/2011	2	0	4	13	0	1	1	2	0.64	0.6061	0.69	0.4179	62	77	139	101	2	0	4	0	1	1	2	0.595652	0.565217	0.716956	0.324474	855	2493	3348
2321	4/11/2011	2	0	4	14	0	1	1	2	0.72	0.6667	0.54	0.3582	60	85	145	101	2	0	4	0	1	1	2	0.595652	0.565217	0.716956	0.324474	855	2493	3348
2322	4/11/2011	2	0	4	15	0	1	1	1	0.74	0.6667	0.48	0.5224	56	85	141	101	2	0	4	0	1	1	2	0.595652	0.565217	0.716956	0.324474	855	2493	3348
2323	4/11/2011	2	0	4	16	0	1	1	1	0.74	0.6667	0.48	0.5224	73	162	235	101	2	0	4	0	1	1	2	0.595652	0.565217	0.716956	0.324474	855	2493	3348
2324	4/11/2011	2	0	4	17	0	1	1	1	0.74	0.6667	0.48	0.5224	100	352	452	101	2	0	4	0	1	1	2	0.595652	0.565217	0.716956	0.324474	855	2493	3348
2325	4/11/2011	2	0	4	18	0	1	1	1	0.72	0.6667	0.51	0.3881	93	290	383	101	2	0	4	0	1	1	2	0.595652	0.565217	0.716956	0.324474	855	2493	3348
2326	4/11/2011	2	0	4	19	0	1	1	1	0.72	0.6667	0.51	0.4478	73	211	284	101	2	0	4	0	1	1	2	0.595652	0.565217	0.716956	0.324474	855	2493	3348
2327	4/11/2011	2	0	4	20	0	1	1	1	0.68	0.6364	0.57	0.5224	44	122	166	101	2	0	4	0	1	1	2	0.595652	0.565217	0.716956	0.324474	855	2493	3348
2328	4/11/2011	2	0	4	21	0	1	1	1	0.66	0.6212	0.61	0.2537	39	119	158	101	2	0	4	0	1	1	2	0.595652	0.565217	0.716956	0.324474	855	2493	3348
2329	4/11/2011	2	0	4	22	0	1	1	2	0.64	0.6212	0.5	0.2836	25	66	91	101	2	0	4	0	1	1	2	0.595652	0.565217	0.716956	0.324474	855	2493	3348
2330	4/11/2011	2	0	4	23	0	1	1	3	0.58	0.5455	0.6	0	16	38	54	101	2	0	4	0	1	1	2	0.595652	0.565217	0.716956	0.324474	855	2493	3348
2331	4/12/2011	2	0	4	0	0	2	1	2	0.62	0.6212	0.5	0.1045	11	13	24	102	2	0	4	0	2	1	2	0.5025	0.493054	0.739167	0.274879	257	1777	2034
2332	4/12/2011	2	0	4	1	0	2	1	2	0.62	0.6212	0.5	0.0896	6	7	13	102	2	0	4	0	2	1	2	0.5025	0.493054	0.739167	0.274879	257	1777	2034
2333	4/12/2011	2	0	4	2	0	2	1	2	0.6	0.6212	0.53	0.1343	7	7	14	102	2	0	4	0	2	1	2	0.5025	0.493054	0.739167	0.274879	257	1777	2034
2334	4/12/2011	2	0	4	3	0	2	1	2	0.58	0.5455	0.56	0.1343	0	1	1	102	2	0	4	0	2	1	2	0.5025	0.493054	0.739167	0.274879	257	1777	2034
2335	4/12/2011	2	0	4	4	0	2	1	2	0.56	0.5303	0.64	0.1343	4	2	6	102	2	0	4	0	2	1	2	0.5025	0.493054	0.739167	0.274879	257	1777	2034
2336	4/12/2011	2	0	4	5	0	2	1	2	0.54	0.5152	0.68	0.1343	1	15	16	102	2	0	4	0	2	1	2	0.5025	0.493054	0.739167	0.274879	257	1777	2034
2337	4/12/2011	2	0	4	6	0	2	1	2	0.54	0.5152	0.68	0.2836	3	55	58	102	2	0	4	0	2	1	2	0.5025	0.493054	0.739167	0.274879	257	1777	2034
2338	4/12/2011	2	0	4	7	0	2	1	2	0.54	0.5152	0.68	0.2239	12	177	189	102	2	0	4	0	2	1	2	0.5025	0.493054	0.739167	0.274879	257	1777	2034
2339	4/12/2011	2	0	4	8	0	2	1	3	0.48	0.4697	0.88	0.3881	15	211	226	102	2	0	4	0	2	1	2	0.5025	0.493054	0.739167	0.274879	257	1777	2034
2340	4/12/2011	2	0	4	9	0	2	1	3	0.46	0.4545	0.94	0.4925	4	50	54	102	2	0	4	0	2	1	2	0.5025	0.493054	0.739167	0.274879	257	1777	2034
2341	4/12/2011	2	0	4	10	0	2	1	3	0.5	0.4848	0.82	0.4179	6	34	40	102	2	0	4	0	2	1	2	0.5025	0.493054	0.739167	0.274879	257	1777	2034
2342	4/12/2011	2	0	4	11	0	2	1	1	0.52	0.5	0.77	0.3582	11	38	49	102	2	0	4	0	2	1	2	0.5025	0.493054	0.739167	0.274879	257	1777	2034
2343	4/12/2011	2	0	4	12	0	2	1	2	0.56	0.5303	0.64	0.4627	9	83	92	102	2	0	4	0	2	1	2	0.5025	0.493054	0.739167	0.274879	257	1777	2034
2344	4/12/2011	2	0	4	13	0	2	1	3	0.54	0.5152	0.68	0.2836	22	84	106	102	2	0	4	0	2	1	2	0.5025	0.493054	0.739167	0.274879	257	1777	2034
2345	4/12/2011	2	0	4	14	0	2	1	2	0.5	0.4848	0.82	0.2836	16	28	44	102	2	0	4	0	2	1	2	0.5025	0.493054	0.739167	0.274879	257	1777	2034
2346	4/12/2011	2	0	4	15	0	2	1	2	0.48	0.4697	0.77	0.5224	24	54	78	102	2	0	4	0	2	1	2	0.5025	0.493054	0.739167	0.274879	257	1777	2034
2347	4/12/2011	2	0	4	16	0	2	1	2	0.48	0.4697	0.77	0.3881	19	80	99	102	2	0	4	0	2	1	2	0.5025	0.493054	0.739167	0.274879	257	1777	2034
2348	4/12/2011	2	0	4	17	0	2	1	3	0.44	0.4394	0.77	0.2239	29	262	291	102	2	0	4	0	2	1	2	0.5025	0.493054	0.739167	0.274879	257	1777	2034
2349	4/12/2011	2	0	4	18	0	2	1	3	0.44	0.4394	0.77	0.2239	21	203	224	102	2	0	4	0	2	1	2	0.5025	0.493054	0.739167	0.274879	257	1777	2034
2350	4/12/2011	2	0	4	19	0	2	1	2	0.42	0.4242	0.82	0.2836	3	127	130	102	2	0	4	0	2	1	2	0.5025	0.493054	0.739167	0.274879	257	1777	2034
2351	4/12/2011	2	0	4	20	0	2	1	2	0.42	0.4242	0.82	0.2836	9	94	103	102	2	0	4	0	2	1	2	0.5025	0.493054	0.739167	0.274879	257	1777	2034
2352	4/12/2011	2	0	4	21	0	2	1	2	0.42	0.4242	0.82	0.194	10	74	84	102	2	0	4	0	2	1	2	0.5025	0.493054	0.739167	0.274879	257	1777	2034
2353	4/12/2011	2	0	4	22	0	2	1	2	0.4	0.4091	0.94	0.2985	7	47	54	102	2	0	4	0	2	1	2	0.5025	0.493054	0.739167	0.274879	257	1777	2034
2354	4/12/2011	2	0	4	23	0	2	1	2	0.4	0.4091	0.94	0.2537	8	31	39	102	2	0	4	0	2	1	2	0.5025	0.493054	0.739167	0.274879	257	1777	2034
2355	4/13/2011	2	0	4	0	0	3	1	2	0.4	0.4091	1	0.2985	3	12	15	103	2	0	4	0	3	1	2	0.4125	0.417283	0.819167	0.250617	209	1953	2162
2356	4/13/2011	2	0	4	1	0	3	1	2	0.4	0.4091	1	0.2985	0	1	1	103	2	0	4	0	3	1	2	0.4125	0.417283	0.819167	0.250617	209	1953	2162
2357	4/13/2011	2	0	4	2	0	3	1	3	0.4	0.4091	1	0.2985	0	2	2	103	2	0	4	0	3	1	2	0.4125	0.417283	0.819167	0.250617	209	1953	2162
2358	4/13/2011	2	0	4	3	0	3	1	3	0.4	0.4091	0.94	0.3284	0	2	2	103	2	0	4	0	3	1	2	0.4125	0.417283	0.819167	0.250617	209	1953	2162
2359	4/13/2011	2	0	4	4	0	3	1	3	0.4	0.4091	0.94	0.3284	1	2	3	103	2	0	4	0	3	1	2	0.4125	0.417283	0.819167	0.250617	209	1953	2162
2360	4/13/2011	2	0	4	5	0	3	1	3	0.38	0.3939	0.94	0.2537	1	4	5	103	2	0	4	0	3	1	2	0.4125	0.417283	0.819167	0.250617	209	1953	2162
2361	4/13/2011	2	0	4	6	0	3	1	3	0.38	0.3939	0.94	0.2239	1	33	34	103	2	0	4	0	3	1	2	0.4125	0.417283	0.819167	0.250617	209	1953	2162
2362	4/13/2011	2	0	4	7	0	3	1	3	0.36	0.3485	1	0.2239	3	67	70	103	2	0	4	0	3	1	2	0.4125	0.417283	0.819167	0.250617	209	1953	2162
2363	4/13/2011	2	0	4	8	0	3	1	3	0.38	0.3939	0.94	0.194	6	158	164	103	2	0	4	0	3	1	2	0.4125	0.417283	0.819167	0.250617	209	1953	2162
2364	4/13/2011	2	0	4	9	0	3	1	2	0.38	0.3939	0.94	0.2239	2	63	65	103	2	0	4	0	3	1	2	0.4125	0.417283	0.819167	0.250617	209	1953	2162
2365	4/13/2011	2	0	4	10	0	3	1	2	0.4	0.4091	0.87	0.194	4	42	46	103	2	0	4	0	3	1	2	0.4125	0.417283	0.819167	0.250617	209	1953	2162
2366	4/13/2011	2	0	4	11	0	3	1	2	0.42	0.4242	0.82	0.194	4	57	61	103	2	0	4	0	3	1	2	0.4125	0.417283	0.819167	0.250617	209	1953	2162
2367	4/13/2011	2	0	4	12	0	3	1	3	0.42	0.4242	0.82	0.2537	12	83	95	103	2	0	4	0	3	1	2	0.4125	0.417283	0.819167	0.250617	209	1953	2162
2368	4/13/2011	2	0	4	13	0	3	1	2	0.44	0.4394	0.77	0.194	6	55	61	103	2	0	4	0	3	1	2	0.4125	0.417283	0.819167	0.250617	209	1953	2162
2369	4/13/2011	2	0	4	14	0	3	1	2	0.42	0.4242	0.77	0.2537	24	82	106	103	2	0	4	0	3	1	2	0.4125	0.417283	0.819167	0.250617	209	1953	2162
2370	4/13/2011	2	0	4	15	0	3	1	2	0.44	0.4394	0.72	0.2836	12	69	81	103	2	0	4	0	3	1	2	0.4125	0.417283	0.819167	0.250617	209	1953	2162
2371	4/13/2011	2	0	4	16	0	3	1	1	0.46	0.4545	0.67	0.2836	23	119	142	103	2	0	4	0	3	1	2	0.4125	0.417283	0.819167	0.250617	209	1953	2162
2372	4/13/2011	2	0	4	17	0	3	1	1	0.46	0.4545	0.67	0.2985	25	284	309	103	2	0	4	0	3	1	2	0.4125	0.417283	0.819167	0.250617	209	1953	2162
2373	4/13/2011	2	0	4	18	0	3	1	1	0.44	0.4394	0.62	0.3881	28	293	321	103	2	0	4	0	3	1	2	0.4125	0.417283	0.819167	0.250617	209	1953	2162
2374	4/13/2011	2	0	4	19	0	3	1	1	0.44	0.4394	0.62	0.2537	15	160	175	103	2	0	4	0	3	1	2	0.4125	0.417283	0.819167	0.250617	209	1953	2162
2375	4/13/2011	2	0	4	20	0	3	1	1	0.44	0.4394	0.62	0.2537	7	119	126	103	2	0	4	0	3	1	2	0.4125	0.417283	0.819167	0.250617	209	1953	2162
2376	4/13/2011	2	0	4	21	0	3	1	1	0.42	0.4242	0.67	0.1642	17	100	117	103	2	0	4	0	3	1	2	0.4125	0.417283	0.819167	0.250617	209	1953	2162
2377	4/13/2011	2	0	4	22	0	3	1	1	0.42	0.4242	0.67	0.194	10	89	99	103	2	0	4	0	3	1	2	0.4125	0.417283	0.819167	0.250617	209	1953	2162
2378	4/13/2011	2	0	4	23	0	3	1	1	0.4	0.4091	0.71	0.1343	5	57	62	103	2	0	4	0	3	1	2	0.4125	0.417283	0.819167	0.250617	209	1953	2162
2379	4/14/2011	2	0	4	0	0	4	1	1	0.38	0.3939	0.76	0.1343	3	18	21	104	2	0	4	0	4	1	1	0.4675	0.462742	0.540417	0.1107	529	2738	3267
2380	4/14/2011	2	0	4	1	0	4	1	1	0.38	0.3939	0.76	0.2239	1	9	10	104	2	0	4	0	4	1	1	0.4675	0.462742	0.540417	0.1107	529	2738	3267
2381	4/14/2011	2	0	4	2	0	4	1	1	0.36	0.3485	0.76	0.1343	0	3	3	104	2	0	4	0	4	1	1	0.4675	0.462742	0.540417	0.1107	529	2738	3267
2382	4/14/2011	2	0	4	3	0	4	1	1	0.34	0.3333	0.81	0.1343	0	2	2	104	2	0	4	0	4	1	1	0.4675	0.462742	0.540417	0.1107	529	2738	3267
2383	4/14/2011	2	0	4	4	0	4	1	1	0.34	0.3636	0.76	0	1	8	9	104	2	0	4	0	4	1	1	0.4675	0.462742	0.540417	0.1107	529	2738	3267
2384	4/14/2011	2	0	4	5	0	4	1	1	0.34	0.3485	0.76	0.0896	2	12	14	104	2	0	4	0	4	1	1	0.4675	0.462742	0.540417	0.1107	529	2738	3267
2385	4/14/2011	2	0	4	6	0	4	1	1	0.34	0.3485	0.76	0.1045	4	66	70	104	2	0	4	0	4	1	1	0.4675	0.462742	0.540417	0.1107	529	2738	3267
2386	4/14/2011	2	0	4	7	0	4	1	1	0.38	0.3939	0.66	0	11	182	193	104	2	0	4	0	4	1	1	0.4675	0.462742	0.540417	0.1107	529	2738	3267
2387	4/14/2011	2	0	4	8	0	4	1	1	0.42	0.4242	0.58	0.1642	21	316	337	104	2	0	4	0	4	1	1	0.4675	0.462742	0.540417	0.1107	529	2738	3267
2388	4/14/2011	2	0	4	9	0	4	1	1	0.46	0.4545	0.51	0.1343	18	152	170	104	2	0	4	0	4	1	1	0.4675	0.462742	0.540417	0.1107	529	2738	3267
2389	4/14/2011	2	0	4	10	0	4	1	1	0.5	0.4848	0.51	0.194	21	68	89	104	2	0	4	0	4	1	1	0.4675	0.462742	0.540417	0.1107	529	2738	3267
2390	4/14/2011	2	0	4	11	0	4	1	1	0.52	0.5	0.45	0.1642	28	87	115	104	2	0	4	0	4	1	1	0.4675	0.462742	0.540417	0.1107	529	2738	3267
2391	4/14/2011	2	0	4	12	0	4	1	1	0.54	0.5152	0.42	0.1343	35	110	145	104	2	0	4	0	4	1	1	0.4675	0.462742	0.540417	0.1107	529	2738	3267
2392	4/14/2011	2	0	4	13	0	4	1	1	0.56	0.5303	0.37	0.2239	38	121	159	104	2	0	4	0	4	1	1	0.4675	0.462742	0.540417	0.1107	529	2738	3267
2393	4/14/2011	2	0	4	14	0	4	1	1	0.56	0.5303	0.35	0.0896	36	101	137	104	2	0	4	0	4	1	1	0.4675	0.462742	0.540417	0.1107	529	2738	3267
2394	4/14/2011	2	0	4	15	0	4	1	1	0.6	0.6212	0.31	0.0896	57	85	142	104	2	0	4	0	4	1	1	0.4675	0.462742	0.540417	0.1107	529	2738	3267
2395	4/14/2011	2	0	4	16	0	4	1	1	0.6	0.6061	0.26	0.1045	49	153	202	104	2	0	4	0	4	1	1	0.4675	0.462742	0.540417	0.1107	529	2738	3267
2396	4/14/2011	2	0	4	17	0	4	1	1	0.6	0.6061	0.28	0	50	338	388	104	2	0	4	0	4	1	1	0.4675	0.462742	0.540417	0.1107	529	2738	3267
2397	4/14/2011	2	0	4	18	0	4	1	1	0.56	0.5303	0.3	0	47	290	337	104	2	0	4	0	4	1	1	0.4675	0.462742	0.540417	0.1107	529	2738	3267
2398	4/14/2011	2	0	4	19	0	4	1	1	0.54	0.5152	0.32	0	37	222	259	104	2	0	4	0	4	1	1	0.4675	0.462742	0.540417	0.1107	529	2738	3267
2399	4/14/2011	2	0	4	20	0	4	1	1	0.5	0.4848	0.51	0.194	22	147	169	104	2	0	4	0	4	1	1	0.4675	0.462742	0.540417	0.1107	529	2738	3267
2400	4/14/2011	2	0	4	21	0	4	1	1	0.46	0.4545	0.63	0.1343	19	126	145	104	2	0	4	0	4	1	1	0.4675	0.462742	0.540417	0.1107	529	2738	3267
2401	4/14/2011	2	0	4	22	0	4	1	1	0.48	0.4697	0.55	0.1045	22	82	104	104	2	0	4	0	4	1	1	0.4675	0.462742	0.540417	0.1107	529	2738	3267
2402	4/14/2011	2	0	4	23	0	4	1	1	0.46	0.4545	0.59	0.1045	7	40	47	104	2	0	4	0	4	1	1	0.4675	0.462742	0.540417	0.1107	529	2738	3267
2403	4/15/2011	2	0	4	0	1	5	0	1	0.44	0.4394	0.67	0	6	21	27	105	2	0	4	1	5	0	1	0.446667	0.441913	0.67125	0.226375	642	2484	3126
2404	4/15/2011	2	0	4	1	1	5	0	1	0.44	0.4394	0.62	0	6	9	15	105	2	0	4	1	5	0	1	0.446667	0.441913	0.67125	0.226375	642	2484	3126
2405	4/15/2011	2	0	4	2	1	5	0	1	0.4	0.4091	0.76	0	8	10	18	105	2	0	4	1	5	0	1	0.446667	0.441913	0.67125	0.226375	642	2484	3126
2406	4/15/2011	2	0	4	3	1	5	0	1	0.4	0.4091	0.76	0	0	3	3	105	2	0	4	1	5	0	1	0.446667	0.441913	0.67125	0.226375	642	2484	3126
2407	4/15/2011	2	0	4	4	1	5	0	1	0.38	0.3939	0.82	0.0896	0	3	3	105	2	0	4	1	5	0	1	0.446667	0.441913	0.67125	0.226375	642	2484	3126
2408	4/15/2011	2	0	4	5	1	5	0	1	0.36	0.3636	0.81	0.1045	2	11	13	105	2	0	4	1	5	0	1	0.446667	0.441913	0.67125	0.226375	642	2484	3126
2409	4/15/2011	2	0	4	6	1	5	0	1	0.36	0.3636	0.81	0.0896	5	42	47	105	2	0	4	1	5	0	1	0.446667	0.441913	0.67125	0.226375	642	2484	3126
2410	4/15/2011	2	0	4	7	1	5	0	1	0.4	0.4091	0.71	0.1642	10	139	149	105	2	0	4	1	5	0	1	0.446667	0.441913	0.67125	0.226375	642	2484	3126
2411	4/15/2011	2	0	4	8	1	5	0	1	0.44	0.4394	0.62	0.2985	21	279	300	105	2	0	4	1	5	0	1	0.446667	0.441913	0.67125	0.226375	642	2484	3126
2412	4/15/2011	2	0	4	9	1	5	0	1	0.5	0.4848	0.55	0.194	16	162	178	105	2	0	4	1	5	0	1	0.446667	0.441913	0.67125	0.226375	642	2484	3126
2413	4/15/2011	2	0	4	10	1	5	0	1	0.5	0.4848	0.55	0.194	31	91	122	105	2	0	4	1	5	0	1	0.446667	0.441913	0.67125	0.226375	642	2484	3126
2414	4/15/2011	2	0	4	11	1	5	0	1	0.52	0.5	0.55	0.194	41	95	136	105	2	0	4	1	5	0	1	0.446667	0.441913	0.67125	0.226375	642	2484	3126
2415	4/15/2011	2	0	4	12	1	5	0	1	0.52	0.5	0.55	0.2836	45	155	200	105	2	0	4	1	5	0	1	0.446667	0.441913	0.67125	0.226375	642	2484	3126
2416	4/15/2011	2	0	4	13	1	5	0	1	0.54	0.5152	0.52	0.2537	47	133	180	105	2	0	4	1	5	0	1	0.446667	0.441913	0.67125	0.226375	642	2484	3126
2417	4/15/2011	2	0	4	14	1	5	0	1	0.54	0.5152	0.52	0.2537	57	106	163	105	2	0	4	1	5	0	1	0.446667	0.441913	0.67125	0.226375	642	2484	3126
2418	4/15/2011	2	0	4	15	1	5	0	1	0.54	0.5152	0.52	0.4478	50	112	162	105	2	0	4	1	5	0	1	0.446667	0.441913	0.67125	0.226375	642	2484	3126
2419	4/15/2011	2	0	4	16	1	5	0	1	0.52	0.5	0.55	0.4925	70	173	243	105	2	0	4	1	5	0	1	0.446667	0.441913	0.67125	0.226375	642	2484	3126
2420	4/15/2011	2	0	4	17	1	5	0	2	0.5	0.4848	0.63	0.3881	64	267	331	105	2	0	4	1	5	0	1	0.446667	0.441913	0.67125	0.226375	642	2484	3126
2421	4/15/2011	2	0	4	18	1	5	0	2	0.46	0.4545	0.67	0.3881	47	216	263	105	2	0	4	1	5	0	1	0.446667	0.441913	0.67125	0.226375	642	2484	3126
2422	4/15/2011	2	0	4	19	1	5	0	1	0.42	0.4242	0.77	0.3881	41	168	209	105	2	0	4	1	5	0	1	0.446667	0.441913	0.67125	0.226375	642	2484	3126
2423	4/15/2011	2	0	4	20	1	5	0	2	0.4	0.4091	0.76	0.3284	26	92	118	105	2	0	4	1	5	0	1	0.446667	0.441913	0.67125	0.226375	642	2484	3126
2424	4/15/2011	2	0	4	21	1	5	0	2	0.4	0.4091	0.76	0.2985	25	77	102	105	2	0	4	1	5	0	1	0.446667	0.441913	0.67125	0.226375	642	2484	3126
2425	4/15/2011	2	0	4	22	1	5	0	2	0.38	0.3939	0.82	0.3881	16	64	80	105	2	0	4	1	5	0	1	0.446667	0.441913	0.67125	0.226375	642	2484	3126
2426	4/15/2011	2	0	4	23	1	5	0	2	0.36	0.3485	0.81	0.194	8	56	64	105	2	0	4	1	5	0	1	0.446667	0.441913	0.67125	0.226375	642	2484	3126
2427	4/16/2011	2	0	4	0	0	6	0	2	0.36	0.3485	0.81	0.2239	7	36	43	106	2	0	4	0	6	0	3	0.430833	0.425492	0.888333	0.340808	121	674	795
2428	4/16/2011	2	0	4	1	0	6	0	2	0.36	0.3333	0.87	0.2836	5	28	33	106	2	0	4	0	6	0	3	0.430833	0.425492	0.888333	0.340808	121	674	795
2429	4/16/2011	2	0	4	2	0	6	0	2	0.36	0.3485	0.87	0.1343	5	19	24	106	2	0	4	0	6	0	3	0.430833	0.425492	0.888333	0.340808	121	674	795
2430	4/16/2011	2	0	4	3	0	6	0	2	0.36	0.3485	0.87	0.1642	5	9	14	106	2	0	4	0	6	0	3	0.430833	0.425492	0.888333	0.340808	121	674	795
2431	4/16/2011	2	0	4	4	0	6	0	2	0.36	0.3485	0.87	0.2239	1	4	5	106	2	0	4	0	6	0	3	0.430833	0.425492	0.888333	0.340808	121	674	795
2432	4/16/2011	2	0	4	5	0	6	0	2	0.38	0.3939	0.87	0.2836	1	3	4	106	2	0	4	0	6	0	3	0.430833	0.425492	0.888333	0.340808	121	674	795
2433	4/16/2011	2	0	4	6	0	6	0	3	0.4	0.4091	0.82	0.3284	1	9	10	106	2	0	4	0	6	0	3	0.430833	0.425492	0.888333	0.340808	121	674	795
2434	4/16/2011	2	0	4	7	0	6	0	2	0.4	0.4091	0.82	0.4179	3	18	21	106	2	0	4	0	6	0	3	0.430833	0.425492	0.888333	0.340808	121	674	795
2435	4/16/2011	2	0	4	8	0	6	0	3	0.4	0.4091	0.87	0.3582	7	38	45	106	2	0	4	0	6	0	3	0.430833	0.425492	0.888333	0.340808	121	674	795
2436	4/16/2011	2	0	4	9	0	6	0	3	0.4	0.4091	1	0.2985	2	27	29	106	2	0	4	0	6	0	3	0.430833	0.425492	0.888333	0.340808	121	674	795
2437	4/16/2011	2	0	4	10	0	6	0	3	0.42	0.4242	0.94	0.3881	1	21	22	106	2	0	4	0	6	0	3	0.430833	0.425492	0.888333	0.340808	121	674	795
2438	4/16/2011	2	0	4	11	0	6	0	3	0.42	0.4242	0.94	0.4478	4	27	31	106	2	0	4	0	6	0	3	0.430833	0.425492	0.888333	0.340808	121	674	795
2439	4/16/2011	2	0	4	12	0	6	0	2	0.46	0.4545	0.88	0.5821	6	26	32	106	2	0	4	0	6	0	3	0.430833	0.425492	0.888333	0.340808	121	674	795
2440	4/16/2011	2	0	4	13	0	6	0	3	0.46	0.4545	0.94	0.5224	9	49	58	106	2	0	4	0	6	0	3	0.430833	0.425492	0.888333	0.340808	121	674	795
2441	4/16/2011	2	0	4	14	0	6	0	3	0.52	0.5	0.83	0.5821	14	49	63	106	2	0	4	0	6	0	3	0.430833	0.425492	0.888333	0.340808	121	674	795
2442	4/16/2011	2	0	4	15	0	6	0	3	0.52	0.5	0.83	0.5821	16	62	78	106	2	0	4	0	6	0	3	0.430833	0.425492	0.888333	0.340808	121	674	795
2443	4/16/2011	2	0	4	16	0	6	0	3	0.5	0.4848	0.88	0.4627	6	27	33	106	2	0	4	0	6	0	3	0.430833	0.425492	0.888333	0.340808	121	674	795
2444	4/16/2011	2	0	4	17	0	6	0	3	0.5	0.4848	0.88	0.5821	1	14	15	106	2	0	4	0	6	0	3	0.430833	0.425492	0.888333	0.340808	121	674	795
2445	4/16/2011	2	0	4	18	0	6	0	2	0.5	0.4848	0.94	0.3881	6	32	38	106	2	0	4	0	6	0	3	0.430833	0.425492	0.888333	0.340808	121	674	795
2446	4/16/2011	2	0	4	19	0	6	0	2	0.52	0.5	0.94	0.4179	9	62	71	106	2	0	4	0	6	0	3	0.430833	0.425492	0.888333	0.340808	121	674	795
2447	4/16/2011	2	0	4	20	0	6	0	3	0.44	0.4394	0.94	0.2239	4	49	53	106	2	0	4	0	6	0	3	0.430833	0.425492	0.888333	0.340808	121	674	795
2448	4/16/2011	2	0	4	21	0	6	0	2	0.44	0.4394	0.94	0	1	13	14	106	2	0	4	0	6	0	3	0.430833	0.425492	0.888333	0.340808	121	674	795
2449	4/16/2011	2	0	4	22	0	6	0	3	0.42	0.4242	1	0	2	22	24	106	2	0	4	0	6	0	3	0.430833	0.425492	0.888333	0.340808	121	674	795
2450	4/16/2011	2	0	4	23	0	6	0	2	0.44	0.4394	0.77	0.2836	5	30	35	106	2	0	4	0	6	0	3	0.430833	0.425492	0.888333	0.340808	121	674	795
2451	4/17/2011	2	0	4	0	0	0	0	2	0.44	0.4394	0.77	0.2836	4	29	33	107	2	0	4	0	0	0	1	0.456667	0.445696	0.479583	0.303496	1558	2186	3744
2452	4/17/2011	2	0	4	1	0	0	0	1	0.42	0.4242	0.67	0.2239	6	25	31	107	2	0	4	0	0	0	1	0.456667	0.445696	0.479583	0.303496	1558	2186	3744
2453	4/17/2011	2	0	4	2	0	0	0	1	0.4	0.4091	0.62	0.194	4	25	29	107	2	0	4	0	0	0	1	0.456667	0.445696	0.479583	0.303496	1558	2186	3744
2454	4/17/2011	2	0	4	3	0	0	0	1	0.4	0.4091	0.66	0.1343	12	13	25	107	2	0	4	0	0	0	1	0.456667	0.445696	0.479583	0.303496	1558	2186	3744
2455	4/17/2011	2	0	4	4	0	0	0	1	0.36	0.3636	0.76	0.1045	2	5	7	107	2	0	4	0	0	0	1	0.456667	0.445696	0.479583	0.303496	1558	2186	3744
2456	4/17/2011	2	0	4	5	0	0	0	1	0.36	0.3485	0.71	0.1642	2	1	3	107	2	0	4	0	0	0	1	0.456667	0.445696	0.479583	0.303496	1558	2186	3744
2457	4/17/2011	2	0	4	6	0	0	0	1	0.36	0.3182	0.66	0.4478	3	5	8	107	2	0	4	0	0	0	1	0.456667	0.445696	0.479583	0.303496	1558	2186	3744
2458	4/17/2011	2	0	4	7	0	0	0	1	0.36	0.3333	0.5	0.3582	2	14	16	107	2	0	4	0	0	0	1	0.456667	0.445696	0.479583	0.303496	1558	2186	3744
2459	4/17/2011	2	0	4	8	0	0	0	1	0.38	0.3939	0.46	0.3881	7	36	43	107	2	0	4	0	0	0	1	0.456667	0.445696	0.479583	0.303496	1558	2186	3744
2460	4/17/2011	2	0	4	9	0	0	0	1	0.4	0.4091	0.43	0.2836	31	71	102	107	2	0	4	0	0	0	1	0.456667	0.445696	0.479583	0.303496	1558	2186	3744
2461	4/17/2011	2	0	4	10	0	0	0	1	0.42	0.4242	0.44	0.4478	91	120	211	107	2	0	4	0	0	0	1	0.456667	0.445696	0.479583	0.303496	1558	2186	3744
2462	4/17/2011	2	0	4	11	0	0	0	1	0.46	0.4545	0.41	0.4179	119	185	304	107	2	0	4	0	0	0	1	0.456667	0.445696	0.479583	0.303496	1558	2186	3744
2463	4/17/2011	2	0	4	12	0	0	0	1	0.46	0.4545	0.38	0.3881	167	187	354	107	2	0	4	0	0	0	1	0.456667	0.445696	0.479583	0.303496	1558	2186	3744
2464	4/17/2011	2	0	4	13	0	0	0	1	0.5	0.4848	0.34	0.3881	181	162	343	107	2	0	4	0	0	0	1	0.456667	0.445696	0.479583	0.303496	1558	2186	3744
2465	4/17/2011	2	0	4	14	0	0	0	1	0.52	0.5	0.34	0.3881	170	191	361	107	2	0	4	0	0	0	1	0.456667	0.445696	0.479583	0.303496	1558	2186	3744
2466	4/17/2011	2	0	4	15	0	0	0	1	0.54	0.5152	0.32	0.5224	179	209	388	107	2	0	4	0	0	0	1	0.456667	0.445696	0.479583	0.303496	1558	2186	3744
2467	4/17/2011	2	0	4	16	0	0	0	1	0.54	0.5152	0.3	0.3582	161	182	343	107	2	0	4	0	0	0	1	0.456667	0.445696	0.479583	0.303496	1558	2186	3744
2468	4/17/2011	2	0	4	17	0	0	0	1	0.56	0.5303	0.3	0.4478	143	163	306	107	2	0	4	0	0	0	1	0.456667	0.445696	0.479583	0.303496	1558	2186	3744
2469	4/17/2011	2	0	4	18	0	0	0	1	0.56	0.5303	0.3	0.3881	102	175	277	107	2	0	4	0	0	0	1	0.456667	0.445696	0.479583	0.303496	1558	2186	3744
2470	4/17/2011	2	0	4	19	0	0	0	1	0.56	0.5303	0.3	0.2985	75	135	210	107	2	0	4	0	0	0	1	0.456667	0.445696	0.479583	0.303496	1558	2186	3744
2471	4/17/2011	2	0	4	20	0	0	0	1	0.52	0.5	0.36	0.194	44	97	141	107	2	0	4	0	0	0	1	0.456667	0.445696	0.479583	0.303496	1558	2186	3744
2472	4/17/2011	2	0	4	21	0	0	0	1	0.5	0.4848	0.42	0.194	13	70	83	107	2	0	4	0	0	0	1	0.456667	0.445696	0.479583	0.303496	1558	2186	3744
2473	4/17/2011	2	0	4	22	0	0	0	1	0.5	0.4848	0.39	0.1045	21	49	70	107	2	0	4	0	0	0	1	0.456667	0.445696	0.479583	0.303496	1558	2186	3744
2474	4/17/2011	2	0	4	23	0	0	0	1	0.44	0.4394	0.67	0.1642	19	37	56	107	2	0	4	0	0	0	1	0.456667	0.445696	0.479583	0.303496	1558	2186	3744
2475	4/18/2011	2	0	4	0	0	1	1	1	0.46	0.4545	0.47	0.0896	15	24	39	108	2	0	4	0	1	1	1	0.5125	0.503146	0.5425	0.163567	669	2760	3429
2476	4/18/2011	2	0	4	1	0	1	1	1	0.46	0.4545	0.47	0.1343	11	8	19	108	2	0	4	0	1	1	1	0.5125	0.503146	0.5425	0.163567	669	2760	3429
2477	4/18/2011	2	0	4	2	0	1	1	1	0.42	0.4242	0.67	0.1045	14	2	16	108	2	0	4	0	1	1	1	0.5125	0.503146	0.5425	0.163567	669	2760	3429
2478	4/18/2011	2	0	4	3	0	1	1	1	0.42	0.4242	0.62	0.1045	6	1	7	108	2	0	4	0	1	1	1	0.5125	0.503146	0.5425	0.163567	669	2760	3429
2479	4/18/2011	2	0	4	4	0	1	1	1	0.4	0.4091	0.87	0.1642	2	4	6	108	2	0	4	0	1	1	1	0.5125	0.503146	0.5425	0.163567	669	2760	3429
2480	4/18/2011	2	0	4	5	0	1	1	1	0.4	0.4091	0.76	0.0896	0	16	16	108	2	0	4	0	1	1	1	0.5125	0.503146	0.5425	0.163567	669	2760	3429
2481	4/18/2011	2	0	4	6	0	1	1	1	0.4	0.4091	0.82	0	3	51	54	108	2	0	4	0	1	1	1	0.5125	0.503146	0.5425	0.163567	669	2760	3429
2482	4/18/2011	2	0	4	7	0	1	1	1	0.46	0.4545	0.63	0	12	156	168	108	2	0	4	0	1	1	1	0.5125	0.503146	0.5425	0.163567	669	2760	3429
2483	4/18/2011	2	0	4	8	0	1	1	1	0.46	0.4545	0.63	0	20	277	297	108	2	0	4	0	1	1	1	0.5125	0.503146	0.5425	0.163567	669	2760	3429
2484	4/18/2011	2	0	4	9	0	1	1	2	0.5	0.4848	0.55	0.1045	37	132	169	108	2	0	4	0	1	1	1	0.5125	0.503146	0.5425	0.163567	669	2760	3429
2485	4/18/2011	2	0	4	10	0	1	1	2	0.52	0.5	0.55	0.1045	41	68	109	108	2	0	4	0	1	1	1	0.5125	0.503146	0.5425	0.163567	669	2760	3429
2486	4/18/2011	2	0	4	11	0	1	1	2	0.54	0.5152	0.52	0.0896	36	87	123	108	2	0	4	0	1	1	1	0.5125	0.503146	0.5425	0.163567	669	2760	3429
2487	4/18/2011	2	0	4	12	0	1	1	2	0.56	0.5303	0.49	0.0896	60	124	184	108	2	0	4	0	1	1	1	0.5125	0.503146	0.5425	0.163567	669	2760	3429
2488	4/18/2011	2	0	4	13	0	1	1	2	0.56	0.5303	0.49	0.1642	41	128	169	108	2	0	4	0	1	1	1	0.5125	0.503146	0.5425	0.163567	669	2760	3429
2489	4/18/2011	2	0	4	14	0	1	1	2	0.58	0.5455	0.49	0.194	49	95	144	108	2	0	4	0	1	1	1	0.5125	0.503146	0.5425	0.163567	669	2760	3429
2490	4/18/2011	2	0	4	15	0	1	1	2	0.6	0.6212	0.43	0.194	64	112	176	108	2	0	4	0	1	1	1	0.5125	0.503146	0.5425	0.163567	669	2760	3429
2491	4/18/2011	2	0	4	16	0	1	1	1	0.6	0.6212	0.46	0.2836	40	165	205	108	2	0	4	0	1	1	1	0.5125	0.503146	0.5425	0.163567	669	2760	3429
2492	4/18/2011	2	0	4	17	0	1	1	1	0.58	0.5455	0.49	0.2836	66	362	428	108	2	0	4	0	1	1	1	0.5125	0.503146	0.5425	0.163567	669	2760	3429
2493	4/18/2011	2	0	4	18	0	1	1	1	0.64	0.6212	0.31	0.3582	41	321	362	108	2	0	4	0	1	1	1	0.5125	0.503146	0.5425	0.163567	669	2760	3429
2494	4/18/2011	2	0	4	19	0	1	1	1	0.56	0.5303	0.46	0.2537	42	244	286	108	2	0	4	0	1	1	1	0.5125	0.503146	0.5425	0.163567	669	2760	3429
2495	4/18/2011	2	0	4	20	0	1	1	1	0.6	0.6212	0.33	0.2985	29	136	165	108	2	0	4	0	1	1	1	0.5125	0.503146	0.5425	0.163567	669	2760	3429
2496	4/18/2011	2	0	4	21	0	1	1	1	0.56	0.5303	0.37	0.2836	20	131	151	108	2	0	4	0	1	1	1	0.5125	0.503146	0.5425	0.163567	669	2760	3429
2497	4/18/2011	2	0	4	22	0	1	1	1	0.52	0.5	0.55	0.2836	9	81	90	108	2	0	4	0	1	1	1	0.5125	0.503146	0.5425	0.163567	669	2760	3429
2498	4/18/2011	2	0	4	23	0	1	1	1	0.5	0.4848	0.59	0.2537	11	35	46	108	2	0	4	0	1	1	1	0.5125	0.503146	0.5425	0.163567	669	2760	3429
2499	4/19/2011	2	0	4	0	0	2	1	1	0.5	0.4848	0.55	0.2239	2	23	25	109	2	0	4	0	2	1	2	0.505833	0.489258	0.665833	0.157971	409	2795	3204
2500	4/19/2011	2	0	4	1	0	2	1	1	0.46	0.4545	0.63	0.2239	5	2	7	109	2	0	4	0	2	1	2	0.505833	0.489258	0.665833	0.157971	409	2795	3204
2501	4/19/2011	2	0	4	2	0	2	1	1	0.46	0.4545	0.67	0.2836	8	5	13	109	2	0	4	0	2	1	2	0.505833	0.489258	0.665833	0.157971	409	2795	3204
2502	4/19/2011	2	0	4	3	0	2	1	1	0.48	0.4697	0.63	0.2239	0	3	3	109	2	0	4	0	2	1	2	0.505833	0.489258	0.665833	0.157971	409	2795	3204
2503	4/19/2011	2	0	4	4	0	2	1	1	0.46	0.4545	0.67	0.0896	1	4	5	109	2	0	4	0	2	1	2	0.505833	0.489258	0.665833	0.157971	409	2795	3204
2504	4/19/2011	2	0	4	5	0	2	1	2	0.46	0.4545	0.72	0.194	1	17	18	109	2	0	4	0	2	1	2	0.505833	0.489258	0.665833	0.157971	409	2795	3204
2505	4/19/2011	2	0	4	6	0	2	1	2	0.48	0.4697	0.67	0	2	63	65	109	2	0	4	0	2	1	2	0.505833	0.489258	0.665833	0.157971	409	2795	3204
2506	4/19/2011	2	0	4	7	0	2	1	2	0.52	0.5	0.55	0	22	166	188	109	2	0	4	0	2	1	2	0.505833	0.489258	0.665833	0.157971	409	2795	3204
2507	4/19/2011	2	0	4	8	0	2	1	2	0.5	0.4848	0.68	0.1343	20	331	351	109	2	0	4	0	2	1	2	0.505833	0.489258	0.665833	0.157971	409	2795	3204
2508	4/19/2011	2	0	4	9	0	2	1	3	0.52	0.5	0.63	0.0896	23	139	162	109	2	0	4	0	2	1	2	0.505833	0.489258	0.665833	0.157971	409	2795	3204
2509	4/19/2011	2	0	4	10	0	2	1	2	0.5	0.4848	0.72	0.2239	15	60	75	109	2	0	4	0	2	1	2	0.505833	0.489258	0.665833	0.157971	409	2795	3204
2510	4/19/2011	2	0	4	11	0	2	1	2	0.54	0.5152	0.68	0.1642	19	53	72	109	2	0	4	0	2	1	2	0.505833	0.489258	0.665833	0.157971	409	2795	3204
2511	4/19/2011	2	0	4	12	0	2	1	2	0.54	0.5152	0.64	0.0896	19	84	103	109	2	0	4	0	2	1	2	0.505833	0.489258	0.665833	0.157971	409	2795	3204
2512	4/19/2011	2	0	4	13	0	2	1	2	0.54	0.5152	0.68	0.2239	26	103	129	109	2	0	4	0	2	1	2	0.505833	0.489258	0.665833	0.157971	409	2795	3204
2513	4/19/2011	2	0	4	14	0	2	1	2	0.54	0.5152	0.64	0.194	19	88	107	109	2	0	4	0	2	1	2	0.505833	0.489258	0.665833	0.157971	409	2795	3204
2514	4/19/2011	2	0	4	15	0	2	1	2	0.54	0.5152	0.65	0.1642	44	83	127	109	2	0	4	0	2	1	2	0.505833	0.489258	0.665833	0.157971	409	2795	3204
2515	4/19/2011	2	0	4	16	0	2	1	1	0.56	0.5303	0.52	0.2985	30	162	192	109	2	0	4	0	2	1	2	0.505833	0.489258	0.665833	0.157971	409	2795	3204
2516	4/19/2011	2	0	4	17	0	2	1	1	0.56	0.5303	0.6	0.1045	39	372	411	109	2	0	4	0	2	1	2	0.505833	0.489258	0.665833	0.157971	409	2795	3204
2517	4/19/2011	2	0	4	18	0	2	1	2	0.54	0.5152	0.64	0.1343	44	377	421	109	2	0	4	0	2	1	2	0.505833	0.489258	0.665833	0.157971	409	2795	3204
2518	4/19/2011	2	0	4	19	0	2	1	2	0.5	0.4848	0.72	0.194	28	248	276	109	2	0	4	0	2	1	2	0.505833	0.489258	0.665833	0.157971	409	2795	3204
2519	4/19/2011	2	0	4	20	0	2	1	2	0.5	0.4848	0.72	0.2239	20	148	168	109	2	0	4	0	2	1	2	0.505833	0.489258	0.665833	0.157971	409	2795	3204
2520	4/19/2011	2	0	4	21	0	2	1	2	0.5	0.4848	0.72	0.1343	8	114	122	109	2	0	4	0	2	1	2	0.505833	0.489258	0.665833	0.157971	409	2795	3204
2521	4/19/2011	2	0	4	22	0	2	1	1	0.48	0.4697	0.77	0.0896	3	109	112	109	2	0	4	0	2	1	2	0.505833	0.489258	0.665833	0.157971	409	2795	3204
2522	4/19/2011	2	0	4	23	0	2	1	1	0.46	0.4545	0.88	0.0896	11	41	52	109	2	0	4	0	2	1	2	0.505833	0.489258	0.665833	0.157971	409	2795	3204
2523	4/20/2011	2	0	4	0	0	3	1	1	0.44	0.4394	0.88	0.1343	4	29	33	110	2	0	4	0	3	1	1	0.595	0.564392	0.614167	0.241925	613	3331	3944
2524	4/20/2011	2	0	4	1	0	3	1	1	0.42	0.4242	0.94	0.1642	2	5	7	110	2	0	4	0	3	1	1	0.595	0.564392	0.614167	0.241925	613	3331	3944
2525	4/20/2011	2	0	4	2	0	3	1	1	0.42	0.4242	0.94	0.1642	0	2	2	110	2	0	4	0	3	1	1	0.595	0.564392	0.614167	0.241925	613	3331	3944
2526	4/20/2011	2	0	4	3	0	3	1	1	0.42	0.4242	0.94	0	0	2	2	110	2	0	4	0	3	1	1	0.595	0.564392	0.614167	0.241925	613	3331	3944
2527	4/20/2011	2	0	4	4	0	3	1	1	0.4	0.4091	1	0.1045	5	4	9	110	2	0	4	0	3	1	1	0.595	0.564392	0.614167	0.241925	613	3331	3944
2528	4/20/2011	2	0	4	5	0	3	1	1	0.4	0.4091	0.94	0.194	1	14	15	110	2	0	4	0	3	1	1	0.595	0.564392	0.614167	0.241925	613	3331	3944
2529	4/20/2011	2	0	4	6	0	3	1	1	0.42	0.4242	0.94	0.1642	2	62	64	110	2	0	4	0	3	1	1	0.595	0.564392	0.614167	0.241925	613	3331	3944
2530	4/20/2011	2	0	4	7	0	3	1	1	0.44	0.4394	0.94	0	26	211	237	110	2	0	4	0	3	1	1	0.595	0.564392	0.614167	0.241925	613	3331	3944
2531	4/20/2011	2	0	4	8	0	3	1	1	0.62	0.6061	0.69	0.4627	22	374	396	110	2	0	4	0	3	1	1	0.595	0.564392	0.614167	0.241925	613	3331	3944
2532	4/20/2011	2	0	4	9	0	3	1	1	0.66	0.6212	0.61	0.2836	27	170	197	110	2	0	4	0	3	1	1	0.595	0.564392	0.614167	0.241925	613	3331	3944
2533	4/20/2011	2	0	4	10	0	3	1	1	0.62	0.6061	0.69	0.0896	45	86	131	110	2	0	4	0	3	1	1	0.595	0.564392	0.614167	0.241925	613	3331	3944
2534	4/20/2011	2	0	4	11	0	3	1	1	0.62	0.6061	0.69	0.0896	31	87	118	110	2	0	4	0	3	1	1	0.595	0.564392	0.614167	0.241925	613	3331	3944
2535	4/20/2011	2	0	4	12	0	3	1	1	0.7	0.6515	0.48	0.3881	28	117	145	110	2	0	4	0	3	1	1	0.595	0.564392	0.614167	0.241925	613	3331	3944
2536	4/20/2011	2	0	4	13	0	3	1	1	0.7	0.6515	0.48	0.3881	42	135	177	110	2	0	4	0	3	1	1	0.595	0.564392	0.614167	0.241925	613	3331	3944
2537	4/20/2011	2	0	4	14	0	3	1	1	0.74	0.6515	0.4	0.4627	33	115	148	110	2	0	4	0	3	1	1	0.595	0.564392	0.614167	0.241925	613	3331	3944
2538	4/20/2011	2	0	4	15	0	3	1	2	0.76	0.6667	0.35	0.3582	32	113	145	110	2	0	4	0	3	1	1	0.595	0.564392	0.614167	0.241925	613	3331	3944
2539	4/20/2011	2	0	4	16	0	3	1	2	0.76	0.6667	0.35	0.3582	54	201	255	110	2	0	4	0	3	1	1	0.595	0.564392	0.614167	0.241925	613	3331	3944
2540	4/20/2011	2	0	4	17	0	3	1	2	0.74	0.6515	0.37	0.4179	34	398	432	110	2	0	4	0	3	1	1	0.595	0.564392	0.614167	0.241925	613	3331	3944
2541	4/20/2011	2	0	4	18	0	3	1	1	0.74	0.6515	0.3	0.3582	56	385	441	110	2	0	4	0	3	1	1	0.595	0.564392	0.614167	0.241925	613	3331	3944
2542	4/20/2011	2	0	4	19	0	3	1	1	0.7	0.6364	0.32	0.2537	74	309	383	110	2	0	4	0	3	1	1	0.595	0.564392	0.614167	0.241925	613	3331	3944
2543	4/20/2011	2	0	4	20	0	3	1	1	0.68	0.6212	0.32	0.1045	31	194	225	110	2	0	4	0	3	1	1	0.595	0.564392	0.614167	0.241925	613	3331	3944
2544	4/20/2011	2	0	4	21	0	3	1	1	0.66	0.6212	0.36	0.2836	38	134	172	110	2	0	4	0	3	1	1	0.595	0.564392	0.614167	0.241925	613	3331	3944
2545	4/20/2011	2	0	4	22	0	3	1	1	0.62	0.6212	0.41	0.2537	12	105	117	110	2	0	4	0	3	1	1	0.595	0.564392	0.614167	0.241925	613	3331	3944
2546	4/20/2011	2	0	4	23	0	3	1	1	0.6	0.6212	0.4	0.3284	14	79	93	110	2	0	4	0	3	1	1	0.595	0.564392	0.614167	0.241925	613	3331	3944
2547	4/21/2011	2	0	4	0	0	4	1	1	0.56	0.5303	0.43	0.3582	11	33	44	111	2	0	4	0	4	1	1	0.459167	0.453892	0.407083	0.325258	745	3444	4189
2548	4/21/2011	2	0	4	1	0	4	1	1	0.52	0.5	0.45	0.2239	6	20	26	111	2	0	4	0	4	1	1	0.459167	0.453892	0.407083	0.325258	745	3444	4189
2549	4/21/2011	2	0	4	2	0	4	1	1	0.5	0.4848	0.42	0.3881	3	10	13	111	2	0	4	0	4	1	1	0.459167	0.453892	0.407083	0.325258	745	3444	4189
2550	4/21/2011	2	0	4	3	0	4	1	2	0.46	0.4545	0.51	0.4627	4	3	7	111	2	0	4	0	4	1	1	0.459167	0.453892	0.407083	0.325258	745	3444	4189
2551	4/21/2011	2	0	4	4	0	4	1	2	0.44	0.4394	0.54	0.4478	2	4	6	111	2	0	4	0	4	1	1	0.459167	0.453892	0.407083	0.325258	745	3444	4189
2552	4/21/2011	2	0	4	5	0	4	1	2	0.42	0.4242	0.54	0.5522	0	14	14	111	2	0	4	0	4	1	1	0.459167	0.453892	0.407083	0.325258	745	3444	4189
2553	4/21/2011	2	0	4	6	0	4	1	2	0.4	0.4091	0.58	0.5821	2	73	75	111	2	0	4	0	4	1	1	0.459167	0.453892	0.407083	0.325258	745	3444	4189
2554	4/21/2011	2	0	4	7	0	4	1	2	0.42	0.4242	0.47	0.4627	15	183	198	111	2	0	4	0	4	1	1	0.459167	0.453892	0.407083	0.325258	745	3444	4189
2555	4/21/2011	2	0	4	8	0	4	1	2	0.4	0.4091	0.5	0.4925	19	346	365	111	2	0	4	0	4	1	1	0.459167	0.453892	0.407083	0.325258	745	3444	4189
2556	4/21/2011	2	0	4	9	0	4	1	2	0.42	0.4242	0.47	0.2836	18	178	196	111	2	0	4	0	4	1	1	0.459167	0.453892	0.407083	0.325258	745	3444	4189
2557	4/21/2011	2	0	4	10	0	4	1	1	0.42	0.4242	0.44	0.3582	25	73	98	111	2	0	4	0	4	1	1	0.459167	0.453892	0.407083	0.325258	745	3444	4189
2558	4/21/2011	2	0	4	11	0	4	1	1	0.44	0.4394	0.41	0.2836	34	99	133	111	2	0	4	0	4	1	1	0.459167	0.453892	0.407083	0.325258	745	3444	4189
2559	4/21/2011	2	0	4	12	0	4	1	1	0.46	0.4545	0.38	0.1642	49	150	199	111	2	0	4	0	4	1	1	0.459167	0.453892	0.407083	0.325258	745	3444	4189
2560	4/21/2011	2	0	4	13	0	4	1	1	0.48	0.4697	0.33	0.3284	55	122	177	111	2	0	4	0	4	1	1	0.459167	0.453892	0.407083	0.325258	745	3444	4189
2561	4/21/2011	2	0	4	14	0	4	1	1	0.5	0.4848	0.34	0.3881	68	160	228	111	2	0	4	0	4	1	1	0.459167	0.453892	0.407083	0.325258	745	3444	4189
2562	4/21/2011	2	0	4	15	0	4	1	1	0.52	0.5	0.29	0.4179	69	166	235	111	2	0	4	0	4	1	1	0.459167	0.453892	0.407083	0.325258	745	3444	4189
2563	4/21/2011	2	0	4	16	0	4	1	1	0.52	0.5	0.27	0.3582	66	228	294	111	2	0	4	0	4	1	1	0.459167	0.453892	0.407083	0.325258	745	3444	4189
2564	4/21/2011	2	0	4	17	0	4	1	1	0.5	0.4848	0.29	0.1642	79	402	481	111	2	0	4	0	4	1	1	0.459167	0.453892	0.407083	0.325258	745	3444	4189
2565	4/21/2011	2	0	4	18	0	4	1	1	0.5	0.4848	0.25	0.2836	71	381	452	111	2	0	4	0	4	1	1	0.459167	0.453892	0.407083	0.325258	745	3444	4189
2566	4/21/2011	2	0	4	19	0	4	1	1	0.46	0.4545	0.28	0.2836	52	272	324	111	2	0	4	0	4	1	1	0.459167	0.453892	0.407083	0.325258	745	3444	4189
2567	4/21/2011	2	0	4	20	0	4	1	1	0.44	0.4394	0.3	0.1343	28	176	204	111	2	0	4	0	4	1	1	0.459167	0.453892	0.407083	0.325258	745	3444	4189
2568	4/21/2011	2	0	4	21	0	4	1	1	0.42	0.4242	0.47	0.194	25	159	184	111	2	0	4	0	4	1	1	0.459167	0.453892	0.407083	0.325258	745	3444	4189
2569	4/21/2011	2	0	4	22	0	4	1	1	0.42	0.4242	0.38	0.0896	31	106	137	111	2	0	4	0	4	1	1	0.459167	0.453892	0.407083	0.325258	745	3444	4189
2570	4/21/2011	2	0	4	23	0	4	1	1	0.4	0.4091	0.43	0.1045	13	86	99	111	2	0	4	0	4	1	1	0.459167	0.453892	0.407083	0.325258	745	3444	4189
2571	4/22/2011	2	0	4	0	0	5	1	1	0.36	0.3485	0.62	0.194	3	30	33	112	2	0	4	0	5	1	2	0.336667	0.321954	0.729583	0.219521	177	1506	1683
2572	4/22/2011	2	0	4	1	0	5	1	1	0.36	0.3333	0.53	0.2537	2	22	24	112	2	0	4	0	5	1	2	0.336667	0.321954	0.729583	0.219521	177	1506	1683
2573	4/22/2011	2	0	4	2	0	5	1	1	0.36	0.3333	0.53	0.2985	2	7	9	112	2	0	4	0	5	1	2	0.336667	0.321954	0.729583	0.219521	177	1506	1683
2574	4/22/2011	2	0	4	3	0	5	1	1	0.36	0.3333	0.53	0.2985	0	2	2	112	2	0	4	0	5	1	2	0.336667	0.321954	0.729583	0.219521	177	1506	1683
2575	4/22/2011	2	0	4	4	0	5	1	1	0.34	0.3182	0.53	0.2836	1	2	3	112	2	0	4	0	5	1	2	0.336667	0.321954	0.729583	0.219521	177	1506	1683
2576	4/22/2011	2	0	4	5	0	5	1	1	0.34	0.3182	0.53	0.2239	0	16	16	112	2	0	4	0	5	1	2	0.336667	0.321954	0.729583	0.219521	177	1506	1683
2577	4/22/2011	2	0	4	6	0	5	1	1	0.34	0.3182	0.53	0.2836	2	47	49	112	2	0	4	0	5	1	2	0.336667	0.321954	0.729583	0.219521	177	1506	1683
2578	4/22/2011	2	0	4	7	0	5	1	2	0.34	0.3182	0.53	0.2836	5	175	180	112	2	0	4	0	5	1	2	0.336667	0.321954	0.729583	0.219521	177	1506	1683
2579	4/22/2011	2	0	4	8	0	5	1	2	0.34	0.3182	0.53	0.2537	15	331	346	112	2	0	4	0	5	1	2	0.336667	0.321954	0.729583	0.219521	177	1506	1683
2580	4/22/2011	2	0	4	9	0	5	1	3	0.34	0.303	0.61	0.2985	17	178	195	112	2	0	4	0	5	1	2	0.336667	0.321954	0.729583	0.219521	177	1506	1683
2581	4/22/2011	2	0	4	10	0	5	1	2	0.36	0.3485	0.62	0.194	32	104	136	112	2	0	4	0	5	1	2	0.336667	0.321954	0.729583	0.219521	177	1506	1683
2582	4/22/2011	2	0	4	11	0	5	1	3	0.34	0.3333	0.66	0.194	23	83	106	112	2	0	4	0	5	1	2	0.336667	0.321954	0.729583	0.219521	177	1506	1683
2583	4/22/2011	2	0	4	12	0	5	1	3	0.34	0.3333	0.76	0.1343	19	61	80	112	2	0	4	0	5	1	2	0.336667	0.321954	0.729583	0.219521	177	1506	1683
2584	4/22/2011	2	0	4	13	0	5	1	3	0.34	0.3333	0.87	0.194	3	37	40	112	2	0	4	0	5	1	2	0.336667	0.321954	0.729583	0.219521	177	1506	1683
2585	4/22/2011	2	0	4	14	0	5	1	3	0.34	0.3182	0.87	0.2537	3	33	36	112	2	0	4	0	5	1	2	0.336667	0.321954	0.729583	0.219521	177	1506	1683
2586	4/22/2011	2	0	4	15	0	5	1	3	0.34	0.3333	0.87	0.194	13	62	75	112	2	0	4	0	5	1	2	0.336667	0.321954	0.729583	0.219521	177	1506	1683
2587	4/22/2011	2	0	4	16	0	5	1	3	0.34	0.3333	0.87	0.1343	4	58	62	112	2	0	4	0	5	1	2	0.336667	0.321954	0.729583	0.219521	177	1506	1683
2588	4/22/2011	2	0	4	17	0	5	1	3	0.32	0.303	0.93	0.2239	6	63	69	112	2	0	4	0	5	1	2	0.336667	0.321954	0.729583	0.219521	177	1506	1683
2589	4/22/2011	2	0	4	18	0	5	1	3	0.32	0.303	0.93	0.2239	4	47	51	112	2	0	4	0	5	1	2	0.336667	0.321954	0.729583	0.219521	177	1506	1683
2590	4/22/2011	2	0	4	19	0	5	1	3	0.32	0.303	0.93	0.2239	7	48	55	112	2	0	4	0	5	1	2	0.336667	0.321954	0.729583	0.219521	177	1506	1683
2591	4/22/2011	2	0	4	20	0	5	1	3	0.32	0.303	0.87	0.2239	8	39	47	112	2	0	4	0	5	1	2	0.336667	0.321954	0.729583	0.219521	177	1506	1683
2592	4/22/2011	2	0	4	21	0	5	1	3	0.3	0.303	0.93	0.1642	5	23	28	112	2	0	4	0	5	1	2	0.336667	0.321954	0.729583	0.219521	177	1506	1683
2593	4/22/2011	2	0	4	22	0	5	1	3	0.3	0.303	1	0.1343	3	21	24	112	2	0	4	0	5	1	2	0.336667	0.321954	0.729583	0.219521	177	1506	1683
2594	4/22/2011	2	0	4	23	0	5	1	3	0.32	0.3333	0.93	0.1045	0	17	17	112	2	0	4	0	5	1	2	0.336667	0.321954	0.729583	0.219521	177	1506	1683
2595	4/23/2011	2	0	4	0	0	6	0	2	0.32	0.3182	1	0.194	0	18	18	113	2	0	4	0	6	0	2	0.46	0.450121	0.887917	0.230725	1462	2574	4036
2596	4/23/2011	2	0	4	1	0	6	0	2	0.32	0.3182	1	0.194	5	11	16	113	2	0	4	0	6	0	2	0.46	0.450121	0.887917	0.230725	1462	2574	4036
2597	4/23/2011	2	0	4	2	0	6	0	3	0.32	0.3333	1	0.1343	3	14	17	113	2	0	4	0	6	0	2	0.46	0.450121	0.887917	0.230725	1462	2574	4036
2598	4/23/2011	2	0	4	3	0	6	0	3	0.32	0.3333	1	0.0896	0	4	4	113	2	0	4	0	6	0	2	0.46	0.450121	0.887917	0.230725	1462	2574	4036
2599	4/23/2011	2	0	4	4	0	6	0	3	0.34	0.3636	1	0	2	3	5	113	2	0	4	0	6	0	2	0.46	0.450121	0.887917	0.230725	1462	2574	4036
2600	4/23/2011	2	0	4	5	0	6	0	3	0.34	0.3636	1	0	1	6	7	113	2	0	4	0	6	0	2	0.46	0.450121	0.887917	0.230725	1462	2574	4036
2601	4/23/2011	2	0	4	6	0	6	0	2	0.34	0.3333	1	0.1642	0	11	11	113	2	0	4	0	6	0	2	0.46	0.450121	0.887917	0.230725	1462	2574	4036
2602	4/23/2011	2	0	4	7	0	6	0	3	0.34	0.3333	1	0.1642	2	17	19	113	2	0	4	0	6	0	2	0.46	0.450121	0.887917	0.230725	1462	2574	4036
2603	4/23/2011	2	0	4	8	0	6	0	2	0.36	0.3333	1	0.2537	15	32	47	113	2	0	4	0	6	0	2	0.46	0.450121	0.887917	0.230725	1462	2574	4036
2604	4/23/2011	2	0	4	9	0	6	0	2	0.38	0.3939	0.94	0.2985	13	55	68	113	2	0	4	0	6	0	2	0.46	0.450121	0.887917	0.230725	1462	2574	4036
2605	4/23/2011	2	0	4	10	0	6	0	2	0.42	0.4242	0.88	0.2239	36	93	129	113	2	0	4	0	6	0	2	0.46	0.450121	0.887917	0.230725	1462	2574	4036
2606	4/23/2011	2	0	4	11	0	6	0	2	0.46	0.4545	0.88	0.2239	68	164	232	113	2	0	4	0	6	0	2	0.46	0.450121	0.887917	0.230725	1462	2574	4036
2607	4/23/2011	2	0	4	12	0	6	0	1	0.52	0.5	0.83	0.4179	94	197	291	113	2	0	4	0	6	0	2	0.46	0.450121	0.887917	0.230725	1462	2574	4036
2608	4/23/2011	2	0	4	13	0	6	0	1	0.52	0.5	0.83	0.3881	126	186	312	113	2	0	4	0	6	0	2	0.46	0.450121	0.887917	0.230725	1462	2574	4036
2609	4/23/2011	2	0	4	14	0	6	0	1	0.58	0.5455	0.78	0.3582	182	209	391	113	2	0	4	0	6	0	2	0.46	0.450121	0.887917	0.230725	1462	2574	4036
2610	4/23/2011	2	0	4	15	0	6	0	1	0.6	0.5909	0.73	0.3881	171	226	397	113	2	0	4	0	6	0	2	0.46	0.450121	0.887917	0.230725	1462	2574	4036
2611	4/23/2011	2	0	4	16	0	6	0	1	0.6	0.5909	0.73	0.2836	180	246	426	113	2	0	4	0	6	0	2	0.46	0.450121	0.887917	0.230725	1462	2574	4036
2612	4/23/2011	2	0	4	17	0	6	0	1	0.6	0.5909	0.73	0.3284	168	215	383	113	2	0	4	0	6	0	2	0.46	0.450121	0.887917	0.230725	1462	2574	4036
2613	4/23/2011	2	0	4	18	0	6	0	1	0.58	0.5455	0.78	0.194	149	227	376	113	2	0	4	0	6	0	2	0.46	0.450121	0.887917	0.230725	1462	2574	4036
2614	4/23/2011	2	0	4	19	0	6	0	1	0.56	0.5303	0.83	0.2836	84	199	283	113	2	0	4	0	6	0	2	0.46	0.450121	0.887917	0.230725	1462	2574	4036
2615	4/23/2011	2	0	4	20	0	6	0	2	0.54	0.5152	0.88	0.2537	45	138	183	113	2	0	4	0	6	0	2	0.46	0.450121	0.887917	0.230725	1462	2574	4036
2616	4/23/2011	2	0	4	21	0	6	0	2	0.56	0.5303	0.83	0.2836	32	103	135	113	2	0	4	0	6	0	2	0.46	0.450121	0.887917	0.230725	1462	2574	4036
2617	4/23/2011	2	0	4	22	0	6	0	2	0.58	0.5455	0.78	0.2537	55	114	169	113	2	0	4	0	6	0	2	0.46	0.450121	0.887917	0.230725	1462	2574	4036
2618	4/23/2011	2	0	4	23	0	6	0	2	0.54	0.5152	0.88	0.1642	31	86	117	113	2	0	4	0	6	0	2	0.46	0.450121	0.887917	0.230725	1462	2574	4036
2619	4/24/2011	2	0	4	0	0	0	0	1	0.52	0.5	0.83	0.2239	30	66	96	114	2	0	4	0	0	0	2	0.581667	0.551763	0.810833	0.192175	1710	2481	4191
2620	4/24/2011	2	0	4	1	0	0	0	1	0.5	0.4848	0.88	0.194	14	40	54	114	2	0	4	0	0	0	2	0.581667	0.551763	0.810833	0.192175	1710	2481	4191
2621	4/24/2011	2	0	4	2	0	0	0	1	0.5	0.4848	0.88	0.194	27	45	72	114	2	0	4	0	0	0	2	0.581667	0.551763	0.810833	0.192175	1710	2481	4191
2622	4/24/2011	2	0	4	3	0	0	0	1	0.5	0.4848	0.94	0.0896	4	20	24	114	2	0	4	0	0	0	2	0.581667	0.551763	0.810833	0.192175	1710	2481	4191
2623	4/24/2011	2	0	4	4	0	0	0	1	0.5	0.4848	0.94	0.0896	0	5	5	114	2	0	4	0	0	0	2	0.581667	0.551763	0.810833	0.192175	1710	2481	4191
2624	4/24/2011	2	0	4	5	0	0	0	1	0.5	0.4848	0.94	0.0896	5	7	12	114	2	0	4	0	0	0	2	0.581667	0.551763	0.810833	0.192175	1710	2481	4191
2625	4/24/2011	2	0	4	6	0	0	0	2	0.5	0.4848	1	0	10	3	13	114	2	0	4	0	0	0	2	0.581667	0.551763	0.810833	0.192175	1710	2481	4191
2626	4/24/2011	2	0	4	7	0	0	0	2	0.5	0.4848	1	0	16	11	27	114	2	0	4	0	0	0	2	0.581667	0.551763	0.810833	0.192175	1710	2481	4191
2627	4/24/2011	2	0	4	8	0	0	0	1	0.52	0.5	0.94	0.2239	38	42	80	114	2	0	4	0	0	0	2	0.581667	0.551763	0.810833	0.192175	1710	2481	4191
2628	4/24/2011	2	0	4	9	0	0	0	1	0.56	0.5303	0.88	0.2537	73	104	177	114	2	0	4	0	0	0	2	0.581667	0.551763	0.810833	0.192175	1710	2481	4191
2629	4/24/2011	2	0	4	10	0	0	0	1	0.6	0.5758	0.78	0.1642	118	171	289	114	2	0	4	0	0	0	2	0.581667	0.551763	0.810833	0.192175	1710	2481	4191
2630	4/24/2011	2	0	4	11	0	0	0	1	0.66	0.6212	0.65	0.1343	124	193	317	114	2	0	4	0	0	0	2	0.581667	0.551763	0.810833	0.192175	1710	2481	4191
2631	4/24/2011	2	0	4	12	0	0	0	1	0.68	0.6364	0.65	0.2537	168	220	388	114	2	0	4	0	0	0	2	0.581667	0.551763	0.810833	0.192175	1710	2481	4191
2632	4/24/2011	2	0	4	13	0	0	0	1	0.7	0.6515	0.58	0.2836	205	236	441	114	2	0	4	0	0	0	2	0.581667	0.551763	0.810833	0.192175	1710	2481	4191
2633	4/24/2011	2	0	4	14	0	0	0	1	0.7	0.6515	0.54	0.3284	197	223	420	114	2	0	4	0	0	0	2	0.581667	0.551763	0.810833	0.192175	1710	2481	4191
2634	4/24/2011	2	0	4	15	0	0	0	1	0.66	0.6212	0.61	0.2537	167	202	369	114	2	0	4	0	0	0	2	0.581667	0.551763	0.810833	0.192175	1710	2481	4191
2635	4/24/2011	2	0	4	16	0	0	0	1	0.74	0.6667	0.48	0.3881	162	197	359	114	2	0	4	0	0	0	2	0.581667	0.551763	0.810833	0.192175	1710	2481	4191
2636	4/24/2011	2	0	4	17	0	0	0	1	0.66	0.6212	0.65	0.2985	142	189	331	114	2	0	4	0	0	0	2	0.581667	0.551763	0.810833	0.192175	1710	2481	4191
2637	4/24/2011	2	0	4	18	0	0	0	1	0.64	0.6061	0.69	0.1642	96	174	270	114	2	0	4	0	0	0	2	0.581667	0.551763	0.810833	0.192175	1710	2481	4191
2638	4/24/2011	2	0	4	19	0	0	0	3	0.6	0.5606	0.83	0.2836	62	132	194	114	2	0	4	0	0	0	2	0.581667	0.551763	0.810833	0.192175	1710	2481	4191
2639	4/24/2011	2	0	4	20	0	0	0	3	0.6	0.5606	0.83	0.2836	34	71	105	114	2	0	4	0	0	0	2	0.581667	0.551763	0.810833	0.192175	1710	2481	4191
2640	4/24/2011	2	0	4	21	0	0	0	3	0.54	0.5152	0.94	0.1642	8	53	61	114	2	0	4	0	0	0	2	0.581667	0.551763	0.810833	0.192175	1710	2481	4191
2641	4/24/2011	2	0	4	22	0	0	0	3	0.54	0.5152	1	0.1642	5	40	45	114	2	0	4	0	0	0	2	0.581667	0.551763	0.810833	0.192175	1710	2481	4191
2642	4/24/2011	2	0	4	23	0	0	0	3	0.54	0.5152	1	0.0896	5	37	42	114	2	0	4	0	0	0	2	0.581667	0.551763	0.810833	0.192175	1710	2481	4191
2643	4/25/2011	2	0	4	0	0	1	1	3	0.52	0.5	1	0	2	10	12	115	2	0	4	0	1	1	1	0.606667	0.5745	0.776667	0.185333	773	3300	4073
2644	4/25/2011	2	0	4	1	0	1	1	1	0.54	0.5152	1	0.0896	2	8	10	115	2	0	4	0	1	1	1	0.606667	0.5745	0.776667	0.185333	773	3300	4073
2645	4/25/2011	2	0	4	2	0	1	1	1	0.54	0.5152	1	0.0896	1	9	10	115	2	0	4	0	1	1	1	0.606667	0.5745	0.776667	0.185333	773	3300	4073
2646	4/25/2011	2	0	4	3	0	1	1	2	0.5	0.4848	1	0.1045	2	8	10	115	2	0	4	0	1	1	1	0.606667	0.5745	0.776667	0.185333	773	3300	4073
2647	4/25/2011	2	0	4	4	0	1	1	2	0.52	0.5	1	0	1	4	5	115	2	0	4	0	1	1	1	0.606667	0.5745	0.776667	0.185333	773	3300	4073
2648	4/25/2011	2	0	4	5	0	1	1	2	0.46	0.4545	1	0	3	14	17	115	2	0	4	0	1	1	1	0.606667	0.5745	0.776667	0.185333	773	3300	4073
2649	4/25/2011	2	0	4	6	0	1	1	2	0.5	0.4848	1	0	7	59	66	115	2	0	4	0	1	1	1	0.606667	0.5745	0.776667	0.185333	773	3300	4073
2650	4/25/2011	2	0	4	7	0	1	1	2	0.52	0.5	1	0.0896	13	183	196	115	2	0	4	0	1	1	1	0.606667	0.5745	0.776667	0.185333	773	3300	4073
2651	4/25/2011	2	0	4	8	0	1	1	1	0.56	0.5303	0.88	0.1045	27	326	353	115	2	0	4	0	1	1	1	0.606667	0.5745	0.776667	0.185333	773	3300	4073
2652	4/25/2011	2	0	4	9	0	1	1	1	0.6	0.5606	0.83	0.1343	27	147	174	115	2	0	4	0	1	1	1	0.606667	0.5745	0.776667	0.185333	773	3300	4073
2653	4/25/2011	2	0	4	10	0	1	1	1	0.64	0.6061	0.73	0.2239	61	64	125	115	2	0	4	0	1	1	1	0.606667	0.5745	0.776667	0.185333	773	3300	4073
2654	4/25/2011	2	0	4	11	0	1	1	1	0.64	0.6061	0.73	0.2239	53	94	147	115	2	0	4	0	1	1	1	0.606667	0.5745	0.776667	0.185333	773	3300	4073
2655	4/25/2011	2	0	4	12	0	1	1	1	0.66	0.6212	0.74	0.2537	48	140	188	115	2	0	4	0	1	1	1	0.606667	0.5745	0.776667	0.185333	773	3300	4073
2656	4/25/2011	2	0	4	13	0	1	1	1	0.7	0.6515	0.65	0.2239	57	146	203	115	2	0	4	0	1	1	1	0.606667	0.5745	0.776667	0.185333	773	3300	4073
2657	4/25/2011	2	0	4	14	0	1	1	1	0.72	0.6667	0.54	0.2239	47	99	146	115	2	0	4	0	1	1	1	0.606667	0.5745	0.776667	0.185333	773	3300	4073
2658	4/25/2011	2	0	4	15	0	1	1	1	0.74	0.6667	0.51	0.2239	50	125	175	115	2	0	4	0	1	1	1	0.606667	0.5745	0.776667	0.185333	773	3300	4073
2659	4/25/2011	2	0	4	16	0	1	1	1	0.7	0.6515	0.54	0.3582	41	198	239	115	2	0	4	0	1	1	1	0.606667	0.5745	0.776667	0.185333	773	3300	4073
2660	4/25/2011	2	0	4	17	0	1	1	1	0.7	0.6515	0.54	0.2985	80	441	521	115	2	0	4	0	1	1	1	0.606667	0.5745	0.776667	0.185333	773	3300	4073
2661	4/25/2011	2	0	4	18	0	1	1	1	0.68	0.6364	0.57	0.3582	74	425	499	115	2	0	4	0	1	1	1	0.606667	0.5745	0.776667	0.185333	773	3300	4073
2662	4/25/2011	2	0	4	19	0	1	1	1	0.66	0.6212	0.57	0.3284	62	320	382	115	2	0	4	0	1	1	1	0.606667	0.5745	0.776667	0.185333	773	3300	4073
2663	4/25/2011	2	0	4	20	0	1	1	1	0.66	0.6212	0.61	0.2836	42	195	237	115	2	0	4	0	1	1	1	0.606667	0.5745	0.776667	0.185333	773	3300	4073
2664	4/25/2011	2	0	4	21	0	1	1	1	0.62	0.6061	0.69	0.2537	41	149	190	115	2	0	4	0	1	1	1	0.606667	0.5745	0.776667	0.185333	773	3300	4073
2665	4/25/2011	2	0	4	22	0	1	1	1	0.6	0.5909	0.73	0.2985	23	83	106	115	2	0	4	0	1	1	1	0.606667	0.5745	0.776667	0.185333	773	3300	4073
2666	4/25/2011	2	0	4	23	0	1	1	1	0.58	0.5455	0.78	0.2836	9	53	62	115	2	0	4	0	1	1	1	0.606667	0.5745	0.776667	0.185333	773	3300	4073
2667	4/26/2011	2	0	4	0	0	2	1	1	0.62	0.6061	0.69	0.2836	10	17	27	116	2	0	4	0	2	1	1	0.631667	0.594083	0.729167	0.3265	678	3722	4400
2668	4/26/2011	2	0	4	1	0	2	1	1	0.62	0.5909	0.73	0.2836	16	5	21	116	2	0	4	0	2	1	1	0.631667	0.594083	0.729167	0.3265	678	3722	4400
2669	4/26/2011	2	0	4	2	0	2	1	1	0.56	0.5303	0.83	0.3284	17	9	26	116	2	0	4	0	2	1	1	0.631667	0.594083	0.729167	0.3265	678	3722	4400
2670	4/26/2011	2	0	4	3	0	2	1	1	0.54	0.5152	0.88	0.2836	17	4	21	116	2	0	4	0	2	1	1	0.631667	0.594083	0.729167	0.3265	678	3722	4400
2671	4/26/2011	2	0	4	4	0	2	1	1	0.56	0.5303	0.83	0.2537	2	4	6	116	2	0	4	0	2	1	1	0.631667	0.594083	0.729167	0.3265	678	3722	4400
2672	4/26/2011	2	0	4	5	0	2	1	1	0.54	0.5152	0.88	0.2537	0	16	16	116	2	0	4	0	2	1	1	0.631667	0.594083	0.729167	0.3265	678	3722	4400
2673	4/26/2011	2	0	4	6	0	2	1	1	0.56	0.5303	0.88	0.2239	0	80	80	116	2	0	4	0	2	1	1	0.631667	0.594083	0.729167	0.3265	678	3722	4400
2674	4/26/2011	2	0	4	7	0	2	1	1	0.58	0.5455	0.83	0.2985	16	254	270	116	2	0	4	0	2	1	1	0.631667	0.594083	0.729167	0.3265	678	3722	4400
2675	4/26/2011	2	0	4	8	0	2	1	1	0.58	0.5455	0.83	0.2985	32	417	449	116	2	0	4	0	2	1	1	0.631667	0.594083	0.729167	0.3265	678	3722	4400
2676	4/26/2011	2	0	4	9	0	2	1	1	0.64	0.6061	0.73	0.3582	35	164	199	116	2	0	4	0	2	1	1	0.631667	0.594083	0.729167	0.3265	678	3722	4400
2677	4/26/2011	2	0	4	10	0	2	1	1	0.66	0.6212	0.69	0.3582	22	98	120	116	2	0	4	0	2	1	1	0.631667	0.594083	0.729167	0.3265	678	3722	4400
2678	4/26/2011	2	0	4	11	0	2	1	1	0.68	0.6364	0.65	0.3881	40	132	172	116	2	0	4	0	2	1	1	0.631667	0.594083	0.729167	0.3265	678	3722	4400
2679	4/26/2011	2	0	4	12	0	2	1	1	0.7	0.6515	0.61	0.4179	40	146	186	116	2	0	4	0	2	1	1	0.631667	0.594083	0.729167	0.3265	678	3722	4400
2680	4/26/2011	2	0	4	13	0	2	1	1	0.74	0.6667	0.51	0.4478	37	139	176	116	2	0	4	0	2	1	1	0.631667	0.594083	0.729167	0.3265	678	3722	4400
2681	4/26/2011	2	0	4	14	0	2	1	1	0.72	0.6667	0.58	0.3284	40	115	155	116	2	0	4	0	2	1	1	0.631667	0.594083	0.729167	0.3265	678	3722	4400
2682	4/26/2011	2	0	4	15	0	2	1	1	0.7	0.6515	0.61	0.3582	34	119	153	116	2	0	4	0	2	1	1	0.631667	0.594083	0.729167	0.3265	678	3722	4400
2683	4/26/2011	2	0	4	16	0	2	1	1	0.7	0.6515	0.58	0.3881	40	251	291	116	2	0	4	0	2	1	1	0.631667	0.594083	0.729167	0.3265	678	3722	4400
2684	4/26/2011	2	0	4	17	0	2	1	1	0.68	0.6364	0.61	0.3582	66	455	521	116	2	0	4	0	2	1	1	0.631667	0.594083	0.729167	0.3265	678	3722	4400
2685	4/26/2011	2	0	4	18	0	2	1	1	0.68	0.6364	0.65	0.4478	65	463	528	116	2	0	4	0	2	1	1	0.631667	0.594083	0.729167	0.3265	678	3722	4400
2686	4/26/2011	2	0	4	19	0	2	1	1	0.64	0.6061	0.73	0.4179	42	286	328	116	2	0	4	0	2	1	1	0.631667	0.594083	0.729167	0.3265	678	3722	4400
2687	4/26/2011	2	0	4	20	0	2	1	1	0.64	0.6061	0.73	0.3582	35	199	234	116	2	0	4	0	2	1	1	0.631667	0.594083	0.729167	0.3265	678	3722	4400
2688	4/26/2011	2	0	4	21	0	2	1	1	0.62	0.5909	0.78	0.2836	33	162	195	116	2	0	4	0	2	1	1	0.631667	0.594083	0.729167	0.3265	678	3722	4400
2689	4/26/2011	2	0	4	22	0	2	1	2	0.6	0.5606	0.83	0.194	32	116	148	116	2	0	4	0	2	1	1	0.631667	0.594083	0.729167	0.3265	678	3722	4400
2690	4/26/2011	2	0	4	23	0	2	1	2	0.6	0.5606	0.83	0.2239	7	71	78	116	2	0	4	0	2	1	1	0.631667	0.594083	0.729167	0.3265	678	3722	4400
2691	4/27/2011	2	0	4	0	0	3	1	1	0.6	0.5606	0.83	0.2239	3	24	27	117	2	0	4	0	3	1	2	0.62	0.575142	0.835417	0.3122	547	3325	3872
2692	4/27/2011	2	0	4	1	0	3	1	1	0.6	0.5606	0.83	0.2537	2	15	17	117	2	0	4	0	3	1	2	0.62	0.575142	0.835417	0.3122	547	3325	3872
2693	4/27/2011	2	0	4	2	0	3	1	1	0.58	0.5455	0.88	0.2537	0	5	5	117	2	0	4	0	3	1	2	0.62	0.575142	0.835417	0.3122	547	3325	3872
2694	4/27/2011	2	0	4	3	0	3	1	2	0.58	0.5455	0.88	0.2836	3	4	7	117	2	0	4	0	3	1	2	0.62	0.575142	0.835417	0.3122	547	3325	3872
2695	4/27/2011	2	0	4	4	0	3	1	1	0.56	0.5303	0.94	0.2239	0	6	6	117	2	0	4	0	3	1	2	0.62	0.575142	0.835417	0.3122	547	3325	3872
2696	4/27/2011	2	0	4	5	0	3	1	2	0.56	0.5303	0.94	0.2537	1	16	17	117	2	0	4	0	3	1	2	0.62	0.575142	0.835417	0.3122	547	3325	3872
2697	4/27/2011	2	0	4	6	0	3	1	1	0.56	0.5303	0.94	0.2537	5	79	84	117	2	0	4	0	3	1	2	0.62	0.575142	0.835417	0.3122	547	3325	3872
2698	4/27/2011	2	0	4	7	0	3	1	2	0.58	0.5455	0.88	0.2836	17	229	246	117	2	0	4	0	3	1	2	0.62	0.575142	0.835417	0.3122	547	3325	3872
2699	4/27/2011	2	0	4	8	0	3	1	2	0.58	0.5455	0.88	0.3284	31	413	444	117	2	0	4	0	3	1	2	0.62	0.575142	0.835417	0.3122	547	3325	3872
2700	4/27/2011	2	0	4	9	0	3	1	2	0.6	0.5455	0.88	0.4179	20	161	181	117	2	0	4	0	3	1	2	0.62	0.575142	0.835417	0.3122	547	3325	3872
2701	4/27/2011	2	0	4	10	0	3	1	2	0.62	0.5758	0.83	0.2836	26	66	92	117	2	0	4	0	3	1	2	0.62	0.575142	0.835417	0.3122	547	3325	3872
2702	4/27/2011	2	0	4	11	0	3	1	2	0.64	0.5909	0.78	0.2836	53	103	156	117	2	0	4	0	3	1	2	0.62	0.575142	0.835417	0.3122	547	3325	3872
2703	4/27/2011	2	0	4	12	0	3	1	1	0.66	0.6061	0.78	0.3284	38	135	173	117	2	0	4	0	3	1	2	0.62	0.575142	0.835417	0.3122	547	3325	3872
2704	4/27/2011	2	0	4	13	0	3	1	1	0.64	0.5909	0.78	0.2985	31	119	150	117	2	0	4	0	3	1	2	0.62	0.575142	0.835417	0.3122	547	3325	3872
2705	4/27/2011	2	0	4	14	0	3	1	1	0.68	0.6364	0.74	0.2836	29	119	148	117	2	0	4	0	3	1	2	0.62	0.575142	0.835417	0.3122	547	3325	3872
2706	4/27/2011	2	0	4	15	0	3	1	1	0.7	0.6515	0.65	0.4925	18	120	138	117	2	0	4	0	3	1	2	0.62	0.575142	0.835417	0.3122	547	3325	3872
2707	4/27/2011	2	0	4	16	0	3	1	1	0.7	0.6515	0.7	0.3881	29	189	218	117	2	0	4	0	3	1	2	0.62	0.575142	0.835417	0.3122	547	3325	3872
2708	4/27/2011	2	0	4	17	0	3	1	3	0.66	0.6061	0.83	0.3881	63	458	521	117	2	0	4	0	3	1	2	0.62	0.575142	0.835417	0.3122	547	3325	3872
2709	4/27/2011	2	0	4	18	0	3	1	3	0.66	0.6061	0.83	0.3881	46	366	412	117	2	0	4	0	3	1	2	0.62	0.575142	0.835417	0.3122	547	3325	3872
2710	4/27/2011	2	0	4	19	0	3	1	1	0.62	0.5909	0.78	0.2836	40	220	260	117	2	0	4	0	3	1	2	0.62	0.575142	0.835417	0.3122	547	3325	3872
2711	4/27/2011	2	0	4	20	0	3	1	1	0.64	0.5758	0.83	0.3284	30	188	218	117	2	0	4	0	3	1	2	0.62	0.575142	0.835417	0.3122	547	3325	3872
2712	4/27/2011	2	0	4	21	0	3	1	1	0.62	0.5606	0.88	0.2836	19	126	145	117	2	0	4	0	3	1	2	0.62	0.575142	0.835417	0.3122	547	3325	3872
2713	4/27/2011	2	0	4	22	0	3	1	2	0.62	0.5606	0.88	0.3284	18	111	129	117	2	0	4	0	3	1	2	0.62	0.575142	0.835417	0.3122	547	3325	3872
2714	4/27/2011	2	0	4	23	0	3	1	2	0.62	0.5606	0.88	0.3582	25	53	78	117	2	0	4	0	3	1	2	0.62	0.575142	0.835417	0.3122	547	3325	3872
2715	4/28/2011	2	0	4	0	0	4	1	1	0.64	0.5909	0.78	0.3582	13	41	54	118	2	0	4	0	4	1	2	0.6175	0.578929	0.700833	0.320908	569	3489	4058
2716	4/28/2011	2	0	4	1	0	4	1	2	0.62	0.5758	0.83	0.3881	8	12	20	118	2	0	4	0	4	1	2	0.6175	0.578929	0.700833	0.320908	569	3489	4058
2717	4/28/2011	2	0	4	2	0	4	1	2	0.62	0.5758	0.83	0.4478	14	7	21	118	2	0	4	0	4	1	2	0.6175	0.578929	0.700833	0.320908	569	3489	4058
2718	4/28/2011	2	0	4	3	0	4	1	2	0.64	0.5909	0.78	0.3881	2	1	3	118	2	0	4	0	4	1	2	0.6175	0.578929	0.700833	0.320908	569	3489	4058
2719	4/28/2011	2	0	4	4	0	4	1	2	0.62	0.5758	0.83	0.4179	4	5	9	118	2	0	4	0	4	1	2	0.6175	0.578929	0.700833	0.320908	569	3489	4058
2720	4/28/2011	2	0	4	5	0	4	1	2	0.62	0.5758	0.83	0.3881	0	13	13	118	2	0	4	0	4	1	2	0.6175	0.578929	0.700833	0.320908	569	3489	4058
2721	4/28/2011	2	0	4	6	0	4	1	2	0.64	0.5909	0.78	0.4627	7	79	86	118	2	0	4	0	4	1	2	0.6175	0.578929	0.700833	0.320908	569	3489	4058
2722	4/28/2011	2	0	4	7	0	4	1	2	0.64	0.5909	0.78	0.4478	14	201	215	118	2	0	4	0	4	1	2	0.6175	0.578929	0.700833	0.320908	569	3489	4058
2723	4/28/2011	2	0	4	8	0	4	1	2	0.66	0.6061	0.78	0.4478	31	367	398	118	2	0	4	0	4	1	2	0.6175	0.578929	0.700833	0.320908	569	3489	4058
2724	4/28/2011	2	0	4	9	0	4	1	3	0.62	0.5606	0.88	0.3284	18	165	183	118	2	0	4	0	4	1	2	0.6175	0.578929	0.700833	0.320908	569	3489	4058
2725	4/28/2011	2	0	4	10	0	4	1	2	0.62	0.5606	0.88	0.2836	9	45	54	118	2	0	4	0	4	1	2	0.6175	0.578929	0.700833	0.320908	569	3489	4058
2726	4/28/2011	2	0	4	11	0	4	1	2	0.62	0.5758	0.83	0.2836	10	74	84	118	2	0	4	0	4	1	2	0.6175	0.578929	0.700833	0.320908	569	3489	4058
2727	4/28/2011	2	0	4	12	0	4	1	2	0.62	0.5909	0.78	0.2537	23	84	107	118	2	0	4	0	4	1	2	0.6175	0.578929	0.700833	0.320908	569	3489	4058
2728	4/28/2011	2	0	4	13	0	4	1	2	0.62	0.5758	0.83	0.2985	18	103	121	118	2	0	4	0	4	1	2	0.6175	0.578929	0.700833	0.320908	569	3489	4058
2729	4/28/2011	2	0	4	14	0	4	1	1	0.62	0.5758	0.83	0.2985	21	121	142	118	2	0	4	0	4	1	2	0.6175	0.578929	0.700833	0.320908	569	3489	4058
2730	4/28/2011	2	0	4	15	0	4	1	1	0.66	0.6212	0.69	0.3284	46	117	163	118	2	0	4	0	4	1	2	0.6175	0.578929	0.700833	0.320908	569	3489	4058
2731	4/28/2011	2	0	4	16	0	4	1	1	0.62	0.5909	0.78	0.2537	42	228	270	118	2	0	4	0	4	1	2	0.6175	0.578929	0.700833	0.320908	569	3489	4058
2732	4/28/2011	2	0	4	17	0	4	1	1	0.64	0.6212	0.47	0.3582	49	406	455	118	2	0	4	0	4	1	2	0.6175	0.578929	0.700833	0.320908	569	3489	4058
2733	4/28/2011	2	0	4	18	0	4	1	1	0.64	0.6212	0.47	0.3582	44	486	530	118	2	0	4	0	4	1	2	0.6175	0.578929	0.700833	0.320908	569	3489	4058
2734	4/28/2011	2	0	4	19	0	4	1	1	0.62	0.6212	0.43	0.2985	57	347	404	118	2	0	4	0	4	1	2	0.6175	0.578929	0.700833	0.320908	569	3489	4058
2735	4/28/2011	2	0	4	20	0	4	1	1	0.58	0.5455	0.43	0.2239	49	220	269	118	2	0	4	0	4	1	2	0.6175	0.578929	0.700833	0.320908	569	3489	4058
2736	4/28/2011	2	0	4	21	0	4	1	1	0.56	0.5303	0.46	0.1343	27	167	194	118	2	0	4	0	4	1	2	0.6175	0.578929	0.700833	0.320908	569	3489	4058
2737	4/28/2011	2	0	4	22	0	4	1	1	0.54	0.5152	0.45	0.1642	34	119	153	118	2	0	4	0	4	1	2	0.6175	0.578929	0.700833	0.320908	569	3489	4058
2738	4/28/2011	2	0	4	23	0	4	1	1	0.54	0.5152	0.39	0.0896	29	81	110	118	2	0	4	0	4	1	2	0.6175	0.578929	0.700833	0.320908	569	3489	4058
2739	4/29/2011	2	0	4	0	0	5	1	1	0.52	0.5	0.39	0.2836	11	37	48	119	2	0	4	0	5	1	1	0.51	0.497463	0.457083	0.240063	878	3717	4595
2740	4/29/2011	2	0	4	1	0	5	1	1	0.5	0.4848	0.45	0.0896	10	21	31	119	2	0	4	0	5	1	1	0.51	0.497463	0.457083	0.240063	878	3717	4595
2741	4/29/2011	2	0	4	2	0	5	1	1	0.46	0.4545	0.63	0.1045	2	8	10	119	2	0	4	0	5	1	1	0.51	0.497463	0.457083	0.240063	878	3717	4595
2742	4/29/2011	2	0	4	3	0	5	1	1	0.46	0.4545	0.59	0.0896	1	4	5	119	2	0	4	0	5	1	1	0.51	0.497463	0.457083	0.240063	878	3717	4595
2743	4/29/2011	2	0	4	4	0	5	1	1	0.46	0.4545	0.51	0.1343	0	6	6	119	2	0	4	0	5	1	1	0.51	0.497463	0.457083	0.240063	878	3717	4595
2744	4/29/2011	2	0	4	5	0	5	1	1	0.46	0.4545	0.47	0.1343	0	25	25	119	2	0	4	0	5	1	1	0.51	0.497463	0.457083	0.240063	878	3717	4595
2745	4/29/2011	2	0	4	6	0	5	1	1	0.5	0.4848	0.45	0.2836	4	67	71	119	2	0	4	0	5	1	1	0.51	0.497463	0.457083	0.240063	878	3717	4595
2746	4/29/2011	2	0	4	7	0	5	1	1	0.52	0.5	0.42	0.194	18	222	240	119	2	0	4	0	5	1	1	0.51	0.497463	0.457083	0.240063	878	3717	4595
2747	4/29/2011	2	0	4	8	0	5	1	1	0.54	0.5152	0.39	0.2985	35	386	421	119	2	0	4	0	5	1	1	0.51	0.497463	0.457083	0.240063	878	3717	4595
2748	4/29/2011	2	0	4	9	0	5	1	1	0.54	0.5152	0.39	0.3284	45	185	230	119	2	0	4	0	5	1	1	0.51	0.497463	0.457083	0.240063	878	3717	4595
2749	4/29/2011	2	0	4	10	0	5	1	1	0.56	0.5303	0.4	0.2836	57	99	156	119	2	0	4	0	5	1	1	0.51	0.497463	0.457083	0.240063	878	3717	4595
2750	4/29/2011	2	0	4	11	0	5	1	1	0.6	0.6212	0.38	0.2239	49	108	157	119	2	0	4	0	5	1	1	0.51	0.497463	0.457083	0.240063	878	3717	4595
2751	4/29/2011	2	0	4	12	0	5	1	1	0.56	0.5303	0.37	0.2836	63	160	223	119	2	0	4	0	5	1	1	0.51	0.497463	0.457083	0.240063	878	3717	4595
2752	4/29/2011	2	0	4	13	0	5	1	1	0.56	0.5303	0.37	0.2985	74	234	308	119	2	0	4	0	5	1	1	0.51	0.497463	0.457083	0.240063	878	3717	4595
2753	4/29/2011	2	0	4	14	0	5	1	1	0.6	0.6212	0.35	0.3284	58	190	248	119	2	0	4	0	5	1	1	0.51	0.497463	0.457083	0.240063	878	3717	4595
2754	4/29/2011	2	0	4	15	0	5	1	2	0.56	0.5303	0.4	0.2985	77	175	252	119	2	0	4	0	5	1	1	0.51	0.497463	0.457083	0.240063	878	3717	4595
2755	4/29/2011	2	0	4	16	0	5	1	2	0.54	0.5152	0.42	0.3582	59	240	299	119	2	0	4	0	5	1	1	0.51	0.497463	0.457083	0.240063	878	3717	4595
2756	4/29/2011	2	0	4	17	0	5	1	2	0.52	0.5	0.45	0.3881	75	433	508	119	2	0	4	0	5	1	1	0.51	0.497463	0.457083	0.240063	878	3717	4595
2757	4/29/2011	2	0	4	18	0	5	1	1	0.52	0.5	0.48	0.3582	55	384	439	119	2	0	4	0	5	1	1	0.51	0.497463	0.457083	0.240063	878	3717	4595
2758	4/29/2011	2	0	4	19	0	5	1	1	0.46	0.4545	0.55	0.3284	40	230	270	119	2	0	4	0	5	1	1	0.51	0.497463	0.457083	0.240063	878	3717	4595
2759	4/29/2011	2	0	4	20	0	5	1	1	0.48	0.4697	0.48	0.2239	34	160	194	119	2	0	4	0	5	1	1	0.51	0.497463	0.457083	0.240063	878	3717	4595
2760	4/29/2011	2	0	4	21	0	5	1	1	0.46	0.4545	0.51	0.194	50	145	195	119	2	0	4	0	5	1	1	0.51	0.497463	0.457083	0.240063	878	3717	4595
2761	4/29/2011	2	0	4	22	0	5	1	1	0.42	0.4242	0.58	0.1642	36	110	146	119	2	0	4	0	5	1	1	0.51	0.497463	0.457083	0.240063	878	3717	4595
2762	4/29/2011	2	0	4	23	0	5	1	2	0.44	0.4394	0.54	0.0896	25	88	113	119	2	0	4	0	5	1	1	0.51	0.497463	0.457083	0.240063	878	3717	4595
2763	4/30/2011	2	0	4	0	0	6	0	2	0.44	0.4394	0.54	0.2537	33	73	106	120	2	0	4	0	6	0	1	0.4725	0.464021	0.503333	0.235075	1965	3347	5312
2764	4/30/2011	2	0	4	1	0	6	0	2	0.44	0.4394	0.54	0.1642	15	59	74	120	2	0	4	0	6	0	1	0.4725	0.464021	0.503333	0.235075	1965	3347	5312
2765	4/30/2011	2	0	4	2	0	6	0	2	0.44	0.4394	0.54	0.2239	12	53	65	120	2	0	4	0	6	0	1	0.4725	0.464021	0.503333	0.235075	1965	3347	5312
2766	4/30/2011	2	0	4	3	0	6	0	2	0.42	0.4242	0.54	0.194	4	13	17	120	2	0	4	0	6	0	1	0.4725	0.464021	0.503333	0.235075	1965	3347	5312
2767	4/30/2011	2	0	4	4	0	6	0	2	0.42	0.4242	0.54	0.2239	2	5	7	120	2	0	4	0	6	0	1	0.4725	0.464021	0.503333	0.235075	1965	3347	5312
2768	4/30/2011	2	0	4	5	0	6	0	1	0.42	0.4242	0.54	0.3881	3	4	7	120	2	0	4	0	6	0	1	0.4725	0.464021	0.503333	0.235075	1965	3347	5312
2769	4/30/2011	2	0	4	6	0	6	0	1	0.4	0.4091	0.58	0.2836	10	11	21	120	2	0	4	0	6	0	1	0.4725	0.464021	0.503333	0.235075	1965	3347	5312
2770	4/30/2011	2	0	4	7	0	6	0	1	0.4	0.4091	0.54	0.3881	21	27	48	120	2	0	4	0	6	0	1	0.4725	0.464021	0.503333	0.235075	1965	3347	5312
2771	4/30/2011	2	0	4	8	0	6	0	1	0.4	0.4091	0.54	0.2985	21	70	91	120	2	0	4	0	6	0	1	0.4725	0.464021	0.503333	0.235075	1965	3347	5312
2772	4/30/2011	2	0	4	9	0	6	0	1	0.44	0.4394	0.51	0.3582	35	121	156	120	2	0	4	0	6	0	1	0.4725	0.464021	0.503333	0.235075	1965	3347	5312
2773	4/30/2011	2	0	4	10	0	6	0	1	0.48	0.4697	0.44	0.3881	94	185	279	120	2	0	4	0	6	0	1	0.4725	0.464021	0.503333	0.235075	1965	3347	5312
2774	4/30/2011	2	0	4	11	0	6	0	1	0.5	0.4848	0.42	0.3582	120	201	321	120	2	0	4	0	6	0	1	0.4725	0.464021	0.503333	0.235075	1965	3347	5312
2775	4/30/2011	2	0	4	12	0	6	0	1	0.52	0.5	0.42	0.3881	178	238	416	120	2	0	4	0	6	0	1	0.4725	0.464021	0.503333	0.235075	1965	3347	5312
2776	4/30/2011	2	0	4	13	0	6	0	1	0.54	0.5152	0.39	0.2985	185	270	455	120	2	0	4	0	6	0	1	0.4725	0.464021	0.503333	0.235075	1965	3347	5312
2777	4/30/2011	2	0	4	14	0	6	0	1	0.54	0.5152	0.39	0.2239	184	268	452	120	2	0	4	0	6	0	1	0.4725	0.464021	0.503333	0.235075	1965	3347	5312
2778	4/30/2011	2	0	4	15	0	6	0	1	0.56	0.5303	0.37	0.1343	217	282	499	120	2	0	4	0	6	0	1	0.4725	0.464021	0.503333	0.235075	1965	3347	5312
2779	4/30/2011	2	0	4	16	0	6	0	1	0.58	0.5455	0.37	0.194	191	273	464	120	2	0	4	0	6	0	1	0.4725	0.464021	0.503333	0.235075	1965	3347	5312
2780	4/30/2011	2	0	4	17	0	6	0	1	0.56	0.5303	0.43	0.1343	162	245	407	120	2	0	4	0	6	0	1	0.4725	0.464021	0.503333	0.235075	1965	3347	5312
2781	4/30/2011	2	0	4	18	0	6	0	1	0.54	0.5152	0.43	0.1343	134	237	371	120	2	0	4	0	6	0	1	0.4725	0.464021	0.503333	0.235075	1965	3347	5312
2782	4/30/2011	2	0	4	19	0	6	0	1	0.54	0.5152	0.43	0.1343	150	237	387	120	2	0	4	0	6	0	1	0.4725	0.464021	0.503333	0.235075	1965	3347	5312
2783	4/30/2011	2	0	4	20	0	6	0	1	0.44	0.4394	0.62	0.1343	65	159	224	120	2	0	4	0	6	0	1	0.4725	0.464021	0.503333	0.235075	1965	3347	5312
2784	4/30/2011	2	0	4	21	0	6	0	1	0.44	0.4394	0.62	0.1343	58	119	177	120	2	0	4	0	6	0	1	0.4725	0.464021	0.503333	0.235075	1965	3347	5312
2785	4/30/2011	2	0	4	22	0	6	0	1	0.44	0.4394	0.67	0.1045	37	106	143	120	2	0	4	0	6	0	1	0.4725	0.464021	0.503333	0.235075	1965	3347	5312
2786	4/30/2011	2	0	4	23	0	6	0	1	0.44	0.4394	0.67	0.1045	34	91	125	120	2	0	4	0	6	0	1	0.4725	0.464021	0.503333	0.235075	1965	3347	5312
2787	5/1/2011	2	0	5	0	0	0	0	1	0.42	0.4242	0.67	0.0896	19	77	96	121	2	0	5	0	0	0	2	0.451667	0.448204	0.762083	0.106354	1138	2213	3351
2788	5/1/2011	2	0	5	1	0	0	0	1	0.42	0.4242	0.69	0.1045	9	50	59	121	2	0	5	0	0	0	2	0.451667	0.448204	0.762083	0.106354	1138	2213	3351
2789	5/1/2011	2	0	5	2	0	0	0	1	0.42	0.4242	0.77	0.1045	7	43	50	121	2	0	5	0	0	0	2	0.451667	0.448204	0.762083	0.106354	1138	2213	3351
2790	5/1/2011	2	0	5	3	0	0	0	1	0.4	0.4091	0.82	0.1045	8	15	23	121	2	0	5	0	0	0	2	0.451667	0.448204	0.762083	0.106354	1138	2213	3351
2791	5/1/2011	2	0	5	4	0	0	0	1	0.4	0.4091	0.76	0.1045	6	11	17	121	2	0	5	0	0	0	2	0.451667	0.448204	0.762083	0.106354	1138	2213	3351
2792	5/1/2011	2	0	5	5	0	0	0	1	0.4	0.4091	0.82	0.0896	0	10	10	121	2	0	5	0	0	0	2	0.451667	0.448204	0.762083	0.106354	1138	2213	3351
2793	5/1/2011	2	0	5	6	0	0	0	2	0.4	0.4091	0.82	0.0896	4	9	13	121	2	0	5	0	0	0	2	0.451667	0.448204	0.762083	0.106354	1138	2213	3351
2794	5/1/2011	2	0	5	7	0	0	0	2	0.42	0.4242	0.77	0.0896	7	26	33	121	2	0	5	0	0	0	2	0.451667	0.448204	0.762083	0.106354	1138	2213	3351
2795	5/1/2011	2	0	5	8	0	0	0	2	0.44	0.4394	0.77	0.1343	16	43	59	121	2	0	5	0	0	0	2	0.451667	0.448204	0.762083	0.106354	1138	2213	3351
2796	5/1/2011	2	0	5	9	0	0	0	2	0.46	0.4545	0.72	0.1343	45	96	141	121	2	0	5	0	0	0	2	0.451667	0.448204	0.762083	0.106354	1138	2213	3351
2797	5/1/2011	2	0	5	10	0	0	0	2	0.48	0.4697	0.63	0.194	109	155	264	121	2	0	5	0	0	0	2	0.451667	0.448204	0.762083	0.106354	1138	2213	3351
2798	5/1/2011	2	0	5	11	0	0	0	1	0.46	0.4545	0.82	0.1045	109	141	250	121	2	0	5	0	0	0	2	0.451667	0.448204	0.762083	0.106354	1138	2213	3351
2799	5/1/2011	2	0	5	12	0	0	0	2	0.48	0.4697	0.77	0.1045	109	172	281	121	2	0	5	0	0	0	2	0.451667	0.448204	0.762083	0.106354	1138	2213	3351
2800	5/1/2011	2	0	5	13	0	0	0	2	0.5	0.4848	0.63	0.1642	123	209	332	121	2	0	5	0	0	0	2	0.451667	0.448204	0.762083	0.106354	1138	2213	3351
2801	5/1/2011	2	0	5	14	0	0	0	2	0.5	0.4848	0.68	0.1045	85	153	238	121	2	0	5	0	0	0	2	0.451667	0.448204	0.762083	0.106354	1138	2213	3351
2802	5/1/2011	2	0	5	15	0	0	0	2	0.5	0.4848	0.72	0	113	153	266	121	2	0	5	0	0	0	2	0.451667	0.448204	0.762083	0.106354	1138	2213	3351
2803	5/1/2011	2	0	5	16	0	0	0	2	0.5	0.4848	0.72	0.194	75	139	214	121	2	0	5	0	0	0	2	0.451667	0.448204	0.762083	0.106354	1138	2213	3351
2804	5/1/2011	2	0	5	17	0	0	0	2	0.48	0.4697	0.82	0.2537	60	136	196	121	2	0	5	0	0	0	2	0.451667	0.448204	0.762083	0.106354	1138	2213	3351
2805	5/1/2011	2	0	5	18	0	0	0	2	0.46	0.4545	0.82	0.0896	33	126	159	121	2	0	5	0	0	0	2	0.451667	0.448204	0.762083	0.106354	1138	2213	3351
2806	5/1/2011	2	0	5	19	0	0	0	2	0.46	0.4545	0.84	0.1045	47	131	178	121	2	0	5	0	0	0	2	0.451667	0.448204	0.762083	0.106354	1138	2213	3351
2807	5/1/2011	2	0	5	20	0	0	0	2	0.46	0.4545	0.82	0	35	86	121	121	2	0	5	0	0	0	2	0.451667	0.448204	0.762083	0.106354	1138	2213	3351
2808	5/1/2011	2	0	5	21	0	0	0	2	0.46	0.4545	0.82	0	23	82	105	121	2	0	5	0	0	0	2	0.451667	0.448204	0.762083	0.106354	1138	2213	3351
2809	5/1/2011	2	0	5	22	0	0	0	2	0.46	0.4545	0.82	0	32	68	100	121	2	0	5	0	0	0	2	0.451667	0.448204	0.762083	0.106354	1138	2213	3351
2810	5/1/2011	2	0	5	23	0	0	0	1	0.46	0.4545	0.77	0.194	64	82	146	121	2	0	5	0	0	0	2	0.451667	0.448204	0.762083	0.106354	1138	2213	3351
2811	5/2/2011	2	0	5	0	0	1	1	1	0.46	0.4545	0.72	0.1343	68	109	177	122	2	0	5	0	1	1	2	0.549167	0.532833	0.73	0.183454	847	3554	4401
2812	5/2/2011	2	0	5	1	0	1	1	1	0.46	0.4545	0.72	0.1343	41	73	114	122	2	0	5	0	1	1	2	0.549167	0.532833	0.73	0.183454	847	3554	4401
2813	5/2/2011	2	0	5	2	0	1	1	2	0.44	0.4394	0.77	0.2239	16	19	35	122	2	0	5	0	1	1	2	0.549167	0.532833	0.73	0.183454	847	3554	4401
2814	5/2/2011	2	0	5	3	0	1	1	1	0.44	0.4394	0.77	0.1343	9	7	16	122	2	0	5	0	1	1	2	0.549167	0.532833	0.73	0.183454	847	3554	4401
2815	5/2/2011	2	0	5	4	0	1	1	1	0.44	0.4394	0.77	0.1642	9	8	17	122	2	0	5	0	1	1	2	0.549167	0.532833	0.73	0.183454	847	3554	4401
2816	5/2/2011	2	0	5	5	0	1	1	2	0.44	0.4394	0.77	0.1343	4	16	20	122	2	0	5	0	1	1	2	0.549167	0.532833	0.73	0.183454	847	3554	4401
2817	5/2/2011	2	0	5	6	0	1	1	1	0.44	0.4394	0.88	0.1045	3	59	62	122	2	0	5	0	1	1	2	0.549167	0.532833	0.73	0.183454	847	3554	4401
2818	5/2/2011	2	0	5	7	0	1	1	2	0.46	0.4545	0.82	0.3284	16	193	209	122	2	0	5	0	1	1	2	0.549167	0.532833	0.73	0.183454	847	3554	4401
2819	5/2/2011	2	0	5	8	0	1	1	2	0.48	0.4697	0.77	0.2239	21	350	371	122	2	0	5	0	1	1	2	0.549167	0.532833	0.73	0.183454	847	3554	4401
2820	5/2/2011	2	0	5	9	0	1	1	2	0.5	0.4848	0.77	0.2836	41	131	172	122	2	0	5	0	1	1	2	0.549167	0.532833	0.73	0.183454	847	3554	4401
2821	5/2/2011	2	0	5	10	0	1	1	2	0.54	0.5152	0.77	0.2239	31	77	108	122	2	0	5	0	1	1	2	0.549167	0.532833	0.73	0.183454	847	3554	4401
2822	5/2/2011	2	0	5	11	0	1	1	1	0.58	0.5455	0.73	0.2985	34	96	130	122	2	0	5	0	1	1	2	0.549167	0.532833	0.73	0.183454	847	3554	4401
2823	5/2/2011	2	0	5	12	0	1	1	1	0.62	0.6061	0.69	0.2239	40	147	187	122	2	0	5	0	1	1	2	0.549167	0.532833	0.73	0.183454	847	3554	4401
2824	5/2/2011	2	0	5	13	0	1	1	2	0.62	0.6061	0.69	0.194	51	119	170	122	2	0	5	0	1	1	2	0.549167	0.532833	0.73	0.183454	847	3554	4401
2825	5/2/2011	2	0	5	14	0	1	1	1	0.64	0.6061	0.69	0.2239	48	133	181	122	2	0	5	0	1	1	2	0.549167	0.532833	0.73	0.183454	847	3554	4401
2826	5/2/2011	2	0	5	15	0	1	1	1	0.66	0.6212	0.61	0.194	45	110	155	122	2	0	5	0	1	1	2	0.549167	0.532833	0.73	0.183454	847	3554	4401
2827	5/2/2011	2	0	5	16	0	1	1	1	0.66	0.6212	0.61	0.2239	49	220	269	122	2	0	5	0	1	1	2	0.549167	0.532833	0.73	0.183454	847	3554	4401
2828	5/2/2011	2	0	5	17	0	1	1	1	0.66	0.6212	0.65	0.194	65	472	537	122	2	0	5	0	1	1	2	0.549167	0.532833	0.73	0.183454	847	3554	4401
2829	5/2/2011	2	0	5	18	0	1	1	2	0.64	0.6061	0.65	0.194	68	450	518	122	2	0	5	0	1	1	2	0.549167	0.532833	0.73	0.183454	847	3554	4401
2830	5/2/2011	2	0	5	19	0	1	1	2	0.62	0.6061	0.69	0.1343	46	268	314	122	2	0	5	0	1	1	2	0.549167	0.532833	0.73	0.183454	847	3554	4401
2831	5/2/2011	2	0	5	20	0	1	1	2	0.62	0.6061	0.69	0.1343	44	174	218	122	2	0	5	0	1	1	2	0.549167	0.532833	0.73	0.183454	847	3554	4401
2832	5/2/2011	2	0	5	21	0	1	1	2	0.6	0.5909	0.73	0.1045	54	178	232	122	2	0	5	0	1	1	2	0.549167	0.532833	0.73	0.183454	847	3554	4401
2833	5/2/2011	2	0	5	22	0	1	1	2	0.6	0.5909	0.73	0	28	97	125	122	2	0	5	0	1	1	2	0.549167	0.532833	0.73	0.183454	847	3554	4401
2834	5/2/2011	2	0	5	23	0	1	1	2	0.56	0.5303	0.83	0.194	16	48	64	122	2	0	5	0	1	1	2	0.549167	0.532833	0.73	0.183454	847	3554	4401
2835	5/3/2011	2	0	5	0	0	2	1	2	0.56	0.5303	0.83	0.2239	0	16	16	123	2	0	5	0	2	1	2	0.616667	0.582079	0.697083	0.342667	603	3848	4451
2836	5/3/2011	2	0	5	1	0	2	1	2	0.56	0.5303	0.78	0.2537	0	14	14	123	2	0	5	0	2	1	2	0.616667	0.582079	0.697083	0.342667	603	3848	4451
2837	5/3/2011	2	0	5	2	0	2	1	2	0.56	0.5303	0.78	0.2537	0	5	5	123	2	0	5	0	2	1	2	0.616667	0.582079	0.697083	0.342667	603	3848	4451
2838	5/3/2011	2	0	5	3	0	2	1	1	0.54	0.5152	0.83	0.2836	0	2	2	123	2	0	5	0	2	1	2	0.616667	0.582079	0.697083	0.342667	603	3848	4451
2839	5/3/2011	2	0	5	4	0	2	1	1	0.52	0.5	0.88	0.2239	3	1	4	123	2	0	5	0	2	1	2	0.616667	0.582079	0.697083	0.342667	603	3848	4451
2840	5/3/2011	2	0	5	5	0	2	1	1	0.52	0.5	0.88	0.1343	0	14	14	123	2	0	5	0	2	1	2	0.616667	0.582079	0.697083	0.342667	603	3848	4451
2841	5/3/2011	2	0	5	6	0	2	1	2	0.52	0.5	0.94	0.1642	7	102	109	123	2	0	5	0	2	1	2	0.616667	0.582079	0.697083	0.342667	603	3848	4451
2842	5/3/2011	2	0	5	7	0	2	1	2	0.54	0.5152	0.88	0.2239	17	248	265	123	2	0	5	0	2	1	2	0.616667	0.582079	0.697083	0.342667	603	3848	4451
2843	5/3/2011	2	0	5	8	0	2	1	2	0.56	0.5303	0.83	0.2836	24	435	459	123	2	0	5	0	2	1	2	0.616667	0.582079	0.697083	0.342667	603	3848	4451
2844	5/3/2011	2	0	5	9	0	2	1	2	0.6	0.5758	0.78	0.3582	29	157	186	123	2	0	5	0	2	1	2	0.616667	0.582079	0.697083	0.342667	603	3848	4451
2845	5/3/2011	2	0	5	10	0	2	1	2	0.64	0.6061	0.69	0.3582	36	91	127	123	2	0	5	0	2	1	2	0.616667	0.582079	0.697083	0.342667	603	3848	4451
2846	5/3/2011	2	0	5	11	0	2	1	2	0.66	0.6212	0.65	0.3284	20	120	140	123	2	0	5	0	2	1	2	0.616667	0.582079	0.697083	0.342667	603	3848	4451
2847	5/3/2011	2	0	5	12	0	2	1	2	0.68	0.6364	0.61	0.4925	48	169	217	123	2	0	5	0	2	1	2	0.616667	0.582079	0.697083	0.342667	603	3848	4451
2848	5/3/2011	2	0	5	13	0	2	1	2	0.7	0.6515	0.58	0.6119	50	144	194	123	2	0	5	0	2	1	2	0.616667	0.582079	0.697083	0.342667	603	3848	4451
2849	5/3/2011	2	0	5	14	0	2	1	2	0.7	0.6515	0.58	0.5224	36	122	158	123	2	0	5	0	2	1	2	0.616667	0.582079	0.697083	0.342667	603	3848	4451
2850	5/3/2011	2	0	5	15	0	2	1	2	0.7	0.6515	0.58	0.4478	37	117	154	123	2	0	5	0	2	1	2	0.616667	0.582079	0.697083	0.342667	603	3848	4451
2851	5/3/2011	2	0	5	16	0	2	1	1	0.72	0.6667	0.54	0.4627	46	225	271	123	2	0	5	0	2	1	2	0.616667	0.582079	0.697083	0.342667	603	3848	4451
2852	5/3/2011	2	0	5	17	0	2	1	1	0.7	0.6515	0.54	0.4627	53	464	517	123	2	0	5	0	2	1	2	0.616667	0.582079	0.697083	0.342667	603	3848	4451
2853	5/3/2011	2	0	5	18	0	2	1	1	0.7	0.6515	0.48	0.4179	59	485	544	123	2	0	5	0	2	1	2	0.616667	0.582079	0.697083	0.342667	603	3848	4451
2854	5/3/2011	2	0	5	19	0	2	1	1	0.68	0.6364	0.57	0.3582	42	323	365	123	2	0	5	0	2	1	2	0.616667	0.582079	0.697083	0.342667	603	3848	4451
2855	5/3/2011	2	0	5	20	0	2	1	1	0.66	0.6212	0.61	0.194	28	262	290	123	2	0	5	0	2	1	2	0.616667	0.582079	0.697083	0.342667	603	3848	4451
2856	5/3/2011	2	0	5	21	0	2	1	2	0.64	0.6212	0.61	0.4478	42	183	225	123	2	0	5	0	2	1	2	0.616667	0.582079	0.697083	0.342667	603	3848	4451
2857	5/3/2011	2	0	5	22	0	2	1	2	0.58	0.5455	0.6	0.3881	14	99	113	123	2	0	5	0	2	1	2	0.616667	0.582079	0.697083	0.342667	603	3848	4451
2858	5/3/2011	2	0	5	23	0	2	1	2	0.56	0.5303	0.68	0.3284	12	50	62	123	2	0	5	0	2	1	2	0.616667	0.582079	0.697083	0.342667	603	3848	4451
2859	5/4/2011	2	0	5	0	0	3	1	3	0.52	0.5	0.77	0.1642	5	22	27	124	2	0	5	0	3	1	2	0.414167	0.40465	0.737083	0.328996	255	2378	2633
2860	5/4/2011	2	0	5	1	0	3	1	3	0.5	0.4848	0.82	0.2836	1	6	7	124	2	0	5	0	3	1	2	0.414167	0.40465	0.737083	0.328996	255	2378	2633
2861	5/4/2011	2	0	5	2	0	3	1	3	0.5	0.4848	0.82	0.2836	0	4	4	124	2	0	5	0	3	1	2	0.414167	0.40465	0.737083	0.328996	255	2378	2633
2862	5/4/2011	2	0	5	3	0	3	1	3	0.42	0.4242	0.88	0.5224	0	1	1	124	2	0	5	0	3	1	2	0.414167	0.40465	0.737083	0.328996	255	2378	2633
2863	5/4/2011	2	0	5	4	0	3	1	3	0.38	0.3939	0.94	0.3284	1	2	3	124	2	0	5	0	3	1	2	0.414167	0.40465	0.737083	0.328996	255	2378	2633
2864	5/4/2011	2	0	5	5	0	3	1	3	0.36	0.3333	0.87	0.3284	1	8	9	124	2	0	5	0	3	1	2	0.414167	0.40465	0.737083	0.328996	255	2378	2633
2865	5/4/2011	2	0	5	6	0	3	1	3	0.34	0.303	0.93	0.3881	0	21	21	124	2	0	5	0	3	1	2	0.414167	0.40465	0.737083	0.328996	255	2378	2633
2866	5/4/2011	2	0	5	7	0	3	1	3	0.34	0.303	0.93	0.3582	6	46	52	124	2	0	5	0	3	1	2	0.414167	0.40465	0.737083	0.328996	255	2378	2633
2867	5/4/2011	2	0	5	8	0	3	1	3	0.34	0.303	0.93	0.3881	5	74	79	124	2	0	5	0	3	1	2	0.414167	0.40465	0.737083	0.328996	255	2378	2633
2868	5/4/2011	2	0	5	9	0	3	1	3	0.34	0.303	0.93	0.3582	5	35	40	124	2	0	5	0	3	1	2	0.414167	0.40465	0.737083	0.328996	255	2378	2633
2869	5/4/2011	2	0	5	10	0	3	1	2	0.34	0.3182	0.93	0.2836	5	26	31	124	2	0	5	0	3	1	2	0.414167	0.40465	0.737083	0.328996	255	2378	2633
2870	5/4/2011	2	0	5	11	0	3	1	1	0.4	0.4091	0.82	0.3284	3	69	72	124	2	0	5	0	3	1	2	0.414167	0.40465	0.737083	0.328996	255	2378	2633
2871	5/4/2011	2	0	5	12	0	3	1	2	0.44	0.4394	0.62	0.3582	19	105	124	124	2	0	5	0	3	1	2	0.414167	0.40465	0.737083	0.328996	255	2378	2633
2872	5/4/2011	2	0	5	13	0	3	1	2	0.46	0.4545	0.59	0.4478	15	128	143	124	2	0	5	0	3	1	2	0.414167	0.40465	0.737083	0.328996	255	2378	2633
2873	5/4/2011	2	0	5	14	0	3	1	1	0.5	0.4848	0.51	0.3881	13	94	107	124	2	0	5	0	3	1	2	0.414167	0.40465	0.737083	0.328996	255	2378	2633
2874	5/4/2011	2	0	5	15	0	3	1	1	0.48	0.4697	0.51	0.4179	22	107	129	124	2	0	5	0	3	1	2	0.414167	0.40465	0.737083	0.328996	255	2378	2633
2875	5/4/2011	2	0	5	16	0	3	1	1	0.5	0.4848	0.45	0.4627	22	173	195	124	2	0	5	0	3	1	2	0.414167	0.40465	0.737083	0.328996	255	2378	2633
2876	5/4/2011	2	0	5	17	0	3	1	1	0.4	0.4091	0.71	0.2537	22	388	410	124	2	0	5	0	3	1	2	0.414167	0.40465	0.737083	0.328996	255	2378	2633
2877	5/4/2011	2	0	5	18	0	3	1	1	0.42	0.4242	0.67	0.2537	29	367	396	124	2	0	5	0	3	1	2	0.414167	0.40465	0.737083	0.328996	255	2378	2633
2878	5/4/2011	2	0	5	19	0	3	1	1	0.42	0.4242	0.58	0.3582	30	266	296	124	2	0	5	0	3	1	2	0.414167	0.40465	0.737083	0.328996	255	2378	2633
2879	5/4/2011	2	0	5	20	0	3	1	1	0.4	0.4091	0.62	0.3284	17	174	191	124	2	0	5	0	3	1	2	0.414167	0.40465	0.737083	0.328996	255	2378	2633
2880	5/4/2011	2	0	5	21	0	3	1	1	0.4	0.4091	0.62	0.1642	17	133	150	124	2	0	5	0	3	1	2	0.414167	0.40465	0.737083	0.328996	255	2378	2633
2881	5/4/2011	2	0	5	22	0	3	1	1	0.38	0.3939	0.62	0.2239	9	80	89	124	2	0	5	0	3	1	2	0.414167	0.40465	0.737083	0.328996	255	2378	2633
2882	5/4/2011	2	0	5	23	0	3	1	1	0.36	0.3485	0.62	0.2239	8	49	57	124	2	0	5	0	3	1	2	0.414167	0.40465	0.737083	0.328996	255	2378	2633
2883	5/5/2011	2	0	5	0	0	4	1	1	0.36	0.3485	0.66	0.194	4	23	27	125	2	0	5	0	4	1	1	0.459167	0.441917	0.444167	0.295392	614	3819	4433
2884	5/5/2011	2	0	5	1	0	4	1	1	0.34	0.3333	0.71	0.194	4	6	10	125	2	0	5	0	4	1	1	0.459167	0.441917	0.444167	0.295392	614	3819	4433
2885	5/5/2011	2	0	5	2	0	4	1	1	0.34	0.3182	0.66	0.2239	1	4	5	125	2	0	5	0	4	1	1	0.459167	0.441917	0.444167	0.295392	614	3819	4433
2886	5/5/2011	2	0	5	3	0	4	1	1	0.34	0.3182	0.66	0.2537	0	4	4	125	2	0	5	0	4	1	1	0.459167	0.441917	0.444167	0.295392	614	3819	4433
2887	5/5/2011	2	0	5	4	0	4	1	1	0.34	0.3182	0.66	0.2537	4	3	7	125	2	0	5	0	4	1	1	0.459167	0.441917	0.444167	0.295392	614	3819	4433
2888	5/5/2011	2	0	5	5	0	4	1	1	0.34	0.3182	0.66	0.2537	1	29	30	125	2	0	5	0	4	1	1	0.459167	0.441917	0.444167	0.295392	614	3819	4433
2889	5/5/2011	2	0	5	6	0	4	1	1	0.34	0.3182	0.66	0.2537	3	86	89	125	2	0	5	0	4	1	1	0.459167	0.441917	0.444167	0.295392	614	3819	4433
2890	5/5/2011	2	0	5	7	0	4	1	1	0.38	0.3939	0.58	0.2537	16	255	271	125	2	0	5	0	4	1	1	0.459167	0.441917	0.444167	0.295392	614	3819	4433
2891	5/5/2011	2	0	5	8	0	4	1	1	0.42	0.4242	0.5	0.2537	25	415	440	125	2	0	5	0	4	1	1	0.459167	0.441917	0.444167	0.295392	614	3819	4433
2892	5/5/2011	2	0	5	9	0	4	1	1	0.46	0.4545	0.44	0.2836	20	164	184	125	2	0	5	0	4	1	1	0.459167	0.441917	0.444167	0.295392	614	3819	4433
2893	5/5/2011	2	0	5	10	0	4	1	1	0.5	0.4848	0.39	0.2836	30	98	128	125	2	0	5	0	4	1	1	0.459167	0.441917	0.444167	0.295392	614	3819	4433
2894	5/5/2011	2	0	5	11	0	4	1	1	0.52	0.5	0.36	0.4478	43	105	148	125	2	0	5	0	4	1	1	0.459167	0.441917	0.444167	0.295392	614	3819	4433
2895	5/5/2011	2	0	5	12	0	4	1	1	0.52	0.5	0.34	0.3582	27	169	196	125	2	0	5	0	4	1	1	0.459167	0.441917	0.444167	0.295392	614	3819	4433
2896	5/5/2011	2	0	5	13	0	4	1	1	0.54	0.5152	0.3	0.5821	50	142	192	125	2	0	5	0	4	1	1	0.459167	0.441917	0.444167	0.295392	614	3819	4433
2897	5/5/2011	2	0	5	14	0	4	1	1	0.54	0.5152	0.28	0.4478	19	135	154	125	2	0	5	0	4	1	1	0.459167	0.441917	0.444167	0.295392	614	3819	4433
2898	5/5/2011	2	0	5	15	0	4	1	1	0.56	0.5303	0.26	0.4925	27	120	147	125	2	0	5	0	4	1	1	0.459167	0.441917	0.444167	0.295392	614	3819	4433
2899	5/5/2011	2	0	5	16	0	4	1	1	0.58	0.5455	0.24	0.4179	36	233	269	125	2	0	5	0	4	1	1	0.459167	0.441917	0.444167	0.295392	614	3819	4433
2900	5/5/2011	2	0	5	17	0	4	1	1	0.56	0.5303	0.26	0.3881	66	467	533	125	2	0	5	0	4	1	1	0.459167	0.441917	0.444167	0.295392	614	3819	4433
2901	5/5/2011	2	0	5	18	0	4	1	1	0.56	0.5303	0.26	0.2836	64	456	520	125	2	0	5	0	4	1	1	0.459167	0.441917	0.444167	0.295392	614	3819	4433
2902	5/5/2011	2	0	5	19	0	4	1	1	0.54	0.5152	0.28	0.2239	56	305	361	125	2	0	5	0	4	1	1	0.459167	0.441917	0.444167	0.295392	614	3819	4433
2903	5/5/2011	2	0	5	20	0	4	1	1	0.5	0.4848	0.34	0.1642	33	225	258	125	2	0	5	0	4	1	1	0.459167	0.441917	0.444167	0.295392	614	3819	4433
2904	5/5/2011	2	0	5	21	0	4	1	1	0.5	0.4848	0.36	0.194	39	141	180	125	2	0	5	0	4	1	1	0.459167	0.441917	0.444167	0.295392	614	3819	4433
2905	5/5/2011	2	0	5	22	0	4	1	1	0.48	0.4697	0.39	0.194	30	135	165	125	2	0	5	0	4	1	1	0.459167	0.441917	0.444167	0.295392	614	3819	4433
2906	5/5/2011	2	0	5	23	0	4	1	1	0.46	0.4545	0.41	0.194	16	99	115	125	2	0	5	0	4	1	1	0.459167	0.441917	0.444167	0.295392	614	3819	4433
2907	5/6/2011	2	0	5	0	0	5	1	1	0.44	0.4394	0.44	0.1642	13	43	56	126	2	0	5	0	5	1	1	0.479167	0.474117	0.59	0.228246	894	3714	4608
2908	5/6/2011	2	0	5	1	0	5	1	1	0.4	0.4091	0.62	0.1642	8	24	32	126	2	0	5	0	5	1	1	0.479167	0.474117	0.59	0.228246	894	3714	4608
2909	5/6/2011	2	0	5	2	0	5	1	1	0.38	0.3939	0.62	0.1045	1	15	16	126	2	0	5	0	5	1	1	0.479167	0.474117	0.59	0.228246	894	3714	4608
2910	5/6/2011	2	0	5	3	0	5	1	1	0.36	0.3636	0.71	0.1045	3	6	9	126	2	0	5	0	5	1	1	0.479167	0.474117	0.59	0.228246	894	3714	4608
2911	5/6/2011	2	0	5	4	0	5	1	1	0.36	0.3636	0.71	0.1045	0	1	1	126	2	0	5	0	5	1	1	0.479167	0.474117	0.59	0.228246	894	3714	4608
2912	5/6/2011	2	0	5	5	0	5	1	1	0.34	0.3485	0.81	0.1045	0	16	16	126	2	0	5	0	5	1	1	0.479167	0.474117	0.59	0.228246	894	3714	4608
2913	5/6/2011	2	0	5	6	0	5	1	1	0.36	0.3636	0.81	0.0896	8	74	82	126	2	0	5	0	5	1	1	0.479167	0.474117	0.59	0.228246	894	3714	4608
2914	5/6/2011	2	0	5	7	0	5	1	1	0.4	0.4091	0.82	0	20	202	222	126	2	0	5	0	5	1	1	0.479167	0.474117	0.59	0.228246	894	3714	4608
2915	5/6/2011	2	0	5	8	0	5	1	1	0.42	0.4242	0.77	0.2537	35	415	450	126	2	0	5	0	5	1	1	0.479167	0.474117	0.59	0.228246	894	3714	4608
2916	5/6/2011	2	0	5	9	0	5	1	1	0.46	0.4545	0.67	0.2836	27	161	188	126	2	0	5	0	5	1	1	0.479167	0.474117	0.59	0.228246	894	3714	4608
2917	5/6/2011	2	0	5	10	0	5	1	2	0.54	0.5152	0.49	0.3284	30	97	127	126	2	0	5	0	5	1	1	0.479167	0.474117	0.59	0.228246	894	3714	4608
2918	5/6/2011	2	0	5	11	0	5	1	2	0.54	0.5152	0.49	0.3284	42	123	165	126	2	0	5	0	5	1	1	0.479167	0.474117	0.59	0.228246	894	3714	4608
2919	5/6/2011	2	0	5	12	0	5	1	1	0.56	0.5303	0.49	0.3582	48	198	246	126	2	0	5	0	5	1	1	0.479167	0.474117	0.59	0.228246	894	3714	4608
2920	5/6/2011	2	0	5	13	0	5	1	1	0.58	0.5455	0.4	0.3284	71	182	253	126	2	0	5	0	5	1	1	0.479167	0.474117	0.59	0.228246	894	3714	4608
2921	5/6/2011	2	0	5	14	0	5	1	1	0.6	0.6212	0.4	0.4478	86	127	213	126	2	0	5	0	5	1	1	0.479167	0.474117	0.59	0.228246	894	3714	4608
2922	5/6/2011	2	0	5	15	0	5	1	1	0.6	0.6212	0.38	0.3881	89	171	260	126	2	0	5	0	5	1	1	0.479167	0.474117	0.59	0.228246	894	3714	4608
2923	5/6/2011	2	0	5	16	0	5	1	1	0.6	0.6212	0.4	0.2537	82	262	344	126	2	0	5	0	5	1	1	0.479167	0.474117	0.59	0.228246	894	3714	4608
2924	5/6/2011	2	0	5	17	0	5	1	1	0.58	0.5455	0.4	0.3582	83	470	553	126	2	0	5	0	5	1	1	0.479167	0.474117	0.59	0.228246	894	3714	4608
2925	5/6/2011	2	0	5	18	0	5	1	3	0.54	0.5152	0.52	0.3582	85	385	470	126	2	0	5	0	5	1	1	0.479167	0.474117	0.59	0.228246	894	3714	4608
2926	5/6/2011	2	0	5	19	0	5	1	3	0.54	0.5152	0.52	0.3582	39	253	292	126	2	0	5	0	5	1	1	0.479167	0.474117	0.59	0.228246	894	3714	4608
2927	5/6/2011	2	0	5	20	0	5	1	1	0.52	0.5	0.48	0.1045	29	161	190	126	2	0	5	0	5	1	1	0.479167	0.474117	0.59	0.228246	894	3714	4608
2928	5/6/2011	2	0	5	21	0	5	1	1	0.48	0.4697	0.67	0.1343	22	130	152	126	2	0	5	0	5	1	1	0.479167	0.474117	0.59	0.228246	894	3714	4608
2929	5/6/2011	2	0	5	22	0	5	1	1	0.46	0.4545	0.72	0.2239	46	105	151	126	2	0	5	0	5	1	1	0.479167	0.474117	0.59	0.228246	894	3714	4608
2930	5/6/2011	2	0	5	23	0	5	1	1	0.44	0.4394	0.82	0.1343	27	93	120	126	2	0	5	0	5	1	1	0.479167	0.474117	0.59	0.228246	894	3714	4608
2931	5/7/2011	2	0	5	0	0	6	0	1	0.42	0.4242	0.82	0.1343	10	76	86	127	2	0	5	0	6	0	1	0.52	0.512621	0.54125	0.16045	1612	3102	4714
2932	5/7/2011	2	0	5	1	0	6	0	1	0.42	0.4242	0.82	0.1045	8	50	58	127	2	0	5	0	6	0	1	0.52	0.512621	0.54125	0.16045	1612	3102	4714
2933	5/7/2011	2	0	5	2	0	6	0	1	0.42	0.4242	0.82	0.0896	5	47	52	127	2	0	5	0	6	0	1	0.52	0.512621	0.54125	0.16045	1612	3102	4714
2934	5/7/2011	2	0	5	3	0	6	0	1	0.42	0.4242	0.77	0.0896	9	9	18	127	2	0	5	0	6	0	1	0.52	0.512621	0.54125	0.16045	1612	3102	4714
2935	5/7/2011	2	0	5	4	0	6	0	1	0.4	0.4091	0.82	0.1045	1	4	5	127	2	0	5	0	6	0	1	0.52	0.512621	0.54125	0.16045	1612	3102	4714
2936	5/7/2011	2	0	5	5	0	6	0	1	0.46	0.4545	0.59	0.1343	4	3	7	127	2	0	5	0	6	0	1	0.52	0.512621	0.54125	0.16045	1612	3102	4714
2937	5/7/2011	2	0	5	6	0	6	0	1	0.42	0.4242	0.77	0.0896	1	12	13	127	2	0	5	0	6	0	1	0.52	0.512621	0.54125	0.16045	1612	3102	4714
2938	5/7/2011	2	0	5	7	0	6	0	1	0.48	0.4697	0.59	0	8	32	40	127	2	0	5	0	6	0	1	0.52	0.512621	0.54125	0.16045	1612	3102	4714
2939	5/7/2011	2	0	5	8	0	6	0	1	0.52	0.5	0.52	0.194	19	96	115	127	2	0	5	0	6	0	1	0.52	0.512621	0.54125	0.16045	1612	3102	4714
2940	5/7/2011	2	0	5	9	0	6	0	1	0.54	0.5152	0.49	0.2836	54	164	218	127	2	0	5	0	6	0	1	0.52	0.512621	0.54125	0.16045	1612	3102	4714
2941	5/7/2011	2	0	5	10	0	6	0	1	0.56	0.5303	0.49	0.2985	90	208	298	127	2	0	5	0	6	0	1	0.52	0.512621	0.54125	0.16045	1612	3102	4714
2942	5/7/2011	2	0	5	11	0	6	0	1	0.56	0.5303	0.43	0	132	215	347	127	2	0	5	0	6	0	1	0.52	0.512621	0.54125	0.16045	1612	3102	4714
2943	5/7/2011	2	0	5	12	0	6	0	1	0.6	0.6212	0.4	0.194	129	244	373	127	2	0	5	0	6	0	1	0.52	0.512621	0.54125	0.16045	1612	3102	4714
2944	5/7/2011	2	0	5	13	0	6	0	1	0.6	0.6212	0.35	0.2836	196	240	436	127	2	0	5	0	6	0	1	0.52	0.512621	0.54125	0.16045	1612	3102	4714
2945	5/7/2011	2	0	5	14	0	6	0	3	0.6	0.6212	0.35	0.1642	143	235	378	127	2	0	5	0	6	0	1	0.52	0.512621	0.54125	0.16045	1612	3102	4714
2946	5/7/2011	2	0	5	15	0	6	0	1	0.6	0.6212	0.38	0.2537	148	230	378	127	2	0	5	0	6	0	1	0.52	0.512621	0.54125	0.16045	1612	3102	4714
2947	5/7/2011	2	0	5	16	0	6	0	1	0.6	0.6212	0.38	0.194	119	223	342	127	2	0	5	0	6	0	1	0.52	0.512621	0.54125	0.16045	1612	3102	4714
2948	5/7/2011	2	0	5	17	0	6	0	1	0.58	0.5455	0.4	0.2239	138	216	354	127	2	0	5	0	6	0	1	0.52	0.512621	0.54125	0.16045	1612	3102	4714
2949	5/7/2011	2	0	5	18	0	6	0	1	0.58	0.5455	0.37	0.1642	114	175	289	127	2	0	5	0	6	0	1	0.52	0.512621	0.54125	0.16045	1612	3102	4714
2950	5/7/2011	2	0	5	19	0	6	0	1	0.56	0.5303	0.43	0.194	88	179	267	127	2	0	5	0	6	0	1	0.52	0.512621	0.54125	0.16045	1612	3102	4714
2951	5/7/2011	2	0	5	20	0	6	0	1	0.56	0.5303	0.43	0.1343	82	137	219	127	2	0	5	0	6	0	1	0.52	0.512621	0.54125	0.16045	1612	3102	4714
2952	5/7/2011	2	0	5	21	0	6	0	1	0.54	0.5152	0.49	0.2239	58	124	182	127	2	0	5	0	6	0	1	0.52	0.512621	0.54125	0.16045	1612	3102	4714
2953	5/7/2011	2	0	5	22	0	6	0	1	0.54	0.5152	0.49	0.194	26	94	120	127	2	0	5	0	6	0	1	0.52	0.512621	0.54125	0.16045	1612	3102	4714
2954	5/7/2011	2	0	5	23	0	6	0	1	0.5	0.4848	0.59	0.1045	30	89	119	127	2	0	5	0	6	0	1	0.52	0.512621	0.54125	0.16045	1612	3102	4714
2955	5/8/2011	2	0	5	0	0	0	0	2	0.5	0.4848	0.59	0.1045	22	78	100	128	2	0	5	0	0	0	1	0.528333	0.518933	0.631667	0.0746375	1401	2932	4333
2956	5/8/2011	2	0	5	1	0	0	0	2	0.52	0.5	0.55	0	8	56	64	128	2	0	5	0	0	0	1	0.528333	0.518933	0.631667	0.0746375	1401	2932	4333
2957	5/8/2011	2	0	5	2	0	0	0	1	0.48	0.4697	0.63	0	17	42	59	128	2	0	5	0	0	0	1	0.528333	0.518933	0.631667	0.0746375	1401	2932	4333
2958	5/8/2011	2	0	5	3	0	0	0	1	0.46	0.4545	0.72	0.0896	10	21	31	128	2	0	5	0	0	0	1	0.528333	0.518933	0.631667	0.0746375	1401	2932	4333
2959	5/8/2011	2	0	5	4	0	0	0	1	0.42	0.4242	0.82	0	2	8	10	128	2	0	5	0	0	0	1	0.528333	0.518933	0.631667	0.0746375	1401	2932	4333
2960	5/8/2011	2	0	5	5	0	0	0	2	0.44	0.4394	0.77	0	0	5	5	128	2	0	5	0	0	0	1	0.528333	0.518933	0.631667	0.0746375	1401	2932	4333
2961	5/8/2011	2	0	5	6	0	0	0	2	0.44	0.4394	0.82	0	2	4	6	128	2	0	5	0	0	0	1	0.528333	0.518933	0.631667	0.0746375	1401	2932	4333
2962	5/8/2011	2	0	5	7	0	0	0	2	0.46	0.4545	0.82	0	8	15	23	128	2	0	5	0	0	0	1	0.528333	0.518933	0.631667	0.0746375	1401	2932	4333
2963	5/8/2011	2	0	5	8	0	0	0	1	0.52	0.5	0.63	0.1343	28	58	86	128	2	0	5	0	0	0	1	0.528333	0.518933	0.631667	0.0746375	1401	2932	4333
2964	5/8/2011	2	0	5	9	0	0	0	1	0.56	0.5303	0.52	0.2239	48	112	160	128	2	0	5	0	0	0	1	0.528333	0.518933	0.631667	0.0746375	1401	2932	4333
2965	5/8/2011	2	0	5	10	0	0	0	1	0.58	0.5455	0.49	0.1343	91	153	244	128	2	0	5	0	0	0	1	0.528333	0.518933	0.631667	0.0746375	1401	2932	4333
2966	5/8/2011	2	0	5	11	0	0	0	1	0.58	0.5455	0.49	0.0896	142	198	340	128	2	0	5	0	0	0	1	0.528333	0.518933	0.631667	0.0746375	1401	2932	4333
2967	5/8/2011	2	0	5	12	0	0	0	1	0.6	0.6212	0.46	0.0896	139	243	382	128	2	0	5	0	0	0	1	0.528333	0.518933	0.631667	0.0746375	1401	2932	4333
2968	5/8/2011	2	0	5	13	0	0	0	1	0.6	0.6212	0.49	0.1343	166	224	390	128	2	0	5	0	0	0	1	0.528333	0.518933	0.631667	0.0746375	1401	2932	4333
2969	5/8/2011	2	0	5	14	0	0	0	1	0.6	0.6212	0.49	0	126	240	366	128	2	0	5	0	0	0	1	0.528333	0.518933	0.631667	0.0746375	1401	2932	4333
2970	5/8/2011	2	0	5	15	0	0	0	1	0.6	0.6212	0.49	0	128	230	358	128	2	0	5	0	0	0	1	0.528333	0.518933	0.631667	0.0746375	1401	2932	4333
2971	5/8/2011	2	0	5	16	0	0	0	1	0.6	0.6212	0.46	0.1045	122	263	385	128	2	0	5	0	0	0	1	0.528333	0.518933	0.631667	0.0746375	1401	2932	4333
2972	5/8/2011	2	0	5	17	0	0	0	3	0.58	0.5455	0.49	0.2836	106	245	351	128	2	0	5	0	0	0	1	0.528333	0.518933	0.631667	0.0746375	1401	2932	4333
2973	5/8/2011	2	0	5	18	0	0	0	1	0.58	0.5455	0.49	0	63	205	268	128	2	0	5	0	0	0	1	0.528333	0.518933	0.631667	0.0746375	1401	2932	4333
2974	5/8/2011	2	0	5	19	0	0	0	1	0.56	0.5303	0.64	0	61	178	239	128	2	0	5	0	0	0	1	0.528333	0.518933	0.631667	0.0746375	1401	2932	4333
2975	5/8/2011	2	0	5	20	0	0	0	1	0.52	0.5	0.77	0.1343	42	132	174	128	2	0	5	0	0	0	1	0.528333	0.518933	0.631667	0.0746375	1401	2932	4333
2976	5/8/2011	2	0	5	21	0	0	0	1	0.52	0.5	0.77	0.0896	32	95	127	128	2	0	5	0	0	0	1	0.528333	0.518933	0.631667	0.0746375	1401	2932	4333
2977	5/8/2011	2	0	5	22	0	0	0	1	0.5	0.4848	0.88	0.0896	29	86	115	128	2	0	5	0	0	0	1	0.528333	0.518933	0.631667	0.0746375	1401	2932	4333
2978	5/8/2011	2	0	5	23	0	0	0	1	0.46	0.4545	0.88	0.0896	9	41	50	128	2	0	5	0	0	0	1	0.528333	0.518933	0.631667	0.0746375	1401	2932	4333
2979	5/9/2011	2	0	5	0	0	1	1	1	0.46	0.4545	0.82	0.0896	31	22	53	129	2	0	5	0	1	1	1	0.5325	0.525246	0.58875	0.176	664	3698	4362
2980	5/9/2011	2	0	5	1	0	1	1	1	0.44	0.4394	0.88	0	25	8	33	129	2	0	5	0	1	1	1	0.5325	0.525246	0.58875	0.176	664	3698	4362
2981	5/9/2011	2	0	5	2	0	1	1	1	0.44	0.4394	0.94	0	6	2	8	129	2	0	5	0	1	1	1	0.5325	0.525246	0.58875	0.176	664	3698	4362
2982	5/9/2011	2	0	5	3	0	1	1	1	0.46	0.4545	0.82	0.0896	0	7	7	129	2	0	5	0	1	1	1	0.5325	0.525246	0.58875	0.176	664	3698	4362
2983	5/9/2011	2	0	5	4	0	1	1	1	0.42	0.4242	0.82	0.1642	0	4	4	129	2	0	5	0	1	1	1	0.5325	0.525246	0.58875	0.176	664	3698	4362
2984	5/9/2011	2	0	5	5	0	1	1	1	0.42	0.4242	0.77	0.1642	0	23	23	129	2	0	5	0	1	1	1	0.5325	0.525246	0.58875	0.176	664	3698	4362
2985	5/9/2011	2	0	5	6	0	1	1	1	0.44	0.4394	0.72	0.2537	2	87	89	129	2	0	5	0	1	1	1	0.5325	0.525246	0.58875	0.176	664	3698	4362
2986	5/9/2011	2	0	5	7	0	1	1	1	0.48	0.4697	0.63	0.2537	16	221	237	129	2	0	5	0	1	1	1	0.5325	0.525246	0.58875	0.176	664	3698	4362
2987	5/9/2011	2	0	5	8	0	1	1	1	0.52	0.5	0.55	0.2239	23	351	374	129	2	0	5	0	1	1	1	0.5325	0.525246	0.58875	0.176	664	3698	4362
2988	5/9/2011	2	0	5	9	0	1	1	1	0.54	0.5152	0.56	0.1642	36	142	178	129	2	0	5	0	1	1	1	0.5325	0.525246	0.58875	0.176	664	3698	4362
2989	5/9/2011	2	0	5	10	0	1	1	1	0.56	0.5303	0.52	0.194	24	95	119	129	2	0	5	0	1	1	1	0.5325	0.525246	0.58875	0.176	664	3698	4362
2990	5/9/2011	2	0	5	11	0	1	1	1	0.6	0.6212	0.46	0.2239	26	99	125	129	2	0	5	0	1	1	1	0.5325	0.525246	0.58875	0.176	664	3698	4362
2991	5/9/2011	2	0	5	12	0	1	1	1	0.6	0.6212	0.43	0.194	35	160	195	129	2	0	5	0	1	1	1	0.5325	0.525246	0.58875	0.176	664	3698	4362
2992	5/9/2011	2	0	5	13	0	1	1	1	0.62	0.6212	0.38	0.2836	36	138	174	129	2	0	5	0	1	1	1	0.5325	0.525246	0.58875	0.176	664	3698	4362
2993	5/9/2011	2	0	5	14	0	1	1	1	0.62	0.6212	0.41	0.2239	44	118	162	129	2	0	5	0	1	1	1	0.5325	0.525246	0.58875	0.176	664	3698	4362
2994	5/9/2011	2	0	5	15	0	1	1	1	0.62	0.6212	0.41	0.2239	51	148	199	129	2	0	5	0	1	1	1	0.5325	0.525246	0.58875	0.176	664	3698	4362
2995	5/9/2011	2	0	5	16	0	1	1	1	0.64	0.6212	0.38	0.2239	49	255	304	129	2	0	5	0	1	1	1	0.5325	0.525246	0.58875	0.176	664	3698	4362
2996	5/9/2011	2	0	5	17	0	1	1	1	0.62	0.6212	0.38	0.2537	59	539	598	129	2	0	5	0	1	1	1	0.5325	0.525246	0.58875	0.176	664	3698	4362
2997	5/9/2011	2	0	5	18	0	1	1	1	0.62	0.6212	0.38	0.2985	66	458	524	129	2	0	5	0	1	1	1	0.5325	0.525246	0.58875	0.176	664	3698	4362
2998	5/9/2011	2	0	5	19	0	1	1	1	0.58	0.5455	0.43	0.194	45	339	384	129	2	0	5	0	1	1	1	0.5325	0.525246	0.58875	0.176	664	3698	4362
2999	5/9/2011	2	0	5	20	0	1	1	1	0.54	0.5152	0.49	0.194	25	214	239	129	2	0	5	0	1	1	1	0.5325	0.525246	0.58875	0.176	664	3698	4362
3000	5/9/2011	2	0	5	21	0	1	1	1	0.52	0.5	0.59	0.1343	28	128	156	129	2	0	5	0	1	1	1	0.5325	0.525246	0.58875	0.176	664	3698	4362
3001	5/9/2011	2	0	5	22	0	1	1	1	0.52	0.5	0.68	0.0896	21	95	116	129	2	0	5	0	1	1	1	0.5325	0.525246	0.58875	0.176	664	3698	4362
3002	5/9/2011	2	0	5	23	0	1	1	1	0.5	0.4848	0.68	0.0896	16	45	61	129	2	0	5	0	1	1	1	0.5325	0.525246	0.58875	0.176	664	3698	4362
3003	5/10/2011	2	0	5	0	0	2	1	1	0.48	0.4697	0.63	0	6	12	18	130	2	0	5	0	2	1	1	0.5325	0.522721	0.489167	0.115671	694	4109	4803
3004	5/10/2011	2	0	5	1	0	2	1	1	0.46	0.4545	0.59	0.0896	3	12	15	130	2	0	5	0	2	1	1	0.5325	0.522721	0.489167	0.115671	694	4109	4803
3005	5/10/2011	2	0	5	2	0	2	1	1	0.44	0.4394	0.58	0.1343	1	4	5	130	2	0	5	0	2	1	1	0.5325	0.522721	0.489167	0.115671	694	4109	4803
3006	5/10/2011	2	0	5	3	0	2	1	1	0.44	0.4394	0.54	0.194	1	3	4	130	2	0	5	0	2	1	1	0.5325	0.522721	0.489167	0.115671	694	4109	4803
3007	5/10/2011	2	0	5	4	0	2	1	1	0.42	0.4242	0.62	0.2537	0	2	2	130	2	0	5	0	2	1	1	0.5325	0.522721	0.489167	0.115671	694	4109	4803
3008	5/10/2011	2	0	5	5	0	2	1	1	0.4	0.4091	0.66	0.2239	1	28	29	130	2	0	5	0	2	1	1	0.5325	0.522721	0.489167	0.115671	694	4109	4803
3009	5/10/2011	2	0	5	6	0	2	1	1	0.42	0.4242	0.67	0.1343	9	103	112	130	2	0	5	0	2	1	1	0.5325	0.522721	0.489167	0.115671	694	4109	4803
3010	5/10/2011	2	0	5	7	0	2	1	2	0.44	0.4394	0.62	0.1343	13	301	314	130	2	0	5	0	2	1	1	0.5325	0.522721	0.489167	0.115671	694	4109	4803
3011	5/10/2011	2	0	5	8	0	2	1	2	0.5	0.4848	0.51	0.1045	28	397	425	130	2	0	5	0	2	1	1	0.5325	0.522721	0.489167	0.115671	694	4109	4803
3012	5/10/2011	2	0	5	9	0	2	1	2	0.52	0.5	0.48	0.1045	29	176	205	130	2	0	5	0	2	1	1	0.5325	0.522721	0.489167	0.115671	694	4109	4803
3013	5/10/2011	2	0	5	10	0	2	1	2	0.56	0.5303	0.37	0.0896	27	100	127	130	2	0	5	0	2	1	1	0.5325	0.522721	0.489167	0.115671	694	4109	4803
3014	5/10/2011	2	0	5	11	0	2	1	2	0.56	0.5303	0.43	0.1343	17	108	125	130	2	0	5	0	2	1	1	0.5325	0.522721	0.489167	0.115671	694	4109	4803
3015	5/10/2011	2	0	5	12	0	2	1	2	0.6	0.6212	0.38	0	47	170	217	130	2	0	5	0	2	1	1	0.5325	0.522721	0.489167	0.115671	694	4109	4803
3016	5/10/2011	2	0	5	13	0	2	1	2	0.62	0.6212	0.38	0.2537	50	152	202	130	2	0	5	0	2	1	1	0.5325	0.522721	0.489167	0.115671	694	4109	4803
3017	5/10/2011	2	0	5	14	0	2	1	2	0.62	0.6212	0.33	0	42	134	176	130	2	0	5	0	2	1	1	0.5325	0.522721	0.489167	0.115671	694	4109	4803
3018	5/10/2011	2	0	5	15	0	2	1	2	0.64	0.6212	0.33	0.0896	28	152	180	130	2	0	5	0	2	1	1	0.5325	0.522721	0.489167	0.115671	694	4109	4803
3019	5/10/2011	2	0	5	16	0	2	1	1	0.66	0.6212	0.31	0.1045	56	271	327	130	2	0	5	0	2	1	1	0.5325	0.522721	0.489167	0.115671	694	4109	4803
3020	5/10/2011	2	0	5	17	0	2	1	1	0.64	0.6212	0.33	0	79	532	611	130	2	0	5	0	2	1	1	0.5325	0.522721	0.489167	0.115671	694	4109	4803
3021	5/10/2011	2	0	5	18	0	2	1	1	0.64	0.6212	0.29	0.1343	70	480	550	130	2	0	5	0	2	1	1	0.5325	0.522721	0.489167	0.115671	694	4109	4803
3022	5/10/2011	2	0	5	19	0	2	1	1	0.6	0.6212	0.43	0.2239	69	365	434	130	2	0	5	0	2	1	1	0.5325	0.522721	0.489167	0.115671	694	4109	4803
3023	5/10/2011	2	0	5	20	0	2	1	1	0.54	0.5152	0.6	0.1343	50	241	291	130	2	0	5	0	2	1	1	0.5325	0.522721	0.489167	0.115671	694	4109	4803
3024	5/10/2011	2	0	5	21	0	2	1	1	0.54	0.5152	0.52	0	30	173	203	130	2	0	5	0	2	1	1	0.5325	0.522721	0.489167	0.115671	694	4109	4803
3025	5/10/2011	2	0	5	22	0	2	1	1	0.52	0.5	0.55	0.1045	29	121	150	130	2	0	5	0	2	1	1	0.5325	0.522721	0.489167	0.115671	694	4109	4803
3026	5/10/2011	2	0	5	23	0	2	1	2	0.52	0.5	0.59	0.1343	9	72	81	130	2	0	5	0	2	1	1	0.5325	0.522721	0.489167	0.115671	694	4109	4803
3027	5/11/2011	2	0	5	0	0	3	1	2	0.52	0.5	0.55	0.1343	8	30	38	131	2	0	5	0	3	1	1	0.5425	0.5284	0.632917	0.120642	550	3632	4182
3028	5/11/2011	2	0	5	1	0	3	1	2	0.5	0.4848	0.59	0.1045	4	16	20	131	2	0	5	0	3	1	1	0.5425	0.5284	0.632917	0.120642	550	3632	4182
3029	5/11/2011	2	0	5	2	0	3	1	1	0.52	0.5	0.59	0	6	4	10	131	2	0	5	0	3	1	1	0.5425	0.5284	0.632917	0.120642	550	3632	4182
3030	5/11/2011	2	0	5	3	0	3	1	1	0.5	0.4848	0.63	0.2239	0	3	3	131	2	0	5	0	3	1	1	0.5425	0.5284	0.632917	0.120642	550	3632	4182
3031	5/11/2011	2	0	5	4	0	3	1	2	0.48	0.4697	0.88	0.1343	0	2	2	131	2	0	5	0	3	1	1	0.5425	0.5284	0.632917	0.120642	550	3632	4182
3032	5/11/2011	2	0	5	5	0	3	1	1	0.46	0.4545	0.88	0.1343	0	20	20	131	2	0	5	0	3	1	1	0.5425	0.5284	0.632917	0.120642	550	3632	4182
3033	5/11/2011	2	0	5	6	0	3	1	1	0.46	0.4545	0.82	0.1343	6	93	99	131	2	0	5	0	3	1	1	0.5425	0.5284	0.632917	0.120642	550	3632	4182
3034	5/11/2011	2	0	5	7	0	3	1	1	0.48	0.4697	0.72	0.194	25	293	318	131	2	0	5	0	3	1	1	0.5425	0.5284	0.632917	0.120642	550	3632	4182
3035	5/11/2011	2	0	5	8	0	3	1	1	0.48	0.4697	0.77	0.2537	21	421	442	131	2	0	5	0	3	1	1	0.5425	0.5284	0.632917	0.120642	550	3632	4182
3036	5/11/2011	2	0	5	9	0	3	1	1	0.52	0.5	0.72	0.1343	21	182	203	131	2	0	5	0	3	1	1	0.5425	0.5284	0.632917	0.120642	550	3632	4182
3037	5/11/2011	2	0	5	10	0	3	1	1	0.54	0.5152	0.68	0.0896	30	124	154	131	2	0	5	0	3	1	1	0.5425	0.5284	0.632917	0.120642	550	3632	4182
3038	5/11/2011	2	0	5	11	0	3	1	1	0.56	0.5303	0.64	0.0896	18	123	141	131	2	0	5	0	3	1	1	0.5425	0.5284	0.632917	0.120642	550	3632	4182
3039	5/11/2011	2	0	5	12	0	3	1	1	0.6	0.6212	0.56	0	41	185	226	131	2	0	5	0	3	1	1	0.5425	0.5284	0.632917	0.120642	550	3632	4182
3040	5/11/2011	2	0	5	13	0	3	1	1	0.62	0.6212	0.5	0	36	157	193	131	2	0	5	0	3	1	1	0.5425	0.5284	0.632917	0.120642	550	3632	4182
3041	5/11/2011	2	0	5	14	0	3	1	1	0.62	0.6212	0.53	0.0896	36	141	177	131	2	0	5	0	3	1	1	0.5425	0.5284	0.632917	0.120642	550	3632	4182
3042	5/11/2011	2	0	5	15	0	3	1	1	0.64	0.6212	0.41	0	48	131	179	131	2	0	5	0	3	1	1	0.5425	0.5284	0.632917	0.120642	550	3632	4182
3043	5/11/2011	2	0	5	16	0	3	1	1	0.66	0.6212	0.39	0	49	240	289	131	2	0	5	0	3	1	1	0.5425	0.5284	0.632917	0.120642	550	3632	4182
3044	5/11/2011	2	0	5	17	0	3	1	1	0.64	0.6212	0.47	0.1045	17	242	259	131	2	0	5	0	3	1	1	0.5425	0.5284	0.632917	0.120642	550	3632	4182
3045	5/11/2011	2	0	5	18	0	3	1	1	0.62	0.6212	0.5	0.2985	40	234	274	131	2	0	5	0	3	1	1	0.5425	0.5284	0.632917	0.120642	550	3632	4182
3046	5/11/2011	2	0	5	19	0	3	1	1	0.56	0.5303	0.52	0.1343	60	341	401	131	2	0	5	0	3	1	1	0.5425	0.5284	0.632917	0.120642	550	3632	4182
3047	5/11/2011	2	0	5	20	0	3	1	1	0.54	0.5152	0.64	0.1343	28	245	273	131	2	0	5	0	3	1	1	0.5425	0.5284	0.632917	0.120642	550	3632	4182
3048	5/11/2011	2	0	5	21	0	3	1	1	0.54	0.5152	0.6	0	32	202	234	131	2	0	5	0	3	1	1	0.5425	0.5284	0.632917	0.120642	550	3632	4182
3049	5/11/2011	2	0	5	22	0	3	1	1	0.5	0.4848	0.72	0.2537	12	134	146	131	2	0	5	0	3	1	1	0.5425	0.5284	0.632917	0.120642	550	3632	4182
3050	5/11/2011	2	0	5	23	0	3	1	1	0.46	0.4545	0.88	0.2537	12	69	81	131	2	0	5	0	3	1	1	0.5425	0.5284	0.632917	0.120642	550	3632	4182
3051	5/12/2011	2	0	5	0	0	4	1	2	0.46	0.4545	0.88	0.2239	5	39	44	132	2	0	5	0	4	1	1	0.535	0.523363	0.7475	0.189667	695	4169	4864
3052	5/12/2011	2	0	5	1	0	4	1	1	0.46	0.4545	0.88	0.2239	1	16	17	132	2	0	5	0	4	1	1	0.535	0.523363	0.7475	0.189667	695	4169	4864
3053	5/12/2011	2	0	5	2	0	4	1	1	0.44	0.4394	0.94	0.194	1	14	15	132	2	0	5	0	4	1	1	0.535	0.523363	0.7475	0.189667	695	4169	4864
3054	5/12/2011	2	0	5	3	0	4	1	1	0.44	0.4394	0.88	0.1343	0	5	5	132	2	0	5	0	4	1	1	0.535	0.523363	0.7475	0.189667	695	4169	4864
3055	5/12/2011	2	0	5	4	0	4	1	1	0.42	0.4242	0.94	0	1	5	6	132	2	0	5	0	4	1	1	0.535	0.523363	0.7475	0.189667	695	4169	4864
3056	5/12/2011	2	0	5	5	0	4	1	1	0.42	0.4242	0.94	0.1343	2	27	29	132	2	0	5	0	4	1	1	0.535	0.523363	0.7475	0.189667	695	4169	4864
3057	5/12/2011	2	0	5	6	0	4	1	1	0.44	0.4394	0.88	0	9	103	112	132	2	0	5	0	4	1	1	0.535	0.523363	0.7475	0.189667	695	4169	4864
3058	5/12/2011	2	0	5	7	0	4	1	1	0.46	0.4545	0.88	0.1343	14	283	297	132	2	0	5	0	4	1	1	0.535	0.523363	0.7475	0.189667	695	4169	4864
3059	5/12/2011	2	0	5	8	0	4	1	1	0.48	0.4697	0.82	0.194	27	394	421	132	2	0	5	0	4	1	1	0.535	0.523363	0.7475	0.189667	695	4169	4864
3060	5/12/2011	2	0	5	9	0	4	1	2	0.5	0.4848	0.77	0.2836	21	191	212	132	2	0	5	0	4	1	1	0.535	0.523363	0.7475	0.189667	695	4169	4864
3061	5/12/2011	2	0	5	10	0	4	1	2	0.54	0.5152	0.68	0.2239	28	119	147	132	2	0	5	0	4	1	1	0.535	0.523363	0.7475	0.189667	695	4169	4864
3062	5/12/2011	2	0	5	11	0	4	1	1	0.58	0.5455	0.6	0.2239	43	136	179	132	2	0	5	0	4	1	1	0.535	0.523363	0.7475	0.189667	695	4169	4864
3063	5/12/2011	2	0	5	12	0	4	1	1	0.58	0.5455	0.6	0.2239	43	164	207	132	2	0	5	0	4	1	1	0.535	0.523363	0.7475	0.189667	695	4169	4864
3064	5/12/2011	2	0	5	13	0	4	1	2	0.62	0.6212	0.57	0.2985	48	170	218	132	2	0	5	0	4	1	1	0.535	0.523363	0.7475	0.189667	695	4169	4864
3065	5/12/2011	2	0	5	14	0	4	1	2	0.62	0.6061	0.61	0.2239	43	148	191	132	2	0	5	0	4	1	1	0.535	0.523363	0.7475	0.189667	695	4169	4864
3066	5/12/2011	2	0	5	15	0	4	1	2	0.64	0.6212	0.53	0.2537	54	163	217	132	2	0	5	0	4	1	1	0.535	0.523363	0.7475	0.189667	695	4169	4864
3067	5/12/2011	2	0	5	16	0	4	1	2	0.64	0.6212	0.57	0.2537	50	238	288	132	2	0	5	0	4	1	1	0.535	0.523363	0.7475	0.189667	695	4169	4864
3068	5/12/2011	2	0	5	17	0	4	1	2	0.64	0.6212	0.57	0.194	54	540	594	132	2	0	5	0	4	1	1	0.535	0.523363	0.7475	0.189667	695	4169	4864
3069	5/12/2011	2	0	5	18	0	4	1	1	0.62	0.6061	0.69	0.2239	64	463	527	132	2	0	5	0	4	1	1	0.535	0.523363	0.7475	0.189667	695	4169	4864
3070	5/12/2011	2	0	5	19	0	4	1	2	0.6	0.6061	0.64	0.194	59	305	364	132	2	0	5	0	4	1	1	0.535	0.523363	0.7475	0.189667	695	4169	4864
3071	5/12/2011	2	0	5	20	0	4	1	1	0.6	0.6061	0.64	0.194	56	220	276	132	2	0	5	0	4	1	1	0.535	0.523363	0.7475	0.189667	695	4169	4864
3072	5/12/2011	2	0	5	21	0	4	1	1	0.56	0.5303	0.83	0.1343	31	192	223	132	2	0	5	0	4	1	1	0.535	0.523363	0.7475	0.189667	695	4169	4864
3073	5/12/2011	2	0	5	22	0	4	1	1	0.54	0.5152	0.83	0.194	25	147	172	132	2	0	5	0	4	1	1	0.535	0.523363	0.7475	0.189667	695	4169	4864
3074	5/12/2011	2	0	5	23	0	4	1	2	0.54	0.5152	0.77	0.194	16	87	103	132	2	0	5	0	4	1	1	0.535	0.523363	0.7475	0.189667	695	4169	4864
3075	5/13/2011	2	0	5	0	0	5	1	2	0.52	0.5	0.83	0.1642	6	46	52	133	2	0	5	0	5	1	2	0.5125	0.4943	0.863333	0.179725	692	3413	4105
3076	5/13/2011	2	0	5	1	0	5	1	1	0.52	0.5	0.83	0.1642	5	15	20	133	2	0	5	0	5	1	2	0.5125	0.4943	0.863333	0.179725	692	3413	4105
3077	5/13/2011	2	0	5	2	0	5	1	2	0.5	0.4848	0.88	0.1343	3	8	11	133	2	0	5	0	5	1	2	0.5125	0.4943	0.863333	0.179725	692	3413	4105
3078	5/13/2011	2	0	5	3	0	5	1	2	0.5	0.4848	0.88	0.1343	2	2	4	133	2	0	5	0	5	1	2	0.5125	0.4943	0.863333	0.179725	692	3413	4105
3079	5/13/2011	2	0	5	4	0	5	1	3	0.5	0.4848	0.88	0.1642	2	3	5	133	2	0	5	0	5	1	2	0.5125	0.4943	0.863333	0.179725	692	3413	4105
3080	5/13/2011	2	0	5	5	0	5	1	2	0.5	0.4848	0.88	0.194	1	24	25	133	2	0	5	0	5	1	2	0.5125	0.4943	0.863333	0.179725	692	3413	4105
3081	5/13/2011	2	0	5	6	0	5	1	3	0.5	0.4848	0.88	0.1343	6	76	82	133	2	0	5	0	5	1	2	0.5125	0.4943	0.863333	0.179725	692	3413	4105
3082	5/13/2011	2	0	5	7	0	5	1	3	0.5	0.4848	0.88	0.1642	16	141	157	133	2	0	5	0	5	1	2	0.5125	0.4943	0.863333	0.179725	692	3413	4105
3083	5/13/2011	2	0	5	8	0	5	1	2	0.5	0.4848	0.88	0.194	26	361	387	133	2	0	5	0	5	1	2	0.5125	0.4943	0.863333	0.179725	692	3413	4105
3084	5/13/2011	2	0	5	9	0	5	1	2	0.5	0.4848	0.88	0.194	18	215	233	133	2	0	5	0	5	1	2	0.5125	0.4943	0.863333	0.179725	692	3413	4105
3085	5/13/2011	2	0	5	10	0	5	1	2	0.52	0.5	0.83	0.1343	31	99	130	133	2	0	5	0	5	1	2	0.5125	0.4943	0.863333	0.179725	692	3413	4105
3086	5/13/2011	2	0	5	11	0	5	1	2	0.52	0.5	0.83	0.1642	56	90	146	133	2	0	5	0	5	1	2	0.5125	0.4943	0.863333	0.179725	692	3413	4105
3087	5/13/2011	2	0	5	12	0	5	1	2	0.52	0.5	0.88	0.194	53	170	223	133	2	0	5	0	5	1	2	0.5125	0.4943	0.863333	0.179725	692	3413	4105
3088	5/13/2011	2	0	5	13	0	5	1	2	0.52	0.5	0.88	0.3881	69	157	226	133	2	0	5	0	5	1	2	0.5125	0.4943	0.863333	0.179725	692	3413	4105
3089	5/13/2011	2	0	5	14	0	5	1	2	0.52	0.5	0.87	0.2836	70	120	190	133	2	0	5	0	5	1	2	0.5125	0.4943	0.863333	0.179725	692	3413	4105
3090	5/13/2011	2	0	5	15	0	5	1	2	0.52	0.5	0.88	0.1642	56	142	198	133	2	0	5	0	5	1	2	0.5125	0.4943	0.863333	0.179725	692	3413	4105
3091	5/13/2011	2	0	5	16	0	5	1	2	0.52	0.5	0.88	0.1343	44	256	300	133	2	0	5	0	5	1	2	0.5125	0.4943	0.863333	0.179725	692	3413	4105
3092	5/13/2011	2	0	5	17	0	5	1	3	0.52	0.5	0.88	0.1642	62	429	491	133	2	0	5	0	5	1	2	0.5125	0.4943	0.863333	0.179725	692	3413	4105
3093	5/13/2011	2	0	5	18	0	5	1	3	0.52	0.5	0.88	0.1642	39	359	398	133	2	0	5	0	5	1	2	0.5125	0.4943	0.863333	0.179725	692	3413	4105
3094	5/13/2011	2	0	5	19	0	5	1	2	0.52	0.5	0.83	0.194	25	245	270	133	2	0	5	0	5	1	2	0.5125	0.4943	0.863333	0.179725	692	3413	4105
3095	5/13/2011	2	0	5	20	0	5	1	2	0.52	0.5	0.83	0.1343	22	130	152	133	2	0	5	0	5	1	2	0.5125	0.4943	0.863333	0.179725	692	3413	4105
3096	5/13/2011	2	0	5	21	0	5	1	2	0.52	0.5	0.84	0.1642	24	130	154	133	2	0	5	0	5	1	2	0.5125	0.4943	0.863333	0.179725	692	3413	4105
3097	5/13/2011	2	0	5	22	0	5	1	2	0.52	0.5	0.83	0.2239	25	107	132	133	2	0	5	0	5	1	2	0.5125	0.4943	0.863333	0.179725	692	3413	4105
3098	5/13/2011	2	0	5	23	0	5	1	3	0.5	0.4848	0.88	0.1642	31	88	119	133	2	0	5	0	5	1	2	0.5125	0.4943	0.863333	0.179725	692	3413	4105
3099	5/14/2011	2	0	5	0	0	6	0	2	0.5	0.4848	0.88	0.1343	24	78	102	134	2	0	5	0	6	0	2	0.520833	0.500629	0.9225	0.13495	902	2507	3409
3100	5/14/2011	2	0	5	1	0	6	0	2	0.5	0.4848	0.88	0.1343	18	64	82	134	2	0	5	0	6	0	2	0.520833	0.500629	0.9225	0.13495	902	2507	3409
3101	5/14/2011	2	0	5	2	0	6	0	2	0.5	0.4848	0.88	0.1343	15	37	52	134	2	0	5	0	6	0	2	0.520833	0.500629	0.9225	0.13495	902	2507	3409
3102	5/14/2011	2	0	5	3	0	6	0	2	0.5	0.4848	0.88	0.1343	5	30	35	134	2	0	5	0	6	0	2	0.520833	0.500629	0.9225	0.13495	902	2507	3409
3103	5/14/2011	2	0	5	4	0	6	0	2	0.5	0.4848	0.82	0.1642	1	4	5	134	2	0	5	0	6	0	2	0.520833	0.500629	0.9225	0.13495	902	2507	3409
3104	5/14/2011	2	0	5	5	0	6	0	2	0.5	0.4848	0.82	0.1045	7	7	14	134	2	0	5	0	6	0	2	0.520833	0.500629	0.9225	0.13495	902	2507	3409
3105	5/14/2011	2	0	5	6	0	6	0	2	0.5	0.4848	0.88	0.1045	2	9	11	134	2	0	5	0	6	0	2	0.520833	0.500629	0.9225	0.13495	902	2507	3409
3106	5/14/2011	2	0	5	7	0	6	0	3	0.48	0.4697	1	0	4	28	32	134	2	0	5	0	6	0	2	0.520833	0.500629	0.9225	0.13495	902	2507	3409
3107	5/14/2011	2	0	5	8	0	6	0	3	0.5	0.4848	0.94	0	16	72	88	134	2	0	5	0	6	0	2	0.520833	0.500629	0.9225	0.13495	902	2507	3409
3108	5/14/2011	2	0	5	9	0	6	0	2	0.52	0.5	0.94	0.0896	14	86	100	134	2	0	5	0	6	0	2	0.520833	0.500629	0.9225	0.13495	902	2507	3409
3109	5/14/2011	2	0	5	10	0	6	0	2	0.52	0.5	0.94	0.1642	34	133	167	134	2	0	5	0	6	0	2	0.520833	0.500629	0.9225	0.13495	902	2507	3409
3110	5/14/2011	2	0	5	11	0	6	0	2	0.52	0.5	0.94	0.1343	72	207	279	134	2	0	5	0	6	0	2	0.520833	0.500629	0.9225	0.13495	902	2507	3409
3111	5/14/2011	2	0	5	12	0	6	0	3	0.52	0.5	1	0.0896	75	204	279	134	2	0	5	0	6	0	2	0.520833	0.500629	0.9225	0.13495	902	2507	3409
3112	5/14/2011	2	0	5	13	0	6	0	3	0.52	0.5	1	0.0896	68	180	248	134	2	0	5	0	6	0	2	0.520833	0.500629	0.9225	0.13495	902	2507	3409
3113	5/14/2011	2	0	5	14	0	6	0	2	0.54	0.5152	0.94	0.1343	57	159	216	134	2	0	5	0	6	0	2	0.520833	0.500629	0.9225	0.13495	902	2507	3409
3114	5/14/2011	2	0	5	15	0	6	0	2	0.54	0.5152	0.94	0.1642	73	221	294	134	2	0	5	0	6	0	2	0.520833	0.500629	0.9225	0.13495	902	2507	3409
3115	5/14/2011	2	0	5	16	0	6	0	2	0.54	0.5152	0.94	0.194	107	188	295	134	2	0	5	0	6	0	2	0.520833	0.500629	0.9225	0.13495	902	2507	3409
3116	5/14/2011	2	0	5	17	0	6	0	2	0.56	0.5303	0.88	0.194	78	194	272	134	2	0	5	0	6	0	2	0.520833	0.500629	0.9225	0.13495	902	2507	3409
3117	5/14/2011	2	0	5	18	0	6	0	2	0.56	0.5303	0.88	0.2239	88	216	304	134	2	0	5	0	6	0	2	0.520833	0.500629	0.9225	0.13495	902	2507	3409
3118	5/14/2011	2	0	5	19	0	6	0	3	0.54	0.5152	0.94	0.1343	69	179	248	134	2	0	5	0	6	0	2	0.520833	0.500629	0.9225	0.13495	902	2507	3409
3119	5/14/2011	2	0	5	20	0	6	0	3	0.54	0.5152	0.94	0.1343	42	115	157	134	2	0	5	0	6	0	2	0.520833	0.500629	0.9225	0.13495	902	2507	3409
3120	5/14/2011	2	0	5	21	0	6	0	3	0.54	0.5152	0.94	0.2239	15	44	59	134	2	0	5	0	6	0	2	0.520833	0.500629	0.9225	0.13495	902	2507	3409
3121	5/14/2011	2	0	5	22	0	6	0	3	0.54	0.5152	0.94	0.1642	7	19	26	134	2	0	5	0	6	0	2	0.520833	0.500629	0.9225	0.13495	902	2507	3409
3122	5/14/2011	2	0	5	23	0	6	0	3	0.52	0.5	1	0.194	11	33	44	134	2	0	5	0	6	0	2	0.520833	0.500629	0.9225	0.13495	902	2507	3409
3123	5/15/2011	2	0	5	0	0	0	0	2	0.52	0.5	1	0	5	34	39	135	2	0	5	0	0	0	2	0.5625	0.536	0.867083	0.152979	1582	2971	4553
3124	5/15/2011	2	0	5	1	0	0	0	2	0.52	0.5	1	0.1045	4	43	47	135	2	0	5	0	0	0	2	0.5625	0.536	0.867083	0.152979	1582	2971	4553
3125	5/15/2011	2	0	5	2	0	0	0	2	0.52	0.5	1	0.1343	13	37	50	135	2	0	5	0	0	0	2	0.5625	0.536	0.867083	0.152979	1582	2971	4553
3126	5/15/2011	2	0	5	3	0	0	0	2	0.52	0.5	1	0	11	21	32	135	2	0	5	0	0	0	2	0.5625	0.536	0.867083	0.152979	1582	2971	4553
3127	5/15/2011	2	0	5	4	0	0	0	2	0.52	0.5	1	0	5	8	13	135	2	0	5	0	0	0	2	0.5625	0.536	0.867083	0.152979	1582	2971	4553
3128	5/15/2011	2	0	5	5	0	0	0	3	0.52	0.5	1	0.1045	3	11	14	135	2	0	5	0	0	0	2	0.5625	0.536	0.867083	0.152979	1582	2971	4553
3129	5/15/2011	2	0	5	6	0	0	0	2	0.52	0.5	1	0.1343	3	14	17	135	2	0	5	0	0	0	2	0.5625	0.536	0.867083	0.152979	1582	2971	4553
3130	5/15/2011	2	0	5	7	0	0	0	2	0.52	0.5	1	0.1343	4	38	42	135	2	0	5	0	0	0	2	0.5625	0.536	0.867083	0.152979	1582	2971	4553
3131	5/15/2011	2	0	5	8	0	0	0	2	0.54	0.5152	0.94	0.1343	24	46	70	135	2	0	5	0	0	0	2	0.5625	0.536	0.867083	0.152979	1582	2971	4553
3132	5/15/2011	2	0	5	9	0	0	0	1	0.58	0.5455	0.83	0.2537	36	98	134	135	2	0	5	0	0	0	2	0.5625	0.536	0.867083	0.152979	1582	2971	4553
3133	5/15/2011	2	0	5	10	0	0	0	1	0.58	0.5455	0.83	0.2239	73	153	226	135	2	0	5	0	0	0	2	0.5625	0.536	0.867083	0.152979	1582	2971	4553
3134	5/15/2011	2	0	5	11	0	0	0	1	0.6	0.5758	0.78	0.2239	120	202	322	135	2	0	5	0	0	0	2	0.5625	0.536	0.867083	0.152979	1582	2971	4553
3135	5/15/2011	2	0	5	12	0	0	0	1	0.62	0.5909	0.73	0.2985	120	247	367	135	2	0	5	0	0	0	2	0.5625	0.536	0.867083	0.152979	1582	2971	4553
3136	5/15/2011	2	0	5	13	0	0	0	1	0.62	0.5909	0.73	0.2836	195	261	456	135	2	0	5	0	0	0	2	0.5625	0.536	0.867083	0.152979	1582	2971	4553
3137	5/15/2011	2	0	5	14	0	0	0	1	0.64	0.6061	0.73	0.194	183	254	437	135	2	0	5	0	0	0	2	0.5625	0.536	0.867083	0.152979	1582	2971	4553
3138	5/15/2011	2	0	5	15	0	0	0	1	0.66	0.6212	0.69	0.2537	206	253	459	135	2	0	5	0	0	0	2	0.5625	0.536	0.867083	0.152979	1582	2971	4553
3139	5/15/2011	2	0	5	16	0	0	0	1	0.64	0.6061	0.69	0.2537	158	282	440	135	2	0	5	0	0	0	2	0.5625	0.536	0.867083	0.152979	1582	2971	4553
3140	5/15/2011	2	0	5	17	0	0	0	3	0.56	0.5303	0.78	0.3582	137	255	392	135	2	0	5	0	0	0	2	0.5625	0.536	0.867083	0.152979	1582	2971	4553
3141	5/15/2011	2	0	5	18	0	0	0	1	0.56	0.5303	0.78	0.2537	60	177	237	135	2	0	5	0	0	0	2	0.5625	0.536	0.867083	0.152979	1582	2971	4553
3142	5/15/2011	2	0	5	19	0	0	0	1	0.56	0.5303	0.83	0.1045	78	153	231	135	2	0	5	0	0	0	2	0.5625	0.536	0.867083	0.152979	1582	2971	4553
3143	5/15/2011	2	0	5	20	0	0	0	1	0.54	0.5152	0.88	0	53	138	191	135	2	0	5	0	0	0	2	0.5625	0.536	0.867083	0.152979	1582	2971	4553
3144	5/15/2011	2	0	5	21	0	0	0	1	0.54	0.5152	0.88	0	44	107	151	135	2	0	5	0	0	0	2	0.5625	0.536	0.867083	0.152979	1582	2971	4553
3145	5/15/2011	2	0	5	22	0	0	0	1	0.56	0.5303	0.83	0	29	88	117	135	2	0	5	0	0	0	2	0.5625	0.536	0.867083	0.152979	1582	2971	4553
3146	5/15/2011	2	0	5	23	0	0	0	1	0.54	0.5152	0.88	0.2239	18	51	69	135	2	0	5	0	0	0	2	0.5625	0.536	0.867083	0.152979	1582	2971	4553
3147	5/16/2011	2	0	5	0	0	1	1	1	0.52	0.5	0.94	0.1045	17	21	38	136	2	0	5	0	1	1	1	0.5775	0.550512	0.787917	0.126871	773	3185	3958
3148	5/16/2011	2	0	5	1	0	1	1	1	0.52	0.5	0.94	0.1343	6	8	14	136	2	0	5	0	1	1	1	0.5775	0.550512	0.787917	0.126871	773	3185	3958
3149	5/16/2011	2	0	5	2	0	1	1	1	0.5	0.4848	1	0.0896	4	9	13	136	2	0	5	0	1	1	1	0.5775	0.550512	0.787917	0.126871	773	3185	3958
3150	5/16/2011	2	0	5	3	0	1	1	1	0.5	0.4848	0.94	0.1642	1	3	4	136	2	0	5	0	1	1	1	0.5775	0.550512	0.787917	0.126871	773	3185	3958
3151	5/16/2011	2	0	5	4	0	1	1	1	0.5	0.4848	1	0.1343	1	5	6	136	2	0	5	0	1	1	1	0.5775	0.550512	0.787917	0.126871	773	3185	3958
3152	5/16/2011	2	0	5	5	0	1	1	1	0.5	0.4848	0.93	0.194	1	20	21	136	2	0	5	0	1	1	1	0.5775	0.550512	0.787917	0.126871	773	3185	3958
3153	5/16/2011	2	0	5	6	0	1	1	1	0.52	0.5	0.88	0.1642	11	93	104	136	2	0	5	0	1	1	1	0.5775	0.550512	0.787917	0.126871	773	3185	3958
3154	5/16/2011	2	0	5	7	0	1	1	1	0.52	0.5	0.83	0.2836	27	245	272	136	2	0	5	0	1	1	1	0.5775	0.550512	0.787917	0.126871	773	3185	3958
3155	5/16/2011	2	0	5	8	0	1	1	1	0.56	0.5303	0.73	0.2985	28	366	394	136	2	0	5	0	1	1	1	0.5775	0.550512	0.787917	0.126871	773	3185	3958
3156	5/16/2011	2	0	5	9	0	1	1	1	0.6	0.5909	0.69	0.194	38	156	194	136	2	0	5	0	1	1	1	0.5775	0.550512	0.787917	0.126871	773	3185	3958
3157	5/16/2011	2	0	5	10	0	1	1	1	0.62	0.6061	0.65	0.0896	37	75	112	136	2	0	5	0	1	1	1	0.5775	0.550512	0.787917	0.126871	773	3185	3958
3158	5/16/2011	2	0	5	11	0	1	1	1	0.64	0.6212	0.57	0	56	129	185	136	2	0	5	0	1	1	1	0.5775	0.550512	0.787917	0.126871	773	3185	3958
3159	5/16/2011	2	0	5	12	0	1	1	1	0.66	0.6212	0.54	0.0896	72	137	209	136	2	0	5	0	1	1	1	0.5775	0.550512	0.787917	0.126871	773	3185	3958
3160	5/16/2011	2	0	5	13	0	1	1	1	0.68	0.6364	0.51	0	61	153	214	136	2	0	5	0	1	1	1	0.5775	0.550512	0.787917	0.126871	773	3185	3958
3161	5/16/2011	2	0	5	14	0	1	1	1	0.68	0.6364	0.51	0	76	117	193	136	2	0	5	0	1	1	1	0.5775	0.550512	0.787917	0.126871	773	3185	3958
3162	5/16/2011	2	0	5	15	0	1	1	1	0.72	0.6667	0.51	0	55	110	165	136	2	0	5	0	1	1	1	0.5775	0.550512	0.787917	0.126871	773	3185	3958
3163	5/16/2011	2	0	5	16	0	1	1	3	0.6	0.5758	0.78	0.2537	45	181	226	136	2	0	5	0	1	1	1	0.5775	0.550512	0.787917	0.126871	773	3185	3958
3164	5/16/2011	2	0	5	17	0	1	1	1	0.58	0.5455	0.88	0.2239	47	227	274	136	2	0	5	0	1	1	1	0.5775	0.550512	0.787917	0.126871	773	3185	3958
3165	5/16/2011	2	0	5	18	0	1	1	3	0.58	0.5455	0.83	0.194	55	398	453	136	2	0	5	0	1	1	1	0.5775	0.550512	0.787917	0.126871	773	3185	3958
3166	5/16/2011	2	0	5	19	0	1	1	1	0.58	0.5455	0.83	0.2537	36	272	308	136	2	0	5	0	1	1	1	0.5775	0.550512	0.787917	0.126871	773	3185	3958
3167	5/16/2011	2	0	5	20	0	1	1	1	0.58	0.5455	0.83	0	31	167	198	136	2	0	5	0	1	1	1	0.5775	0.550512	0.787917	0.126871	773	3185	3958
3168	5/16/2011	2	0	5	21	0	1	1	1	0.58	0.5455	0.83	0	28	149	177	136	2	0	5	0	1	1	1	0.5775	0.550512	0.787917	0.126871	773	3185	3958
3169	5/16/2011	2	0	5	22	0	1	1	1	0.56	0.5303	0.88	0.0896	22	105	127	136	2	0	5	0	1	1	1	0.5775	0.550512	0.787917	0.126871	773	3185	3958
3170	5/16/2011	2	0	5	23	0	1	1	1	0.56	0.5303	0.88	0.0896	18	39	57	136	2	0	5	0	1	1	1	0.5775	0.550512	0.787917	0.126871	773	3185	3958
3171	5/17/2011	2	0	5	0	0	2	1	2	0.56	0.5303	0.88	0	13	18	31	137	2	0	5	0	2	1	2	0.561667	0.538529	0.837917	0.277354	678	3445	4123
3172	5/17/2011	2	0	5	1	0	2	1	3	0.56	0.5303	0.88	0	7	6	13	137	2	0	5	0	2	1	2	0.561667	0.538529	0.837917	0.277354	678	3445	4123
3173	5/17/2011	2	0	5	2	0	2	1	3	0.56	0.5303	0.88	0	4	4	8	137	2	0	5	0	2	1	2	0.561667	0.538529	0.837917	0.277354	678	3445	4123
3174	5/17/2011	2	0	5	3	0	2	1	3	0.54	0.5152	0.94	0.2537	1	3	4	137	2	0	5	0	2	1	2	0.561667	0.538529	0.837917	0.277354	678	3445	4123
3175	5/17/2011	2	0	5	4	0	2	1	3	0.54	0.5152	0.94	0.2537	2	2	4	137	2	0	5	0	2	1	2	0.561667	0.538529	0.837917	0.277354	678	3445	4123
3176	5/17/2011	2	0	5	5	0	2	1	3	0.52	0.5	0.94	0.2537	0	22	22	137	2	0	5	0	2	1	2	0.561667	0.538529	0.837917	0.277354	678	3445	4123
3177	5/17/2011	2	0	5	6	0	2	1	3	0.52	0.5	0.94	0.2537	0	49	49	137	2	0	5	0	2	1	2	0.561667	0.538529	0.837917	0.277354	678	3445	4123
3178	5/17/2011	2	0	5	7	0	2	1	2	0.52	0.5	0.94	0.2537	13	138	151	137	2	0	5	0	2	1	2	0.561667	0.538529	0.837917	0.277354	678	3445	4123
3179	5/17/2011	2	0	5	8	0	2	1	2	0.52	0.5	0.94	0.2985	22	325	347	137	2	0	5	0	2	1	2	0.561667	0.538529	0.837917	0.277354	678	3445	4123
3180	5/17/2011	2	0	5	9	0	2	1	2	0.54	0.5152	0.88	0.2537	17	190	207	137	2	0	5	0	2	1	2	0.561667	0.538529	0.837917	0.277354	678	3445	4123
3181	5/17/2011	2	0	5	10	0	2	1	3	0.54	0.5152	0.88	0.2537	31	73	104	137	2	0	5	0	2	1	2	0.561667	0.538529	0.837917	0.277354	678	3445	4123
3182	5/17/2011	2	0	5	11	0	2	1	2	0.56	0.5303	0.83	0.4179	26	104	130	137	2	0	5	0	2	1	2	0.561667	0.538529	0.837917	0.277354	678	3445	4123
3183	5/17/2011	2	0	5	12	0	2	1	3	0.56	0.5303	0.83	0.4179	38	115	153	137	2	0	5	0	2	1	2	0.561667	0.538529	0.837917	0.277354	678	3445	4123
3184	5/17/2011	2	0	5	13	0	2	1	2	0.56	0.5303	0.88	0.3284	31	141	172	137	2	0	5	0	2	1	2	0.561667	0.538529	0.837917	0.277354	678	3445	4123
3185	5/17/2011	2	0	5	14	0	2	1	1	0.62	0.5909	0.73	0.4627	61	123	184	137	2	0	5	0	2	1	2	0.561667	0.538529	0.837917	0.277354	678	3445	4123
3186	5/17/2011	2	0	5	15	0	2	1	1	0.62	0.6061	0.69	0.4478	79	131	210	137	2	0	5	0	2	1	2	0.561667	0.538529	0.837917	0.277354	678	3445	4123
3187	5/17/2011	2	0	5	16	0	2	1	1	0.62	0.6061	0.61	0.3284	73	217	290	137	2	0	5	0	2	1	2	0.561667	0.538529	0.837917	0.277354	678	3445	4123
3188	5/17/2011	2	0	5	17	0	2	1	1	0.62	0.6061	0.65	0.4179	83	521	604	137	2	0	5	0	2	1	2	0.561667	0.538529	0.837917	0.277354	678	3445	4123
3189	5/17/2011	2	0	5	18	0	2	1	1	0.6	0.5909	0.69	0.2985	54	426	480	137	2	0	5	0	2	1	2	0.561667	0.538529	0.837917	0.277354	678	3445	4123
3190	5/17/2011	2	0	5	19	0	2	1	1	0.6	0.5909	0.69	0.2537	51	298	349	137	2	0	5	0	2	1	2	0.561667	0.538529	0.837917	0.277354	678	3445	4123
3191	5/17/2011	2	0	5	20	0	2	1	1	0.58	0.5455	0.83	0.4179	30	253	283	137	2	0	5	0	2	1	2	0.561667	0.538529	0.837917	0.277354	678	3445	4123
3192	5/17/2011	2	0	5	21	0	2	1	1	0.54	0.5152	0.88	0.2537	23	151	174	137	2	0	5	0	2	1	2	0.561667	0.538529	0.837917	0.277354	678	3445	4123
3193	5/17/2011	2	0	5	22	0	2	1	2	0.54	0.5152	0.88	0.2836	12	86	98	137	2	0	5	0	2	1	2	0.561667	0.538529	0.837917	0.277354	678	3445	4123
3194	5/17/2011	2	0	5	23	0	2	1	2	0.54	0.5152	0.88	0.2537	7	49	56	137	2	0	5	0	2	1	2	0.561667	0.538529	0.837917	0.277354	678	3445	4123
3195	5/18/2011	2	0	5	0	0	3	1	2	0.54	0.5152	0.88	0.2239	8	15	23	138	2	0	5	0	3	1	2	0.55	0.527158	0.87	0.201492	536	3319	3855
3196	5/18/2011	2	0	5	1	0	3	1	2	0.54	0.5152	0.88	0.2537	3	9	12	138	2	0	5	0	3	1	2	0.55	0.527158	0.87	0.201492	536	3319	3855
3197	5/18/2011	2	0	5	2	0	3	1	3	0.52	0.5	0.94	0.2239	1	5	6	138	2	0	5	0	3	1	2	0.55	0.527158	0.87	0.201492	536	3319	3855
3198	5/18/2011	2	0	5	3	0	3	1	3	0.52	0.5	0.94	0.2985	6	3	9	138	2	0	5	0	3	1	2	0.55	0.527158	0.87	0.201492	536	3319	3855
3199	5/18/2011	2	0	5	4	0	3	1	3	0.52	0.5	0.94	0.2985	1	2	3	138	2	0	5	0	3	1	2	0.55	0.527158	0.87	0.201492	536	3319	3855
3200	5/18/2011	2	0	5	5	0	3	1	1	0.52	0.5	1	0.2239	0	9	9	138	2	0	5	0	3	1	2	0.55	0.527158	0.87	0.201492	536	3319	3855
3201	5/18/2011	2	0	5	6	0	3	1	1	0.52	0.5	1	0.1343	2	99	101	138	2	0	5	0	3	1	2	0.55	0.527158	0.87	0.201492	536	3319	3855
3202	5/18/2011	2	0	5	7	0	3	1	1	0.54	0.5152	0.88	0.194	14	260	274	138	2	0	5	0	3	1	2	0.55	0.527158	0.87	0.201492	536	3319	3855
3203	5/18/2011	2	0	5	8	0	3	1	1	0.56	0.5303	0.88	0.2836	25	428	453	138	2	0	5	0	3	1	2	0.55	0.527158	0.87	0.201492	536	3319	3855
3204	5/18/2011	2	0	5	9	0	3	1	3	0.56	0.5303	0.83	0.2537	26	176	202	138	2	0	5	0	3	1	2	0.55	0.527158	0.87	0.201492	536	3319	3855
3205	5/18/2011	2	0	5	10	0	3	1	3	0.54	0.5152	0.88	0.2836	33	73	106	138	2	0	5	0	3	1	2	0.55	0.527158	0.87	0.201492	536	3319	3855
3206	5/18/2011	2	0	5	11	0	3	1	2	0.54	0.5152	0.94	0.0896	6	17	23	138	2	0	5	0	3	1	2	0.55	0.527158	0.87	0.201492	536	3319	3855
3207	5/18/2011	2	0	5	12	0	3	1	1	0.56	0.5303	0.94	0.2985	12	42	54	138	2	0	5	0	3	1	2	0.55	0.527158	0.87	0.201492	536	3319	3855
3208	5/18/2011	2	0	5	13	0	3	1	2	0.56	0.5303	0.83	0.3284	30	92	122	138	2	0	5	0	3	1	2	0.55	0.527158	0.87	0.201492	536	3319	3855
3209	5/18/2011	2	0	5	14	0	3	1	2	0.58	0.5455	0.78	0.2836	44	94	138	138	2	0	5	0	3	1	2	0.55	0.527158	0.87	0.201492	536	3319	3855
3210	5/18/2011	2	0	5	15	0	3	1	1	0.6	0.5758	0.78	0.2537	34	133	167	138	2	0	5	0	3	1	2	0.55	0.527158	0.87	0.201492	536	3319	3855
3211	5/18/2011	2	0	5	16	0	3	1	1	0.6	0.5909	0.73	0.194	53	241	294	138	2	0	5	0	3	1	2	0.55	0.527158	0.87	0.201492	536	3319	3855
3212	5/18/2011	2	0	5	17	0	3	1	1	0.6	0.5909	0.69	0.1343	78	487	565	138	2	0	5	0	3	1	2	0.55	0.527158	0.87	0.201492	536	3319	3855
3213	5/18/2011	2	0	5	18	0	3	1	1	0.6	0.5909	0.73	0.2239	58	431	489	138	2	0	5	0	3	1	2	0.55	0.527158	0.87	0.201492	536	3319	3855
3214	5/18/2011	2	0	5	19	0	3	1	3	0.56	0.5303	0.88	0.1343	43	288	331	138	2	0	5	0	3	1	2	0.55	0.527158	0.87	0.201492	536	3319	3855
3215	5/18/2011	2	0	5	20	0	3	1	3	0.56	0.5303	0.88	0.1343	24	189	213	138	2	0	5	0	3	1	2	0.55	0.527158	0.87	0.201492	536	3319	3855
3216	5/18/2011	2	0	5	21	0	3	1	1	0.52	0.5	0.88	0	11	74	85	138	2	0	5	0	3	1	2	0.55	0.527158	0.87	0.201492	536	3319	3855
3217	5/18/2011	2	0	5	22	0	3	1	1	0.52	0.5	0.83	0	14	103	117	138	2	0	5	0	3	1	2	0.55	0.527158	0.87	0.201492	536	3319	3855
3218	5/18/2011	2	0	5	23	0	3	1	1	0.52	0.5	0.94	0.0896	10	49	59	138	2	0	5	0	3	1	2	0.55	0.527158	0.87	0.201492	536	3319	3855
3219	5/19/2011	2	0	5	0	0	4	1	1	0.52	0.5	0.94	0.1045	6	23	29	139	2	0	5	0	4	1	2	0.530833	0.510742	0.829583	0.108213	735	3840	4575
3220	5/19/2011	2	0	5	1	0	4	1	1	0.5	0.4848	0.94	0	2	4	6	139	2	0	5	0	4	1	2	0.530833	0.510742	0.829583	0.108213	735	3840	4575
3221	5/19/2011	2	0	5	2	0	4	1	1	0.5	0.4848	0.94	0	3	12	15	139	2	0	5	0	4	1	2	0.530833	0.510742	0.829583	0.108213	735	3840	4575
3222	5/19/2011	2	0	5	3	0	4	1	1	0.48	0.4697	1	0	1	3	4	139	2	0	5	0	4	1	2	0.530833	0.510742	0.829583	0.108213	735	3840	4575
3223	5/19/2011	2	0	5	4	0	4	1	1	0.48	0.4697	0.94	0	2	3	5	139	2	0	5	0	4	1	2	0.530833	0.510742	0.829583	0.108213	735	3840	4575
3224	5/19/2011	2	0	5	5	0	4	1	1	0.48	0.4697	0.94	0	2	24	26	139	2	0	5	0	4	1	2	0.530833	0.510742	0.829583	0.108213	735	3840	4575
3225	5/19/2011	2	0	5	6	0	4	1	2	0.5	0.4848	0.94	0	17	86	103	139	2	0	5	0	4	1	2	0.530833	0.510742	0.829583	0.108213	735	3840	4575
3226	5/19/2011	2	0	5	7	0	4	1	2	0.5	0.4848	1	0	18	239	257	139	2	0	5	0	4	1	2	0.530833	0.510742	0.829583	0.108213	735	3840	4575
3227	5/19/2011	2	0	5	8	0	4	1	2	0.52	0.5	0.88	0	34	453	487	139	2	0	5	0	4	1	2	0.530833	0.510742	0.829583	0.108213	735	3840	4575
3228	5/19/2011	2	0	5	9	0	4	1	2	0.54	0.5152	0.88	0.0896	40	176	216	139	2	0	5	0	4	1	2	0.530833	0.510742	0.829583	0.108213	735	3840	4575
3229	5/19/2011	2	0	5	10	0	4	1	2	0.54	0.5152	0.83	0	35	95	130	139	2	0	5	0	4	1	2	0.530833	0.510742	0.829583	0.108213	735	3840	4575
3230	5/19/2011	2	0	5	11	0	4	1	3	0.54	0.5152	0.88	0.1642	53	111	164	139	2	0	5	0	4	1	2	0.530833	0.510742	0.829583	0.108213	735	3840	4575
3231	5/19/2011	2	0	5	12	0	4	1	2	0.58	0.5455	0.78	0.1045	38	130	168	139	2	0	5	0	4	1	2	0.530833	0.510742	0.829583	0.108213	735	3840	4575
3232	5/19/2011	2	0	5	13	0	4	1	3	0.58	0.5455	0.64	0.2537	44	139	183	139	2	0	5	0	4	1	2	0.530833	0.510742	0.829583	0.108213	735	3840	4575
3233	5/19/2011	2	0	5	14	0	4	1	3	0.54	0.5152	0.73	0.194	43	137	180	139	2	0	5	0	4	1	2	0.530833	0.510742	0.829583	0.108213	735	3840	4575
3234	5/19/2011	2	0	5	15	0	4	1	1	0.56	0.5303	0.78	0.1642	63	125	188	139	2	0	5	0	4	1	2	0.530833	0.510742	0.829583	0.108213	735	3840	4575
3235	5/19/2011	2	0	5	16	0	4	1	1	0.58	0.5455	0.64	0.194	55	247	302	139	2	0	5	0	4	1	2	0.530833	0.510742	0.829583	0.108213	735	3840	4575
3236	5/19/2011	2	0	5	17	0	4	1	1	0.56	0.5303	0.78	0.1642	60	487	547	139	2	0	5	0	4	1	2	0.530833	0.510742	0.829583	0.108213	735	3840	4575
3237	5/19/2011	2	0	5	18	0	4	1	1	0.6	0.6212	0.55	0.1642	59	454	513	139	2	0	5	0	4	1	2	0.530833	0.510742	0.829583	0.108213	735	3840	4575
3238	5/19/2011	2	0	5	19	0	4	1	1	0.58	0.5455	0.6	0.1343	65	345	410	139	2	0	5	0	4	1	2	0.530833	0.510742	0.829583	0.108213	735	3840	4575
3239	5/19/2011	2	0	5	20	0	4	1	1	0.54	0.5152	0.77	0.2836	46	236	282	139	2	0	5	0	4	1	2	0.530833	0.510742	0.829583	0.108213	735	3840	4575
3240	5/19/2011	2	0	5	21	0	4	1	1	0.54	0.5152	0.77	0.2836	29	180	209	139	2	0	5	0	4	1	2	0.530833	0.510742	0.829583	0.108213	735	3840	4575
3241	5/19/2011	2	0	5	22	0	4	1	3	0.5	0.4848	0.82	0.2985	11	68	79	139	2	0	5	0	4	1	2	0.530833	0.510742	0.829583	0.108213	735	3840	4575
3242	5/19/2011	2	0	5	23	0	4	1	1	0.48	0.4697	0.94	0	9	63	72	139	2	0	5	0	4	1	2	0.530833	0.510742	0.829583	0.108213	735	3840	4575
3243	5/20/2011	2	0	5	0	0	5	1	1	0.46	0.4545	0.94	0.0896	15	33	48	140	2	0	5	0	5	1	1	0.536667	0.529042	0.719583	0.125013	909	4008	4917
3244	5/20/2011	2	0	5	1	0	5	1	1	0.46	0.4545	1	0	8	17	25	140	2	0	5	0	5	1	1	0.536667	0.529042	0.719583	0.125013	909	4008	4917
3245	5/20/2011	2	0	5	2	0	5	1	1	0.44	0.4394	1	0.0896	4	4	8	140	2	0	5	0	5	1	1	0.536667	0.529042	0.719583	0.125013	909	4008	4917
3246	5/20/2011	2	0	5	3	0	5	1	1	0.44	0.4394	1	0	1	4	5	140	2	0	5	0	5	1	1	0.536667	0.529042	0.719583	0.125013	909	4008	4917
3247	5/20/2011	2	0	5	4	0	5	1	1	0.44	0.4394	0.94	0.0896	1	4	5	140	2	0	5	0	5	1	1	0.536667	0.529042	0.719583	0.125013	909	4008	4917
3248	5/20/2011	2	0	5	5	0	5	1	1	0.44	0.4394	0.94	0.1045	0	28	28	140	2	0	5	0	5	1	1	0.536667	0.529042	0.719583	0.125013	909	4008	4917
3249	5/20/2011	2	0	5	6	0	5	1	1	0.46	0.4545	0.88	0.1045	15	102	117	140	2	0	5	0	5	1	1	0.536667	0.529042	0.719583	0.125013	909	4008	4917
3250	5/20/2011	2	0	5	7	0	5	1	1	0.5	0.4848	0.77	0.1642	30	289	319	140	2	0	5	0	5	1	1	0.536667	0.529042	0.719583	0.125013	909	4008	4917
3251	5/20/2011	2	0	5	8	0	5	1	1	0.54	0.5152	0.68	0	41	476	517	140	2	0	5	0	5	1	1	0.536667	0.529042	0.719583	0.125013	909	4008	4917
3252	5/20/2011	2	0	5	9	0	5	1	1	0.54	0.5152	0.68	0.2239	35	199	234	140	2	0	5	0	5	1	1	0.536667	0.529042	0.719583	0.125013	909	4008	4917
3253	5/20/2011	2	0	5	10	0	5	1	1	0.56	0.5303	0.64	0.194	44	104	148	140	2	0	5	0	5	1	1	0.536667	0.529042	0.719583	0.125013	909	4008	4917
3254	5/20/2011	2	0	5	11	0	5	1	2	0.58	0.5455	0.6	0.194	63	133	196	140	2	0	5	0	5	1	1	0.536667	0.529042	0.719583	0.125013	909	4008	4917
3255	5/20/2011	2	0	5	12	0	5	1	2	0.6	0.6212	0.56	0.2537	69	186	255	140	2	0	5	0	5	1	1	0.536667	0.529042	0.719583	0.125013	909	4008	4917
3256	5/20/2011	2	0	5	13	0	5	1	3	0.6	0.6212	0.56	0.2836	60	172	232	140	2	0	5	0	5	1	1	0.536667	0.529042	0.719583	0.125013	909	4008	4917
3257	5/20/2011	2	0	5	14	0	5	1	1	0.62	0.6212	0.53	0.2239	66	131	197	140	2	0	5	0	5	1	1	0.536667	0.529042	0.719583	0.125013	909	4008	4917
3258	5/20/2011	2	0	5	15	0	5	1	2	0.6	0.6212	0.56	0.194	74	168	242	140	2	0	5	0	5	1	1	0.536667	0.529042	0.719583	0.125013	909	4008	4917
3259	5/20/2011	2	0	5	16	0	5	1	2	0.6	0.6212	0.53	0.1642	61	269	330	140	2	0	5	0	5	1	1	0.536667	0.529042	0.719583	0.125013	909	4008	4917
3260	5/20/2011	2	0	5	17	0	5	1	1	0.62	0.6212	0.53	0	71	483	554	140	2	0	5	0	5	1	1	0.536667	0.529042	0.719583	0.125013	909	4008	4917
3261	5/20/2011	2	0	5	18	0	5	1	1	0.6	0.6212	0.56	0.1642	79	394	473	140	2	0	5	0	5	1	1	0.536667	0.529042	0.719583	0.125013	909	4008	4917
3262	5/20/2011	2	0	5	19	0	5	1	1	0.58	0.5455	0.64	0.0896	49	253	302	140	2	0	5	0	5	1	1	0.536667	0.529042	0.719583	0.125013	909	4008	4917
3263	5/20/2011	2	0	5	20	0	5	1	1	0.58	0.5455	0.64	0.1045	40	180	220	140	2	0	5	0	5	1	1	0.536667	0.529042	0.719583	0.125013	909	4008	4917
3264	5/20/2011	2	0	5	21	0	5	1	1	0.56	0.5303	0.64	0.1045	40	155	195	140	2	0	5	0	5	1	1	0.536667	0.529042	0.719583	0.125013	909	4008	4917
3265	5/20/2011	2	0	5	22	0	5	1	1	0.54	0.5152	0.73	0	28	124	152	140	2	0	5	0	5	1	1	0.536667	0.529042	0.719583	0.125013	909	4008	4917
3266	5/20/2011	2	0	5	23	0	5	1	1	0.52	0.5	0.72	0.1642	15	100	115	140	2	0	5	0	5	1	1	0.536667	0.529042	0.719583	0.125013	909	4008	4917
3267	5/21/2011	2	0	5	0	0	6	0	1	0.52	0.5	0.77	0.1045	20	78	98	141	2	0	5	0	6	0	1	0.6025	0.571975	0.626667	0.12065	2258	3547	5805
3268	5/21/2011	2	0	5	1	0	6	0	1	0.52	0.5	0.72	0	8	64	72	141	2	0	5	0	6	0	1	0.6025	0.571975	0.626667	0.12065	2258	3547	5805
3269	5/21/2011	2	0	5	2	0	6	0	1	0.52	0.5	0.72	0.1045	5	35	40	141	2	0	5	0	6	0	1	0.6025	0.571975	0.626667	0.12065	2258	3547	5805
3270	5/21/2011	2	0	5	3	0	6	0	1	0.48	0.4697	0.82	0.1045	7	12	19	141	2	0	5	0	6	0	1	0.6025	0.571975	0.626667	0.12065	2258	3547	5805
3271	5/21/2011	2	0	5	4	0	6	0	1	0.46	0.4545	0.88	0.1343	1	6	7	141	2	0	5	0	6	0	1	0.6025	0.571975	0.626667	0.12065	2258	3547	5805
3272	5/21/2011	2	0	5	5	0	6	0	1	0.46	0.4545	0.88	0.1045	1	4	5	141	2	0	5	0	6	0	1	0.6025	0.571975	0.626667	0.12065	2258	3547	5805
3273	5/21/2011	2	0	5	6	0	6	0	1	0.5	0.4848	0.82	0.1343	6	22	28	141	2	0	5	0	6	0	1	0.6025	0.571975	0.626667	0.12065	2258	3547	5805
3274	5/21/2011	2	0	5	7	0	6	0	1	0.54	0.5152	0.73	0.1343	10	33	43	141	2	0	5	0	6	0	1	0.6025	0.571975	0.626667	0.12065	2258	3547	5805
3275	5/21/2011	2	0	5	8	0	6	0	1	0.56	0.5303	0.68	0.2836	29	97	126	141	2	0	5	0	6	0	1	0.6025	0.571975	0.626667	0.12065	2258	3547	5805
3276	5/21/2011	2	0	5	9	0	6	0	1	0.6	0.6061	0.64	0.2239	60	165	225	141	2	0	5	0	6	0	1	0.6025	0.571975	0.626667	0.12065	2258	3547	5805
3277	5/21/2011	2	0	5	10	0	6	0	1	0.62	0.6061	0.61	0.1045	122	201	323	141	2	0	5	0	6	0	1	0.6025	0.571975	0.626667	0.12065	2258	3547	5805
3278	5/21/2011	2	0	5	11	0	6	0	1	0.64	0.6212	0.53	0.1343	173	245	418	141	2	0	5	0	6	0	1	0.6025	0.571975	0.626667	0.12065	2258	3547	5805
3279	5/21/2011	2	0	5	12	0	6	0	1	0.66	0.6212	0.5	0	222	271	493	141	2	0	5	0	6	0	1	0.6025	0.571975	0.626667	0.12065	2258	3547	5805
3280	5/21/2011	2	0	5	13	0	6	0	1	0.7	0.6364	0.45	0	191	271	462	141	2	0	5	0	6	0	1	0.6025	0.571975	0.626667	0.12065	2258	3547	5805
3281	5/21/2011	2	0	5	14	0	6	0	1	0.72	0.6515	0.42	0	187	269	456	141	2	0	5	0	6	0	1	0.6025	0.571975	0.626667	0.12065	2258	3547	5805
3282	5/21/2011	2	0	5	15	0	6	0	1	0.72	0.6515	0.45	0.2537	232	274	506	141	2	0	5	0	6	0	1	0.6025	0.571975	0.626667	0.12065	2258	3547	5805
3283	5/21/2011	2	0	5	16	0	6	0	2	0.72	0.6515	0.39	0.2537	204	267	471	141	2	0	5	0	6	0	1	0.6025	0.571975	0.626667	0.12065	2258	3547	5805
3284	5/21/2011	2	0	5	17	0	6	0	2	0.72	0.6515	0.42	0.1642	191	253	444	141	2	0	5	0	6	0	1	0.6025	0.571975	0.626667	0.12065	2258	3547	5805
3285	5/21/2011	2	0	5	18	0	6	0	2	0.7	0.6364	0.45	0.1642	191	253	444	141	2	0	5	0	6	0	1	0.6025	0.571975	0.626667	0.12065	2258	3547	5805
3286	5/21/2011	2	0	5	19	0	6	0	1	0.68	0.6364	0.47	0.1642	117	184	301	141	2	0	5	0	6	0	1	0.6025	0.571975	0.626667	0.12065	2258	3547	5805
3287	5/21/2011	2	0	5	20	0	6	0	1	0.62	0.6061	0.61	0	84	164	248	141	2	0	5	0	6	0	1	0.6025	0.571975	0.626667	0.12065	2258	3547	5805
3288	5/21/2011	2	0	5	21	0	6	0	1	0.62	0.6061	0.61	0.1045	77	150	227	141	2	0	5	0	6	0	1	0.6025	0.571975	0.626667	0.12065	2258	3547	5805
3289	5/21/2011	2	0	5	22	0	6	0	1	0.6	0.5909	0.69	0.1343	78	126	204	141	2	0	5	0	6	0	1	0.6025	0.571975	0.626667	0.12065	2258	3547	5805
3290	5/21/2011	2	0	5	23	0	6	0	1	0.58	0.5455	0.78	0.0896	42	103	145	141	2	0	5	0	6	0	1	0.6025	0.571975	0.626667	0.12065	2258	3547	5805
3291	5/22/2011	2	0	5	0	0	0	0	1	0.54	0.5152	0.88	0.1642	31	100	131	142	2	0	5	0	0	0	1	0.604167	0.5745	0.749583	0.148008	1576	3084	4660
3292	5/22/2011	2	0	5	1	0	0	0	1	0.52	0.5	0.94	0.1343	17	81	98	142	2	0	5	0	0	0	1	0.604167	0.5745	0.749583	0.148008	1576	3084	4660
3293	5/22/2011	2	0	5	2	0	0	0	1	0.52	0.5	0.94	0.1045	18	50	68	142	2	0	5	0	0	0	1	0.604167	0.5745	0.749583	0.148008	1576	3084	4660
3294	5/22/2011	2	0	5	3	0	0	0	1	0.5	0.4848	1	0.1045	10	23	33	142	2	0	5	0	0	0	1	0.604167	0.5745	0.749583	0.148008	1576	3084	4660
3295	5/22/2011	2	0	5	4	0	0	0	1	0.5	0.4848	1	0	3	9	12	142	2	0	5	0	0	0	1	0.604167	0.5745	0.749583	0.148008	1576	3084	4660
3296	5/22/2011	2	0	5	5	0	0	0	1	0.5	0.4848	1	0.1045	1	5	6	142	2	0	5	0	0	0	1	0.604167	0.5745	0.749583	0.148008	1576	3084	4660
3297	5/22/2011	2	0	5	6	0	0	0	1	0.52	0.5	0.94	0.1045	5	13	18	142	2	0	5	0	0	0	1	0.604167	0.5745	0.749583	0.148008	1576	3084	4660
3298	5/22/2011	2	0	5	7	0	0	0	1	0.54	0.5152	0.88	0.1045	13	27	40	142	2	0	5	0	0	0	1	0.604167	0.5745	0.749583	0.148008	1576	3084	4660
3299	5/22/2011	2	0	5	8	0	0	0	1	0.6	0.5909	0.73	0.0896	29	65	94	142	2	0	5	0	0	0	1	0.604167	0.5745	0.749583	0.148008	1576	3084	4660
3300	5/22/2011	2	0	5	9	0	0	0	1	0.62	0.6061	0.69	0.1045	59	130	189	142	2	0	5	0	0	0	1	0.604167	0.5745	0.749583	0.148008	1576	3084	4660
3301	5/22/2011	2	0	5	10	0	0	0	1	0.64	0.6061	0.65	0.1343	135	170	305	142	2	0	5	0	0	0	1	0.604167	0.5745	0.749583	0.148008	1576	3084	4660
3302	5/22/2011	2	0	5	11	0	0	0	1	0.7	0.6515	0.54	0.194	164	209	373	142	2	0	5	0	0	0	1	0.604167	0.5745	0.749583	0.148008	1576	3084	4660
3303	5/22/2011	2	0	5	12	0	0	0	2	0.72	0.6667	0.51	0.194	146	255	401	142	2	0	5	0	0	0	1	0.604167	0.5745	0.749583	0.148008	1576	3084	4660
3304	5/22/2011	2	0	5	13	0	0	0	2	0.66	0.6212	0.54	0.2239	180	275	455	142	2	0	5	0	0	0	1	0.604167	0.5745	0.749583	0.148008	1576	3084	4660
3305	5/22/2011	2	0	5	14	0	0	0	3	0.62	0.6061	0.69	0.194	125	191	316	142	2	0	5	0	0	0	1	0.604167	0.5745	0.749583	0.148008	1576	3084	4660
3306	5/22/2011	2	0	5	15	0	0	0	2	0.66	0.6212	0.61	0.1642	110	221	331	142	2	0	5	0	0	0	1	0.604167	0.5745	0.749583	0.148008	1576	3084	4660
3307	5/22/2011	2	0	5	16	0	0	0	1	0.68	0.6364	0.61	0.1343	72	201	273	142	2	0	5	0	0	0	1	0.604167	0.5745	0.749583	0.148008	1576	3084	4660
3308	5/22/2011	2	0	5	17	0	0	0	1	0.7	0.6515	0.58	0.2537	93	213	306	142	2	0	5	0	0	0	1	0.604167	0.5745	0.749583	0.148008	1576	3084	4660
3309	5/22/2011	2	0	5	18	0	0	0	1	0.66	0.6212	0.61	0.2239	120	238	358	142	2	0	5	0	0	0	1	0.604167	0.5745	0.749583	0.148008	1576	3084	4660
3310	5/22/2011	2	0	5	19	0	0	0	1	0.66	0.6212	0.61	0.194	107	193	300	142	2	0	5	0	0	0	1	0.604167	0.5745	0.749583	0.148008	1576	3084	4660
3311	5/22/2011	2	0	5	20	0	0	0	1	0.64	0.6061	0.65	0.1642	57	174	231	142	2	0	5	0	0	0	1	0.604167	0.5745	0.749583	0.148008	1576	3084	4660
3312	5/22/2011	2	0	5	21	0	0	0	1	0.62	0.5909	0.73	0.194	27	109	136	142	2	0	5	0	0	0	1	0.604167	0.5745	0.749583	0.148008	1576	3084	4660
3313	5/22/2011	2	0	5	22	0	0	0	1	0.6	0.5606	0.83	0.1343	35	86	121	142	2	0	5	0	0	0	1	0.604167	0.5745	0.749583	0.148008	1576	3084	4660
3314	5/22/2011	2	0	5	23	0	0	0	2	0.58	0.5455	0.83	0.1343	19	46	65	142	2	0	5	0	0	0	1	0.604167	0.5745	0.749583	0.148008	1576	3084	4660
3315	5/23/2011	2	0	5	0	0	1	1	2	0.56	0.5303	0.88	0.1343	23	18	41	143	2	0	5	0	1	1	2	0.631667	0.590296	0.81	0.233842	836	3438	4274
3316	5/23/2011	2	0	5	1	0	1	1	1	0.56	0.5303	0.88	0.1045	4	5	9	143	2	0	5	0	1	1	2	0.631667	0.590296	0.81	0.233842	836	3438	4274
3317	5/23/2011	2	0	5	2	0	1	1	3	0.56	0.5303	0.88	0.1642	2	3	5	143	2	0	5	0	1	1	2	0.631667	0.590296	0.81	0.233842	836	3438	4274
3318	5/23/2011	2	0	5	3	0	1	1	3	0.54	0.5152	0.94	0.1642	0	4	4	143	2	0	5	0	1	1	2	0.631667	0.590296	0.81	0.233842	836	3438	4274
3319	5/23/2011	2	0	5	4	0	1	1	2	0.54	0.5152	0.94	0	2	2	4	143	2	0	5	0	1	1	2	0.631667	0.590296	0.81	0.233842	836	3438	4274
3320	5/23/2011	2	0	5	5	0	1	1	2	0.54	0.5152	0.94	0	0	11	11	143	2	0	5	0	1	1	2	0.631667	0.590296	0.81	0.233842	836	3438	4274
3321	5/23/2011	2	0	5	6	0	1	1	2	0.54	0.5152	1	0	4	92	96	143	2	0	5	0	1	1	2	0.631667	0.590296	0.81	0.233842	836	3438	4274
3322	5/23/2011	2	0	5	7	0	1	1	2	0.56	0.5303	0.94	0.1045	13	223	236	143	2	0	5	0	1	1	2	0.631667	0.590296	0.81	0.233842	836	3438	4274
3323	5/23/2011	2	0	5	8	0	1	1	1	0.6	0.5455	0.88	0.194	50	359	409	143	2	0	5	0	1	1	2	0.631667	0.590296	0.81	0.233842	836	3438	4274
3324	5/23/2011	2	0	5	9	0	1	1	1	0.6	0.5455	0.88	0.2239	36	131	167	143	2	0	5	0	1	1	2	0.631667	0.590296	0.81	0.233842	836	3438	4274
3325	5/23/2011	2	0	5	10	0	1	1	1	0.66	0.6212	0.74	0.2985	49	72	121	143	2	0	5	0	1	1	2	0.631667	0.590296	0.81	0.233842	836	3438	4274
3326	5/23/2011	2	0	5	11	0	1	1	1	0.68	0.6364	0.69	0.3881	73	107	180	143	2	0	5	0	1	1	2	0.631667	0.590296	0.81	0.233842	836	3438	4274
3327	5/23/2011	2	0	5	12	0	1	1	1	0.68	0.6364	0.69	0.3881	65	139	204	143	2	0	5	0	1	1	2	0.631667	0.590296	0.81	0.233842	836	3438	4274
3328	5/23/2011	2	0	5	13	0	1	1	2	0.74	0.6818	0.58	0.4179	49	155	204	143	2	0	5	0	1	1	2	0.631667	0.590296	0.81	0.233842	836	3438	4274
3329	5/23/2011	2	0	5	14	0	1	1	2	0.72	0.6818	0.62	0.5224	57	130	187	143	2	0	5	0	1	1	2	0.631667	0.590296	0.81	0.233842	836	3438	4274
3330	5/23/2011	2	0	5	15	0	1	1	2	0.72	0.6818	0.62	0.4478	57	119	176	143	2	0	5	0	1	1	2	0.631667	0.590296	0.81	0.233842	836	3438	4274
3331	5/23/2011	2	0	5	16	0	1	1	2	0.72	0.6818	0.62	0.2985	56	223	279	143	2	0	5	0	1	1	2	0.631667	0.590296	0.81	0.233842	836	3438	4274
3332	5/23/2011	2	0	5	17	0	1	1	3	0.72	0.6818	0.7	0.3881	56	373	429	143	2	0	5	0	1	1	2	0.631667	0.590296	0.81	0.233842	836	3438	4274
3333	5/23/2011	2	0	5	18	0	1	1	1	0.7	0.6667	0.74	0.2836	68	385	453	143	2	0	5	0	1	1	2	0.631667	0.590296	0.81	0.233842	836	3438	4274
3334	5/23/2011	2	0	5	19	0	1	1	1	0.7	0.6667	0.74	0.2239	56	302	358	143	2	0	5	0	1	1	2	0.631667	0.590296	0.81	0.233842	836	3438	4274
3335	5/23/2011	2	0	5	20	0	1	1	1	0.64	0.5758	0.83	0.2239	39	271	310	143	2	0	5	0	1	1	2	0.631667	0.590296	0.81	0.233842	836	3438	4274
3336	5/23/2011	2	0	5	21	0	1	1	1	0.64	0.5758	0.89	0.2239	33	155	188	143	2	0	5	0	1	1	2	0.631667	0.590296	0.81	0.233842	836	3438	4274
3337	5/23/2011	2	0	5	22	0	1	1	1	0.62	0.5455	0.94	0.2239	25	106	131	143	2	0	5	0	1	1	2	0.631667	0.590296	0.81	0.233842	836	3438	4274
3338	5/23/2011	2	0	5	23	0	1	1	2	0.62	0.5606	0.88	0.194	19	53	72	143	2	0	5	0	1	1	2	0.631667	0.590296	0.81	0.233842	836	3438	4274
3339	5/24/2011	2	0	5	0	0	2	1	2	0.6	0.5152	0.94	0.194	12	23	35	144	2	0	5	0	2	1	2	0.66	0.604813	0.740833	0.207092	659	3833	4492
3340	5/24/2011	2	0	5	1	0	2	1	2	0.6	0.5152	0.94	0.1642	6	9	15	144	2	0	5	0	2	1	2	0.66	0.604813	0.740833	0.207092	659	3833	4492
3341	5/24/2011	2	0	5	2	0	2	1	2	0.6	0.5152	0.94	0.194	2	8	10	144	2	0	5	0	2	1	2	0.66	0.604813	0.740833	0.207092	659	3833	4492
3342	5/24/2011	2	0	5	3	0	2	1	2	0.58	0.5455	0.94	0.1045	0	2	2	144	2	0	5	0	2	1	2	0.66	0.604813	0.740833	0.207092	659	3833	4492
3343	5/24/2011	2	0	5	4	0	2	1	1	0.6	0.5455	0.88	0.1045	1	3	4	144	2	0	5	0	2	1	2	0.66	0.604813	0.740833	0.207092	659	3833	4492
3344	5/24/2011	2	0	5	5	0	2	1	2	0.58	0.5455	0.94	0.2537	2	22	24	144	2	0	5	0	2	1	2	0.66	0.604813	0.740833	0.207092	659	3833	4492
3345	5/24/2011	2	0	5	6	0	2	1	2	0.58	0.5455	0.94	0.194	10	102	112	144	2	0	5	0	2	1	2	0.66	0.604813	0.740833	0.207092	659	3833	4492
3346	5/24/2011	2	0	5	7	0	2	1	3	0.64	0.5909	0.78	0.194	26	288	314	144	2	0	5	0	2	1	2	0.66	0.604813	0.740833	0.207092	659	3833	4492
3347	5/24/2011	2	0	5	8	0	2	1	3	0.62	0.5758	0.83	0.2239	31	403	434	144	2	0	5	0	2	1	2	0.66	0.604813	0.740833	0.207092	659	3833	4492
3348	5/24/2011	2	0	5	9	0	2	1	2	0.64	0.6061	0.73	0.194	27	111	138	144	2	0	5	0	2	1	2	0.66	0.604813	0.740833	0.207092	659	3833	4492
3349	5/24/2011	2	0	5	10	0	2	1	1	0.7	0.6515	0.61	0.3284	18	90	108	144	2	0	5	0	2	1	2	0.66	0.604813	0.740833	0.207092	659	3833	4492
3350	5/24/2011	2	0	5	11	0	2	1	1	0.74	0.6667	0.51	0.2239	33	142	175	144	2	0	5	0	2	1	2	0.66	0.604813	0.740833	0.207092	659	3833	4492
3351	5/24/2011	2	0	5	12	0	2	1	1	0.76	0.6818	0.45	0.3881	41	129	170	144	2	0	5	0	2	1	2	0.66	0.604813	0.740833	0.207092	659	3833	4492
3352	5/24/2011	2	0	5	13	0	2	1	1	0.78	0.697	0.46	0.2537	38	152	190	144	2	0	5	0	2	1	2	0.66	0.604813	0.740833	0.207092	659	3833	4492
3353	5/24/2011	2	0	5	14	0	2	1	1	0.78	0.697	0.46	0.2836	27	126	153	144	2	0	5	0	2	1	2	0.66	0.604813	0.740833	0.207092	659	3833	4492
3354	5/24/2011	2	0	5	15	0	2	1	3	0.74	0.6818	0.55	0.4179	59	129	188	144	2	0	5	0	2	1	2	0.66	0.604813	0.740833	0.207092	659	3833	4492
3355	5/24/2011	2	0	5	16	0	2	1	1	0.66	0.6212	0.69	0.194	52	225	277	144	2	0	5	0	2	1	2	0.66	0.604813	0.740833	0.207092	659	3833	4492
3356	5/24/2011	2	0	5	17	0	2	1	1	0.7	0.6515	0.61	0.1045	56	492	548	144	2	0	5	0	2	1	2	0.66	0.604813	0.740833	0.207092	659	3833	4492
3357	5/24/2011	2	0	5	18	0	2	1	1	0.7	0.6515	0.7	0.194	74	490	564	144	2	0	5	0	2	1	2	0.66	0.604813	0.740833	0.207092	659	3833	4492
3358	5/24/2011	2	0	5	19	0	2	1	1	0.66	0.6212	0.74	0.194	45	310	355	144	2	0	5	0	2	1	2	0.66	0.604813	0.740833	0.207092	659	3833	4492
3359	5/24/2011	2	0	5	20	0	2	1	1	0.66	0.6212	0.74	0.0896	39	241	280	144	2	0	5	0	2	1	2	0.66	0.604813	0.740833	0.207092	659	3833	4492
3360	5/24/2011	2	0	5	21	0	2	1	1	0.64	0.5909	0.78	0.0896	21	168	189	144	2	0	5	0	2	1	2	0.66	0.604813	0.740833	0.207092	659	3833	4492
3361	5/24/2011	2	0	5	22	0	2	1	3	0.62	0.5606	0.88	0.2239	26	115	141	144	2	0	5	0	2	1	2	0.66	0.604813	0.740833	0.207092	659	3833	4492
3362	5/24/2011	2	0	5	23	0	2	1	3	0.66	0.6212	0.74	0.1642	13	53	66	144	2	0	5	0	2	1	2	0.66	0.604813	0.740833	0.207092	659	3833	4492
3363	5/25/2011	2	0	5	0	0	3	1	3	0.6	0.5606	0.83	0.2239	3	32	35	145	2	0	5	0	3	1	1	0.660833	0.615542	0.69625	0.154233	740	4238	4978
3364	5/25/2011	2	0	5	1	0	3	1	3	0.58	0.5455	0.83	0.194	6	2	8	145	2	0	5	0	3	1	1	0.660833	0.615542	0.69625	0.154233	740	4238	4978
3365	5/25/2011	2	0	5	2	0	3	1	2	0.56	0.5303	0.94	0	0	8	8	145	2	0	5	0	3	1	1	0.660833	0.615542	0.69625	0.154233	740	4238	4978
3366	5/25/2011	2	0	5	3	0	3	1	1	0.54	0.5152	1	0.1343	0	9	9	145	2	0	5	0	3	1	1	0.660833	0.615542	0.69625	0.154233	740	4238	4978
3367	5/25/2011	2	0	5	4	0	3	1	1	0.54	0.5152	1	0.1045	0	3	3	145	2	0	5	0	3	1	1	0.660833	0.615542	0.69625	0.154233	740	4238	4978
3368	5/25/2011	2	0	5	5	0	3	1	1	0.56	0.5303	0.88	0.0896	2	23	25	145	2	0	5	0	3	1	1	0.660833	0.615542	0.69625	0.154233	740	4238	4978
3369	5/25/2011	2	0	5	6	0	3	1	1	0.56	0.5303	0.94	0.0896	4	113	117	145	2	0	5	0	3	1	1	0.660833	0.615542	0.69625	0.154233	740	4238	4978
3370	5/25/2011	2	0	5	7	0	3	1	1	0.62	0.5909	0.73	0.1343	29	284	313	145	2	0	5	0	3	1	1	0.660833	0.615542	0.69625	0.154233	740	4238	4978
3371	5/25/2011	2	0	5	8	0	3	1	1	0.64	0.6061	0.69	0.2239	36	495	531	145	2	0	5	0	3	1	1	0.660833	0.615542	0.69625	0.154233	740	4238	4978
3372	5/25/2011	2	0	5	9	0	3	1	1	0.68	0.6364	0.65	0.0896	27	207	234	145	2	0	5	0	3	1	1	0.660833	0.615542	0.69625	0.154233	740	4238	4978
3373	5/25/2011	2	0	5	10	0	3	1	1	0.7	0.6515	0.61	0.0896	30	105	135	145	2	0	5	0	3	1	1	0.660833	0.615542	0.69625	0.154233	740	4238	4978
3374	5/25/2011	2	0	5	11	0	3	1	1	0.74	0.6667	0.51	0.0896	36	104	140	145	2	0	5	0	3	1	1	0.660833	0.615542	0.69625	0.154233	740	4238	4978
3375	5/25/2011	2	0	5	12	0	3	1	1	0.74	0.6818	0.55	0.1343	32	178	210	145	2	0	5	0	3	1	1	0.660833	0.615542	0.69625	0.154233	740	4238	4978
3376	5/25/2011	2	0	5	13	0	3	1	1	0.74	0.6818	0.55	0.1343	39	163	202	145	2	0	5	0	3	1	1	0.660833	0.615542	0.69625	0.154233	740	4238	4978
3377	5/25/2011	2	0	5	14	0	3	1	1	0.74	0.6818	0.55	0.1642	47	121	168	145	2	0	5	0	3	1	1	0.660833	0.615542	0.69625	0.154233	740	4238	4978
3378	5/25/2011	2	0	5	15	0	3	1	1	0.76	0.697	0.52	0.2537	37	145	182	145	2	0	5	0	3	1	1	0.660833	0.615542	0.69625	0.154233	740	4238	4978
3379	5/25/2011	2	0	5	16	0	3	1	1	0.74	0.6667	0.51	0.2836	61	238	299	145	2	0	5	0	3	1	1	0.660833	0.615542	0.69625	0.154233	740	4238	4978
3380	5/25/2011	2	0	5	17	0	3	1	1	0.74	0.6667	0.51	0.2239	77	524	601	145	2	0	5	0	3	1	1	0.660833	0.615542	0.69625	0.154233	740	4238	4978
3381	5/25/2011	2	0	5	18	0	3	1	1	0.72	0.6667	0.58	0.2239	66	451	517	145	2	0	5	0	3	1	1	0.660833	0.615542	0.69625	0.154233	740	4238	4978
3382	5/25/2011	2	0	5	19	0	3	1	1	0.7	0.6515	0.61	0.1343	73	332	405	145	2	0	5	0	3	1	1	0.660833	0.615542	0.69625	0.154233	740	4238	4978
3383	5/25/2011	2	0	5	20	0	3	1	1	0.7	0.6515	0.61	0.1642	56	284	340	145	2	0	5	0	3	1	1	0.660833	0.615542	0.69625	0.154233	740	4238	4978
3384	5/25/2011	2	0	5	21	0	3	1	1	0.66	0.6212	0.69	0.1343	33	203	236	145	2	0	5	0	3	1	1	0.660833	0.615542	0.69625	0.154233	740	4238	4978
3385	5/25/2011	2	0	5	22	0	3	1	1	0.66	0.6212	0.69	0.2537	34	140	174	145	2	0	5	0	3	1	1	0.660833	0.615542	0.69625	0.154233	740	4238	4978
3386	5/25/2011	2	0	5	23	0	3	1	1	0.64	0.6061	0.73	0.1343	12	74	86	145	2	0	5	0	3	1	1	0.660833	0.615542	0.69625	0.154233	740	4238	4978
3387	5/26/2011	2	0	5	0	0	4	1	1	0.64	0.6061	0.73	0.1343	11	34	45	146	2	0	5	0	4	1	1	0.708333	0.654688	0.6775	0.199642	758	3919	4677
3388	5/26/2011	2	0	5	1	0	4	1	1	0.64	0.6061	0.73	0.1343	3	13	16	146	2	0	5	0	4	1	1	0.708333	0.654688	0.6775	0.199642	758	3919	4677
3389	5/26/2011	2	0	5	2	0	4	1	1	0.62	0.5758	0.83	0.1045	7	7	14	146	2	0	5	0	4	1	1	0.708333	0.654688	0.6775	0.199642	758	3919	4677
3390	5/26/2011	2	0	5	3	0	4	1	1	0.6	0.5455	0.88	0.0896	0	4	4	146	2	0	5	0	4	1	1	0.708333	0.654688	0.6775	0.199642	758	3919	4677
3391	5/26/2011	2	0	5	4	0	4	1	1	0.6	0.5455	0.88	0	0	2	2	146	2	0	5	0	4	1	1	0.708333	0.654688	0.6775	0.199642	758	3919	4677
3392	5/26/2011	2	0	5	5	0	4	1	2	0.6	0.5455	0.88	0.0896	2	25	27	146	2	0	5	0	4	1	1	0.708333	0.654688	0.6775	0.199642	758	3919	4677
3393	5/26/2011	2	0	5	6	0	4	1	2	0.6	0.5	1	0.0896	4	94	98	146	2	0	5	0	4	1	1	0.708333	0.654688	0.6775	0.199642	758	3919	4677
3394	5/26/2011	2	0	5	7	0	4	1	2	0.62	0.5455	0.94	0.2537	16	270	286	146	2	0	5	0	4	1	1	0.708333	0.654688	0.6775	0.199642	758	3919	4677
3395	5/26/2011	2	0	5	8	0	4	1	2	0.66	0.6061	0.83	0.1642	31	458	489	146	2	0	5	0	4	1	1	0.708333	0.654688	0.6775	0.199642	758	3919	4677
3396	5/26/2011	2	0	5	9	0	4	1	1	0.72	0.6818	0.7	0.1642	22	194	216	146	2	0	5	0	4	1	1	0.708333	0.654688	0.6775	0.199642	758	3919	4677
3397	5/26/2011	2	0	5	10	0	4	1	1	0.7	0.6667	0.74	0.2836	49	94	143	146	2	0	5	0	4	1	1	0.708333	0.654688	0.6775	0.199642	758	3919	4677
3398	5/26/2011	2	0	5	11	0	4	1	1	0.74	0.697	0.66	0.2239	36	124	160	146	2	0	5	0	4	1	1	0.708333	0.654688	0.6775	0.199642	758	3919	4677
3399	5/26/2011	2	0	5	12	0	4	1	1	0.78	0.7424	0.59	0.3284	53	141	194	146	2	0	5	0	4	1	1	0.708333	0.654688	0.6775	0.199642	758	3919	4677
3400	5/26/2011	2	0	5	13	0	4	1	1	0.82	0.7727	0.52	0.2836	52	145	197	146	2	0	5	0	4	1	1	0.708333	0.654688	0.6775	0.199642	758	3919	4677
3401	5/26/2011	2	0	5	14	0	4	1	1	0.82	0.7727	0.52	0.2836	44	145	189	146	2	0	5	0	4	1	1	0.708333	0.654688	0.6775	0.199642	758	3919	4677
3402	5/26/2011	2	0	5	15	0	4	1	2	0.82	0.7576	0.46	0.2836	40	101	141	146	2	0	5	0	4	1	1	0.708333	0.654688	0.6775	0.199642	758	3919	4677
3403	5/26/2011	2	0	5	16	0	4	1	2	0.8	0.7424	0.49	0.3582	58	233	291	146	2	0	5	0	4	1	1	0.708333	0.654688	0.6775	0.199642	758	3919	4677
3404	5/26/2011	2	0	5	17	0	4	1	1	0.8	0.7273	0.46	0.2836	49	445	494	146	2	0	5	0	4	1	1	0.708333	0.654688	0.6775	0.199642	758	3919	4677
3405	5/26/2011	2	0	5	18	0	4	1	1	0.8	0.7273	0.46	0.3284	74	404	478	146	2	0	5	0	4	1	1	0.708333	0.654688	0.6775	0.199642	758	3919	4677
3406	5/26/2011	2	0	5	19	0	4	1	1	0.78	0.697	0.46	0.3284	67	311	378	146	2	0	5	0	4	1	1	0.708333	0.654688	0.6775	0.199642	758	3919	4677
3407	5/26/2011	2	0	5	20	0	4	1	1	0.72	0.6667	0.58	0.1642	55	267	322	146	2	0	5	0	4	1	1	0.708333	0.654688	0.6775	0.199642	758	3919	4677
3408	5/26/2011	2	0	5	21	0	4	1	1	0.72	0.6818	0.62	0.0896	45	178	223	146	2	0	5	0	4	1	1	0.708333	0.654688	0.6775	0.199642	758	3919	4677
3409	5/26/2011	2	0	5	22	0	4	1	1	0.7	0.6515	0.65	0.1343	23	157	180	146	2	0	5	0	4	1	1	0.708333	0.654688	0.6775	0.199642	758	3919	4677
3410	5/26/2011	2	0	5	23	0	4	1	1	0.7	0.6515	0.65	0.194	17	73	90	146	2	0	5	0	4	1	1	0.708333	0.654688	0.6775	0.199642	758	3919	4677
3411	5/27/2011	2	0	5	0	0	5	1	1	0.68	0.6364	0.69	0.2537	14	55	69	147	2	0	5	0	5	1	1	0.681667	0.637008	0.65375	0.240679	871	3808	4679
3412	5/27/2011	2	0	5	1	0	5	1	1	0.7	0.6515	0.58	0.2985	14	36	50	147	2	0	5	0	5	1	1	0.681667	0.637008	0.65375	0.240679	871	3808	4679
3413	5/27/2011	2	0	5	2	0	5	1	1	0.68	0.6364	0.61	0.2239	6	12	18	147	2	0	5	0	5	1	1	0.681667	0.637008	0.65375	0.240679	871	3808	4679
3414	5/27/2011	2	0	5	3	0	5	1	1	0.66	0.6212	0.65	0.0896	1	11	12	147	2	0	5	0	5	1	1	0.681667	0.637008	0.65375	0.240679	871	3808	4679
3415	5/27/2011	2	0	5	4	0	5	1	1	0.64	0.6061	0.69	0.1343	2	5	7	147	2	0	5	0	5	1	1	0.681667	0.637008	0.65375	0.240679	871	3808	4679
3416	5/27/2011	2	0	5	5	0	5	1	1	0.64	0.6061	0.65	0.2836	2	29	31	147	2	0	5	0	5	1	1	0.681667	0.637008	0.65375	0.240679	871	3808	4679
3417	5/27/2011	2	0	5	6	0	5	1	1	0.64	0.6061	0.69	0.0896	8	73	81	147	2	0	5	0	5	1	1	0.681667	0.637008	0.65375	0.240679	871	3808	4679
3418	5/27/2011	2	0	5	7	0	5	1	1	0.64	0.6061	0.73	0.1642	20	229	249	147	2	0	5	0	5	1	1	0.681667	0.637008	0.65375	0.240679	871	3808	4679
3419	5/27/2011	2	0	5	8	0	5	1	1	0.66	0.6212	0.74	0.2836	25	393	418	147	2	0	5	0	5	1	1	0.681667	0.637008	0.65375	0.240679	871	3808	4679
3420	5/27/2011	2	0	5	9	0	5	1	1	0.7	0.6515	0.65	0.2836	37	190	227	147	2	0	5	0	5	1	1	0.681667	0.637008	0.65375	0.240679	871	3808	4679
3421	5/27/2011	2	0	5	10	0	5	1	1	0.72	0.6667	0.54	0.3881	42	111	153	147	2	0	5	0	5	1	1	0.681667	0.637008	0.65375	0.240679	871	3808	4679
3422	5/27/2011	2	0	5	11	0	5	1	2	0.74	0.6818	0.55	0.3284	40	126	166	147	2	0	5	0	5	1	1	0.681667	0.637008	0.65375	0.240679	871	3808	4679
3423	5/27/2011	2	0	5	12	0	5	1	2	0.76	0.697	0.55	0.2985	53	190	243	147	2	0	5	0	5	1	1	0.681667	0.637008	0.65375	0.240679	871	3808	4679
3424	5/27/2011	2	0	5	13	0	5	1	1	0.74	0.6818	0.58	0.194	51	158	209	147	2	0	5	0	5	1	1	0.681667	0.637008	0.65375	0.240679	871	3808	4679
3425	5/27/2011	2	0	5	14	0	5	1	1	0.76	0.697	0.55	0.2537	51	188	239	147	2	0	5	0	5	1	1	0.681667	0.637008	0.65375	0.240679	871	3808	4679
3426	5/27/2011	2	0	5	15	0	5	1	1	0.78	0.7121	0.49	0.2836	98	258	356	147	2	0	5	0	5	1	1	0.681667	0.637008	0.65375	0.240679	871	3808	4679
3427	5/27/2011	2	0	5	16	0	5	1	2	0.76	0.697	0.55	0.3881	63	356	419	147	2	0	5	0	5	1	1	0.681667	0.637008	0.65375	0.240679	871	3808	4679
3428	5/27/2011	2	0	5	17	0	5	1	1	0.74	0.6818	0.58	0.3881	77	414	491	147	2	0	5	0	5	1	1	0.681667	0.637008	0.65375	0.240679	871	3808	4679
3429	5/27/2011	2	0	5	18	0	5	1	2	0.72	0.6818	0.62	0.2985	89	310	399	147	2	0	5	0	5	1	1	0.681667	0.637008	0.65375	0.240679	871	3808	4679
3430	5/27/2011	2	0	5	19	0	5	1	3	0.6	0.5758	0.78	0.2537	69	210	279	147	2	0	5	0	5	1	1	0.681667	0.637008	0.65375	0.240679	871	3808	4679
3431	5/27/2011	2	0	5	20	0	5	1	2	0.62	0.5909	0.73	0.2239	24	120	144	147	2	0	5	0	5	1	1	0.681667	0.637008	0.65375	0.240679	871	3808	4679
3432	5/27/2011	2	0	5	21	0	5	1	1	0.6	0.5606	0.83	0.1045	37	114	151	147	2	0	5	0	5	1	1	0.681667	0.637008	0.65375	0.240679	871	3808	4679
3433	5/27/2011	2	0	5	22	0	5	1	1	0.6	0.5758	0.78	0.1343	25	116	141	147	2	0	5	0	5	1	1	0.681667	0.637008	0.65375	0.240679	871	3808	4679
3434	5/27/2011	2	0	5	23	0	5	1	1	0.58	0.5455	0.88	0.1343	23	104	127	147	2	0	5	0	5	1	1	0.681667	0.637008	0.65375	0.240679	871	3808	4679
3435	5/28/2011	2	0	5	0	0	6	0	1	0.58	0.5455	0.88	0.1343	15	79	94	148	2	0	5	0	6	0	1	0.655833	0.612379	0.729583	0.230092	2001	2757	4758
3436	5/28/2011	2	0	5	1	0	6	0	1	0.58	0.5455	0.88	0.194	8	47	55	148	2	0	5	0	6	0	1	0.655833	0.612379	0.729583	0.230092	2001	2757	4758
3437	5/28/2011	2	0	5	2	0	6	0	1	0.56	0.5303	0.94	0.194	13	35	48	148	2	0	5	0	6	0	1	0.655833	0.612379	0.729583	0.230092	2001	2757	4758
3438	5/28/2011	2	0	5	3	0	6	0	1	0.56	0.5303	0.88	0.2239	2	13	15	148	2	0	5	0	6	0	1	0.655833	0.612379	0.729583	0.230092	2001	2757	4758
3439	5/28/2011	2	0	5	4	0	6	0	1	0.56	0.5303	0.88	0.2537	0	4	4	148	2	0	5	0	6	0	1	0.655833	0.612379	0.729583	0.230092	2001	2757	4758
3440	5/28/2011	2	0	5	5	0	6	0	1	0.56	0.5303	0.88	0.2239	4	3	7	148	2	0	5	0	6	0	1	0.655833	0.612379	0.729583	0.230092	2001	2757	4758
3441	5/28/2011	2	0	5	6	0	6	0	1	0.58	0.5455	0.83	0.2537	3	16	19	148	2	0	5	0	6	0	1	0.655833	0.612379	0.729583	0.230092	2001	2757	4758
3442	5/28/2011	2	0	5	7	0	6	0	1	0.6	0.5606	0.83	0.2537	17	33	50	148	2	0	5	0	6	0	1	0.655833	0.612379	0.729583	0.230092	2001	2757	4758
3443	5/28/2011	2	0	5	8	0	6	0	1	0.62	0.5909	0.78	0.194	27	75	102	148	2	0	5	0	6	0	1	0.655833	0.612379	0.729583	0.230092	2001	2757	4758
3444	5/28/2011	2	0	5	9	0	6	0	1	0.64	0.6061	0.73	0.2537	61	116	177	148	2	0	5	0	6	0	1	0.655833	0.612379	0.729583	0.230092	2001	2757	4758
3445	5/28/2011	2	0	5	10	0	6	0	1	0.7	0.6515	0.65	0.2239	110	166	276	148	2	0	5	0	6	0	1	0.655833	0.612379	0.729583	0.230092	2001	2757	4758
3446	5/28/2011	2	0	5	11	0	6	0	1	0.7	0.6515	0.65	0.2239	171	178	349	148	2	0	5	0	6	0	1	0.655833	0.612379	0.729583	0.230092	2001	2757	4758
3447	5/28/2011	2	0	5	12	0	6	0	1	0.72	0.6667	0.58	0.2537	145	213	358	148	2	0	5	0	6	0	1	0.655833	0.612379	0.729583	0.230092	2001	2757	4758
3448	5/28/2011	2	0	5	13	0	6	0	1	0.72	0.6818	0.62	0.2239	168	217	385	148	2	0	5	0	6	0	1	0.655833	0.612379	0.729583	0.230092	2001	2757	4758
3449	5/28/2011	2	0	5	14	0	6	0	1	0.74	0.6818	0.58	0.2239	172	210	382	148	2	0	5	0	6	0	1	0.655833	0.612379	0.729583	0.230092	2001	2757	4758
3450	5/28/2011	2	0	5	15	0	6	0	1	0.74	0.6818	0.55	0.2239	187	187	374	148	2	0	5	0	6	0	1	0.655833	0.612379	0.729583	0.230092	2001	2757	4758
3451	5/28/2011	2	0	5	16	0	6	0	1	0.76	0.697	0.55	0.2836	201	201	402	148	2	0	5	0	6	0	1	0.655833	0.612379	0.729583	0.230092	2001	2757	4758
3452	5/28/2011	2	0	5	17	0	6	0	1	0.74	0.6818	0.55	0.2985	180	161	341	148	2	0	5	0	6	0	1	0.655833	0.612379	0.729583	0.230092	2001	2757	4758
3453	5/28/2011	2	0	5	18	0	6	0	1	0.72	0.6818	0.62	0.2537	173	212	385	148	2	0	5	0	6	0	1	0.655833	0.612379	0.729583	0.230092	2001	2757	4758
3454	5/28/2011	2	0	5	19	0	6	0	1	0.7	0.6515	0.65	0.194	99	153	252	148	2	0	5	0	6	0	1	0.655833	0.612379	0.729583	0.230092	2001	2757	4758
3455	5/28/2011	2	0	5	20	0	6	0	1	0.7	0.6515	0.65	0.2239	68	128	196	148	2	0	5	0	6	0	1	0.655833	0.612379	0.729583	0.230092	2001	2757	4758
3456	5/28/2011	2	0	5	21	0	6	0	1	0.66	0.6212	0.74	0.2985	87	114	201	148	2	0	5	0	6	0	1	0.655833	0.612379	0.729583	0.230092	2001	2757	4758
3457	5/28/2011	2	0	5	22	0	6	0	1	0.66	0.6061	0.78	0.2239	46	115	161	148	2	0	5	0	6	0	1	0.655833	0.612379	0.729583	0.230092	2001	2757	4758
3458	5/28/2011	2	0	5	23	0	6	0	1	0.64	0.5758	0.83	0.194	44	81	125	148	2	0	5	0	6	0	1	0.655833	0.612379	0.729583	0.230092	2001	2757	4758
3459	5/29/2011	2	0	5	0	0	0	0	1	0.64	0.5758	0.83	0.2239	32	51	83	149	2	0	5	0	0	0	1	0.6675	0.61555	0.81875	0.213938	2355	2433	4788
3460	5/29/2011	2	0	5	1	0	0	0	1	0.62	0.5606	0.88	0.1642	17	49	66	149	2	0	5	0	0	0	1	0.6675	0.61555	0.81875	0.213938	2355	2433	4788
3461	5/29/2011	2	0	5	2	0	0	0	1	0.62	0.5606	0.88	0.1045	12	49	61	149	2	0	5	0	0	0	1	0.6675	0.61555	0.81875	0.213938	2355	2433	4788
3462	5/29/2011	2	0	5	3	0	0	0	1	0.62	0.5606	0.88	0.1045	2	24	26	149	2	0	5	0	0	0	1	0.6675	0.61555	0.81875	0.213938	2355	2433	4788
3463	5/29/2011	2	0	5	4	0	0	0	1	0.6	0.5455	0.88	0.0896	13	10	23	149	2	0	5	0	0	0	1	0.6675	0.61555	0.81875	0.213938	2355	2433	4788
3464	5/29/2011	2	0	5	5	0	0	0	1	0.6	0.5152	0.94	0.1642	3	3	6	149	2	0	5	0	0	0	1	0.6675	0.61555	0.81875	0.213938	2355	2433	4788
3465	5/29/2011	2	0	5	6	0	0	0	2	0.62	0.5606	0.88	0.194	5	10	15	149	2	0	5	0	0	0	1	0.6675	0.61555	0.81875	0.213938	2355	2433	4788
3466	5/29/2011	2	0	5	7	0	0	0	2	0.62	0.5606	0.88	0.2537	13	17	30	149	2	0	5	0	0	0	1	0.6675	0.61555	0.81875	0.213938	2355	2433	4788
3467	5/29/2011	2	0	5	8	0	0	0	2	0.62	0.5606	0.88	0.2239	34	62	96	149	2	0	5	0	0	0	1	0.6675	0.61555	0.81875	0.213938	2355	2433	4788
3468	5/29/2011	2	0	5	9	0	0	0	2	0.62	0.5455	0.94	0.2537	74	78	152	149	2	0	5	0	0	0	1	0.6675	0.61555	0.81875	0.213938	2355	2433	4788
3469	5/29/2011	2	0	5	10	0	0	0	2	0.66	0.6061	0.83	0.2239	130	121	251	149	2	0	5	0	0	0	1	0.6675	0.61555	0.81875	0.213938	2355	2433	4788
3470	5/29/2011	2	0	5	11	0	0	0	2	0.66	0.6061	0.83	0.2836	139	180	319	149	2	0	5	0	0	0	1	0.6675	0.61555	0.81875	0.213938	2355	2433	4788
3471	5/29/2011	2	0	5	12	0	0	0	2	0.7	0.6667	0.74	0.2239	216	186	402	149	2	0	5	0	0	0	1	0.6675	0.61555	0.81875	0.213938	2355	2433	4788
3472	5/29/2011	2	0	5	13	0	0	0	1	0.72	0.6818	0.7	0.2836	237	181	418	149	2	0	5	0	0	0	1	0.6675	0.61555	0.81875	0.213938	2355	2433	4788
3473	5/29/2011	2	0	5	14	0	0	0	1	0.74	0.697	0.7	0.2836	183	168	351	149	2	0	5	0	0	0	1	0.6675	0.61555	0.81875	0.213938	2355	2433	4788
3474	5/29/2011	2	0	5	15	0	0	0	1	0.74	0.697	0.7	0.2985	221	155	376	149	2	0	5	0	0	0	1	0.6675	0.61555	0.81875	0.213938	2355	2433	4788
3475	5/29/2011	2	0	5	16	0	0	0	1	0.74	0.697	0.7	0.2836	194	167	361	149	2	0	5	0	0	0	1	0.6675	0.61555	0.81875	0.213938	2355	2433	4788
3476	5/29/2011	2	0	5	17	0	0	0	1	0.74	0.697	0.7	0.2836	214	169	383	149	2	0	5	0	0	0	1	0.6675	0.61555	0.81875	0.213938	2355	2433	4788
3477	5/29/2011	2	0	5	18	0	0	0	1	0.72	0.697	0.74	0.2836	151	177	328	149	2	0	5	0	0	0	1	0.6675	0.61555	0.81875	0.213938	2355	2433	4788
3478	5/29/2011	2	0	5	19	0	0	0	1	0.72	0.697	0.74	0.2537	141	146	287	149	2	0	5	0	0	0	1	0.6675	0.61555	0.81875	0.213938	2355	2433	4788
3479	5/29/2011	2	0	5	20	0	0	0	1	0.7	0.6667	0.79	0.194	91	128	219	149	2	0	5	0	0	0	1	0.6675	0.61555	0.81875	0.213938	2355	2433	4788
3480	5/29/2011	2	0	5	21	0	0	0	1	0.68	0.6364	0.83	0.1642	107	122	229	149	2	0	5	0	0	0	1	0.6675	0.61555	0.81875	0.213938	2355	2433	4788
3481	5/29/2011	2	0	5	22	0	0	0	1	0.66	0.5909	0.89	0.1343	78	93	171	149	2	0	5	0	0	0	1	0.6675	0.61555	0.81875	0.213938	2355	2433	4788
3482	5/29/2011	2	0	5	23	0	0	0	1	0.66	0.5909	0.89	0.1642	48	87	135	149	2	0	5	0	0	0	1	0.6675	0.61555	0.81875	0.213938	2355	2433	4788
3483	5/30/2011	2	0	5	0	1	1	0	1	0.64	0.5606	0.94	0.194	38	65	103	150	2	0	5	1	1	0	1	0.733333	0.671092	0.685	0.131225	1549	2549	4098
3484	5/30/2011	2	0	5	1	1	1	0	1	0.64	0.5606	0.94	0.1343	26	53	79	150	2	0	5	1	1	0	1	0.733333	0.671092	0.685	0.131225	1549	2549	4098
3485	5/30/2011	2	0	5	2	1	1	0	1	0.64	0.5606	0.94	0.194	17	28	45	150	2	0	5	1	1	0	1	0.733333	0.671092	0.685	0.131225	1549	2549	4098
3486	5/30/2011	2	0	5	3	1	1	0	1	0.64	0.5606	0.94	0.194	10	8	18	150	2	0	5	1	1	0	1	0.733333	0.671092	0.685	0.131225	1549	2549	4098
3487	5/30/2011	2	0	5	4	1	1	0	1	0.62	0.5455	0.94	0.1642	2	4	6	150	2	0	5	1	1	0	1	0.733333	0.671092	0.685	0.131225	1549	2549	4098
3488	5/30/2011	2	0	5	5	1	1	0	2	0.62	0.5455	0.94	0.1045	1	6	7	150	2	0	5	1	1	0	1	0.733333	0.671092	0.685	0.131225	1549	2549	4098
3489	5/30/2011	2	0	5	6	1	1	0	2	0.64	0.5606	0.94	0.0896	6	10	16	150	2	0	5	1	1	0	1	0.733333	0.671092	0.685	0.131225	1549	2549	4098
3490	5/30/2011	2	0	5	7	1	1	0	2	0.64	0.5606	0.94	0	12	19	31	150	2	0	5	1	1	0	1	0.733333	0.671092	0.685	0.131225	1549	2549	4098
3491	5/30/2011	2	0	5	8	1	1	0	2	0.66	0.5909	0.89	0.1045	36	58	94	150	2	0	5	1	1	0	1	0.733333	0.671092	0.685	0.131225	1549	2549	4098
3492	5/30/2011	2	0	5	9	1	1	0	1	0.72	0.697	0.74	0.0896	47	81	128	150	2	0	5	1	1	0	1	0.733333	0.671092	0.685	0.131225	1549	2549	4098
3493	5/30/2011	2	0	5	10	1	1	0	1	0.8	0.7576	0.55	0.2537	116	153	269	150	2	0	5	1	1	0	1	0.733333	0.671092	0.685	0.131225	1549	2549	4098
3494	5/30/2011	2	0	5	11	1	1	0	1	0.82	0.7727	0.52	0	153	168	321	150	2	0	5	1	1	0	1	0.733333	0.671092	0.685	0.131225	1549	2549	4098
3495	5/30/2011	2	0	5	12	1	1	0	1	0.86	0.803	0.47	0.1045	179	187	366	150	2	0	5	1	1	0	1	0.733333	0.671092	0.685	0.131225	1549	2549	4098
3496	5/30/2011	2	0	5	13	1	1	0	1	0.86	0.7879	0.44	0.0896	133	217	350	150	2	0	5	1	1	0	1	0.733333	0.671092	0.685	0.131225	1549	2549	4098
3497	5/30/2011	2	0	5	14	1	1	0	1	0.88	0.803	0.39	0	142	185	327	150	2	0	5	1	1	0	1	0.733333	0.671092	0.685	0.131225	1549	2549	4098
3498	5/30/2011	2	0	5	15	1	1	0	1	0.88	0.803	0.39	0.2537	132	179	311	150	2	0	5	1	1	0	1	0.733333	0.671092	0.685	0.131225	1549	2549	4098
3499	5/30/2011	2	0	5	16	1	1	0	1	0.88	0.7879	0.37	0.2836	101	208	309	150	2	0	5	1	1	0	1	0.733333	0.671092	0.685	0.131225	1549	2549	4098
3500	5/30/2011	2	0	5	17	1	1	0	1	0.86	0.7879	0.41	0.2239	102	202	304	150	2	0	5	1	1	0	1	0.733333	0.671092	0.685	0.131225	1549	2549	4098
3501	5/30/2011	2	0	5	18	1	1	0	1	0.86	0.7879	0.41	0.1642	77	172	249	150	2	0	5	1	1	0	1	0.733333	0.671092	0.685	0.131225	1549	2549	4098
3502	5/30/2011	2	0	5	19	1	1	0	2	0.52	0.5	0.48	0.1045	68	157	225	150	2	0	5	1	1	0	1	0.733333	0.671092	0.685	0.131225	1549	2549	4098
3503	5/30/2011	2	0	5	20	1	1	0	1	0.76	0.7121	0.58	0	69	168	237	150	2	0	5	1	1	0	1	0.733333	0.671092	0.685	0.131225	1549	2549	4098
3504	5/30/2011	2	0	5	21	1	1	0	1	0.74	0.697	0.7	0.1343	42	107	149	150	2	0	5	1	1	0	1	0.733333	0.671092	0.685	0.131225	1549	2549	4098
3505	5/30/2011	2	0	5	22	1	1	0	1	0.72	0.697	0.74	0.1642	26	80	106	150	2	0	5	1	1	0	1	0.733333	0.671092	0.685	0.131225	1549	2549	4098
3506	5/30/2011	2	0	5	23	1	1	0	1	0.7	0.6667	0.84	0.1045	14	34	48	150	2	0	5	1	1	0	1	0.733333	0.671092	0.685	0.131225	1549	2549	4098
3507	5/31/2011	2	0	5	0	0	2	1	1	0.7	0.6667	0.79	0.0896	9	20	29	151	2	0	5	0	2	1	1	0.775	0.725383	0.636667	0.111329	673	3309	3982
3508	5/31/2011	2	0	5	1	0	2	1	1	0.68	0.6364	0.89	0.0896	8	9	17	151	2	0	5	0	2	1	1	0.775	0.725383	0.636667	0.111329	673	3309	3982
3509	5/31/2011	2	0	5	2	0	2	1	2	0.66	0.5909	0.94	0.1343	5	7	12	151	2	0	5	0	2	1	1	0.775	0.725383	0.636667	0.111329	673	3309	3982
3510	5/31/2011	2	0	5	3	0	2	1	2	0.64	0.5606	0.94	0	1	3	4	151	2	0	5	0	2	1	1	0.775	0.725383	0.636667	0.111329	673	3309	3982
3511	5/31/2011	2	0	5	4	0	2	1	1	0.66	0.6061	0.83	0.0896	0	3	3	151	2	0	5	0	2	1	1	0.775	0.725383	0.636667	0.111329	673	3309	3982
3512	5/31/2011	2	0	5	5	0	2	1	1	0.66	0.6061	0.83	0.0896	0	26	26	151	2	0	5	0	2	1	1	0.775	0.725383	0.636667	0.111329	673	3309	3982
3513	5/31/2011	2	0	5	6	0	2	1	1	0.68	0.6364	0.79	0.0896	11	98	109	151	2	0	5	0	2	1	1	0.775	0.725383	0.636667	0.111329	673	3309	3982
3514	5/31/2011	2	0	5	7	0	2	1	1	0.74	0.697	0.66	0.1045	16	219	235	151	2	0	5	0	2	1	1	0.775	0.725383	0.636667	0.111329	673	3309	3982
3515	5/31/2011	2	0	5	8	0	2	1	1	0.78	0.7424	0.59	0.1343	34	372	406	151	2	0	5	0	2	1	1	0.775	0.725383	0.636667	0.111329	673	3309	3982
3516	5/31/2011	2	0	5	9	0	2	1	1	0.8	0.7576	0.55	0.1343	22	153	175	151	2	0	5	0	2	1	1	0.775	0.725383	0.636667	0.111329	673	3309	3982
3517	5/31/2011	2	0	5	10	0	2	1	1	0.82	0.7879	0.56	0.1343	37	72	109	151	2	0	5	0	2	1	1	0.775	0.725383	0.636667	0.111329	673	3309	3982
3518	5/31/2011	2	0	5	11	0	2	1	1	0.86	0.803	0.47	0	28	78	106	151	2	0	5	0	2	1	1	0.775	0.725383	0.636667	0.111329	673	3309	3982
3519	5/31/2011	2	0	5	12	0	2	1	1	0.86	0.803	0.47	0.1343	37	125	162	151	2	0	5	0	2	1	1	0.775	0.725383	0.636667	0.111329	673	3309	3982
3520	5/31/2011	2	0	5	13	0	2	1	1	0.9	0.8333	0.39	0.1642	37	110	147	151	2	0	5	0	2	1	1	0.775	0.725383	0.636667	0.111329	673	3309	3982
3521	5/31/2011	2	0	5	14	0	2	1	1	0.9	0.8182	0.37	0	41	99	140	151	2	0	5	0	2	1	1	0.775	0.725383	0.636667	0.111329	673	3309	3982
3522	5/31/2011	2	0	5	15	0	2	1	1	0.9	0.8182	0.37	0.1642	42	133	175	151	2	0	5	0	2	1	1	0.775	0.725383	0.636667	0.111329	673	3309	3982
3523	5/31/2011	2	0	5	16	0	2	1	1	0.9	0.8333	0.39	0.1343	44	205	249	151	2	0	5	0	2	1	1	0.775	0.725383	0.636667	0.111329	673	3309	3982
3524	5/31/2011	2	0	5	17	0	2	1	1	0.84	0.803	0.53	0.2239	67	428	495	151	2	0	5	0	2	1	1	0.775	0.725383	0.636667	0.111329	673	3309	3982
3525	5/31/2011	2	0	5	18	0	2	1	1	0.84	0.803	0.53	0.194	55	362	417	151	2	0	5	0	2	1	1	0.775	0.725383	0.636667	0.111329	673	3309	3982
3526	5/31/2011	2	0	5	19	0	2	1	1	0.78	0.7424	0.62	0.1045	39	246	285	151	2	0	5	0	2	1	1	0.775	0.725383	0.636667	0.111329	673	3309	3982
3527	5/31/2011	2	0	5	20	0	2	1	1	0.78	0.7424	0.62	0.1045	38	213	251	151	2	0	5	0	2	1	1	0.775	0.725383	0.636667	0.111329	673	3309	3982
3528	5/31/2011	2	0	5	21	0	2	1	1	0.76	0.7273	0.66	0.1045	45	165	210	151	2	0	5	0	2	1	1	0.775	0.725383	0.636667	0.111329	673	3309	3982
3529	5/31/2011	2	0	5	22	0	2	1	1	0.74	0.697	0.7	0.1642	42	117	159	151	2	0	5	0	2	1	1	0.775	0.725383	0.636667	0.111329	673	3309	3982
3530	5/31/2011	2	0	5	23	0	2	1	1	0.72	0.697	0.79	0.0896	15	46	61	151	2	0	5	0	2	1	1	0.775	0.725383	0.636667	0.111329	673	3309	3982
3531	6/1/2011	2	0	6	0	0	3	1	1	0.7	0.6667	0.79	0.1642	9	25	34	152	2	0	6	0	3	1	2	0.764167	0.720967	0.677083	0.207092	513	3461	3974
3532	6/1/2011	2	0	6	1	0	3	1	1	0.7	0.6667	0.84	0.2537	8	9	17	152	2	0	6	0	3	1	2	0.764167	0.720967	0.677083	0.207092	513	3461	3974
3533	6/1/2011	2	0	6	2	0	3	1	1	0.7	0.6667	0.79	0.1642	0	3	3	152	2	0	6	0	3	1	2	0.764167	0.720967	0.677083	0.207092	513	3461	3974
3534	6/1/2011	2	0	6	3	0	3	1	1	0.68	0.6364	0.89	0.194	0	6	6	152	2	0	6	0	3	1	2	0.764167	0.720967	0.677083	0.207092	513	3461	3974
3535	6/1/2011	2	0	6	4	0	3	1	2	0.68	0.6364	0.89	0.2239	0	4	4	152	2	0	6	0	3	1	2	0.764167	0.720967	0.677083	0.207092	513	3461	3974
3536	6/1/2011	2	0	6	5	0	3	1	2	0.66	0.5909	0.89	0.0896	2	19	21	152	2	0	6	0	3	1	2	0.764167	0.720967	0.677083	0.207092	513	3461	3974
3537	6/1/2011	2	0	6	6	0	3	1	2	0.68	0.6364	0.89	0.0896	7	121	128	152	2	0	6	0	3	1	2	0.764167	0.720967	0.677083	0.207092	513	3461	3974
3538	6/1/2011	2	0	6	7	0	3	1	2	0.7	0.6667	0.79	0.1642	19	265	284	152	2	0	6	0	3	1	2	0.764167	0.720967	0.677083	0.207092	513	3461	3974
3539	6/1/2011	2	0	6	8	0	3	1	2	0.72	0.697	0.79	0.194	37	417	454	152	2	0	6	0	3	1	2	0.764167	0.720967	0.677083	0.207092	513	3461	3974
3540	6/1/2011	2	0	6	9	0	3	1	2	0.74	0.7121	0.74	0.2239	34	173	207	152	2	0	6	0	3	1	2	0.764167	0.720967	0.677083	0.207092	513	3461	3974
3541	6/1/2011	2	0	6	10	0	3	1	2	0.76	0.7424	0.75	0.2537	31	84	115	152	2	0	6	0	3	1	2	0.764167	0.720967	0.677083	0.207092	513	3461	3974
3542	6/1/2011	2	0	6	11	0	3	1	2	0.82	0.803	0.59	0.2239	26	86	112	152	2	0	6	0	3	1	2	0.764167	0.720967	0.677083	0.207092	513	3461	3974
3543	6/1/2011	2	0	6	12	0	3	1	1	0.86	0.8333	0.53	0	32	137	169	152	2	0	6	0	3	1	2	0.764167	0.720967	0.677083	0.207092	513	3461	3974
3544	6/1/2011	2	0	6	13	0	3	1	1	0.9	0.8182	0.37	0.194	29	125	154	152	2	0	6	0	3	1	2	0.764167	0.720967	0.677083	0.207092	513	3461	3974
3545	6/1/2011	2	0	6	14	0	3	1	1	0.9	0.8182	0.37	0.2537	40	105	145	152	2	0	6	0	3	1	2	0.764167	0.720967	0.677083	0.207092	513	3461	3974
3546	6/1/2011	2	0	6	15	0	3	1	1	0.9	0.8333	0.39	0.2985	25	127	152	152	2	0	6	0	3	1	2	0.764167	0.720967	0.677083	0.207092	513	3461	3974
3547	6/1/2011	2	0	6	16	0	3	1	1	0.86	0.803	0.47	0.2985	39	227	266	152	2	0	6	0	3	1	2	0.764167	0.720967	0.677083	0.207092	513	3461	3974
3548	6/1/2011	2	0	6	17	0	3	1	1	0.86	0.803	0.47	0.2985	52	434	486	152	2	0	6	0	3	1	2	0.764167	0.720967	0.677083	0.207092	513	3461	3974
3549	6/1/2011	2	0	6	18	0	3	1	3	0.82	0.7879	0.56	0.3881	31	278	309	152	2	0	6	0	3	1	2	0.764167	0.720967	0.677083	0.207092	513	3461	3974
3550	6/1/2011	2	0	6	19	0	3	1	2	0.74	0.7121	0.79	0.1642	16	248	264	152	2	0	6	0	3	1	2	0.764167	0.720967	0.677083	0.207092	513	3461	3974
3551	6/1/2011	2	0	6	20	0	3	1	2	0.74	0.7121	0.79	0.2537	23	233	256	152	2	0	6	0	3	1	2	0.764167	0.720967	0.677083	0.207092	513	3461	3974
3552	6/1/2011	2	0	6	21	0	3	1	1	0.74	0.697	0.7	0.2836	29	161	190	152	2	0	6	0	3	1	2	0.764167	0.720967	0.677083	0.207092	513	3461	3974
3553	6/1/2011	2	0	6	22	0	3	1	1	0.74	0.697	0.66	0.1343	14	115	129	152	2	0	6	0	3	1	2	0.764167	0.720967	0.677083	0.207092	513	3461	3974
3554	6/1/2011	2	0	6	23	0	3	1	1	0.74	0.6667	0.51	0.1642	10	59	69	152	2	0	6	0	3	1	2	0.764167	0.720967	0.677083	0.207092	513	3461	3974
3555	6/2/2011	2	0	6	0	0	4	1	1	0.74	0.6515	0.4	0.3582	11	31	42	153	2	0	6	0	4	1	1	0.715	0.643942	0.305	0.292287	736	4232	4968
3556	6/2/2011	2	0	6	1	0	4	1	1	0.72	0.6515	0.38	0.1045	3	12	15	153	2	0	6	0	4	1	1	0.715	0.643942	0.305	0.292287	736	4232	4968
3557	6/2/2011	2	0	6	2	0	4	1	1	0.7	0.6364	0.39	0	0	6	6	153	2	0	6	0	4	1	1	0.715	0.643942	0.305	0.292287	736	4232	4968
3558	6/2/2011	2	0	6	3	0	4	1	1	0.66	0.6212	0.44	0.1045	0	4	4	153	2	0	6	0	4	1	1	0.715	0.643942	0.305	0.292287	736	4232	4968
3559	6/2/2011	2	0	6	4	0	4	1	1	0.66	0.6212	0.41	0.194	0	3	3	153	2	0	6	0	4	1	1	0.715	0.643942	0.305	0.292287	736	4232	4968
3560	6/2/2011	2	0	6	5	0	4	1	1	0.66	0.6212	0.39	0.2239	3	28	31	153	2	0	6	0	4	1	1	0.715	0.643942	0.305	0.292287	736	4232	4968
3561	6/2/2011	2	0	6	6	0	4	1	1	0.66	0.6212	0.39	0.1343	7	106	113	153	2	0	6	0	4	1	1	0.715	0.643942	0.305	0.292287	736	4232	4968
3562	6/2/2011	2	0	6	7	0	4	1	1	0.7	0.6364	0.34	0.2537	19	285	304	153	2	0	6	0	4	1	1	0.715	0.643942	0.305	0.292287	736	4232	4968
3563	6/2/2011	2	0	6	8	0	4	1	1	0.7	0.6364	0.32	0.2985	25	442	467	153	2	0	6	0	4	1	1	0.715	0.643942	0.305	0.292287	736	4232	4968
3564	6/2/2011	2	0	6	9	0	4	1	1	0.72	0.6364	0.26	0.3582	28	197	225	153	2	0	6	0	4	1	1	0.715	0.643942	0.305	0.292287	736	4232	4968
3565	6/2/2011	2	0	6	10	0	4	1	1	0.72	0.6515	0.28	0.4925	33	106	139	153	2	0	6	0	4	1	1	0.715	0.643942	0.305	0.292287	736	4232	4968
3566	6/2/2011	2	0	6	11	0	4	1	1	0.74	0.6515	0.28	0.3881	42	123	165	153	2	0	6	0	4	1	1	0.715	0.643942	0.305	0.292287	736	4232	4968
3567	6/2/2011	2	0	6	12	0	4	1	1	0.76	0.6667	0.25	0.4627	39	193	232	153	2	0	6	0	4	1	1	0.715	0.643942	0.305	0.292287	736	4232	4968
3568	6/2/2011	2	0	6	13	0	4	1	1	0.8	0.6818	0.24	0.3582	35	168	203	153	2	0	6	0	4	1	1	0.715	0.643942	0.305	0.292287	736	4232	4968
3569	6/2/2011	2	0	6	14	0	4	1	1	0.78	0.6667	0.24	0.3284	43	142	185	153	2	0	6	0	4	1	1	0.715	0.643942	0.305	0.292287	736	4232	4968
3570	6/2/2011	2	0	6	15	0	4	1	1	0.8	0.6818	0.21	0.3881	44	144	188	153	2	0	6	0	4	1	1	0.715	0.643942	0.305	0.292287	736	4232	4968
3571	6/2/2011	2	0	6	16	0	4	1	1	0.8	0.6818	0.22	0.4925	63	255	318	153	2	0	6	0	4	1	1	0.715	0.643942	0.305	0.292287	736	4232	4968
3572	6/2/2011	2	0	6	17	0	4	1	1	0.76	0.6515	0.2	0.5224	88	484	572	153	2	0	6	0	4	1	1	0.715	0.643942	0.305	0.292287	736	4232	4968
3573	6/2/2011	2	0	6	18	0	4	1	1	0.74	0.6515	0.22	0.3881	74	451	525	153	2	0	6	0	4	1	1	0.715	0.643942	0.305	0.292287	736	4232	4968
3574	6/2/2011	2	0	6	19	0	4	1	1	0.72	0.6364	0.23	0.2985	58	321	379	153	2	0	6	0	4	1	1	0.715	0.643942	0.305	0.292287	736	4232	4968
3575	6/2/2011	2	0	6	20	0	4	1	1	0.7	0.6364	0.24	0.194	51	286	337	153	2	0	6	0	4	1	1	0.715	0.643942	0.305	0.292287	736	4232	4968
3576	6/2/2011	2	0	6	21	0	4	1	1	0.66	0.6212	0.31	0.194	33	215	248	153	2	0	6	0	4	1	1	0.715	0.643942	0.305	0.292287	736	4232	4968
3577	6/2/2011	2	0	6	22	0	4	1	1	0.64	0.6212	0.33	0.2537	14	141	155	153	2	0	6	0	4	1	1	0.715	0.643942	0.305	0.292287	736	4232	4968
3578	6/2/2011	2	0	6	23	0	4	1	1	0.62	0.6212	0.35	0.2239	23	89	112	153	2	0	6	0	4	1	1	0.715	0.643942	0.305	0.292287	736	4232	4968
3579	6/3/2011	2	0	6	0	0	5	1	1	0.62	0.6212	0.38	0.2836	15	53	68	154	2	0	6	0	5	1	1	0.62	0.587133	0.354167	0.253121	898	4414	5312
3580	6/3/2011	2	0	6	1	0	5	1	1	0.6	0.6212	0.38	0.3582	7	15	22	154	2	0	6	0	5	1	1	0.62	0.587133	0.354167	0.253121	898	4414	5312
3581	6/3/2011	2	0	6	2	0	5	1	1	0.56	0.5303	0.43	0.2239	0	12	12	154	2	0	6	0	5	1	1	0.62	0.587133	0.354167	0.253121	898	4414	5312
3582	6/3/2011	2	0	6	3	0	5	1	1	0.54	0.5152	0.49	0.2239	0	5	5	154	2	0	6	0	5	1	1	0.62	0.587133	0.354167	0.253121	898	4414	5312
3583	6/3/2011	2	0	6	4	0	5	1	1	0.52	0.5	0.48	0.3284	1	5	6	154	2	0	6	0	5	1	1	0.62	0.587133	0.354167	0.253121	898	4414	5312
3584	6/3/2011	2	0	6	5	0	5	1	1	0.52	0.5	0.48	0.3582	4	24	28	154	2	0	6	0	5	1	1	0.62	0.587133	0.354167	0.253121	898	4414	5312
3585	6/3/2011	2	0	6	6	0	5	1	1	0.54	0.5152	0.45	0.2985	8	98	106	154	2	0	6	0	5	1	1	0.62	0.587133	0.354167	0.253121	898	4414	5312
3586	6/3/2011	2	0	6	7	0	5	1	1	0.54	0.5152	0.45	0.2537	25	252	277	154	2	0	6	0	5	1	1	0.62	0.587133	0.354167	0.253121	898	4414	5312
3587	6/3/2011	2	0	6	8	0	5	1	2	0.56	0.5303	0.43	0.3284	31	471	502	154	2	0	6	0	5	1	1	0.62	0.587133	0.354167	0.253121	898	4414	5312
3588	6/3/2011	2	0	6	9	0	5	1	1	0.58	0.5455	0.4	0.1642	36	194	230	154	2	0	6	0	5	1	1	0.62	0.587133	0.354167	0.253121	898	4414	5312
3589	6/3/2011	2	0	6	10	0	5	1	1	0.62	0.6212	0.33	0.2537	54	107	161	154	2	0	6	0	5	1	1	0.62	0.587133	0.354167	0.253121	898	4414	5312
3590	6/3/2011	2	0	6	11	0	5	1	1	0.64	0.6212	0.31	0.3284	57	135	192	154	2	0	6	0	5	1	1	0.62	0.587133	0.354167	0.253121	898	4414	5312
3591	6/3/2011	2	0	6	12	0	5	1	1	0.66	0.6212	0.27	0.2836	51	208	259	154	2	0	6	0	5	1	1	0.62	0.587133	0.354167	0.253121	898	4414	5312
3592	6/3/2011	2	0	6	13	0	5	1	1	0.68	0.6212	0.26	0.2537	58	190	248	154	2	0	6	0	5	1	1	0.62	0.587133	0.354167	0.253121	898	4414	5312
3593	6/3/2011	2	0	6	14	0	5	1	1	0.7	0.6364	0.28	0.2836	66	174	240	154	2	0	6	0	5	1	1	0.62	0.587133	0.354167	0.253121	898	4414	5312
3594	6/3/2011	2	0	6	15	0	5	1	1	0.7	0.6364	0.28	0.2836	56	156	212	154	2	0	6	0	5	1	1	0.62	0.587133	0.354167	0.253121	898	4414	5312
3595	6/3/2011	2	0	6	16	0	5	1	1	0.72	0.6364	0.26	0.3284	63	286	349	154	2	0	6	0	5	1	1	0.62	0.587133	0.354167	0.253121	898	4414	5312
3596	6/3/2011	2	0	6	17	0	5	1	1	0.72	0.6364	0.25	0.2836	73	485	558	154	2	0	6	0	5	1	1	0.62	0.587133	0.354167	0.253121	898	4414	5312
3597	6/3/2011	2	0	6	18	0	5	1	1	0.7	0.6364	0.24	0.2985	76	488	564	154	2	0	6	0	5	1	1	0.62	0.587133	0.354167	0.253121	898	4414	5312
3598	6/3/2011	2	0	6	19	0	5	1	1	0.68	0.6212	0.26	0.2836	53	338	391	154	2	0	6	0	5	1	1	0.62	0.587133	0.354167	0.253121	898	4414	5312
3599	6/3/2011	2	0	6	20	0	5	1	1	0.64	0.6212	0.29	0.1642	57	236	293	154	2	0	6	0	5	1	1	0.62	0.587133	0.354167	0.253121	898	4414	5312
3600	6/3/2011	2	0	6	21	0	5	1	1	0.64	0.6212	0.29	0.1045	51	196	247	154	2	0	6	0	5	1	1	0.62	0.587133	0.354167	0.253121	898	4414	5312
3601	6/3/2011	2	0	6	22	0	5	1	1	0.62	0.6212	0.35	0	26	145	171	154	2	0	6	0	5	1	1	0.62	0.587133	0.354167	0.253121	898	4414	5312
3602	6/3/2011	2	0	6	23	0	5	1	1	0.58	0.5455	0.46	0.1045	30	141	171	154	2	0	6	0	5	1	1	0.62	0.587133	0.354167	0.253121	898	4414	5312
3603	6/4/2011	2	0	6	0	0	6	0	1	0.56	0.5303	0.52	0	24	69	93	155	2	0	6	0	6	0	1	0.635	0.594696	0.45625	0.123142	1869	3473	5342
3604	6/4/2011	2	0	6	1	0	6	0	1	0.54	0.5152	0.64	0.1045	14	80	94	155	2	0	6	0	6	0	1	0.635	0.594696	0.45625	0.123142	1869	3473	5342
3605	6/4/2011	2	0	6	2	0	6	0	1	0.54	0.5152	0.56	0.194	18	41	59	155	2	0	6	0	6	0	1	0.635	0.594696	0.45625	0.123142	1869	3473	5342
3606	6/4/2011	2	0	6	3	0	6	0	1	0.52	0.5	0.59	0.1045	8	10	18	155	2	0	6	0	6	0	1	0.635	0.594696	0.45625	0.123142	1869	3473	5342
3607	6/4/2011	2	0	6	4	0	6	0	1	0.52	0.5	0.59	0.0896	4	11	15	155	2	0	6	0	6	0	1	0.635	0.594696	0.45625	0.123142	1869	3473	5342
3608	6/4/2011	2	0	6	5	0	6	0	1	0.5	0.4848	0.64	0	3	5	8	155	2	0	6	0	6	0	1	0.635	0.594696	0.45625	0.123142	1869	3473	5342
3609	6/4/2011	2	0	6	6	0	6	0	1	0.54	0.5152	0.6	0	11	17	28	155	2	0	6	0	6	0	1	0.635	0.594696	0.45625	0.123142	1869	3473	5342
3610	6/4/2011	2	0	6	7	0	6	0	1	0.56	0.5303	0.56	0	27	60	87	155	2	0	6	0	6	0	1	0.635	0.594696	0.45625	0.123142	1869	3473	5342
3611	6/4/2011	2	0	6	8	0	6	0	1	0.6	0.6212	0.46	0.0896	29	96	125	155	2	0	6	0	6	0	1	0.635	0.594696	0.45625	0.123142	1869	3473	5342
3612	6/4/2011	2	0	6	9	0	6	0	1	0.62	0.6212	0.43	0.1343	55	169	224	155	2	0	6	0	6	0	1	0.635	0.594696	0.45625	0.123142	1869	3473	5342
3613	6/4/2011	2	0	6	10	0	6	0	1	0.64	0.6212	0.38	0.1045	115	202	317	155	2	0	6	0	6	0	1	0.635	0.594696	0.45625	0.123142	1869	3473	5342
3614	6/4/2011	2	0	6	11	0	6	0	1	0.66	0.6212	0.36	0.1343	120	249	369	155	2	0	6	0	6	0	1	0.635	0.594696	0.45625	0.123142	1869	3473	5342
3615	6/4/2011	2	0	6	12	0	6	0	1	0.7	0.6364	0.32	0.1642	150	270	420	155	2	0	6	0	6	0	1	0.635	0.594696	0.45625	0.123142	1869	3473	5342
3616	6/4/2011	2	0	6	13	0	6	0	1	0.74	0.6515	0.28	0.1343	188	268	456	155	2	0	6	0	6	0	1	0.635	0.594696	0.45625	0.123142	1869	3473	5342
3617	6/4/2011	2	0	6	14	0	6	0	1	0.74	0.6515	0.33	0.2239	193	258	451	155	2	0	6	0	6	0	1	0.635	0.594696	0.45625	0.123142	1869	3473	5342
3618	6/4/2011	2	0	6	15	0	6	0	2	0.74	0.6515	0.27	0.4179	180	224	404	155	2	0	6	0	6	0	1	0.635	0.594696	0.45625	0.123142	1869	3473	5342
3619	6/4/2011	2	0	6	16	0	6	0	2	0.72	0.6515	0.3	0.1343	168	272	440	155	2	0	6	0	6	0	1	0.635	0.594696	0.45625	0.123142	1869	3473	5342
3620	6/4/2011	2	0	6	17	0	6	0	2	0.72	0.6515	0.34	0.2537	142	202	344	155	2	0	6	0	6	0	1	0.635	0.594696	0.45625	0.123142	1869	3473	5342
3621	6/4/2011	2	0	6	18	0	6	0	2	0.74	0.6515	0.3	0.1642	127	214	341	155	2	0	6	0	6	0	1	0.635	0.594696	0.45625	0.123142	1869	3473	5342
3622	6/4/2011	2	0	6	19	0	6	0	2	0.7	0.6364	0.39	0.0896	79	206	285	155	2	0	6	0	6	0	1	0.635	0.594696	0.45625	0.123142	1869	3473	5342
3623	6/4/2011	2	0	6	20	0	6	0	2	0.7	0.6515	0.48	0.0896	90	149	239	155	2	0	6	0	6	0	1	0.635	0.594696	0.45625	0.123142	1869	3473	5342
3624	6/4/2011	2	0	6	21	0	6	0	2	0.66	0.6212	0.47	0.1045	46	139	185	155	2	0	6	0	6	0	1	0.635	0.594696	0.45625	0.123142	1869	3473	5342
3625	6/4/2011	2	0	6	22	0	6	0	1	0.64	0.6212	0.57	0.2239	49	141	190	155	2	0	6	0	6	0	1	0.635	0.594696	0.45625	0.123142	1869	3473	5342
3626	6/4/2011	2	0	6	23	0	6	0	2	0.64	0.6212	0.57	0	29	121	150	155	2	0	6	0	6	0	1	0.635	0.594696	0.45625	0.123142	1869	3473	5342
3627	6/5/2011	2	0	6	0	0	0	0	1	0.64	0.6212	0.57	0.0896	23	90	113	156	2	0	6	0	0	0	2	0.648333	0.616804	0.6525	0.138692	1685	3221	4906
3628	6/5/2011	2	0	6	1	0	0	0	2	0.64	0.6212	0.61	0.1642	26	70	96	156	2	0	6	0	0	0	2	0.648333	0.616804	0.6525	0.138692	1685	3221	4906
3629	6/5/2011	2	0	6	2	0	0	0	2	0.64	0.6212	0.61	0.1642	16	48	64	156	2	0	6	0	0	0	2	0.648333	0.616804	0.6525	0.138692	1685	3221	4906
3630	6/5/2011	2	0	6	3	0	0	0	2	0.62	0.6061	0.65	0.1642	22	25	47	156	2	0	6	0	0	0	2	0.648333	0.616804	0.6525	0.138692	1685	3221	4906
3631	6/5/2011	2	0	6	4	0	0	0	2	0.62	0.6061	0.65	0.1642	4	8	12	156	2	0	6	0	0	0	2	0.648333	0.616804	0.6525	0.138692	1685	3221	4906
3632	6/5/2011	2	0	6	5	0	0	0	2	0.62	0.6061	0.61	0.1343	1	5	6	156	2	0	6	0	0	0	2	0.648333	0.616804	0.6525	0.138692	1685	3221	4906
3633	6/5/2011	2	0	6	6	0	0	0	2	0.62	0.6061	0.61	0.1045	10	11	21	156	2	0	6	0	0	0	2	0.648333	0.616804	0.6525	0.138692	1685	3221	4906
3634	6/5/2011	2	0	6	7	0	0	0	2	0.6	0.5909	0.73	0.2537	8	19	27	156	2	0	6	0	0	0	2	0.648333	0.616804	0.6525	0.138692	1685	3221	4906
3635	6/5/2011	2	0	6	8	0	0	0	2	0.6	0.5909	0.73	0.2537	24	74	98	156	2	0	6	0	0	0	2	0.648333	0.616804	0.6525	0.138692	1685	3221	4906
3636	6/5/2011	2	0	6	9	0	0	0	2	0.6	0.5758	0.78	0.194	53	111	164	156	2	0	6	0	0	0	2	0.648333	0.616804	0.6525	0.138692	1685	3221	4906
3637	6/5/2011	2	0	6	10	0	0	0	2	0.62	0.5909	0.73	0.0896	83	168	251	156	2	0	6	0	0	0	2	0.648333	0.616804	0.6525	0.138692	1685	3221	4906
3638	6/5/2011	2	0	6	11	0	0	0	2	0.64	0.6061	0.69	0.1045	121	214	335	156	2	0	6	0	0	0	2	0.648333	0.616804	0.6525	0.138692	1685	3221	4906
3639	6/5/2011	2	0	6	12	0	0	0	2	0.64	0.6061	0.69	0.1045	123	212	335	156	2	0	6	0	0	0	2	0.648333	0.616804	0.6525	0.138692	1685	3221	4906
3640	6/5/2011	2	0	6	13	0	0	0	1	0.66	0.6212	0.65	0.1045	154	213	367	156	2	0	6	0	0	0	2	0.648333	0.616804	0.6525	0.138692	1685	3221	4906
3641	6/5/2011	2	0	6	14	0	0	0	1	0.7	0.6515	0.58	0.1642	161	224	385	156	2	0	6	0	0	0	2	0.648333	0.616804	0.6525	0.138692	1685	3221	4906
3642	6/5/2011	2	0	6	15	0	0	0	1	0.7	0.6515	0.54	0	161	256	417	156	2	0	6	0	0	0	2	0.648333	0.616804	0.6525	0.138692	1685	3221	4906
3643	6/5/2011	2	0	6	16	0	0	0	1	0.72	0.6667	0.51	0.0896	138	260	398	156	2	0	6	0	0	0	2	0.648333	0.616804	0.6525	0.138692	1685	3221	4906
3644	6/5/2011	2	0	6	17	0	0	0	1	0.74	0.6667	0.51	0	126	264	390	156	2	0	6	0	0	0	2	0.648333	0.616804	0.6525	0.138692	1685	3221	4906
3645	6/5/2011	2	0	6	18	0	0	0	1	0.7	0.6515	0.58	0.1045	124	239	363	156	2	0	6	0	0	0	2	0.648333	0.616804	0.6525	0.138692	1685	3221	4906
3646	6/5/2011	2	0	6	19	0	0	0	1	0.68	0.6364	0.65	0.1642	108	249	357	156	2	0	6	0	0	0	2	0.648333	0.616804	0.6525	0.138692	1685	3221	4906
3647	6/5/2011	2	0	6	20	0	0	0	1	0.66	0.6212	0.69	0.194	84	195	279	156	2	0	6	0	0	0	2	0.648333	0.616804	0.6525	0.138692	1685	3221	4906
3648	6/5/2011	2	0	6	21	0	0	0	1	0.64	0.6061	0.73	0.1642	54	111	165	156	2	0	6	0	0	0	2	0.648333	0.616804	0.6525	0.138692	1685	3221	4906
3649	6/5/2011	2	0	6	22	0	0	0	1	0.64	0.5909	0.78	0.2239	36	94	130	156	2	0	6	0	0	0	2	0.648333	0.616804	0.6525	0.138692	1685	3221	4906
3650	6/5/2011	2	0	6	23	0	0	0	1	0.62	0.5909	0.78	0.1343	25	61	86	156	2	0	6	0	0	0	2	0.648333	0.616804	0.6525	0.138692	1685	3221	4906
3651	6/6/2011	2	0	6	0	0	1	1	1	0.62	0.5909	0.78	0.1343	11	18	29	157	2	0	6	0	1	1	1	0.678333	0.621858	0.6	0.121896	673	3875	4548
3652	6/6/2011	2	0	6	1	0	1	1	1	0.6	0.5606	0.83	0.1343	9	5	14	157	2	0	6	0	1	1	1	0.678333	0.621858	0.6	0.121896	673	3875	4548
3653	6/6/2011	2	0	6	2	0	1	1	1	0.58	0.5455	0.88	0.1045	4	4	8	157	2	0	6	0	1	1	1	0.678333	0.621858	0.6	0.121896	673	3875	4548
3654	6/6/2011	2	0	6	3	0	1	1	1	0.58	0.5455	0.88	0	2	3	5	157	2	0	6	0	1	1	1	0.678333	0.621858	0.6	0.121896	673	3875	4548
3655	6/6/2011	2	0	6	4	0	1	1	1	0.56	0.5303	0.94	0.1045	4	4	8	157	2	0	6	0	1	1	1	0.678333	0.621858	0.6	0.121896	673	3875	4548
3656	6/6/2011	2	0	6	5	0	1	1	1	0.56	0.5303	0.88	0.0896	7	24	31	157	2	0	6	0	1	1	1	0.678333	0.621858	0.6	0.121896	673	3875	4548
3657	6/6/2011	2	0	6	6	0	1	1	1	0.58	0.5455	0.88	0	11	101	112	157	2	0	6	0	1	1	1	0.678333	0.621858	0.6	0.121896	673	3875	4548
3658	6/6/2011	2	0	6	7	0	1	1	1	0.62	0.5909	0.78	0.1045	18	281	299	157	2	0	6	0	1	1	1	0.678333	0.621858	0.6	0.121896	673	3875	4548
3659	6/6/2011	2	0	6	8	0	1	1	1	0.64	0.6061	0.73	0.0896	28	410	438	157	2	0	6	0	1	1	1	0.678333	0.621858	0.6	0.121896	673	3875	4548
3660	6/6/2011	2	0	6	9	0	1	1	1	0.7	0.6515	0.58	0.1642	26	162	188	157	2	0	6	0	1	1	1	0.678333	0.621858	0.6	0.121896	673	3875	4548
3661	6/6/2011	2	0	6	10	0	1	1	1	0.72	0.6667	0.51	0.2239	31	64	95	157	2	0	6	0	1	1	1	0.678333	0.621858	0.6	0.121896	673	3875	4548
3662	6/6/2011	2	0	6	11	0	1	1	1	0.74	0.6667	0.42	0.1343	39	72	111	157	2	0	6	0	1	1	1	0.678333	0.621858	0.6	0.121896	673	3875	4548
3663	6/6/2011	2	0	6	12	0	1	1	1	0.76	0.6667	0.37	0.1642	25	128	153	157	2	0	6	0	1	1	1	0.678333	0.621858	0.6	0.121896	673	3875	4548
3664	6/6/2011	2	0	6	13	0	1	1	1	0.78	0.6818	0.35	0	28	152	180	157	2	0	6	0	1	1	1	0.678333	0.621858	0.6	0.121896	673	3875	4548
3665	6/6/2011	2	0	6	14	0	1	1	1	0.78	0.6818	0.31	0.1343	46	99	145	157	2	0	6	0	1	1	1	0.678333	0.621858	0.6	0.121896	673	3875	4548
3666	6/6/2011	2	0	6	15	0	1	1	1	0.8	0.697	0.29	0.194	38	127	165	157	2	0	6	0	1	1	1	0.678333	0.621858	0.6	0.121896	673	3875	4548
3667	6/6/2011	2	0	6	16	0	1	1	1	0.76	0.6667	0.33	0.1343	34	233	267	157	2	0	6	0	1	1	1	0.678333	0.621858	0.6	0.121896	673	3875	4548
3668	6/6/2011	2	0	6	17	0	1	1	1	0.78	0.6818	0.33	0.2836	63	516	579	157	2	0	6	0	1	1	1	0.678333	0.621858	0.6	0.121896	673	3875	4548
3669	6/6/2011	2	0	6	18	0	1	1	1	0.76	0.6667	0.31	0.1343	56	500	556	157	2	0	6	0	1	1	1	0.678333	0.621858	0.6	0.121896	673	3875	4548
3670	6/6/2011	2	0	6	19	0	1	1	1	0.72	0.6667	0.54	0.194	64	343	407	157	2	0	6	0	1	1	1	0.678333	0.621858	0.6	0.121896	673	3875	4548
3671	6/6/2011	2	0	6	20	0	1	1	1	0.68	0.6364	0.61	0.1343	59	277	336	157	2	0	6	0	1	1	1	0.678333	0.621858	0.6	0.121896	673	3875	4548
3672	6/6/2011	2	0	6	21	0	1	1	1	0.66	0.6212	0.57	0.0896	29	160	189	157	2	0	6	0	1	1	1	0.678333	0.621858	0.6	0.121896	673	3875	4548
3673	6/6/2011	2	0	6	22	0	1	1	1	0.66	0.6212	0.61	0.0896	36	137	173	157	2	0	6	0	1	1	1	0.678333	0.621858	0.6	0.121896	673	3875	4548
3674	6/6/2011	2	0	6	23	0	1	1	1	0.64	0.6061	0.69	0.0896	5	55	60	157	2	0	6	0	1	1	1	0.678333	0.621858	0.6	0.121896	673	3875	4548
3675	6/7/2011	2	0	6	0	0	2	1	1	0.64	0.6061	0.65	0.0896	5	15	20	158	2	0	6	0	2	1	1	0.7075	0.65595	0.597917	0.187808	763	4070	4833
3676	6/7/2011	2	0	6	1	0	2	1	1	0.62	0.6061	0.69	0.1343	2	2	4	158	2	0	6	0	2	1	1	0.7075	0.65595	0.597917	0.187808	763	4070	4833
3677	6/7/2011	2	0	6	2	0	2	1	1	0.6	0.5909	0.73	0.0896	3	2	5	158	2	0	6	0	2	1	1	0.7075	0.65595	0.597917	0.187808	763	4070	4833
3678	6/7/2011	2	0	6	3	0	2	1	1	0.6	0.5909	0.73	0.0896	1	1	2	158	2	0	6	0	2	1	1	0.7075	0.65595	0.597917	0.187808	763	4070	4833
3679	6/7/2011	2	0	6	4	0	2	1	1	0.58	0.5455	0.83	0.1343	2	3	5	158	2	0	6	0	2	1	1	0.7075	0.65595	0.597917	0.187808	763	4070	4833
3680	6/7/2011	2	0	6	5	0	2	1	1	0.58	0.5455	0.88	0.1642	2	30	32	158	2	0	6	0	2	1	1	0.7075	0.65595	0.597917	0.187808	763	4070	4833
3681	6/7/2011	2	0	6	6	0	2	1	1	0.6	0.5758	0.78	0.1343	10	116	126	158	2	0	6	0	2	1	1	0.7075	0.65595	0.597917	0.187808	763	4070	4833
3682	6/7/2011	2	0	6	7	0	2	1	2	0.64	0.6061	0.69	0.194	23	311	334	158	2	0	6	0	2	1	1	0.7075	0.65595	0.597917	0.187808	763	4070	4833
3683	6/7/2011	2	0	6	8	0	2	1	2	0.68	0.6364	0.61	0.1343	45	432	477	158	2	0	6	0	2	1	1	0.7075	0.65595	0.597917	0.187808	763	4070	4833
3684	6/7/2011	2	0	6	9	0	2	1	2	0.72	0.6667	0.58	0.2239	27	190	217	158	2	0	6	0	2	1	1	0.7075	0.65595	0.597917	0.187808	763	4070	4833
3685	6/7/2011	2	0	6	10	0	2	1	2	0.76	0.6818	0.48	0.194	37	86	123	158	2	0	6	0	2	1	1	0.7075	0.65595	0.597917	0.187808	763	4070	4833
3686	6/7/2011	2	0	6	11	0	2	1	2	0.76	0.697	0.52	0.2537	38	113	151	158	2	0	6	0	2	1	1	0.7075	0.65595	0.597917	0.187808	763	4070	4833
3687	6/7/2011	2	0	6	12	0	2	1	2	0.8	0.7273	0.46	0.2836	42	141	183	158	2	0	6	0	2	1	1	0.7075	0.65595	0.597917	0.187808	763	4070	4833
3688	6/7/2011	2	0	6	13	0	2	1	2	0.8	0.7273	0.43	0.2537	55	141	196	158	2	0	6	0	2	1	1	0.7075	0.65595	0.597917	0.187808	763	4070	4833
3689	6/7/2011	2	0	6	14	0	2	1	2	0.8	0.7273	0.43	0.2836	34	112	146	158	2	0	6	0	2	1	1	0.7075	0.65595	0.597917	0.187808	763	4070	4833
3690	6/7/2011	2	0	6	15	0	2	1	2	0.82	0.7424	0.41	0.3284	56	127	183	158	2	0	6	0	2	1	1	0.7075	0.65595	0.597917	0.187808	763	4070	4833
3691	6/7/2011	2	0	6	16	0	2	1	1	0.8	0.7121	0.38	0.2239	55	253	308	158	2	0	6	0	2	1	1	0.7075	0.65595	0.597917	0.187808	763	4070	4833
3692	6/7/2011	2	0	6	17	0	2	1	1	0.8	0.7273	0.43	0.2537	64	475	539	158	2	0	6	0	2	1	1	0.7075	0.65595	0.597917	0.187808	763	4070	4833
3693	6/7/2011	2	0	6	18	0	2	1	1	0.78	0.697	0.46	0.2836	72	479	551	158	2	0	6	0	2	1	1	0.7075	0.65595	0.597917	0.187808	763	4070	4833
3694	6/7/2011	2	0	6	19	0	2	1	1	0.76	0.6818	0.48	0.2537	69	355	424	158	2	0	6	0	2	1	1	0.7075	0.65595	0.597917	0.187808	763	4070	4833
3695	6/7/2011	2	0	6	20	0	2	1	1	0.74	0.6818	0.56	0.1343	45	301	346	158	2	0	6	0	2	1	1	0.7075	0.65595	0.597917	0.187808	763	4070	4833
3696	6/7/2011	2	0	6	21	0	2	1	1	0.72	0.6818	0.7	0.1343	31	187	218	158	2	0	6	0	2	1	1	0.7075	0.65595	0.597917	0.187808	763	4070	4833
3697	6/7/2011	2	0	6	22	0	2	1	1	0.7	0.6515	0.65	0.1343	27	126	153	158	2	0	6	0	2	1	1	0.7075	0.65595	0.597917	0.187808	763	4070	4833
3698	6/7/2011	2	0	6	23	0	2	1	1	0.68	0.6364	0.79	0.1045	18	72	90	158	2	0	6	0	2	1	1	0.7075	0.65595	0.597917	0.187808	763	4070	4833
3699	6/8/2011	2	0	6	0	0	3	1	1	0.66	0.5909	0.89	0.1343	12	29	41	159	2	0	6	0	3	1	1	0.775833	0.727279	0.622083	0.136817	676	3725	4401
3700	6/8/2011	2	0	6	1	0	3	1	1	0.66	0.6061	0.78	0	3	20	23	159	2	0	6	0	3	1	1	0.775833	0.727279	0.622083	0.136817	676	3725	4401
3701	6/8/2011	2	0	6	2	0	3	1	1	0.64	0.5758	0.89	0.0896	0	7	7	159	2	0	6	0	3	1	1	0.775833	0.727279	0.622083	0.136817	676	3725	4401
3702	6/8/2011	2	0	6	3	0	3	1	1	0.64	0.5758	0.89	0.0896	2	1	3	159	2	0	6	0	3	1	1	0.775833	0.727279	0.622083	0.136817	676	3725	4401
3703	6/8/2011	2	0	6	4	0	3	1	1	0.62	0.5758	0.83	0	0	6	6	159	2	0	6	0	3	1	1	0.775833	0.727279	0.622083	0.136817	676	3725	4401
3704	6/8/2011	2	0	6	5	0	3	1	1	0.62	0.5606	0.88	0	0	21	21	159	2	0	6	0	3	1	1	0.775833	0.727279	0.622083	0.136817	676	3725	4401
3705	6/8/2011	2	0	6	6	0	3	1	1	0.64	0.5758	0.89	0.1343	13	103	116	159	2	0	6	0	3	1	1	0.775833	0.727279	0.622083	0.136817	676	3725	4401
3706	6/8/2011	2	0	6	7	0	3	1	1	0.66	0.6212	0.74	0.1045	24	329	353	159	2	0	6	0	3	1	1	0.775833	0.727279	0.622083	0.136817	676	3725	4401
3707	6/8/2011	2	0	6	8	0	3	1	1	0.76	0.7121	0.58	0.1642	46	435	481	159	2	0	6	0	3	1	1	0.775833	0.727279	0.622083	0.136817	676	3725	4401
3708	6/8/2011	2	0	6	9	0	3	1	1	0.76	0.7121	0.58	0.1642	34	168	202	159	2	0	6	0	3	1	1	0.775833	0.727279	0.622083	0.136817	676	3725	4401
3709	6/8/2011	2	0	6	10	0	3	1	1	0.82	0.7424	0.43	0.2239	27	63	90	159	2	0	6	0	3	1	1	0.775833	0.727279	0.622083	0.136817	676	3725	4401
3710	6/8/2011	2	0	6	11	0	3	1	1	0.84	0.7576	0.41	0.194	28	106	134	159	2	0	6	0	3	1	1	0.775833	0.727279	0.622083	0.136817	676	3725	4401
3711	6/8/2011	2	0	6	12	0	3	1	1	0.88	0.8182	0.42	0.1343	15	134	149	159	2	0	6	0	3	1	1	0.775833	0.727279	0.622083	0.136817	676	3725	4401
3712	6/8/2011	2	0	6	13	0	3	1	1	0.9	0.8485	0.42	0	20	116	136	159	2	0	6	0	3	1	1	0.775833	0.727279	0.622083	0.136817	676	3725	4401
3713	6/8/2011	2	0	6	14	0	3	1	1	0.92	0.8788	0.4	0.2537	44	111	155	159	2	0	6	0	3	1	1	0.775833	0.727279	0.622083	0.136817	676	3725	4401
3714	6/8/2011	2	0	6	15	0	3	1	1	0.92	0.8788	0.4	0.1642	28	100	128	159	2	0	6	0	3	1	1	0.775833	0.727279	0.622083	0.136817	676	3725	4401
3715	6/8/2011	2	0	6	16	0	3	1	1	0.92	0.8788	0.4	0.2239	34	199	233	159	2	0	6	0	3	1	1	0.775833	0.727279	0.622083	0.136817	676	3725	4401
3716	6/8/2011	2	0	6	17	0	3	1	1	0.92	0.8485	0.35	0.2239	80	426	506	159	2	0	6	0	3	1	1	0.775833	0.727279	0.622083	0.136817	676	3725	4401
3717	6/8/2011	2	0	6	18	0	3	1	1	0.9	0.8182	0.37	0.2239	61	398	459	159	2	0	6	0	3	1	1	0.775833	0.727279	0.622083	0.136817	676	3725	4401
3718	6/8/2011	2	0	6	19	0	3	1	1	0.82	0.803	0.59	0.1343	61	323	384	159	2	0	6	0	3	1	1	0.775833	0.727279	0.622083	0.136817	676	3725	4401
3719	6/8/2011	2	0	6	20	0	3	1	1	0.8	0.7879	0.63	0.1343	55	225	280	159	2	0	6	0	3	1	1	0.775833	0.727279	0.622083	0.136817	676	3725	4401
3720	6/8/2011	2	0	6	21	0	3	1	1	0.8	0.803	0.66	0.1343	34	168	202	159	2	0	6	0	3	1	1	0.775833	0.727279	0.622083	0.136817	676	3725	4401
3721	6/8/2011	2	0	6	22	0	3	1	1	0.76	0.7424	0.75	0.1642	37	139	176	159	2	0	6	0	3	1	1	0.775833	0.727279	0.622083	0.136817	676	3725	4401
3722	6/8/2011	2	0	6	23	0	3	1	1	0.76	0.7424	0.75	0.194	18	98	116	159	2	0	6	0	3	1	1	0.775833	0.727279	0.622083	0.136817	676	3725	4401
3723	6/9/2011	2	0	6	0	0	4	1	2	0.74	0.7121	0.79	0.1343	7	40	47	160	2	0	6	0	4	1	2	0.808333	0.757579	0.568333	0.149883	563	3352	3915
3724	6/9/2011	2	0	6	1	0	4	1	1	0.74	0.7121	0.79	0.1045	3	13	16	160	2	0	6	0	4	1	2	0.808333	0.757579	0.568333	0.149883	563	3352	3915
3725	6/9/2011	2	0	6	2	0	4	1	2	0.72	0.7121	0.84	0.1642	0	6	6	160	2	0	6	0	4	1	2	0.808333	0.757579	0.568333	0.149883	563	3352	3915
3726	6/9/2011	2	0	6	3	0	4	1	2	0.72	0.7121	0.84	0.1045	0	2	2	160	2	0	6	0	4	1	2	0.808333	0.757579	0.568333	0.149883	563	3352	3915
3727	6/9/2011	2	0	6	4	0	4	1	2	0.72	0.697	0.79	0.0896	2	4	6	160	2	0	6	0	4	1	2	0.808333	0.757579	0.568333	0.149883	563	3352	3915
3728	6/9/2011	2	0	6	5	0	4	1	2	0.7	0.6667	0.84	0	1	19	20	160	2	0	6	0	4	1	2	0.808333	0.757579	0.568333	0.149883	563	3352	3915
3729	6/9/2011	2	0	6	6	0	4	1	2	0.72	0.7121	0.84	0.0896	13	105	118	160	2	0	6	0	4	1	2	0.808333	0.757579	0.568333	0.149883	563	3352	3915
3730	6/9/2011	2	0	6	7	0	4	1	2	0.72	0.697	0.79	0.1343	31	283	314	160	2	0	6	0	4	1	2	0.808333	0.757579	0.568333	0.149883	563	3352	3915
3731	6/9/2011	2	0	6	8	0	4	1	2	0.76	0.7273	0.7	0.1045	32	400	432	160	2	0	6	0	4	1	2	0.808333	0.757579	0.568333	0.149883	563	3352	3915
3732	6/9/2011	2	0	6	9	0	4	1	1	0.84	0.7879	0.49	0	20	148	168	160	2	0	6	0	4	1	2	0.808333	0.757579	0.568333	0.149883	563	3352	3915
3733	6/9/2011	2	0	6	10	0	4	1	1	0.86	0.8182	0.5	0.2836	20	74	94	160	2	0	6	0	4	1	2	0.808333	0.757579	0.568333	0.149883	563	3352	3915
3734	6/9/2011	2	0	6	11	0	4	1	1	0.9	0.8485	0.42	0.2239	36	82	118	160	2	0	6	0	4	1	2	0.808333	0.757579	0.568333	0.149883	563	3352	3915
3735	6/9/2011	2	0	6	12	0	4	1	1	0.92	0.8485	0.35	0.194	40	100	140	160	2	0	6	0	4	1	2	0.808333	0.757579	0.568333	0.149883	563	3352	3915
3736	6/9/2011	2	0	6	13	0	4	1	1	0.9	0.8182	0.37	0.0896	18	118	136	160	2	0	6	0	4	1	2	0.808333	0.757579	0.568333	0.149883	563	3352	3915
3737	6/9/2011	2	0	6	14	0	4	1	1	0.92	0.8788	0.4	0.194	25	93	118	160	2	0	6	0	4	1	2	0.808333	0.757579	0.568333	0.149883	563	3352	3915
3738	6/9/2011	2	0	6	15	0	4	1	1	0.94	0.8333	0.31	0.1642	18	86	104	160	2	0	6	0	4	1	2	0.808333	0.757579	0.568333	0.149883	563	3352	3915
3739	6/9/2011	2	0	6	16	0	4	1	1	0.92	0.8333	0.33	0.1343	30	170	200	160	2	0	6	0	4	1	2	0.808333	0.757579	0.568333	0.149883	563	3352	3915
3740	6/9/2011	2	0	6	17	0	4	1	1	0.9	0.8182	0.37	0.2537	54	355	409	160	2	0	6	0	4	1	2	0.808333	0.757579	0.568333	0.149883	563	3352	3915
3741	6/9/2011	2	0	6	18	0	4	1	1	0.88	0.803	0.39	0.2836	52	414	466	160	2	0	6	0	4	1	2	0.808333	0.757579	0.568333	0.149883	563	3352	3915
3742	6/9/2011	2	0	6	19	0	4	1	2	0.84	0.7424	0.39	0.3284	55	271	326	160	2	0	6	0	4	1	2	0.808333	0.757579	0.568333	0.149883	563	3352	3915
3743	6/9/2011	2	0	6	20	0	4	1	2	0.8	0.7273	0.43	0.194	40	214	254	160	2	0	6	0	4	1	2	0.808333	0.757579	0.568333	0.149883	563	3352	3915
3744	6/9/2011	2	0	6	21	0	4	1	3	0.76	0.697	0.52	0	29	142	171	160	2	0	6	0	4	1	2	0.808333	0.757579	0.568333	0.149883	563	3352	3915
3745	6/9/2011	2	0	6	22	0	4	1	2	0.74	0.6818	0.58	0.1642	22	131	153	160	2	0	6	0	4	1	2	0.808333	0.757579	0.568333	0.149883	563	3352	3915
3746	6/9/2011	2	0	6	23	0	4	1	2	0.74	0.697	0.57	0.1642	15	82	97	160	2	0	6	0	4	1	2	0.808333	0.757579	0.568333	0.149883	563	3352	3915
3747	6/10/2011	2	0	6	0	0	5	1	3	0.7	0.6515	0.65	0.2239	8	61	69	161	2	0	6	0	5	1	1	0.755	0.703292	0.605	0.140554	815	3771	4586
3748	6/10/2011	2	0	6	1	0	5	1	3	0.7	0.6515	0.65	0.2239	5	18	23	161	2	0	6	0	5	1	1	0.755	0.703292	0.605	0.140554	815	3771	4586
3749	6/10/2011	2	0	6	2	0	5	1	1	0.68	0.6364	0.69	0.1642	6	7	13	161	2	0	6	0	5	1	1	0.755	0.703292	0.605	0.140554	815	3771	4586
3750	6/10/2011	2	0	6	3	0	5	1	1	0.68	0.6364	0.69	0.1642	3	3	6	161	2	0	6	0	5	1	1	0.755	0.703292	0.605	0.140554	815	3771	4586
3751	6/10/2011	2	0	6	4	0	5	1	1	0.66	0.6061	0.78	0.1642	0	4	4	161	2	0	6	0	5	1	1	0.755	0.703292	0.605	0.140554	815	3771	4586
3752	6/10/2011	2	0	6	5	0	5	1	1	0.66	0.6061	0.78	0.1642	0	28	28	161	2	0	6	0	5	1	1	0.755	0.703292	0.605	0.140554	815	3771	4586
3753	6/10/2011	2	0	6	6	0	5	1	1	0.66	0.6061	0.78	0.0896	10	94	104	161	2	0	6	0	5	1	1	0.755	0.703292	0.605	0.140554	815	3771	4586
3754	6/10/2011	2	0	6	7	0	5	1	1	0.72	0.6818	0.66	0.1045	25	242	267	161	2	0	6	0	5	1	1	0.755	0.703292	0.605	0.140554	815	3771	4586
3755	6/10/2011	2	0	6	8	0	5	1	1	0.74	0.6818	0.58	0.1343	29	423	452	161	2	0	6	0	5	1	1	0.755	0.703292	0.605	0.140554	815	3771	4586
3756	6/10/2011	2	0	6	9	0	5	1	1	0.76	0.697	0.55	0	37	176	213	161	2	0	6	0	5	1	1	0.755	0.703292	0.605	0.140554	815	3771	4586
3757	6/10/2011	2	0	6	10	0	5	1	1	0.78	0.7121	0.52	0	23	88	111	161	2	0	6	0	5	1	1	0.755	0.703292	0.605	0.140554	815	3771	4586
3758	6/10/2011	2	0	6	11	0	5	1	1	0.82	0.7576	0.46	0	46	107	153	161	2	0	6	0	5	1	1	0.755	0.703292	0.605	0.140554	815	3771	4586
3759	6/10/2011	2	0	6	12	0	5	1	1	0.84	0.7576	0.44	0.1343	40	167	207	161	2	0	6	0	5	1	1	0.755	0.703292	0.605	0.140554	815	3771	4586
3760	6/10/2011	2	0	6	13	0	5	1	1	0.84	0.7576	0.44	0.1045	40	149	189	161	2	0	6	0	5	1	1	0.755	0.703292	0.605	0.140554	815	3771	4586
3761	6/10/2011	2	0	6	14	0	5	1	1	0.86	0.7727	0.39	0	44	121	165	161	2	0	6	0	5	1	1	0.755	0.703292	0.605	0.140554	815	3771	4586
3762	6/10/2011	2	0	6	15	0	5	1	1	0.84	0.7576	0.44	0.1045	49	163	212	161	2	0	6	0	5	1	1	0.755	0.703292	0.605	0.140554	815	3771	4586
3763	6/10/2011	2	0	6	16	0	5	1	1	0.82	0.7879	0.56	0.2985	46	239	285	161	2	0	6	0	5	1	1	0.755	0.703292	0.605	0.140554	815	3771	4586
3764	6/10/2011	2	0	6	17	0	5	1	1	0.82	0.7727	0.52	0.2239	63	454	517	161	2	0	6	0	5	1	1	0.755	0.703292	0.605	0.140554	815	3771	4586
3765	6/10/2011	2	0	6	18	0	5	1	1	0.8	0.7727	0.59	0.2239	96	367	463	161	2	0	6	0	5	1	1	0.755	0.703292	0.605	0.140554	815	3771	4586
3766	6/10/2011	2	0	6	19	0	5	1	1	0.78	0.7424	0.59	0.194	61	245	306	161	2	0	6	0	5	1	1	0.755	0.703292	0.605	0.140554	815	3771	4586
3767	6/10/2011	2	0	6	20	0	5	1	1	0.76	0.7121	0.62	0.1045	53	197	250	161	2	0	6	0	5	1	1	0.755	0.703292	0.605	0.140554	815	3771	4586
3768	6/10/2011	2	0	6	21	0	5	1	1	0.76	0.7273	0.66	0.1343	55	163	218	161	2	0	6	0	5	1	1	0.755	0.703292	0.605	0.140554	815	3771	4586
3769	6/10/2011	2	0	6	22	0	5	1	1	0.72	0.697	0.74	0.2537	40	145	185	161	2	0	6	0	5	1	1	0.755	0.703292	0.605	0.140554	815	3771	4586
3770	6/10/2011	2	0	6	23	0	5	1	1	0.72	0.697	0.74	0.1642	36	110	146	161	2	0	6	0	5	1	1	0.755	0.703292	0.605	0.140554	815	3771	4586
3771	6/11/2011	2	0	6	0	0	6	0	1	0.7	0.6667	0.79	0.1343	28	89	117	162	2	0	6	0	6	0	1	0.725	0.678038	0.654583	0.15485	1729	3237	4966
3772	6/11/2011	2	0	6	1	0	6	0	1	0.7	0.6667	0.79	0.0896	10	67	77	162	2	0	6	0	6	0	1	0.725	0.678038	0.654583	0.15485	1729	3237	4966
3773	6/11/2011	2	0	6	2	0	6	0	1	0.7	0.6667	0.79	0.1045	10	50	60	162	2	0	6	0	6	0	1	0.725	0.678038	0.654583	0.15485	1729	3237	4966
3774	6/11/2011	2	0	6	3	0	6	0	1	0.68	0.6364	0.83	0.0896	10	18	28	162	2	0	6	0	6	0	1	0.725	0.678038	0.654583	0.15485	1729	3237	4966
3775	6/11/2011	2	0	6	4	0	6	0	1	0.68	0.6364	0.79	0.0896	4	9	13	162	2	0	6	0	6	0	1	0.725	0.678038	0.654583	0.15485	1729	3237	4966
3776	6/11/2011	2	0	6	5	0	6	0	1	0.68	0.6364	0.74	0.1343	4	12	16	162	2	0	6	0	6	0	1	0.725	0.678038	0.654583	0.15485	1729	3237	4966
3777	6/11/2011	2	0	6	6	0	6	0	1	0.7	0.6515	0.61	0.1343	9	31	40	162	2	0	6	0	6	0	1	0.725	0.678038	0.654583	0.15485	1729	3237	4966
3778	6/11/2011	2	0	6	7	0	6	0	1	0.72	0.6667	0.58	0.194	18	50	68	162	2	0	6	0	6	0	1	0.725	0.678038	0.654583	0.15485	1729	3237	4966
3779	6/11/2011	2	0	6	8	0	6	0	1	0.74	0.6818	0.58	0.194	32	111	143	162	2	0	6	0	6	0	1	0.725	0.678038	0.654583	0.15485	1729	3237	4966
3780	6/11/2011	2	0	6	9	0	6	0	1	0.74	0.6818	0.62	0.1343	59	171	230	162	2	0	6	0	6	0	1	0.725	0.678038	0.654583	0.15485	1729	3237	4966
3781	6/11/2011	2	0	6	10	0	6	0	1	0.74	0.6818	0.58	0.1642	91	173	264	162	2	0	6	0	6	0	1	0.725	0.678038	0.654583	0.15485	1729	3237	4966
3782	6/11/2011	2	0	6	11	0	6	0	1	0.76	0.7121	0.62	0.1343	110	215	325	162	2	0	6	0	6	0	1	0.725	0.678038	0.654583	0.15485	1729	3237	4966
3783	6/11/2011	2	0	6	12	0	6	0	1	0.8	0.7576	0.55	0.2239	112	235	347	162	2	0	6	0	6	0	1	0.725	0.678038	0.654583	0.15485	1729	3237	4966
3784	6/11/2011	2	0	6	13	0	6	0	1	0.8	0.7576	0.55	0.194	150	237	387	162	2	0	6	0	6	0	1	0.725	0.678038	0.654583	0.15485	1729	3237	4966
3785	6/11/2011	2	0	6	14	0	6	0	1	0.82	0.7727	0.49	0.1045	148	232	380	162	2	0	6	0	6	0	1	0.725	0.678038	0.654583	0.15485	1729	3237	4966
3786	6/11/2011	2	0	6	15	0	6	0	1	0.82	0.7727	0.49	0.1045	142	232	374	162	2	0	6	0	6	0	1	0.725	0.678038	0.654583	0.15485	1729	3237	4966
3787	6/11/2011	2	0	6	16	0	6	0	2	0.8	0.7273	0.46	0.194	169	225	394	162	2	0	6	0	6	0	1	0.725	0.678038	0.654583	0.15485	1729	3237	4966
3788	6/11/2011	2	0	6	17	0	6	0	2	0.74	0.6818	0.58	0.1642	147	190	337	162	2	0	6	0	6	0	1	0.725	0.678038	0.654583	0.15485	1729	3237	4966
3789	6/11/2011	2	0	6	18	0	6	0	2	0.72	0.6818	0.62	0.1343	131	155	286	162	2	0	6	0	6	0	1	0.725	0.678038	0.654583	0.15485	1729	3237	4966
3790	6/11/2011	2	0	6	19	0	6	0	1	0.7	0.6515	0.65	0.194	97	167	264	162	2	0	6	0	6	0	1	0.725	0.678038	0.654583	0.15485	1729	3237	4966
3791	6/11/2011	2	0	6	20	0	6	0	1	0.68	0.6364	0.74	0.2537	95	180	275	162	2	0	6	0	6	0	1	0.725	0.678038	0.654583	0.15485	1729	3237	4966
3792	6/11/2011	2	0	6	21	0	6	0	1	0.66	0.6212	0.74	0.2239	76	144	220	162	2	0	6	0	6	0	1	0.725	0.678038	0.654583	0.15485	1729	3237	4966
3793	6/11/2011	2	0	6	22	0	6	0	1	0.66	0.6061	0.78	0.2239	53	137	190	162	2	0	6	0	6	0	1	0.725	0.678038	0.654583	0.15485	1729	3237	4966
3794	6/11/2011	2	0	6	23	0	6	0	1	0.66	0.6212	0.74	0.1045	24	107	131	162	2	0	6	0	6	0	1	0.725	0.678038	0.654583	0.15485	1729	3237	4966
3795	6/12/2011	2	0	6	0	0	0	0	1	0.66	0.6061	0.78	0.2239	19	100	119	163	2	0	6	0	0	0	1	0.6925	0.643325	0.747917	0.163567	1467	2993	4460
3796	6/12/2011	2	0	6	1	0	0	0	1	0.64	0.5758	0.83	0.1045	19	74	93	163	2	0	6	0	0	0	1	0.6925	0.643325	0.747917	0.163567	1467	2993	4460
3797	6/12/2011	2	0	6	2	0	0	0	1	0.64	0.5758	0.89	0.2537	9	57	66	163	2	0	6	0	0	0	1	0.6925	0.643325	0.747917	0.163567	1467	2993	4460
3798	6/12/2011	2	0	6	3	0	0	0	1	0.64	0.5758	0.89	0.2836	8	20	28	163	2	0	6	0	0	0	1	0.6925	0.643325	0.747917	0.163567	1467	2993	4460
3799	6/12/2011	2	0	6	4	0	0	0	1	0.62	0.5606	0.88	0.1642	8	6	14	163	2	0	6	0	0	0	1	0.6925	0.643325	0.747917	0.163567	1467	2993	4460
3800	6/12/2011	2	0	6	5	0	0	0	1	0.62	0.5606	0.88	0.2239	5	5	10	163	2	0	6	0	0	0	1	0.6925	0.643325	0.747917	0.163567	1467	2993	4460
3801	6/12/2011	2	0	6	6	0	0	0	1	0.62	0.5606	0.88	0.1045	5	9	14	163	2	0	6	0	0	0	1	0.6925	0.643325	0.747917	0.163567	1467	2993	4460
3802	6/12/2011	2	0	6	7	0	0	0	1	0.64	0.5909	0.78	0.1045	7	27	34	163	2	0	6	0	0	0	1	0.6925	0.643325	0.747917	0.163567	1467	2993	4460
3803	6/12/2011	2	0	6	8	0	0	0	1	0.7	0.6667	0.74	0	28	64	92	163	2	0	6	0	0	0	1	0.6925	0.643325	0.747917	0.163567	1467	2993	4460
3804	6/12/2011	2	0	6	9	0	0	0	1	0.72	0.6818	0.66	0	75	107	182	163	2	0	6	0	0	0	1	0.6925	0.643325	0.747917	0.163567	1467	2993	4460
3805	6/12/2011	2	0	6	10	0	0	0	1	0.76	0.7121	0.58	0.0896	120	191	311	163	2	0	6	0	0	0	1	0.6925	0.643325	0.747917	0.163567	1467	2993	4460
3806	6/12/2011	2	0	6	11	0	0	0	1	0.78	0.7273	0.55	0.1045	131	236	367	163	2	0	6	0	0	0	1	0.6925	0.643325	0.747917	0.163567	1467	2993	4460
3807	6/12/2011	2	0	6	12	0	0	0	1	0.82	0.7576	0.46	0	176	244	420	163	2	0	6	0	0	0	1	0.6925	0.643325	0.747917	0.163567	1467	2993	4460
3808	6/12/2011	2	0	6	13	0	0	0	1	0.78	0.7424	0.59	0.2836	109	264	373	163	2	0	6	0	0	0	1	0.6925	0.643325	0.747917	0.163567	1467	2993	4460
3809	6/12/2011	2	0	6	14	0	0	0	1	0.82	0.7879	0.56	0.2537	96	219	315	163	2	0	6	0	0	0	1	0.6925	0.643325	0.747917	0.163567	1467	2993	4460
3810	6/12/2011	2	0	6	15	0	0	0	1	0.8	0.7727	0.59	0.2985	142	218	360	163	2	0	6	0	0	0	1	0.6925	0.643325	0.747917	0.163567	1467	2993	4460
3811	6/12/2011	2	0	6	16	0	0	0	3	0.68	0.6364	0.83	0.2836	115	235	350	163	2	0	6	0	0	0	1	0.6925	0.643325	0.747917	0.163567	1467	2993	4460
3812	6/12/2011	2	0	6	17	0	0	0	3	0.68	0.6364	0.83	0.2836	94	158	252	163	2	0	6	0	0	0	1	0.6925	0.643325	0.747917	0.163567	1467	2993	4460
3813	6/12/2011	2	0	6	18	0	0	0	1	0.7	0.6667	0.74	0.1642	69	187	256	163	2	0	6	0	0	0	1	0.6925	0.643325	0.747917	0.163567	1467	2993	4460
3814	6/12/2011	2	0	6	19	0	0	0	1	0.7	0.6667	0.74	0.1045	67	156	223	163	2	0	6	0	0	0	1	0.6925	0.643325	0.747917	0.163567	1467	2993	4460
3815	6/12/2011	2	0	6	20	0	0	0	1	0.66	0.6061	0.83	0.1642	62	144	206	163	2	0	6	0	0	0	1	0.6925	0.643325	0.747917	0.163567	1467	2993	4460
3816	6/12/2011	2	0	6	21	0	0	0	1	0.66	0.6061	0.83	0.1045	39	101	140	163	2	0	6	0	0	0	1	0.6925	0.643325	0.747917	0.163567	1467	2993	4460
3817	6/12/2011	2	0	6	22	0	0	0	1	0.64	0.5758	0.83	0.1343	31	97	128	163	2	0	6	0	0	0	1	0.6925	0.643325	0.747917	0.163567	1467	2993	4460
3818	6/12/2011	2	0	6	23	0	0	0	1	0.64	0.5909	0.78	0.194	33	74	107	163	2	0	6	0	0	0	1	0.6925	0.643325	0.747917	0.163567	1467	2993	4460
3819	6/13/2011	2	0	6	0	0	1	1	1	0.64	0.5909	0.78	0.1343	8	20	28	164	2	0	6	0	1	1	1	0.635	0.601654	0.494583	0.30535	863	4157	5020
3820	6/13/2011	2	0	6	1	0	1	1	1	0.64	0.6061	0.73	0.2239	6	10	16	164	2	0	6	0	1	1	1	0.635	0.601654	0.494583	0.30535	863	4157	5020
3821	6/13/2011	2	0	6	2	0	1	1	1	0.62	0.5909	0.73	0.2836	2	8	10	164	2	0	6	0	1	1	1	0.635	0.601654	0.494583	0.30535	863	4157	5020
3822	6/13/2011	2	0	6	3	0	1	1	1	0.6	0.6061	0.6	0.4925	1	6	7	164	2	0	6	0	1	1	1	0.635	0.601654	0.494583	0.30535	863	4157	5020
3823	6/13/2011	2	0	6	4	0	1	1	1	0.56	0.5303	0.64	0.2985	1	3	4	164	2	0	6	0	1	1	1	0.635	0.601654	0.494583	0.30535	863	4157	5020
3824	6/13/2011	2	0	6	5	0	1	1	1	0.54	0.5152	0.64	0.3881	2	27	29	164	2	0	6	0	1	1	1	0.635	0.601654	0.494583	0.30535	863	4157	5020
3825	6/13/2011	2	0	6	6	0	1	1	1	0.54	0.5152	0.64	0.4179	7	98	105	164	2	0	6	0	1	1	1	0.635	0.601654	0.494583	0.30535	863	4157	5020
3826	6/13/2011	2	0	6	7	0	1	1	1	0.56	0.5303	0.56	0.3582	26	302	328	164	2	0	6	0	1	1	1	0.635	0.601654	0.494583	0.30535	863	4157	5020
3827	6/13/2011	2	0	6	8	0	1	1	1	0.58	0.5455	0.49	0.4478	44	432	476	164	2	0	6	0	1	1	1	0.635	0.601654	0.494583	0.30535	863	4157	5020
3828	6/13/2011	2	0	6	9	0	1	1	1	0.62	0.6212	0.46	0.3582	35	189	224	164	2	0	6	0	1	1	1	0.635	0.601654	0.494583	0.30535	863	4157	5020
3829	6/13/2011	2	0	6	10	0	1	1	1	0.64	0.6212	0.41	0.3284	38	80	118	164	2	0	6	0	1	1	1	0.635	0.601654	0.494583	0.30535	863	4157	5020
3830	6/13/2011	2	0	6	11	0	1	1	1	0.66	0.6212	0.41	0.2985	53	106	159	164	2	0	6	0	1	1	1	0.635	0.601654	0.494583	0.30535	863	4157	5020
3831	6/13/2011	2	0	6	12	0	1	1	1	0.66	0.6212	0.41	0.2836	35	161	196	164	2	0	6	0	1	1	1	0.635	0.601654	0.494583	0.30535	863	4157	5020
3832	6/13/2011	2	0	6	13	0	1	1	1	0.7	0.6364	0.37	0	53	174	227	164	2	0	6	0	1	1	1	0.635	0.601654	0.494583	0.30535	863	4157	5020
3833	6/13/2011	2	0	6	14	0	1	1	1	0.7	0.6364	0.34	0.2537	55	145	200	164	2	0	6	0	1	1	1	0.635	0.601654	0.494583	0.30535	863	4157	5020
3834	6/13/2011	2	0	6	15	0	1	1	1	0.7	0.6364	0.37	0.4478	58	127	185	164	2	0	6	0	1	1	1	0.635	0.601654	0.494583	0.30535	863	4157	5020
3835	6/13/2011	2	0	6	16	0	1	1	1	0.7	0.6364	0.37	0.4179	64	262	326	164	2	0	6	0	1	1	1	0.635	0.601654	0.494583	0.30535	863	4157	5020
3836	6/13/2011	2	0	6	17	0	1	1	1	0.7	0.6364	0.39	0.3284	72	529	601	164	2	0	6	0	1	1	1	0.635	0.601654	0.494583	0.30535	863	4157	5020
3837	6/13/2011	2	0	6	18	0	1	1	1	0.7	0.6364	0.37	0.3582	76	510	586	164	2	0	6	0	1	1	1	0.635	0.601654	0.494583	0.30535	863	4157	5020
3838	6/13/2011	2	0	6	19	0	1	1	1	0.66	0.6212	0.39	0.2836	75	348	423	164	2	0	6	0	1	1	1	0.635	0.601654	0.494583	0.30535	863	4157	5020
3839	6/13/2011	2	0	6	20	0	1	1	1	0.64	0.6212	0.44	0.2537	78	253	331	164	2	0	6	0	1	1	1	0.635	0.601654	0.494583	0.30535	863	4157	5020
3840	6/13/2011	2	0	6	21	0	1	1	1	0.64	0.6212	0.41	0.2537	40	178	218	164	2	0	6	0	1	1	1	0.635	0.601654	0.494583	0.30535	863	4157	5020
3841	6/13/2011	2	0	6	22	0	1	1	1	0.62	0.6212	0.46	0.2239	20	114	134	164	2	0	6	0	1	1	1	0.635	0.601654	0.494583	0.30535	863	4157	5020
3842	6/13/2011	2	0	6	23	0	1	1	1	0.62	0.6212	0.46	0.194	14	75	89	164	2	0	6	0	1	1	1	0.635	0.601654	0.494583	0.30535	863	4157	5020
3843	6/14/2011	2	0	6	0	0	2	1	1	0.6	0.6212	0.49	0.194	13	18	31	165	2	0	6	0	2	1	1	0.604167	0.591546	0.507083	0.269283	727	4164	4891
3844	6/14/2011	2	0	6	1	0	2	1	1	0.6	0.6212	0.49	0.2537	3	10	13	165	2	0	6	0	2	1	1	0.604167	0.591546	0.507083	0.269283	727	4164	4891
3845	6/14/2011	2	0	6	2	0	2	1	1	0.6	0.6212	0.49	0.2836	2	8	10	165	2	0	6	0	2	1	1	0.604167	0.591546	0.507083	0.269283	727	4164	4891
3846	6/14/2011	2	0	6	3	0	2	1	1	0.58	0.5455	0.53	0.3284	1	1	2	165	2	0	6	0	2	1	1	0.604167	0.591546	0.507083	0.269283	727	4164	4891
3847	6/14/2011	2	0	6	4	0	2	1	1	0.54	0.5152	0.6	0.2537	0	3	3	165	2	0	6	0	2	1	1	0.604167	0.591546	0.507083	0.269283	727	4164	4891
3848	6/14/2011	2	0	6	5	0	2	1	1	0.54	0.5152	0.56	0.3284	3	23	26	165	2	0	6	0	2	1	1	0.604167	0.591546	0.507083	0.269283	727	4164	4891
3849	6/14/2011	2	0	6	6	0	2	1	1	0.54	0.5152	0.56	0.2985	6	107	113	165	2	0	6	0	2	1	1	0.604167	0.591546	0.507083	0.269283	727	4164	4891
3850	6/14/2011	2	0	6	7	0	2	1	1	0.56	0.5303	0.52	0.4179	19	346	365	165	2	0	6	0	2	1	1	0.604167	0.591546	0.507083	0.269283	727	4164	4891
3851	6/14/2011	2	0	6	8	0	2	1	1	0.58	0.5455	0.49	0.3881	45	441	486	165	2	0	6	0	2	1	1	0.604167	0.591546	0.507083	0.269283	727	4164	4891
3852	6/14/2011	2	0	6	9	0	2	1	1	0.62	0.6212	0.46	0.194	19	174	193	165	2	0	6	0	2	1	1	0.604167	0.591546	0.507083	0.269283	727	4164	4891
3853	6/14/2011	2	0	6	10	0	2	1	1	0.62	0.6212	0.46	0.2239	33	97	130	165	2	0	6	0	2	1	1	0.604167	0.591546	0.507083	0.269283	727	4164	4891
3854	6/14/2011	2	0	6	11	0	2	1	1	0.64	0.6212	0.41	0.2836	40	103	143	165	2	0	6	0	2	1	1	0.604167	0.591546	0.507083	0.269283	727	4164	4891
3855	6/14/2011	2	0	6	12	0	2	1	1	0.64	0.6212	0.41	0.3582	30	139	169	165	2	0	6	0	2	1	1	0.604167	0.591546	0.507083	0.269283	727	4164	4891
3856	6/14/2011	2	0	6	13	0	2	1	1	0.64	0.6212	0.44	0.2239	33	176	209	165	2	0	6	0	2	1	1	0.604167	0.591546	0.507083	0.269283	727	4164	4891
3857	6/14/2011	2	0	6	14	0	2	1	2	0.64	0.6212	0.47	0.194	41	118	159	165	2	0	6	0	2	1	1	0.604167	0.591546	0.507083	0.269283	727	4164	4891
3858	6/14/2011	2	0	6	15	0	2	1	1	0.64	0.6212	0.47	0.1642	42	136	178	165	2	0	6	0	2	1	1	0.604167	0.591546	0.507083	0.269283	727	4164	4891
3859	6/14/2011	2	0	6	16	0	2	1	1	0.68	0.6364	0.41	0.194	51	279	330	165	2	0	6	0	2	1	1	0.604167	0.591546	0.507083	0.269283	727	4164	4891
3860	6/14/2011	2	0	6	17	0	2	1	3	0.64	0.6212	0.5	0.2836	85	484	569	165	2	0	6	0	2	1	1	0.604167	0.591546	0.507083	0.269283	727	4164	4891
3861	6/14/2011	2	0	6	18	0	2	1	1	0.62	0.6212	0.51	0.3284	65	473	538	165	2	0	6	0	2	1	1	0.604167	0.591546	0.507083	0.269283	727	4164	4891
3862	6/14/2011	2	0	6	19	0	2	1	1	0.64	0.6212	0.5	0.3582	51	335	386	165	2	0	6	0	2	1	1	0.604167	0.591546	0.507083	0.269283	727	4164	4891
3863	6/14/2011	2	0	6	20	0	2	1	1	0.6	0.6212	0.56	0.1642	60	237	297	165	2	0	6	0	2	1	1	0.604167	0.591546	0.507083	0.269283	727	4164	4891
3864	6/14/2011	2	0	6	21	0	2	1	1	0.6	0.6212	0.56	0.2985	37	206	243	165	2	0	6	0	2	1	1	0.604167	0.591546	0.507083	0.269283	727	4164	4891
3865	6/14/2011	2	0	6	22	0	2	1	1	0.58	0.5455	0.6	0.2239	29	159	188	165	2	0	6	0	2	1	1	0.604167	0.591546	0.507083	0.269283	727	4164	4891
3866	6/14/2011	2	0	6	23	0	2	1	1	0.56	0.5303	0.68	0.2239	19	91	110	165	2	0	6	0	2	1	1	0.604167	0.591546	0.507083	0.269283	727	4164	4891
3867	6/15/2011	2	0	6	0	0	3	1	1	0.56	0.5303	0.64	0.3582	8	44	52	166	2	0	6	0	3	1	1	0.626667	0.587754	0.471667	0.167912	769	4411	5180
3868	6/15/2011	2	0	6	1	0	3	1	1	0.54	0.5152	0.64	0.2836	0	14	14	166	2	0	6	0	3	1	1	0.626667	0.587754	0.471667	0.167912	769	4411	5180
3869	6/15/2011	2	0	6	2	0	3	1	1	0.52	0.5	0.63	0.2239	0	9	9	166	2	0	6	0	3	1	1	0.626667	0.587754	0.471667	0.167912	769	4411	5180
3870	6/15/2011	2	0	6	3	0	3	1	1	0.5	0.4848	0.68	0.2537	0	1	1	166	2	0	6	0	3	1	1	0.626667	0.587754	0.471667	0.167912	769	4411	5180
3871	6/15/2011	2	0	6	4	0	3	1	1	0.5	0.4848	0.63	0.2836	0	4	4	166	2	0	6	0	3	1	1	0.626667	0.587754	0.471667	0.167912	769	4411	5180
3872	6/15/2011	2	0	6	5	0	3	1	1	0.48	0.4697	0.67	0.2836	1	20	21	166	2	0	6	0	3	1	1	0.626667	0.587754	0.471667	0.167912	769	4411	5180
3873	6/15/2011	2	0	6	6	0	3	1	1	0.5	0.4848	0.63	0.2537	11	110	121	166	2	0	6	0	3	1	1	0.626667	0.587754	0.471667	0.167912	769	4411	5180
3874	6/15/2011	2	0	6	7	0	3	1	1	0.54	0.5152	0.6	0.1343	22	348	370	166	2	0	6	0	3	1	1	0.626667	0.587754	0.471667	0.167912	769	4411	5180
3875	6/15/2011	2	0	6	8	0	3	1	1	0.58	0.5455	0.53	0.1343	53	445	498	166	2	0	6	0	3	1	1	0.626667	0.587754	0.471667	0.167912	769	4411	5180
3876	6/15/2011	2	0	6	9	0	3	1	1	0.6	0.6212	0.49	0	22	185	207	166	2	0	6	0	3	1	1	0.626667	0.587754	0.471667	0.167912	769	4411	5180
3877	6/15/2011	2	0	6	10	0	3	1	1	0.64	0.6212	0.47	0.1642	27	108	135	166	2	0	6	0	3	1	1	0.626667	0.587754	0.471667	0.167912	769	4411	5180
3878	6/15/2011	2	0	6	11	0	3	1	1	0.68	0.6364	0.36	0	49	115	164	166	2	0	6	0	3	1	1	0.626667	0.587754	0.471667	0.167912	769	4411	5180
3879	6/15/2011	2	0	6	12	0	3	1	1	0.7	0.6364	0.34	0.2239	33	178	211	166	2	0	6	0	3	1	1	0.626667	0.587754	0.471667	0.167912	769	4411	5180
3880	6/15/2011	2	0	6	13	0	3	1	1	0.74	0.6515	0.28	0.2836	43	146	189	166	2	0	6	0	3	1	1	0.626667	0.587754	0.471667	0.167912	769	4411	5180
3881	6/15/2011	2	0	6	14	0	3	1	1	0.74	0.6515	0.28	0	50	128	178	166	2	0	6	0	3	1	1	0.626667	0.587754	0.471667	0.167912	769	4411	5180
3882	6/15/2011	2	0	6	15	0	3	1	1	0.76	0.6667	0.27	0	33	131	164	166	2	0	6	0	3	1	1	0.626667	0.587754	0.471667	0.167912	769	4411	5180
3883	6/15/2011	2	0	6	16	0	3	1	1	0.76	0.6667	0.27	0.1343	47	265	312	166	2	0	6	0	3	1	1	0.626667	0.587754	0.471667	0.167912	769	4411	5180
3884	6/15/2011	2	0	6	17	0	3	1	1	0.74	0.6515	0.28	0.1045	83	555	638	166	2	0	6	0	3	1	1	0.626667	0.587754	0.471667	0.167912	769	4411	5180
3885	6/15/2011	2	0	6	18	0	3	1	1	0.72	0.6515	0.32	0.1343	80	527	607	166	2	0	6	0	3	1	1	0.626667	0.587754	0.471667	0.167912	769	4411	5180
3886	6/15/2011	2	0	6	19	0	3	1	1	0.7	0.6364	0.37	0.2836	54	362	416	166	2	0	6	0	3	1	1	0.626667	0.587754	0.471667	0.167912	769	4411	5180
3887	6/15/2011	2	0	6	20	0	3	1	1	0.66	0.6212	0.44	0.1642	57	273	330	166	2	0	6	0	3	1	1	0.626667	0.587754	0.471667	0.167912	769	4411	5180
3888	6/15/2011	2	0	6	21	0	3	1	1	0.64	0.6212	0.47	0.2239	48	209	257	166	2	0	6	0	3	1	1	0.626667	0.587754	0.471667	0.167912	769	4411	5180
3889	6/15/2011	2	0	6	22	0	3	1	1	0.62	0.6212	0.5	0.1045	31	144	175	166	2	0	6	0	3	1	1	0.626667	0.587754	0.471667	0.167912	769	4411	5180
3890	6/15/2011	2	0	6	23	0	3	1	1	0.62	0.6212	0.53	0	17	90	107	166	2	0	6	0	3	1	1	0.626667	0.587754	0.471667	0.167912	769	4411	5180
3891	6/16/2011	2	0	6	0	0	4	1	1	0.6	0.6212	0.56	0.1045	9	38	47	167	2	0	6	0	4	1	2	0.628333	0.595346	0.688333	0.206471	545	3222	3767
3892	6/16/2011	2	0	6	1	0	4	1	1	0.58	0.5455	0.6	0	4	13	17	167	2	0	6	0	4	1	2	0.628333	0.595346	0.688333	0.206471	545	3222	3767
3893	6/16/2011	2	0	6	2	0	4	1	1	0.6	0.6212	0.56	0.0896	1	4	5	167	2	0	6	0	4	1	2	0.628333	0.595346	0.688333	0.206471	545	3222	3767
3894	6/16/2011	2	0	6	3	0	4	1	2	0.56	0.5303	0.73	0.0896	0	4	4	167	2	0	6	0	4	1	2	0.628333	0.595346	0.688333	0.206471	545	3222	3767
3895	6/16/2011	2	0	6	4	0	4	1	2	0.56	0.5303	0.68	0.1045	0	6	6	167	2	0	6	0	4	1	2	0.628333	0.595346	0.688333	0.206471	545	3222	3767
3896	6/16/2011	2	0	6	5	0	4	1	1	0.6	0.6061	0.64	0.194	7	18	25	167	2	0	6	0	4	1	2	0.628333	0.595346	0.688333	0.206471	545	3222	3767
3897	6/16/2011	2	0	6	6	0	4	1	3	0.58	0.5455	0.73	0.1642	8	104	112	167	2	0	6	0	4	1	2	0.628333	0.595346	0.688333	0.206471	545	3222	3767
3898	6/16/2011	2	0	6	7	0	4	1	3	0.56	0.5303	0.78	0.1642	16	172	188	167	2	0	6	0	4	1	2	0.628333	0.595346	0.688333	0.206471	545	3222	3767
3899	6/16/2011	2	0	6	8	0	4	1	2	0.6	0.5909	0.69	0.1343	24	364	388	167	2	0	6	0	4	1	2	0.628333	0.595346	0.688333	0.206471	545	3222	3767
3900	6/16/2011	2	0	6	9	0	4	1	2	0.62	0.6061	0.65	0.194	29	232	261	167	2	0	6	0	4	1	2	0.628333	0.595346	0.688333	0.206471	545	3222	3767
3901	6/16/2011	2	0	6	10	0	4	1	2	0.66	0.6212	0.61	0.2537	18	103	121	167	2	0	6	0	4	1	2	0.628333	0.595346	0.688333	0.206471	545	3222	3767
3902	6/16/2011	2	0	6	11	0	4	1	2	0.68	0.6364	0.61	0.2985	33	117	150	167	2	0	6	0	4	1	2	0.628333	0.595346	0.688333	0.206471	545	3222	3767
3903	6/16/2011	2	0	6	12	0	4	1	1	0.72	0.6667	0.54	0.3881	41	165	206	167	2	0	6	0	4	1	2	0.628333	0.595346	0.688333	0.206471	545	3222	3767
3904	6/16/2011	2	0	6	13	0	4	1	2	0.72	0.6667	0.54	0.2537	37	114	151	167	2	0	6	0	4	1	2	0.628333	0.595346	0.688333	0.206471	545	3222	3767
3905	6/16/2011	2	0	6	14	0	4	1	2	0.72	0.6667	0.54	0.3284	39	114	153	167	2	0	6	0	4	1	2	0.628333	0.595346	0.688333	0.206471	545	3222	3767
3906	6/16/2011	2	0	6	15	0	4	1	2	0.7	0.6515	0.61	0.2985	32	127	159	167	2	0	6	0	4	1	2	0.628333	0.595346	0.688333	0.206471	545	3222	3767
3907	6/16/2011	2	0	6	16	0	4	1	3	0.66	0.6212	0.69	0.194	36	258	294	167	2	0	6	0	4	1	2	0.628333	0.595346	0.688333	0.206471	545	3222	3767
3908	6/16/2011	2	0	6	17	0	4	1	2	0.64	0.5909	0.78	0.1045	42	230	272	167	2	0	6	0	4	1	2	0.628333	0.595346	0.688333	0.206471	545	3222	3767
3909	6/16/2011	2	0	6	18	0	4	1	1	0.64	0.5758	0.83	0.2239	26	299	325	167	2	0	6	0	4	1	2	0.628333	0.595346	0.688333	0.206471	545	3222	3767
3910	6/16/2011	2	0	6	19	0	4	1	1	0.62	0.5758	0.83	0.2836	58	269	327	167	2	0	6	0	4	1	2	0.628333	0.595346	0.688333	0.206471	545	3222	3767
3911	6/16/2011	2	0	6	20	0	4	1	1	0.62	0.5758	0.83	0.3284	25	176	201	167	2	0	6	0	4	1	2	0.628333	0.595346	0.688333	0.206471	545	3222	3767
3912	6/16/2011	2	0	6	21	0	4	1	3	0.62	0.5758	0.83	0.2537	34	154	188	167	2	0	6	0	4	1	2	0.628333	0.595346	0.688333	0.206471	545	3222	3767
3913	6/16/2011	2	0	6	22	0	4	1	3	0.62	0.5758	0.83	0.2537	24	127	151	167	2	0	6	0	4	1	2	0.628333	0.595346	0.688333	0.206471	545	3222	3767
3914	6/16/2011	2	0	6	23	0	4	1	3	0.6	0.5606	0.83	0.2537	2	14	16	167	2	0	6	0	4	1	2	0.628333	0.595346	0.688333	0.206471	545	3222	3767
3915	6/17/2011	2	0	6	0	0	5	1	1	0.56	0.5303	0.88	0.0896	3	21	24	168	2	0	6	0	5	1	1	0.649167	0.600383	0.735833	0.143029	863	3981	4844
3916	6/17/2011	2	0	6	1	0	5	1	1	0.56	0.5303	0.94	0.1343	4	19	23	168	2	0	6	0	5	1	1	0.649167	0.600383	0.735833	0.143029	863	3981	4844
3917	6/17/2011	2	0	6	2	0	5	1	1	0.56	0.5303	0.94	0.1045	2	11	13	168	2	0	6	0	5	1	1	0.649167	0.600383	0.735833	0.143029	863	3981	4844
3918	6/17/2011	2	0	6	3	0	5	1	1	0.56	0.5303	0.94	0.1045	1	5	6	168	2	0	6	0	5	1	1	0.649167	0.600383	0.735833	0.143029	863	3981	4844
3919	6/17/2011	2	0	6	4	0	5	1	1	0.54	0.5152	0.94	0.1343	1	5	6	168	2	0	6	0	5	1	1	0.649167	0.600383	0.735833	0.143029	863	3981	4844
3920	6/17/2011	2	0	6	5	0	5	1	1	0.54	0.5152	1	0	1	12	13	168	2	0	6	0	5	1	1	0.649167	0.600383	0.735833	0.143029	863	3981	4844
3921	6/17/2011	2	0	6	6	0	5	1	1	0.56	0.5303	0.94	0	8	89	97	168	2	0	6	0	5	1	1	0.649167	0.600383	0.735833	0.143029	863	3981	4844
3922	6/17/2011	2	0	6	7	0	5	1	1	0.6	0.5606	0.83	0	25	225	250	168	2	0	6	0	5	1	1	0.649167	0.600383	0.735833	0.143029	863	3981	4844
3923	6/17/2011	2	0	6	8	0	5	1	2	0.6	0.5606	0.83	0	28	426	454	168	2	0	6	0	5	1	1	0.649167	0.600383	0.735833	0.143029	863	3981	4844
3924	6/17/2011	2	0	6	9	0	5	1	1	0.7	0.6515	0.58	0.194	28	196	224	168	2	0	6	0	5	1	1	0.649167	0.600383	0.735833	0.143029	863	3981	4844
3925	6/17/2011	2	0	6	10	0	5	1	1	0.7	0.6515	0.58	0.194	44	126	170	168	2	0	6	0	5	1	1	0.649167	0.600383	0.735833	0.143029	863	3981	4844
3926	6/17/2011	2	0	6	11	0	5	1	1	0.68	0.6364	0.69	0.2537	43	138	181	168	2	0	6	0	5	1	1	0.649167	0.600383	0.735833	0.143029	863	3981	4844
3927	6/17/2011	2	0	6	12	0	5	1	1	0.7	0.6515	0.65	0.2537	49	194	243	168	2	0	6	0	5	1	1	0.649167	0.600383	0.735833	0.143029	863	3981	4844
3928	6/17/2011	2	0	6	13	0	5	1	1	0.74	0.6818	0.62	0.2836	48	156	204	168	2	0	6	0	5	1	1	0.649167	0.600383	0.735833	0.143029	863	3981	4844
3929	6/17/2011	2	0	6	14	0	5	1	1	0.76	0.697	0.52	0.194	73	142	215	168	2	0	6	0	5	1	1	0.649167	0.600383	0.735833	0.143029	863	3981	4844
3930	6/17/2011	2	0	6	15	0	5	1	1	0.78	0.697	0.43	0.2239	62	181	243	168	2	0	6	0	5	1	1	0.649167	0.600383	0.735833	0.143029	863	3981	4844
3931	6/17/2011	2	0	6	16	0	5	1	1	0.76	0.6818	0.45	0.1642	69	286	355	168	2	0	6	0	5	1	1	0.649167	0.600383	0.735833	0.143029	863	3981	4844
3932	6/17/2011	2	0	6	17	0	5	1	3	0.76	0.6818	0.4	0.194	85	467	552	168	2	0	6	0	5	1	1	0.649167	0.600383	0.735833	0.143029	863	3981	4844
3933	6/17/2011	2	0	6	18	0	5	1	3	0.76	0.6818	0.4	0.194	62	388	450	168	2	0	6	0	5	1	1	0.649167	0.600383	0.735833	0.143029	863	3981	4844
3934	6/17/2011	2	0	6	19	0	5	1	3	0.64	0.5758	0.83	0.2537	53	275	328	168	2	0	6	0	5	1	1	0.649167	0.600383	0.735833	0.143029	863	3981	4844
3935	6/17/2011	2	0	6	20	0	5	1	1	0.64	0.5909	0.78	0.1045	40	192	232	168	2	0	6	0	5	1	1	0.649167	0.600383	0.735833	0.143029	863	3981	4844
3936	6/17/2011	2	0	6	21	0	5	1	1	0.64	0.5909	0.78	0.0896	49	159	208	168	2	0	6	0	5	1	1	0.649167	0.600383	0.735833	0.143029	863	3981	4844
3937	6/17/2011	2	0	6	22	0	5	1	1	0.62	0.5606	0.88	0.1343	48	127	175	168	2	0	6	0	5	1	1	0.649167	0.600383	0.735833	0.143029	863	3981	4844
3938	6/17/2011	2	0	6	23	0	5	1	1	0.62	0.5758	0.83	0.1343	37	141	178	168	2	0	6	0	5	1	1	0.649167	0.600383	0.735833	0.143029	863	3981	4844
3939	6/18/2011	2	0	6	0	0	6	0	1	0.62	0.5606	0.88	0.1343	21	83	104	169	2	0	6	0	6	0	1	0.696667	0.643954	0.670417	0.119408	1807	3312	5119
3940	6/18/2011	2	0	6	1	0	6	0	1	0.62	0.5758	0.83	0.1045	15	80	95	169	2	0	6	0	6	0	1	0.696667	0.643954	0.670417	0.119408	1807	3312	5119
3941	6/18/2011	2	0	6	2	0	6	0	1	0.6	0.5455	0.88	0	16	37	53	169	2	0	6	0	6	0	1	0.696667	0.643954	0.670417	0.119408	1807	3312	5119
3942	6/18/2011	2	0	6	3	0	6	0	1	0.6	0.5455	0.88	0.0896	4	16	20	169	2	0	6	0	6	0	1	0.696667	0.643954	0.670417	0.119408	1807	3312	5119
3943	6/18/2011	2	0	6	4	0	6	0	1	0.6	0.5455	0.88	0.0896	1	4	5	169	2	0	6	0	6	0	1	0.696667	0.643954	0.670417	0.119408	1807	3312	5119
3944	6/18/2011	2	0	6	5	0	6	0	1	0.62	0.5758	0.83	0	1	6	7	169	2	0	6	0	6	0	1	0.696667	0.643954	0.670417	0.119408	1807	3312	5119
3945	6/18/2011	2	0	6	6	0	6	0	1	0.62	0.5758	0.83	0.1045	9	18	27	169	2	0	6	0	6	0	1	0.696667	0.643954	0.670417	0.119408	1807	3312	5119
3946	6/18/2011	2	0	6	7	0	6	0	1	0.64	0.5909	0.78	0.1343	12	45	57	169	2	0	6	0	6	0	1	0.696667	0.643954	0.670417	0.119408	1807	3312	5119
3947	6/18/2011	2	0	6	8	0	6	0	1	0.66	0.6061	0.78	0.0896	28	103	131	169	2	0	6	0	6	0	1	0.696667	0.643954	0.670417	0.119408	1807	3312	5119
3948	6/18/2011	2	0	6	9	0	6	0	1	0.7	0.6515	0.61	0.2239	62	156	218	169	2	0	6	0	6	0	1	0.696667	0.643954	0.670417	0.119408	1807	3312	5119
3949	6/18/2011	2	0	6	10	0	6	0	1	0.72	0.6818	0.62	0.194	68	176	244	169	2	0	6	0	6	0	1	0.696667	0.643954	0.670417	0.119408	1807	3312	5119
3950	6/18/2011	2	0	6	11	0	6	0	1	0.72	0.6818	0.62	0.1343	134	270	404	169	2	0	6	0	6	0	1	0.696667	0.643954	0.670417	0.119408	1807	3312	5119
3951	6/18/2011	2	0	6	12	0	6	0	1	0.74	0.697	0.66	0.0896	162	258	420	169	2	0	6	0	6	0	1	0.696667	0.643954	0.670417	0.119408	1807	3312	5119
3952	6/18/2011	2	0	6	13	0	6	0	1	0.76	0.697	0.55	0	135	192	327	169	2	0	6	0	6	0	1	0.696667	0.643954	0.670417	0.119408	1807	3312	5119
3953	6/18/2011	2	0	6	14	0	6	0	2	0.8	0.7273	0.46	0.2836	138	196	334	169	2	0	6	0	6	0	1	0.696667	0.643954	0.670417	0.119408	1807	3312	5119
3954	6/18/2011	2	0	6	15	0	6	0	2	0.82	0.7576	0.46	0.1343	153	214	367	169	2	0	6	0	6	0	1	0.696667	0.643954	0.670417	0.119408	1807	3312	5119
3955	6/18/2011	2	0	6	16	0	6	0	2	0.76	0.697	0.52	0.2239	193	275	468	169	2	0	6	0	6	0	1	0.696667	0.643954	0.670417	0.119408	1807	3312	5119
3956	6/18/2011	2	0	6	17	0	6	0	2	0.76	0.6818	0.48	0.1642	210	239	449	169	2	0	6	0	6	0	1	0.696667	0.643954	0.670417	0.119408	1807	3312	5119
3957	6/18/2011	2	0	6	18	0	6	0	2	0.74	0.6818	0.55	0.194	118	263	381	169	2	0	6	0	6	0	1	0.696667	0.643954	0.670417	0.119408	1807	3312	5119
3958	6/18/2011	2	0	6	19	0	6	0	2	0.74	0.6667	0.51	0.1045	99	227	326	169	2	0	6	0	6	0	1	0.696667	0.643954	0.670417	0.119408	1807	3312	5119
3959	6/18/2011	2	0	6	20	0	6	0	2	0.72	0.6667	0.58	0.1343	61	127	188	169	2	0	6	0	6	0	1	0.696667	0.643954	0.670417	0.119408	1807	3312	5119
3960	6/18/2011	2	0	6	21	0	6	0	2	0.72	0.6818	0.66	0.1045	58	125	183	169	2	0	6	0	6	0	1	0.696667	0.643954	0.670417	0.119408	1807	3312	5119
3961	6/18/2011	2	0	6	22	0	6	0	2	0.72	0.6818	0.62	0.1343	56	105	161	169	2	0	6	0	6	0	1	0.696667	0.643954	0.670417	0.119408	1807	3312	5119
3962	6/18/2011	2	0	6	23	0	6	0	2	0.72	0.6818	0.62	0	53	97	150	169	2	0	6	0	6	0	1	0.696667	0.643954	0.670417	0.119408	1807	3312	5119
3963	6/19/2011	2	0	6	0	0	0	0	1	0.7	0.6515	0.65	0	18	71	89	170	2	0	6	0	0	0	2	0.699167	0.645846	0.666667	0.102	1639	3105	4744
3964	6/19/2011	2	0	6	1	0	0	0	2	0.7	0.6515	0.65	0.0896	17	59	76	170	2	0	6	0	0	0	2	0.699167	0.645846	0.666667	0.102	1639	3105	4744
3965	6/19/2011	2	0	6	2	0	0	0	1	0.68	0.6364	0.74	0.0896	13	59	72	170	2	0	6	0	0	0	2	0.699167	0.645846	0.666667	0.102	1639	3105	4744
3966	6/19/2011	2	0	6	3	0	0	0	2	0.66	0.6061	0.78	0.1343	14	16	30	170	2	0	6	0	0	0	2	0.699167	0.645846	0.666667	0.102	1639	3105	4744
3967	6/19/2011	2	0	6	4	0	0	0	2	0.66	0.6212	0.74	0.1343	7	10	17	170	2	0	6	0	0	0	2	0.699167	0.645846	0.666667	0.102	1639	3105	4744
3968	6/19/2011	2	0	6	5	0	0	0	2	0.66	0.6061	0.78	0	7	12	19	170	2	0	6	0	0	0	2	0.699167	0.645846	0.666667	0.102	1639	3105	4744
3969	6/19/2011	2	0	6	6	0	0	0	2	0.66	0.6061	0.78	0.1642	11	22	33	170	2	0	6	0	0	0	2	0.699167	0.645846	0.666667	0.102	1639	3105	4744
3970	6/19/2011	2	0	6	7	0	0	0	2	0.66	0.6061	0.78	0.1642	35	36	71	170	2	0	6	0	0	0	2	0.699167	0.645846	0.666667	0.102	1639	3105	4744
3971	6/19/2011	2	0	6	8	0	0	0	3	0.68	0.6364	0.74	0.1045	25	59	84	170	2	0	6	0	0	0	2	0.699167	0.645846	0.666667	0.102	1639	3105	4744
3972	6/19/2011	2	0	6	9	0	0	0	2	0.68	0.6364	0.74	0.1045	58	111	169	170	2	0	6	0	0	0	2	0.699167	0.645846	0.666667	0.102	1639	3105	4744
3973	6/19/2011	2	0	6	10	0	0	0	2	0.7	0.6515	0.61	0.1045	86	158	244	170	2	0	6	0	0	0	2	0.699167	0.645846	0.666667	0.102	1639	3105	4744
3974	6/19/2011	2	0	6	11	0	0	0	2	0.72	0.6667	0.58	0.0896	141	236	377	170	2	0	6	0	0	0	2	0.699167	0.645846	0.666667	0.102	1639	3105	4744
3975	6/19/2011	2	0	6	12	0	0	0	2	0.74	0.6818	0.55	0.0896	141	255	396	170	2	0	6	0	0	0	2	0.699167	0.645846	0.666667	0.102	1639	3105	4744
3976	6/19/2011	2	0	6	13	0	0	0	2	0.74	0.6667	0.51	0	149	214	363	170	2	0	6	0	0	0	2	0.699167	0.645846	0.666667	0.102	1639	3105	4744
3977	6/19/2011	2	0	6	14	0	0	0	3	0.74	0.6818	0.58	0.1045	124	193	317	170	2	0	6	0	0	0	2	0.699167	0.645846	0.666667	0.102	1639	3105	4744
3978	6/19/2011	2	0	6	15	0	0	0	2	0.74	0.6818	0.55	0.1045	146	216	362	170	2	0	6	0	0	0	2	0.699167	0.645846	0.666667	0.102	1639	3105	4744
3979	6/19/2011	2	0	6	16	0	0	0	2	0.76	0.6818	0.48	0	121	257	378	170	2	0	6	0	0	0	2	0.699167	0.645846	0.666667	0.102	1639	3105	4744
3980	6/19/2011	2	0	6	17	0	0	0	1	0.74	0.6667	0.51	0	159	238	397	170	2	0	6	0	0	0	2	0.699167	0.645846	0.666667	0.102	1639	3105	4744
3981	6/19/2011	2	0	6	18	0	0	0	2	0.74	0.6818	0.58	0.0896	78	218	296	170	2	0	6	0	0	0	2	0.699167	0.645846	0.666667	0.102	1639	3105	4744
3982	6/19/2011	2	0	6	19	0	0	0	1	0.72	0.6818	0.62	0.1343	94	217	311	170	2	0	6	0	0	0	2	0.699167	0.645846	0.666667	0.102	1639	3105	4744
3983	6/19/2011	2	0	6	20	0	0	0	1	0.7	0.6515	0.7	0.194	86	146	232	170	2	0	6	0	0	0	2	0.699167	0.645846	0.666667	0.102	1639	3105	4744
3984	6/19/2011	2	0	6	21	0	0	0	1	0.68	0.6364	0.79	0.1343	57	110	167	170	2	0	6	0	0	0	2	0.699167	0.645846	0.666667	0.102	1639	3105	4744
3985	6/19/2011	2	0	6	22	0	0	0	1	0.66	0.6061	0.78	0.2239	38	114	152	170	2	0	6	0	0	0	2	0.699167	0.645846	0.666667	0.102	1639	3105	4744
3986	6/19/2011	2	0	6	23	0	0	0	1	0.66	0.6061	0.78	0.194	14	78	92	170	2	0	6	0	0	0	2	0.699167	0.645846	0.666667	0.102	1639	3105	4744
3987	6/20/2011	2	0	6	0	0	1	1	1	0.66	0.6061	0.83	0.1642	7	19	26	171	2	0	6	0	1	1	2	0.635	0.595346	0.74625	0.155475	699	3311	4010
3988	6/20/2011	2	0	6	1	0	1	1	1	0.64	0.5758	0.89	0.0896	9	3	12	171	2	0	6	0	1	1	2	0.635	0.595346	0.74625	0.155475	699	3311	4010
3989	6/20/2011	2	0	6	2	0	1	1	1	0.64	0.5758	0.89	0.0896	2	0	2	171	2	0	6	0	1	1	2	0.635	0.595346	0.74625	0.155475	699	3311	4010
3990	6/20/2011	2	0	6	3	0	1	1	3	0.64	0.5758	0.89	0	1	0	1	171	2	0	6	0	1	1	2	0.635	0.595346	0.74625	0.155475	699	3311	4010
3991	6/20/2011	2	0	6	4	0	1	1	3	0.62	0.5606	0.88	0.1642	1	2	3	171	2	0	6	0	1	1	2	0.635	0.595346	0.74625	0.155475	699	3311	4010
3992	6/20/2011	2	0	6	5	0	1	1	3	0.62	0.5758	0.83	0.1343	0	3	3	171	2	0	6	0	1	1	2	0.635	0.595346	0.74625	0.155475	699	3311	4010
3993	6/20/2011	2	0	6	6	0	1	1	3	0.6	0.5758	0.78	0.1343	1	25	26	171	2	0	6	0	1	1	2	0.635	0.595346	0.74625	0.155475	699	3311	4010
3994	6/20/2011	2	0	6	7	0	1	1	3	0.56	0.5303	0.88	0.194	0	46	46	171	2	0	6	0	1	1	2	0.635	0.595346	0.74625	0.155475	699	3311	4010
3995	6/20/2011	2	0	6	8	0	1	1	3	0.56	0.5303	0.83	0.194	12	209	221	171	2	0	6	0	1	1	2	0.635	0.595346	0.74625	0.155475	699	3311	4010
3996	6/20/2011	2	0	6	9	0	1	1	2	0.6	0.5758	0.78	0.2537	19	200	219	171	2	0	6	0	1	1	2	0.635	0.595346	0.74625	0.155475	699	3311	4010
3997	6/20/2011	2	0	6	10	0	1	1	2	0.6	0.5758	0.78	0.2537	33	58	91	171	2	0	6	0	1	1	2	0.635	0.595346	0.74625	0.155475	699	3311	4010
3998	6/20/2011	2	0	6	11	0	1	1	2	0.6	0.5758	0.78	0.1045	27	67	94	171	2	0	6	0	1	1	2	0.635	0.595346	0.74625	0.155475	699	3311	4010
3999	6/20/2011	2	0	6	12	0	1	1	2	0.62	0.6061	0.69	0.1045	33	129	162	171	2	0	6	0	1	1	2	0.635	0.595346	0.74625	0.155475	699	3311	4010
4000	6/20/2011	2	0	6	13	0	1	1	1	0.64	0.6061	0.65	0.1045	50	129	179	171	2	0	6	0	1	1	2	0.635	0.595346	0.74625	0.155475	699	3311	4010
4001	6/20/2011	2	0	6	14	0	1	1	1	0.66	0.6212	0.61	0.1045	45	130	175	171	2	0	6	0	1	1	2	0.635	0.595346	0.74625	0.155475	699	3311	4010
4002	6/20/2011	2	0	6	15	0	1	1	1	0.66	0.6212	0.61	0.1343	66	139	205	171	2	0	6	0	1	1	2	0.635	0.595346	0.74625	0.155475	699	3311	4010
4003	6/20/2011	2	0	6	16	0	1	1	1	0.7	0.6515	0.58	0.1642	61	238	299	171	2	0	6	0	1	1	2	0.635	0.595346	0.74625	0.155475	699	3311	4010
4004	6/20/2011	2	0	6	17	0	1	1	1	0.7	0.6515	0.54	0	81	484	565	171	2	0	6	0	1	1	2	0.635	0.595346	0.74625	0.155475	699	3311	4010
4005	6/20/2011	2	0	6	18	0	1	1	1	0.7	0.6515	0.61	0.2537	64	474	538	171	2	0	6	0	1	1	2	0.635	0.595346	0.74625	0.155475	699	3311	4010
4006	6/20/2011	2	0	6	19	0	1	1	1	0.66	0.6212	0.65	0.2239	62	369	431	171	2	0	6	0	1	1	2	0.635	0.595346	0.74625	0.155475	699	3311	4010
4007	6/20/2011	2	0	6	20	0	1	1	1	0.66	0.6212	0.69	0.2239	52	264	316	171	2	0	6	0	1	1	2	0.635	0.595346	0.74625	0.155475	699	3311	4010
4008	6/20/2011	2	0	6	21	0	1	1	1	0.64	0.6061	0.73	0.1642	39	167	206	171	2	0	6	0	1	1	2	0.635	0.595346	0.74625	0.155475	699	3311	4010
4009	6/20/2011	2	0	6	22	0	1	1	2	0.64	0.6061	0.73	0.2239	24	106	130	171	2	0	6	0	1	1	2	0.635	0.595346	0.74625	0.155475	699	3311	4010
4010	6/20/2011	2	0	6	23	0	1	1	1	0.62	0.5909	0.78	0.2537	10	50	60	171	2	0	6	0	1	1	2	0.635	0.595346	0.74625	0.155475	699	3311	4010
4011	6/21/2011	3	0	6	0	0	2	1	1	0.62	0.5909	0.78	0.1642	10	23	33	172	3	0	6	0	2	1	2	0.680833	0.637646	0.770417	0.171025	774	4061	4835
4012	6/21/2011	3	0	6	1	0	2	1	3	0.62	0.5909	0.78	0.1642	2	12	14	172	3	0	6	0	2	1	2	0.680833	0.637646	0.770417	0.171025	774	4061	4835
4013	6/21/2011	3	0	6	2	0	2	1	3	0.62	0.5758	0.83	0.1642	1	5	6	172	3	0	6	0	2	1	2	0.680833	0.637646	0.770417	0.171025	774	4061	4835
4014	6/21/2011	3	0	6	3	0	2	1	3	0.62	0.5758	0.83	0.1642	0	2	2	172	3	0	6	0	2	1	2	0.680833	0.637646	0.770417	0.171025	774	4061	4835
4015	6/21/2011	3	0	6	4	0	2	1	2	0.6	0.5455	0.88	0.1045	2	7	9	172	3	0	6	0	2	1	2	0.680833	0.637646	0.770417	0.171025	774	4061	4835
4016	6/21/2011	3	0	6	5	0	2	1	2	0.6	0.5455	0.88	0.1343	3	22	25	172	3	0	6	0	2	1	2	0.680833	0.637646	0.770417	0.171025	774	4061	4835
4017	6/21/2011	3	0	6	6	0	2	1	2	0.6	0.5455	0.88	0.1343	8	107	115	172	3	0	6	0	2	1	2	0.680833	0.637646	0.770417	0.171025	774	4061	4835
4018	6/21/2011	3	0	6	7	0	2	1	2	0.6	0.5152	0.94	0	21	288	309	172	3	0	6	0	2	1	2	0.680833	0.637646	0.770417	0.171025	774	4061	4835
4019	6/21/2011	3	0	6	8	0	2	1	2	0.62	0.5606	0.88	0.1045	33	368	401	172	3	0	6	0	2	1	2	0.680833	0.637646	0.770417	0.171025	774	4061	4835
4020	6/21/2011	3	0	6	9	0	2	1	2	0.62	0.5606	0.88	0.2537	32	243	275	172	3	0	6	0	2	1	2	0.680833	0.637646	0.770417	0.171025	774	4061	4835
4021	6/21/2011	3	0	6	10	0	2	1	2	0.64	0.5758	0.83	0.194	41	120	161	172	3	0	6	0	2	1	2	0.680833	0.637646	0.770417	0.171025	774	4061	4835
4022	6/21/2011	3	0	6	11	0	2	1	1	0.66	0.6061	0.83	0.1642	52	119	171	172	3	0	6	0	2	1	2	0.680833	0.637646	0.770417	0.171025	774	4061	4835
4023	6/21/2011	3	0	6	12	0	2	1	1	0.7	0.6667	0.74	0.1642	40	149	189	172	3	0	6	0	2	1	2	0.680833	0.637646	0.770417	0.171025	774	4061	4835
4024	6/21/2011	3	0	6	13	0	2	1	1	0.74	0.697	0.66	0.1642	49	158	207	172	3	0	6	0	2	1	2	0.680833	0.637646	0.770417	0.171025	774	4061	4835
4025	6/21/2011	3	0	6	14	0	2	1	1	0.76	0.7121	0.62	0.2239	44	108	152	172	3	0	6	0	2	1	2	0.680833	0.637646	0.770417	0.171025	774	4061	4835
4026	6/21/2011	3	0	6	15	0	2	1	1	0.78	0.7424	0.59	0.2537	42	128	170	172	3	0	6	0	2	1	2	0.680833	0.637646	0.770417	0.171025	774	4061	4835
4027	6/21/2011	3	0	6	16	0	2	1	1	0.8	0.7727	0.59	0.2239	62	273	335	172	3	0	6	0	2	1	2	0.680833	0.637646	0.770417	0.171025	774	4061	4835
4028	6/21/2011	3	0	6	17	0	2	1	1	0.78	0.7576	0.66	0.2239	65	507	572	172	3	0	6	0	2	1	2	0.680833	0.637646	0.770417	0.171025	774	4061	4835
4029	6/21/2011	3	0	6	18	0	2	1	2	0.76	0.7273	0.7	0.2537	67	469	536	172	3	0	6	0	2	1	2	0.680833	0.637646	0.770417	0.171025	774	4061	4835
4030	6/21/2011	3	0	6	19	0	2	1	2	0.74	0.7121	0.74	0.2239	67	358	425	172	3	0	6	0	2	1	2	0.680833	0.637646	0.770417	0.171025	774	4061	4835
4031	6/21/2011	3	0	6	20	0	2	1	3	0.74	0.697	0.7	0.2239	72	254	326	172	3	0	6	0	2	1	2	0.680833	0.637646	0.770417	0.171025	774	4061	4835
4032	6/21/2011	3	0	6	21	0	2	1	1	0.72	0.697	0.74	0.194	38	191	229	172	3	0	6	0	2	1	2	0.680833	0.637646	0.770417	0.171025	774	4061	4835
4033	6/21/2011	3	0	6	22	0	2	1	1	0.7	0.6667	0.79	0.1045	12	97	109	172	3	0	6	0	2	1	2	0.680833	0.637646	0.770417	0.171025	774	4061	4835
4034	6/21/2011	3	0	6	23	0	2	1	1	0.7	0.6667	0.74	0.1045	11	53	64	172	3	0	6	0	2	1	2	0.680833	0.637646	0.770417	0.171025	774	4061	4835
4035	6/22/2011	3	0	6	0	0	3	1	1	0.66	0.6061	0.78	0.194	15	18	33	173	3	0	6	0	3	1	1	0.733333	0.693829	0.7075	0.172262	661	3846	4507
4036	6/22/2011	3	0	6	1	0	3	1	1	0.66	0.6061	0.78	0.1343	2	19	21	173	3	0	6	0	3	1	1	0.733333	0.693829	0.7075	0.172262	661	3846	4507
4037	6/22/2011	3	0	6	2	0	3	1	1	0.66	0.6061	0.78	0	2	5	7	173	3	0	6	0	3	1	1	0.733333	0.693829	0.7075	0.172262	661	3846	4507
4038	6/22/2011	3	0	6	3	0	3	1	1	0.66	0.6061	0.78	0.1343	0	7	7	173	3	0	6	0	3	1	1	0.733333	0.693829	0.7075	0.172262	661	3846	4507
4039	6/22/2011	3	0	6	4	0	3	1	1	0.64	0.5758	0.83	0	3	8	11	173	3	0	6	0	3	1	1	0.733333	0.693829	0.7075	0.172262	661	3846	4507
4040	6/22/2011	3	0	6	5	0	3	1	1	0.64	0.5758	0.89	0	2	21	23	173	3	0	6	0	3	1	1	0.733333	0.693829	0.7075	0.172262	661	3846	4507
4041	6/22/2011	3	0	6	6	0	3	1	1	0.66	0.6061	0.83	0	12	110	122	173	3	0	6	0	3	1	1	0.733333	0.693829	0.7075	0.172262	661	3846	4507
4042	6/22/2011	3	0	6	7	0	3	1	1	0.7	0.6667	0.79	0	23	288	311	173	3	0	6	0	3	1	1	0.733333	0.693829	0.7075	0.172262	661	3846	4507
4043	6/22/2011	3	0	6	8	0	3	1	1	0.72	0.697	0.74	0.1045	27	396	423	173	3	0	6	0	3	1	1	0.733333	0.693829	0.7075	0.172262	661	3846	4507
4044	6/22/2011	3	0	6	9	0	3	1	1	0.72	0.697	0.79	0.1642	14	205	219	173	3	0	6	0	3	1	1	0.733333	0.693829	0.7075	0.172262	661	3846	4507
4045	6/22/2011	3	0	6	10	0	3	1	1	0.74	0.697	0.7	0.2537	31	104	135	173	3	0	6	0	3	1	1	0.733333	0.693829	0.7075	0.172262	661	3846	4507
4046	6/22/2011	3	0	6	11	0	3	1	1	0.74	0.697	0.7	0.1642	37	108	145	173	3	0	6	0	3	1	1	0.733333	0.693829	0.7075	0.172262	661	3846	4507
4047	6/22/2011	3	0	6	12	0	3	1	2	0.8	0.7727	0.59	0.2239	44	144	188	173	3	0	6	0	3	1	1	0.733333	0.693829	0.7075	0.172262	661	3846	4507
4048	6/22/2011	3	0	6	13	0	3	1	2	0.82	0.7879	0.56	0.2537	34	113	147	173	3	0	6	0	3	1	1	0.733333	0.693829	0.7075	0.172262	661	3846	4507
4049	6/22/2011	3	0	6	14	0	3	1	2	0.82	0.7727	0.52	0.2836	32	113	145	173	3	0	6	0	3	1	1	0.733333	0.693829	0.7075	0.172262	661	3846	4507
4050	6/22/2011	3	0	6	15	0	3	1	2	0.82	0.7879	0.56	0.2836	32	114	146	173	3	0	6	0	3	1	1	0.733333	0.693829	0.7075	0.172262	661	3846	4507
4051	6/22/2011	3	0	6	16	0	3	1	2	0.82	0.803	0.59	0.3284	34	224	258	173	3	0	6	0	3	1	1	0.733333	0.693829	0.7075	0.172262	661	3846	4507
4052	6/22/2011	3	0	6	17	0	3	1	2	0.8	0.7576	0.55	0.3881	67	462	529	173	3	0	6	0	3	1	1	0.733333	0.693829	0.7075	0.172262	661	3846	4507
4053	6/22/2011	3	0	6	18	0	3	1	2	0.8	0.7727	0.59	0.2537	66	447	513	173	3	0	6	0	3	1	1	0.733333	0.693829	0.7075	0.172262	661	3846	4507
4054	6/22/2011	3	0	6	19	0	3	1	2	0.8	0.7424	0.52	0.2537	62	280	342	173	3	0	6	0	3	1	1	0.733333	0.693829	0.7075	0.172262	661	3846	4507
4055	6/22/2011	3	0	6	20	0	3	1	1	0.74	0.7121	0.74	0.1343	52	230	282	173	3	0	6	0	3	1	1	0.733333	0.693829	0.7075	0.172262	661	3846	4507
4056	6/22/2011	3	0	6	21	0	3	1	1	0.74	0.7121	0.79	0.1642	31	216	247	173	3	0	6	0	3	1	1	0.733333	0.693829	0.7075	0.172262	661	3846	4507
4057	6/22/2011	3	0	6	22	0	3	1	2	0.72	0.697	0.79	0.194	25	123	148	173	3	0	6	0	3	1	1	0.733333	0.693829	0.7075	0.172262	661	3846	4507
4058	6/22/2011	3	0	6	23	0	3	1	2	0.72	0.697	0.79	0.2239	14	91	105	173	3	0	6	0	3	1	1	0.733333	0.693829	0.7075	0.172262	661	3846	4507
4059	6/23/2011	3	0	6	0	0	4	1	1	0.72	0.697	0.79	0.2239	5	44	49	174	3	0	6	0	4	1	2	0.728333	0.693833	0.703333	0.238804	746	4044	4790
4060	6/23/2011	3	0	6	1	0	4	1	1	0.72	0.697	0.74	0.2239	5	26	31	174	3	0	6	0	4	1	2	0.728333	0.693833	0.703333	0.238804	746	4044	4790
4061	6/23/2011	3	0	6	2	0	4	1	1	0.72	0.697	0.74	0.2239	0	4	4	174	3	0	6	0	4	1	2	0.728333	0.693833	0.703333	0.238804	746	4044	4790
4062	6/23/2011	3	0	6	3	0	4	1	2	0.72	0.697	0.74	0.1642	1	4	5	174	3	0	6	0	4	1	2	0.728333	0.693833	0.703333	0.238804	746	4044	4790
4063	6/23/2011	3	0	6	4	0	4	1	2	0.7	0.6667	0.79	0.1343	0	7	7	174	3	0	6	0	4	1	2	0.728333	0.693833	0.703333	0.238804	746	4044	4790
4064	6/23/2011	3	0	6	5	0	4	1	1	0.72	0.697	0.74	0.1642	2	22	24	174	3	0	6	0	4	1	2	0.728333	0.693833	0.703333	0.238804	746	4044	4790
4065	6/23/2011	3	0	6	6	0	4	1	1	0.72	0.697	0.74	0.1642	8	92	100	174	3	0	6	0	4	1	2	0.728333	0.693833	0.703333	0.238804	746	4044	4790
4066	6/23/2011	3	0	6	7	0	4	1	2	0.72	0.697	0.74	0.1343	26	301	327	174	3	0	6	0	4	1	2	0.728333	0.693833	0.703333	0.238804	746	4044	4790
4067	6/23/2011	3	0	6	8	0	4	1	2	0.74	0.697	0.7	0.194	20	412	432	174	3	0	6	0	4	1	2	0.728333	0.693833	0.703333	0.238804	746	4044	4790
4068	6/23/2011	3	0	6	9	0	4	1	2	0.74	0.697	0.7	0.1343	33	194	227	174	3	0	6	0	4	1	2	0.728333	0.693833	0.703333	0.238804	746	4044	4790
4069	6/23/2011	3	0	6	10	0	4	1	2	0.76	0.7273	0.66	0.1343	39	88	127	174	3	0	6	0	4	1	2	0.728333	0.693833	0.703333	0.238804	746	4044	4790
4070	6/23/2011	3	0	6	11	0	4	1	3	0.76	0.7273	0.66	0.2537	28	108	136	174	3	0	6	0	4	1	2	0.728333	0.693833	0.703333	0.238804	746	4044	4790
4071	6/23/2011	3	0	6	12	0	4	1	2	0.76	0.7273	0.66	0.2836	30	130	160	174	3	0	6	0	4	1	2	0.728333	0.693833	0.703333	0.238804	746	4044	4790
4072	6/23/2011	3	0	6	13	0	4	1	2	0.76	0.7121	0.62	0.2836	37	149	186	174	3	0	6	0	4	1	2	0.728333	0.693833	0.703333	0.238804	746	4044	4790
4073	6/23/2011	3	0	6	14	0	4	1	2	0.76	0.7273	0.66	0.2985	46	103	149	174	3	0	6	0	4	1	2	0.728333	0.693833	0.703333	0.238804	746	4044	4790
4074	6/23/2011	3	0	6	15	0	4	1	2	0.76	0.697	0.52	0.3582	62	127	189	174	3	0	6	0	4	1	2	0.728333	0.693833	0.703333	0.238804	746	4044	4790
4075	6/23/2011	3	0	6	16	0	4	1	2	0.74	0.6818	0.62	0.2985	58	217	275	174	3	0	6	0	4	1	2	0.728333	0.693833	0.703333	0.238804	746	4044	4790
4076	6/23/2011	3	0	6	17	0	4	1	2	0.72	0.6818	0.7	0.3582	74	495	569	174	3	0	6	0	4	1	2	0.728333	0.693833	0.703333	0.238804	746	4044	4790
4077	6/23/2011	3	0	6	18	0	4	1	1	0.72	0.6818	0.7	0.4179	57	483	540	174	3	0	6	0	4	1	2	0.728333	0.693833	0.703333	0.238804	746	4044	4790
4078	6/23/2011	3	0	6	19	0	4	1	1	0.72	0.6818	0.7	0.3582	56	344	400	174	3	0	6	0	4	1	2	0.728333	0.693833	0.703333	0.238804	746	4044	4790
4079	6/23/2011	3	0	6	20	0	4	1	1	0.7	0.6667	0.74	0.2239	75	277	352	174	3	0	6	0	4	1	2	0.728333	0.693833	0.703333	0.238804	746	4044	4790
4080	6/23/2011	3	0	6	21	0	4	1	1	0.7	0.6667	0.74	0.194	46	188	234	174	3	0	6	0	4	1	2	0.728333	0.693833	0.703333	0.238804	746	4044	4790
4081	6/23/2011	3	0	6	22	0	4	1	2	0.7	0.6667	0.74	0.2239	23	139	162	174	3	0	6	0	4	1	2	0.728333	0.693833	0.703333	0.238804	746	4044	4790
4082	6/23/2011	3	0	6	23	0	4	1	1	0.7	0.6667	0.74	0.2836	15	90	105	174	3	0	6	0	4	1	2	0.728333	0.693833	0.703333	0.238804	746	4044	4790
4083	6/24/2011	3	0	6	0	0	5	1	1	0.68	0.6364	0.79	0.194	10	53	63	175	3	0	6	0	5	1	1	0.724167	0.656583	0.573333	0.222025	969	4022	4991
4084	6/24/2011	3	0	6	1	0	5	1	1	0.66	0.6061	0.83	0.3284	8	20	28	175	3	0	6	0	5	1	1	0.724167	0.656583	0.573333	0.222025	969	4022	4991
4085	6/24/2011	3	0	6	2	0	5	1	1	0.66	0.6061	0.83	0.3284	4	10	14	175	3	0	6	0	5	1	1	0.724167	0.656583	0.573333	0.222025	969	4022	4991
4086	6/24/2011	3	0	6	3	0	5	1	1	0.66	0.6061	0.83	0.1642	1	4	5	175	3	0	6	0	5	1	1	0.724167	0.656583	0.573333	0.222025	969	4022	4991
4087	6/24/2011	3	0	6	4	0	5	1	1	0.66	0.6061	0.83	0.0896	1	8	9	175	3	0	6	0	5	1	1	0.724167	0.656583	0.573333	0.222025	969	4022	4991
4088	6/24/2011	3	0	6	5	0	5	1	1	0.64	0.5758	0.89	0.0896	2	18	20	175	3	0	6	0	5	1	1	0.724167	0.656583	0.573333	0.222025	969	4022	4991
4089	6/24/2011	3	0	6	6	0	5	1	1	0.66	0.6061	0.83	0.1343	4	87	91	175	3	0	6	0	5	1	1	0.724167	0.656583	0.573333	0.222025	969	4022	4991
4090	6/24/2011	3	0	6	7	0	5	1	2	0.66	0.6061	0.83	0.2239	21	247	268	175	3	0	6	0	5	1	1	0.724167	0.656583	0.573333	0.222025	969	4022	4991
4091	6/24/2011	3	0	6	8	0	5	1	1	0.7	0.6667	0.74	0.2239	27	439	466	175	3	0	6	0	5	1	1	0.724167	0.656583	0.573333	0.222025	969	4022	4991
4092	6/24/2011	3	0	6	9	0	5	1	1	0.74	0.6818	0.62	0.1343	28	203	231	175	3	0	6	0	5	1	1	0.724167	0.656583	0.573333	0.222025	969	4022	4991
4093	6/24/2011	3	0	6	10	0	5	1	1	0.8	0.7273	0.43	0.2836	43	102	145	175	3	0	6	0	5	1	1	0.724167	0.656583	0.573333	0.222025	969	4022	4991
4094	6/24/2011	3	0	6	11	0	5	1	1	0.8	0.7121	0.38	0.3284	56	147	203	175	3	0	6	0	5	1	1	0.724167	0.656583	0.573333	0.222025	969	4022	4991
4095	6/24/2011	3	0	6	12	0	5	1	1	0.8	0.7121	0.41	0.2836	51	150	201	175	3	0	6	0	5	1	1	0.724167	0.656583	0.573333	0.222025	969	4022	4991
4096	6/24/2011	3	0	6	13	0	5	1	1	0.8	0.7121	0.36	0.2239	43	178	221	175	3	0	6	0	5	1	1	0.724167	0.656583	0.573333	0.222025	969	4022	4991
4097	6/24/2011	3	0	6	14	0	5	1	1	0.78	0.697	0.43	0.2836	67	162	229	175	3	0	6	0	5	1	1	0.724167	0.656583	0.573333	0.222025	969	4022	4991
4098	6/24/2011	3	0	6	15	0	5	1	1	0.82	0.7273	0.34	0.3881	69	147	216	175	3	0	6	0	5	1	1	0.724167	0.656583	0.573333	0.222025	969	4022	4991
4099	6/24/2011	3	0	6	16	0	5	1	1	0.8	0.697	0.33	0.4179	80	247	327	175	3	0	6	0	5	1	1	0.724167	0.656583	0.573333	0.222025	969	4022	4991
4100	6/24/2011	3	0	6	17	0	5	1	1	0.76	0.6667	0.37	0.2537	85	472	557	175	3	0	6	0	5	1	1	0.724167	0.656583	0.573333	0.222025	969	4022	4991
4101	6/24/2011	3	0	6	18	0	5	1	1	0.76	0.6667	0.37	0.2985	87	365	452	175	3	0	6	0	5	1	1	0.724167	0.656583	0.573333	0.222025	969	4022	4991
4102	6/24/2011	3	0	6	19	0	5	1	1	0.74	0.6515	0.4	0.2239	92	293	385	175	3	0	6	0	5	1	1	0.724167	0.656583	0.573333	0.222025	969	4022	4991
4103	6/24/2011	3	0	6	20	0	5	1	1	0.72	0.6515	0.45	0.1642	66	222	288	175	3	0	6	0	5	1	1	0.724167	0.656583	0.573333	0.222025	969	4022	4991
4104	6/24/2011	3	0	6	21	0	5	1	1	0.7	0.6515	0.48	0.1343	50	183	233	175	3	0	6	0	5	1	1	0.724167	0.656583	0.573333	0.222025	969	4022	4991
4105	6/24/2011	3	0	6	22	0	5	1	1	0.7	0.6515	0.48	0	41	126	167	175	3	0	6	0	5	1	1	0.724167	0.656583	0.573333	0.222025	969	4022	4991
4106	6/24/2011	3	0	6	23	0	5	1	1	0.68	0.6364	0.51	0.1343	33	139	172	175	3	0	6	0	5	1	1	0.724167	0.656583	0.573333	0.222025	969	4022	4991
4107	6/25/2011	3	0	6	0	0	6	0	1	0.68	0.6364	0.47	0.1642	19	97	116	176	3	0	6	0	6	0	1	0.695	0.643313	0.483333	0.209571	1782	3420	5202
4108	6/25/2011	3	0	6	1	0	6	0	1	0.66	0.6212	0.5	0.1642	20	75	95	176	3	0	6	0	6	0	1	0.695	0.643313	0.483333	0.209571	1782	3420	5202
4109	6/25/2011	3	0	6	2	0	6	0	2	0.66	0.6212	0.5	0.194	8	51	59	176	3	0	6	0	6	0	1	0.695	0.643313	0.483333	0.209571	1782	3420	5202
4110	6/25/2011	3	0	6	3	0	6	0	1	0.64	0.6212	0.57	0.194	18	21	39	176	3	0	6	0	6	0	1	0.695	0.643313	0.483333	0.209571	1782	3420	5202
4111	6/25/2011	3	0	6	4	0	6	0	1	0.64	0.6212	0.57	0.194	7	4	11	176	3	0	6	0	6	0	1	0.695	0.643313	0.483333	0.209571	1782	3420	5202
4112	6/25/2011	3	0	6	5	0	6	0	1	0.62	0.6061	0.61	0.1343	6	8	14	176	3	0	6	0	6	0	1	0.695	0.643313	0.483333	0.209571	1782	3420	5202
4113	6/25/2011	3	0	6	6	0	6	0	1	0.64	0.6212	0.57	0.2239	12	17	29	176	3	0	6	0	6	0	1	0.695	0.643313	0.483333	0.209571	1782	3420	5202
4114	6/25/2011	3	0	6	7	0	6	0	1	0.64	0.6212	0.57	0.2836	7	35	42	176	3	0	6	0	6	0	1	0.695	0.643313	0.483333	0.209571	1782	3420	5202
4115	6/25/2011	3	0	6	8	0	6	0	1	0.7	0.6515	0.48	0.2537	27	85	112	176	3	0	6	0	6	0	1	0.695	0.643313	0.483333	0.209571	1782	3420	5202
4116	6/25/2011	3	0	6	9	0	6	0	1	0.72	0.6515	0.45	0.2537	47	139	186	176	3	0	6	0	6	0	1	0.695	0.643313	0.483333	0.209571	1782	3420	5202
4117	6/25/2011	3	0	6	10	0	6	0	1	0.72	0.6515	0.45	0.194	99	203	302	176	3	0	6	0	6	0	1	0.695	0.643313	0.483333	0.209571	1782	3420	5202
4118	6/25/2011	3	0	6	11	0	6	0	1	0.74	0.6667	0.42	0	122	209	331	176	3	0	6	0	6	0	1	0.695	0.643313	0.483333	0.209571	1782	3420	5202
4119	6/25/2011	3	0	6	12	0	6	0	1	0.74	0.6515	0.4	0.2836	140	252	392	176	3	0	6	0	6	0	1	0.695	0.643313	0.483333	0.209571	1782	3420	5202
4120	6/25/2011	3	0	6	13	0	6	0	1	0.74	0.6515	0.4	0.2836	140	231	371	176	3	0	6	0	6	0	1	0.695	0.643313	0.483333	0.209571	1782	3420	5202
4121	6/25/2011	3	0	6	14	0	6	0	1	0.74	0.6667	0.45	0.2985	151	232	383	176	3	0	6	0	6	0	1	0.695	0.643313	0.483333	0.209571	1782	3420	5202
4122	6/25/2011	3	0	6	15	0	6	0	1	0.74	0.6667	0.45	0	157	235	392	176	3	0	6	0	6	0	1	0.695	0.643313	0.483333	0.209571	1782	3420	5202
4123	6/25/2011	3	0	6	16	0	6	0	1	0.76	0.6818	0.43	0.2985	175	235	410	176	3	0	6	0	6	0	1	0.695	0.643313	0.483333	0.209571	1782	3420	5202
4124	6/25/2011	3	0	6	17	0	6	0	1	0.74	0.6667	0.42	0.2239	152	247	399	176	3	0	6	0	6	0	1	0.695	0.643313	0.483333	0.209571	1782	3420	5202
4125	6/25/2011	3	0	6	18	0	6	0	1	0.72	0.6515	0.45	0.2537	108	199	307	176	3	0	6	0	6	0	1	0.695	0.643313	0.483333	0.209571	1782	3420	5202
4126	6/25/2011	3	0	6	19	0	6	0	1	0.72	0.6667	0.48	0.2836	121	254	375	176	3	0	6	0	6	0	1	0.695	0.643313	0.483333	0.209571	1782	3420	5202
4127	6/25/2011	3	0	6	20	0	6	0	1	0.7	0.6515	0.48	0.194	74	195	269	176	3	0	6	0	6	0	1	0.695	0.643313	0.483333	0.209571	1782	3420	5202
4128	6/25/2011	3	0	6	21	0	6	0	1	0.68	0.6364	0.51	0.1642	62	140	202	176	3	0	6	0	6	0	1	0.695	0.643313	0.483333	0.209571	1782	3420	5202
4129	6/25/2011	3	0	6	22	0	6	0	1	0.68	0.6364	0.47	0.194	61	126	187	176	3	0	6	0	6	0	1	0.695	0.643313	0.483333	0.209571	1782	3420	5202
4130	6/25/2011	3	0	6	23	0	6	0	2	0.66	0.6212	0.5	0.2985	49	130	179	176	3	0	6	0	6	0	1	0.695	0.643313	0.483333	0.209571	1782	3420	5202
4131	6/26/2011	3	0	6	0	0	0	0	1	0.64	0.6212	0.53	0	30	85	115	177	3	0	6	0	0	0	1	0.68	0.637629	0.513333	0.0945333	1920	3385	5305
4132	6/26/2011	3	0	6	1	0	0	0	1	0.64	0.6212	0.53	0.1045	17	73	90	177	3	0	6	0	0	0	1	0.68	0.637629	0.513333	0.0945333	1920	3385	5305
4133	6/26/2011	3	0	6	2	0	0	0	1	0.62	0.6212	0.57	0.1045	17	70	87	177	3	0	6	0	0	0	1	0.68	0.637629	0.513333	0.0945333	1920	3385	5305
4134	6/26/2011	3	0	6	3	0	0	0	1	0.6	0.6061	0.64	0.1045	12	22	34	177	3	0	6	0	0	0	1	0.68	0.637629	0.513333	0.0945333	1920	3385	5305
4135	6/26/2011	3	0	6	4	0	0	0	1	0.6	0.6061	0.64	0.0896	3	8	11	177	3	0	6	0	0	0	1	0.68	0.637629	0.513333	0.0945333	1920	3385	5305
4136	6/26/2011	3	0	6	5	0	0	0	1	0.6	0.6061	0.64	0	3	9	12	177	3	0	6	0	0	0	1	0.68	0.637629	0.513333	0.0945333	1920	3385	5305
4137	6/26/2011	3	0	6	6	0	0	0	1	0.6	0.6061	0.64	0	7	13	20	177	3	0	6	0	0	0	1	0.68	0.637629	0.513333	0.0945333	1920	3385	5305
4138	6/26/2011	3	0	6	7	0	0	0	1	0.62	0.6061	0.61	0	24	27	51	177	3	0	6	0	0	0	1	0.68	0.637629	0.513333	0.0945333	1920	3385	5305
4139	6/26/2011	3	0	6	8	0	0	0	1	0.64	0.6212	0.61	0.194	29	78	107	177	3	0	6	0	0	0	1	0.68	0.637629	0.513333	0.0945333	1920	3385	5305
4140	6/26/2011	3	0	6	9	0	0	0	1	0.66	0.6212	0.54	0.0896	75	131	206	177	3	0	6	0	0	0	1	0.68	0.637629	0.513333	0.0945333	1920	3385	5305
4141	6/26/2011	3	0	6	10	0	0	0	1	0.72	0.6667	0.48	0.1045	136	196	332	177	3	0	6	0	0	0	1	0.68	0.637629	0.513333	0.0945333	1920	3385	5305
4142	6/26/2011	3	0	6	11	0	0	0	1	0.72	0.6515	0.45	0.1343	127	219	346	177	3	0	6	0	0	0	1	0.68	0.637629	0.513333	0.0945333	1920	3385	5305
4143	6/26/2011	3	0	6	12	0	0	0	1	0.74	0.6515	0.4	0.1642	175	268	443	177	3	0	6	0	0	0	1	0.68	0.637629	0.513333	0.0945333	1920	3385	5305
4144	6/26/2011	3	0	6	13	0	0	0	1	0.74	0.6515	0.4	0	197	245	442	177	3	0	6	0	0	0	1	0.68	0.637629	0.513333	0.0945333	1920	3385	5305
4145	6/26/2011	3	0	6	14	0	0	0	1	0.74	0.6515	0.4	0.1343	197	246	443	177	3	0	6	0	0	0	1	0.68	0.637629	0.513333	0.0945333	1920	3385	5305
4146	6/26/2011	3	0	6	15	0	0	0	1	0.74	0.6515	0.4	0	174	229	403	177	3	0	6	0	0	0	1	0.68	0.637629	0.513333	0.0945333	1920	3385	5305
4147	6/26/2011	3	0	6	16	0	0	0	1	0.74	0.6667	0.42	0.194	177	278	455	177	3	0	6	0	0	0	1	0.68	0.637629	0.513333	0.0945333	1920	3385	5305
4148	6/26/2011	3	0	6	17	0	0	0	2	0.72	0.6515	0.42	0.1642	178	243	421	177	3	0	6	0	0	0	1	0.68	0.637629	0.513333	0.0945333	1920	3385	5305
4149	6/26/2011	3	0	6	18	0	0	0	2	0.72	0.6515	0.45	0.2537	117	265	382	177	3	0	6	0	0	0	1	0.68	0.637629	0.513333	0.0945333	1920	3385	5305
4150	6/26/2011	3	0	6	19	0	0	0	2	0.72	0.6667	0.48	0.1343	89	228	317	177	3	0	6	0	0	0	1	0.68	0.637629	0.513333	0.0945333	1920	3385	5305
4151	6/26/2011	3	0	6	20	0	0	0	2	0.7	0.6515	0.48	0.1045	55	158	213	177	3	0	6	0	0	0	1	0.68	0.637629	0.513333	0.0945333	1920	3385	5305
4152	6/26/2011	3	0	6	21	0	0	0	2	0.7	0.6515	0.54	0.1045	48	135	183	177	3	0	6	0	0	0	1	0.68	0.637629	0.513333	0.0945333	1920	3385	5305
4153	6/26/2011	3	0	6	22	0	0	0	1	0.7	0.6515	0.51	0	19	95	114	177	3	0	6	0	0	0	1	0.68	0.637629	0.513333	0.0945333	1920	3385	5305
4154	6/26/2011	3	0	6	23	0	0	0	1	0.7	0.6515	0.54	0.0896	14	64	78	177	3	0	6	0	0	0	1	0.68	0.637629	0.513333	0.0945333	1920	3385	5305
4155	6/27/2011	3	0	6	0	0	1	1	3	0.64	0.6061	0.73	0.2836	7	25	32	178	3	0	6	0	1	1	2	0.6825	0.637004	0.658333	0.107588	854	3854	4708
4156	6/27/2011	3	0	6	1	0	1	1	2	0.62	0.5909	0.78	0.1343	4	11	15	178	3	0	6	0	1	1	2	0.6825	0.637004	0.658333	0.107588	854	3854	4708
4157	6/27/2011	3	0	6	2	0	1	1	3	0.62	0.5909	0.78	0.1343	3	3	6	178	3	0	6	0	1	1	2	0.6825	0.637004	0.658333	0.107588	854	3854	4708
4158	6/27/2011	3	0	6	3	0	1	1	3	0.62	0.5909	0.78	0.1343	0	2	2	178	3	0	6	0	1	1	2	0.6825	0.637004	0.658333	0.107588	854	3854	4708
4159	6/27/2011	3	0	6	4	0	1	1	2	0.6	0.5606	0.83	0.1642	1	8	9	178	3	0	6	0	1	1	2	0.6825	0.637004	0.658333	0.107588	854	3854	4708
4160	6/27/2011	3	0	6	5	0	1	1	2	0.62	0.5758	0.83	0.1642	1	21	22	178	3	0	6	0	1	1	2	0.6825	0.637004	0.658333	0.107588	854	3854	4708
4161	6/27/2011	3	0	6	6	0	1	1	2	0.62	0.5909	0.78	0.1642	4	90	94	178	3	0	6	0	1	1	2	0.6825	0.637004	0.658333	0.107588	854	3854	4708
4162	6/27/2011	3	0	6	7	0	1	1	2	0.64	0.6061	0.73	0.2239	14	247	261	178	3	0	6	0	1	1	2	0.6825	0.637004	0.658333	0.107588	854	3854	4708
4163	6/27/2011	3	0	6	8	0	1	1	1	0.66	0.6212	0.74	0.194	29	418	447	178	3	0	6	0	1	1	2	0.6825	0.637004	0.658333	0.107588	854	3854	4708
4164	6/27/2011	3	0	6	9	0	1	1	2	0.72	0.6667	0.54	0	37	150	187	178	3	0	6	0	1	1	2	0.6825	0.637004	0.658333	0.107588	854	3854	4708
4165	6/27/2011	3	0	6	10	0	1	1	2	0.72	0.6667	0.54	0.1343	55	95	150	178	3	0	6	0	1	1	2	0.6825	0.637004	0.658333	0.107588	854	3854	4708
4166	6/27/2011	3	0	6	11	0	1	1	2	0.7	0.6515	0.58	0	55	95	150	178	3	0	6	0	1	1	2	0.6825	0.637004	0.658333	0.107588	854	3854	4708
4167	6/27/2011	3	0	6	12	0	1	1	2	0.72	0.6667	0.54	0	40	130	170	178	3	0	6	0	1	1	2	0.6825	0.637004	0.658333	0.107588	854	3854	4708
4168	6/27/2011	3	0	6	13	0	1	1	2	0.72	0.6667	0.58	0.2239	37	127	164	178	3	0	6	0	1	1	2	0.6825	0.637004	0.658333	0.107588	854	3854	4708
4169	6/27/2011	3	0	6	14	0	1	1	2	0.72	0.6667	0.58	0.0896	58	100	158	178	3	0	6	0	1	1	2	0.6825	0.637004	0.658333	0.107588	854	3854	4708
4170	6/27/2011	3	0	6	15	0	1	1	2	0.74	0.6818	0.55	0	76	126	202	178	3	0	6	0	1	1	2	0.6825	0.637004	0.658333	0.107588	854	3854	4708
4171	6/27/2011	3	0	6	16	0	1	1	1	0.74	0.6818	0.55	0.1045	53	222	275	178	3	0	6	0	1	1	2	0.6825	0.637004	0.658333	0.107588	854	3854	4708
4172	6/27/2011	3	0	6	17	0	1	1	1	0.74	0.6818	0.55	0.1343	90	514	604	178	3	0	6	0	1	1	2	0.6825	0.637004	0.658333	0.107588	854	3854	4708
4173	6/27/2011	3	0	6	18	0	1	1	1	0.74	0.6667	0.51	0	79	512	591	178	3	0	6	0	1	1	2	0.6825	0.637004	0.658333	0.107588	854	3854	4708
4174	6/27/2011	3	0	6	19	0	1	1	1	0.72	0.6818	0.62	0.194	56	340	396	178	3	0	6	0	1	1	2	0.6825	0.637004	0.658333	0.107588	854	3854	4708
4175	6/27/2011	3	0	6	20	0	1	1	1	0.7	0.6515	0.65	0.1045	54	251	305	178	3	0	6	0	1	1	2	0.6825	0.637004	0.658333	0.107588	854	3854	4708
4176	6/27/2011	3	0	6	21	0	1	1	1	0.7	0.6515	0.65	0	52	190	242	178	3	0	6	0	1	1	2	0.6825	0.637004	0.658333	0.107588	854	3854	4708
4177	6/27/2011	3	0	6	22	0	1	1	1	0.68	0.6364	0.69	0	33	112	145	178	3	0	6	0	1	1	2	0.6825	0.637004	0.658333	0.107588	854	3854	4708
4178	6/27/2011	3	0	6	23	0	1	1	1	0.68	0.6364	0.69	0	16	65	81	178	3	0	6	0	1	1	2	0.6825	0.637004	0.658333	0.107588	854	3854	4708
4179	6/28/2011	3	0	6	0	0	2	1	2	0.66	0.6061	0.78	0.1343	5	25	30	179	3	0	6	0	2	1	1	0.744167	0.692558	0.634167	0.144283	732	3916	4648
4180	6/28/2011	3	0	6	1	0	2	1	1	0.66	0.6212	0.74	0	5	8	13	179	3	0	6	0	2	1	1	0.744167	0.692558	0.634167	0.144283	732	3916	4648
4181	6/28/2011	3	0	6	2	0	2	1	2	0.66	0.6212	0.74	0	2	9	11	179	3	0	6	0	2	1	1	0.744167	0.692558	0.634167	0.144283	732	3916	4648
4182	6/28/2011	3	0	6	3	0	2	1	2	0.66	0.6212	0.74	0	0	2	2	179	3	0	6	0	2	1	1	0.744167	0.692558	0.634167	0.144283	732	3916	4648
4183	6/28/2011	3	0	6	4	0	2	1	1	0.66	0.6212	0.74	0	1	7	8	179	3	0	6	0	2	1	1	0.744167	0.692558	0.634167	0.144283	732	3916	4648
4184	6/28/2011	3	0	6	5	0	2	1	1	0.66	0.6061	0.78	0	1	20	21	179	3	0	6	0	2	1	1	0.744167	0.692558	0.634167	0.144283	732	3916	4648
4185	6/28/2011	3	0	6	6	0	2	1	1	0.66	0.6061	0.83	0.1642	7	117	124	179	3	0	6	0	2	1	1	0.744167	0.692558	0.634167	0.144283	732	3916	4648
4186	6/28/2011	3	0	6	7	0	2	1	1	0.68	0.6364	0.83	0.194	27	320	347	179	3	0	6	0	2	1	1	0.744167	0.692558	0.634167	0.144283	732	3916	4648
4187	6/28/2011	3	0	6	8	0	2	1	1	0.7	0.6667	0.79	0.1642	39	417	456	179	3	0	6	0	2	1	1	0.744167	0.692558	0.634167	0.144283	732	3916	4648
4188	6/28/2011	3	0	6	9	0	2	1	1	0.74	0.697	0.7	0	38	208	246	179	3	0	6	0	2	1	1	0.744167	0.692558	0.634167	0.144283	732	3916	4648
4189	6/28/2011	3	0	6	10	0	2	1	1	0.8	0.7424	0.49	0.1642	45	112	157	179	3	0	6	0	2	1	1	0.744167	0.692558	0.634167	0.144283	732	3916	4648
4190	6/28/2011	3	0	6	11	0	2	1	1	0.82	0.7576	0.46	0	49	118	167	179	3	0	6	0	2	1	1	0.744167	0.692558	0.634167	0.144283	732	3916	4648
4191	6/28/2011	3	0	6	12	0	2	1	1	0.84	0.7727	0.47	0.2239	41	161	202	179	3	0	6	0	2	1	1	0.744167	0.692558	0.634167	0.144283	732	3916	4648
4192	6/28/2011	3	0	6	13	0	2	1	1	0.84	0.7576	0.44	0	33	156	189	179	3	0	6	0	2	1	1	0.744167	0.692558	0.634167	0.144283	732	3916	4648
4193	6/28/2011	3	0	6	14	0	2	1	1	0.86	0.7879	0.44	0.2239	43	117	160	179	3	0	6	0	2	1	1	0.744167	0.692558	0.634167	0.144283	732	3916	4648
4194	6/28/2011	3	0	6	15	0	2	1	1	0.86	0.7879	0.41	0	39	127	166	179	3	0	6	0	2	1	1	0.744167	0.692558	0.634167	0.144283	732	3916	4648
4195	6/28/2011	3	0	6	16	0	2	1	1	0.86	0.803	0.47	0.2836	41	220	261	179	3	0	6	0	2	1	1	0.744167	0.692558	0.634167	0.144283	732	3916	4648
4196	6/28/2011	3	0	6	17	0	2	1	3	0.82	0.7879	0.56	0.2836	70	509	579	179	3	0	6	0	2	1	1	0.744167	0.692558	0.634167	0.144283	732	3916	4648
4197	6/28/2011	3	0	6	18	0	2	1	3	0.8	0.7576	0.55	0.2985	68	436	504	179	3	0	6	0	2	1	1	0.744167	0.692558	0.634167	0.144283	732	3916	4648
4198	6/28/2011	3	0	6	19	0	2	1	2	0.74	0.6818	0.58	0.4627	44	255	299	179	3	0	6	0	2	1	1	0.744167	0.692558	0.634167	0.144283	732	3916	4648
4199	6/28/2011	3	0	6	20	0	2	1	1	0.74	0.6818	0.62	0	50	246	296	179	3	0	6	0	2	1	1	0.744167	0.692558	0.634167	0.144283	732	3916	4648
4200	6/28/2011	3	0	6	21	0	2	1	1	0.74	0.697	0.66	0.2836	31	164	195	179	3	0	6	0	2	1	1	0.744167	0.692558	0.634167	0.144283	732	3916	4648
4201	6/28/2011	3	0	6	22	0	2	1	1	0.7	0.6515	0.7	0.2985	30	104	134	179	3	0	6	0	2	1	1	0.744167	0.692558	0.634167	0.144283	732	3916	4648
4202	6/28/2011	3	0	6	23	0	2	1	1	0.7	0.6515	0.7	0.2836	23	58	81	179	3	0	6	0	2	1	1	0.744167	0.692558	0.634167	0.144283	732	3916	4648
4203	6/29/2011	3	0	6	0	0	3	1	2	0.68	0.6364	0.79	0.2836	11	25	36	180	3	0	6	0	3	1	1	0.728333	0.654688	0.497917	0.261821	848	4377	5225
4204	6/29/2011	3	0	6	1	0	3	1	1	0.68	0.6364	0.79	0.2985	10	18	28	180	3	0	6	0	3	1	1	0.728333	0.654688	0.497917	0.261821	848	4377	5225
4205	6/29/2011	3	0	6	2	0	3	1	1	0.66	0.6061	0.83	0.2239	7	9	16	180	3	0	6	0	3	1	1	0.728333	0.654688	0.497917	0.261821	848	4377	5225
4206	6/29/2011	3	0	6	3	0	3	1	2	0.66	0.6061	0.83	0.1045	2	3	5	180	3	0	6	0	3	1	1	0.728333	0.654688	0.497917	0.261821	848	4377	5225
4207	6/29/2011	3	0	6	4	0	3	1	1	0.66	0.6061	0.83	0.1045	0	5	5	180	3	0	6	0	3	1	1	0.728333	0.654688	0.497917	0.261821	848	4377	5225
4208	6/29/2011	3	0	6	5	0	3	1	1	0.64	0.5758	0.83	0.194	3	19	22	180	3	0	6	0	3	1	1	0.728333	0.654688	0.497917	0.261821	848	4377	5225
4209	6/29/2011	3	0	6	6	0	3	1	1	0.66	0.6212	0.69	0.2985	12	104	116	180	3	0	6	0	3	1	1	0.728333	0.654688	0.497917	0.261821	848	4377	5225
4210	6/29/2011	3	0	6	7	0	3	1	1	0.7	0.6515	0.54	0.2239	18	318	336	180	3	0	6	0	3	1	1	0.728333	0.654688	0.497917	0.261821	848	4377	5225
4211	6/29/2011	3	0	6	8	0	3	1	1	0.7	0.6515	0.48	0.2836	41	499	540	180	3	0	6	0	3	1	1	0.728333	0.654688	0.497917	0.261821	848	4377	5225
4212	6/29/2011	3	0	6	9	0	3	1	1	0.72	0.6515	0.45	0.3881	32	189	221	180	3	0	6	0	3	1	1	0.728333	0.654688	0.497917	0.261821	848	4377	5225
4213	6/29/2011	3	0	6	10	0	3	1	1	0.74	0.6667	0.42	0.2836	31	95	126	180	3	0	6	0	3	1	1	0.728333	0.654688	0.497917	0.261821	848	4377	5225
4214	6/29/2011	3	0	6	11	0	3	1	1	0.76	0.6667	0.35	0.2239	53	117	170	180	3	0	6	0	3	1	1	0.728333	0.654688	0.497917	0.261821	848	4377	5225
4215	6/29/2011	3	0	6	12	0	3	1	1	0.76	0.6667	0.35	0.2537	55	188	243	180	3	0	6	0	3	1	1	0.728333	0.654688	0.497917	0.261821	848	4377	5225
4216	6/29/2011	3	0	6	13	0	3	1	1	0.8	0.697	0.31	0.3284	45	186	231	180	3	0	6	0	3	1	1	0.728333	0.654688	0.497917	0.261821	848	4377	5225
4217	6/29/2011	3	0	6	14	0	3	1	1	0.8	0.697	0.31	0.194	50	138	188	180	3	0	6	0	3	1	1	0.728333	0.654688	0.497917	0.261821	848	4377	5225
4218	6/29/2011	3	0	6	15	0	3	1	1	0.82	0.7121	0.3	0.1642	43	146	189	180	3	0	6	0	3	1	1	0.728333	0.654688	0.497917	0.261821	848	4377	5225
4219	6/29/2011	3	0	6	16	0	3	1	1	0.82	0.7121	0.3	0.4179	60	268	328	180	3	0	6	0	3	1	1	0.728333	0.654688	0.497917	0.261821	848	4377	5225
4220	6/29/2011	3	0	6	17	0	3	1	1	0.82	0.7121	0.26	0.4179	78	492	570	180	3	0	6	0	3	1	1	0.728333	0.654688	0.497917	0.261821	848	4377	5225
4221	6/29/2011	3	0	6	18	0	3	1	1	0.8	0.697	0.29	0.2985	78	510	588	180	3	0	6	0	3	1	1	0.728333	0.654688	0.497917	0.261821	848	4377	5225
4222	6/29/2011	3	0	6	19	0	3	1	1	0.76	0.6667	0.35	0.3881	60	341	401	180	3	0	6	0	3	1	1	0.728333	0.654688	0.497917	0.261821	848	4377	5225
4223	6/29/2011	3	0	6	20	0	3	1	1	0.74	0.6515	0.37	0.2985	69	264	333	180	3	0	6	0	3	1	1	0.728333	0.654688	0.497917	0.261821	848	4377	5225
4224	6/29/2011	3	0	6	21	0	3	1	1	0.72	0.6515	0.39	0.2239	26	195	221	180	3	0	6	0	3	1	1	0.728333	0.654688	0.497917	0.261821	848	4377	5225
4225	6/29/2011	3	0	6	22	0	3	1	1	0.7	0.6364	0.42	0.194	32	151	183	180	3	0	6	0	3	1	1	0.728333	0.654688	0.497917	0.261821	848	4377	5225
4226	6/29/2011	3	0	6	23	0	3	1	1	0.68	0.6364	0.47	0.194	32	97	129	180	3	0	6	0	3	1	1	0.728333	0.654688	0.497917	0.261821	848	4377	5225
4227	6/30/2011	3	0	6	0	0	4	1	1	0.66	0.6212	0.5	0.1642	15	39	54	181	3	0	6	0	4	1	1	0.696667	0.637008	0.434167	0.185312	1027	4488	5515
4228	6/30/2011	3	0	6	1	0	4	1	1	0.64	0.6212	0.53	0.1343	13	19	32	181	3	0	6	0	4	1	1	0.696667	0.637008	0.434167	0.185312	1027	4488	5515
4229	6/30/2011	3	0	6	2	0	4	1	1	0.62	0.6212	0.57	0.1343	2	6	8	181	3	0	6	0	4	1	1	0.696667	0.637008	0.434167	0.185312	1027	4488	5515
4230	6/30/2011	3	0	6	3	0	4	1	1	0.6	0.6061	0.6	0.1642	2	7	9	181	3	0	6	0	4	1	1	0.696667	0.637008	0.434167	0.185312	1027	4488	5515
4231	6/30/2011	3	0	6	4	0	4	1	1	0.58	0.5455	0.64	0.1343	2	4	6	181	3	0	6	0	4	1	1	0.696667	0.637008	0.434167	0.185312	1027	4488	5515
4232	6/30/2011	3	0	6	5	0	4	1	1	0.58	0.5455	0.64	0.2537	1	24	25	181	3	0	6	0	4	1	1	0.696667	0.637008	0.434167	0.185312	1027	4488	5515
4233	6/30/2011	3	0	6	6	0	4	1	1	0.6	0.6061	0.64	0.2537	4	119	123	181	3	0	6	0	4	1	1	0.696667	0.637008	0.434167	0.185312	1027	4488	5515
4234	6/30/2011	3	0	6	7	0	4	1	1	0.62	0.6061	0.61	0.2239	29	291	320	181	3	0	6	0	4	1	1	0.696667	0.637008	0.434167	0.185312	1027	4488	5515
4235	6/30/2011	3	0	6	8	0	4	1	1	0.68	0.6364	0.47	0.2239	44	511	555	181	3	0	6	0	4	1	1	0.696667	0.637008	0.434167	0.185312	1027	4488	5515
4236	6/30/2011	3	0	6	9	0	4	1	1	0.7	0.6364	0.42	0.2239	33	227	260	181	3	0	6	0	4	1	1	0.696667	0.637008	0.434167	0.185312	1027	4488	5515
4237	6/30/2011	3	0	6	10	0	4	1	1	0.72	0.6515	0.42	0.194	35	97	132	181	3	0	6	0	4	1	1	0.696667	0.637008	0.434167	0.185312	1027	4488	5515
4238	6/30/2011	3	0	6	11	0	4	1	1	0.74	0.6515	0.37	0.1343	47	122	169	181	3	0	6	0	4	1	1	0.696667	0.637008	0.434167	0.185312	1027	4488	5515
4239	6/30/2011	3	0	6	12	0	4	1	1	0.76	0.6667	0.35	0.1642	50	183	233	181	3	0	6	0	4	1	1	0.696667	0.637008	0.434167	0.185312	1027	4488	5515
4240	6/30/2011	3	0	6	13	0	4	1	1	0.76	0.6667	0.33	0.194	70	162	232	181	3	0	6	0	4	1	1	0.696667	0.637008	0.434167	0.185312	1027	4488	5515
4241	6/30/2011	3	0	6	14	0	4	1	1	0.78	0.6818	0.31	0.194	46	117	163	181	3	0	6	0	4	1	1	0.696667	0.637008	0.434167	0.185312	1027	4488	5515
4242	6/30/2011	3	0	6	15	0	4	1	1	0.78	0.6667	0.25	0.2537	64	176	240	181	3	0	6	0	4	1	1	0.696667	0.637008	0.434167	0.185312	1027	4488	5515
4243	6/30/2011	3	0	6	16	0	4	1	1	0.8	0.697	0.26	0.1343	63	260	323	181	3	0	6	0	4	1	1	0.696667	0.637008	0.434167	0.185312	1027	4488	5515
4244	6/30/2011	3	0	6	17	0	4	1	1	0.78	0.6818	0.27	0.3582	98	496	594	181	3	0	6	0	4	1	1	0.696667	0.637008	0.434167	0.185312	1027	4488	5515
4245	6/30/2011	3	0	6	18	0	4	1	1	0.76	0.6667	0.29	0.2537	114	472	586	181	3	0	6	0	4	1	1	0.696667	0.637008	0.434167	0.185312	1027	4488	5515
4246	6/30/2011	3	0	6	19	0	4	1	1	0.74	0.6515	0.33	0.194	89	366	455	181	3	0	6	0	4	1	1	0.696667	0.637008	0.434167	0.185312	1027	4488	5515
4247	6/30/2011	3	0	6	20	0	4	1	1	0.74	0.6515	0.33	0.194	55	285	340	181	3	0	6	0	4	1	1	0.696667	0.637008	0.434167	0.185312	1027	4488	5515
4248	6/30/2011	3	0	6	21	0	4	1	1	0.72	0.6515	0.37	0.1045	81	242	323	181	3	0	6	0	4	1	1	0.696667	0.637008	0.434167	0.185312	1027	4488	5515
4249	6/30/2011	3	0	6	22	0	4	1	1	0.7	0.6364	0.42	0.1642	43	164	207	181	3	0	6	0	4	1	1	0.696667	0.637008	0.434167	0.185312	1027	4488	5515
4250	6/30/2011	3	0	6	23	0	4	1	1	0.66	0.6212	0.5	0	27	99	126	181	3	0	6	0	4	1	1	0.696667	0.637008	0.434167	0.185312	1027	4488	5515
4251	7/1/2011	3	0	7	0	0	5	1	1	0.66	0.6212	0.5	0	20	48	68	182	3	0	7	0	5	1	1	0.7225	0.652162	0.39625	0.102608	1246	4116	5362
4252	7/1/2011	3	0	7	1	0	5	1	1	0.66	0.6212	0.5	0	15	16	31	182	3	0	7	0	5	1	1	0.7225	0.652162	0.39625	0.102608	1246	4116	5362
4253	7/1/2011	3	0	7	2	0	5	1	1	0.62	0.6061	0.69	0	6	7	13	182	3	0	7	0	5	1	1	0.7225	0.652162	0.39625	0.102608	1246	4116	5362
4254	7/1/2011	3	0	7	3	0	5	1	1	0.64	0.6212	0.53	0	5	6	11	182	3	0	7	0	5	1	1	0.7225	0.652162	0.39625	0.102608	1246	4116	5362
4255	7/1/2011	3	0	7	4	0	5	1	1	0.62	0.6212	0.57	0	1	5	6	182	3	0	7	0	5	1	1	0.7225	0.652162	0.39625	0.102608	1246	4116	5362
4256	7/1/2011	3	0	7	5	0	5	1	1	0.6	0.6061	0.64	0.1343	3	27	30	182	3	0	7	0	5	1	1	0.7225	0.652162	0.39625	0.102608	1246	4116	5362
4257	7/1/2011	3	0	7	6	0	5	1	1	0.62	0.6061	0.61	0.1343	11	97	108	182	3	0	7	0	5	1	1	0.7225	0.652162	0.39625	0.102608	1246	4116	5362
4258	7/1/2011	3	0	7	7	0	5	1	1	0.66	0.6212	0.54	0.1045	25	218	243	182	3	0	7	0	5	1	1	0.7225	0.652162	0.39625	0.102608	1246	4116	5362
4259	7/1/2011	3	0	7	8	0	5	1	1	0.7	0.6364	0.42	0.1642	39	453	492	182	3	0	7	0	5	1	1	0.7225	0.652162	0.39625	0.102608	1246	4116	5362
4260	7/1/2011	3	0	7	9	0	5	1	1	0.74	0.6515	0.35	0.1642	58	202	260	182	3	0	7	0	5	1	1	0.7225	0.652162	0.39625	0.102608	1246	4116	5362
4261	7/1/2011	3	0	7	10	0	5	1	1	0.76	0.6667	0.33	0.1642	61	109	170	182	3	0	7	0	5	1	1	0.7225	0.652162	0.39625	0.102608	1246	4116	5362
4262	7/1/2011	3	0	7	11	0	5	1	1	0.8	0.697	0.26	0	68	146	214	182	3	0	7	0	5	1	1	0.7225	0.652162	0.39625	0.102608	1246	4116	5362
4263	7/1/2011	3	0	7	12	0	5	1	1	0.8	0.697	0.26	0	83	180	263	182	3	0	7	0	5	1	1	0.7225	0.652162	0.39625	0.102608	1246	4116	5362
4264	7/1/2011	3	0	7	13	0	5	1	1	0.8	0.6818	0.24	0	83	209	292	182	3	0	7	0	5	1	1	0.7225	0.652162	0.39625	0.102608	1246	4116	5362
4265	7/1/2011	3	0	7	14	0	5	1	1	0.82	0.697	0.23	0.194	78	225	303	182	3	0	7	0	5	1	1	0.7225	0.652162	0.39625	0.102608	1246	4116	5362
4266	7/1/2011	3	0	7	15	0	5	1	1	0.82	0.697	0.21	0.2537	82	299	381	182	3	0	7	0	5	1	1	0.7225	0.652162	0.39625	0.102608	1246	4116	5362
4267	7/1/2011	3	0	7	16	0	5	1	1	0.82	0.697	0.17	0	85	342	427	182	3	0	7	0	5	1	1	0.7225	0.652162	0.39625	0.102608	1246	4116	5362
4268	7/1/2011	3	0	7	17	0	5	1	1	0.82	0.697	0.21	0.194	99	362	461	182	3	0	7	0	5	1	1	0.7225	0.652162	0.39625	0.102608	1246	4116	5362
4269	7/1/2011	3	0	7	18	0	5	1	1	0.8	0.6818	0.24	0.2537	98	324	422	182	3	0	7	0	5	1	1	0.7225	0.652162	0.39625	0.102608	1246	4116	5362
4270	7/1/2011	3	0	7	19	0	5	1	1	0.78	0.6667	0.25	0.194	80	238	318	182	3	0	7	0	5	1	1	0.7225	0.652162	0.39625	0.102608	1246	4116	5362
4271	7/1/2011	3	0	7	20	0	5	1	1	0.72	0.6515	0.42	0.2239	84	185	269	182	3	0	7	0	5	1	1	0.7225	0.652162	0.39625	0.102608	1246	4116	5362
4272	7/1/2011	3	0	7	21	0	5	1	1	0.7	0.6364	0.45	0.194	69	149	218	182	3	0	7	0	5	1	1	0.7225	0.652162	0.39625	0.102608	1246	4116	5362
4273	7/1/2011	3	0	7	22	0	5	1	1	0.7	0.6364	0.42	0	49	173	222	182	3	0	7	0	5	1	1	0.7225	0.652162	0.39625	0.102608	1246	4116	5362
4274	7/1/2011	3	0	7	23	0	5	1	1	0.68	0.6364	0.47	0.0896	44	96	140	182	3	0	7	0	5	1	1	0.7225	0.652162	0.39625	0.102608	1246	4116	5362
4275	7/2/2011	3	0	7	0	0	6	0	1	0.68	0.6364	0.47	0.0896	31	84	115	183	3	0	7	0	6	0	1	0.738333	0.667308	0.444583	0.115062	2204	2915	5119
4276	7/2/2011	3	0	7	1	0	6	0	1	0.66	0.6212	0.54	0	20	58	78	183	3	0	7	0	6	0	1	0.738333	0.667308	0.444583	0.115062	2204	2915	5119
4277	7/2/2011	3	0	7	2	0	6	0	1	0.64	0.6212	0.53	0	9	43	52	183	3	0	7	0	6	0	1	0.738333	0.667308	0.444583	0.115062	2204	2915	5119
4278	7/2/2011	3	0	7	3	0	6	0	1	0.64	0.6212	0.53	0	5	21	26	183	3	0	7	0	6	0	1	0.738333	0.667308	0.444583	0.115062	2204	2915	5119
4279	7/2/2011	3	0	7	4	0	6	0	1	0.62	0.6061	0.61	0	3	8	11	183	3	0	7	0	6	0	1	0.738333	0.667308	0.444583	0.115062	2204	2915	5119
4280	7/2/2011	3	0	7	5	0	6	0	1	0.58	0.5455	0.73	0.1045	1	13	14	183	3	0	7	0	6	0	1	0.738333	0.667308	0.444583	0.115062	2204	2915	5119
4281	7/2/2011	3	0	7	6	0	6	0	1	0.62	0.6061	0.69	0.1045	11	21	32	183	3	0	7	0	6	0	1	0.738333	0.667308	0.444583	0.115062	2204	2915	5119
4282	7/2/2011	3	0	7	7	0	6	0	1	0.64	0.6061	0.65	0	10	35	45	183	3	0	7	0	6	0	1	0.738333	0.667308	0.444583	0.115062	2204	2915	5119
4283	7/2/2011	3	0	7	8	0	6	0	1	0.68	0.6364	0.57	0	38	94	132	183	3	0	7	0	6	0	1	0.738333	0.667308	0.444583	0.115062	2204	2915	5119
4284	7/2/2011	3	0	7	9	0	6	0	1	0.74	0.6667	0.51	0.0896	55	124	179	183	3	0	7	0	6	0	1	0.738333	0.667308	0.444583	0.115062	2204	2915	5119
4285	7/2/2011	3	0	7	10	0	6	0	1	0.8	0.7121	0.36	0	103	168	271	183	3	0	7	0	6	0	1	0.738333	0.667308	0.444583	0.115062	2204	2915	5119
4286	7/2/2011	3	0	7	11	0	6	0	1	0.8	0.7121	0.36	0.0896	144	213	357	183	3	0	7	0	6	0	1	0.738333	0.667308	0.444583	0.115062	2204	2915	5119
4287	7/2/2011	3	0	7	12	0	6	0	1	0.82	0.7121	0.3	0.1343	142	232	374	183	3	0	7	0	6	0	1	0.738333	0.667308	0.444583	0.115062	2204	2915	5119
4288	7/2/2011	3	0	7	13	0	6	0	1	0.82	0.7121	0.3	0.1045	178	226	404	183	3	0	7	0	6	0	1	0.738333	0.667308	0.444583	0.115062	2204	2915	5119
4289	7/2/2011	3	0	7	14	0	6	0	1	0.84	0.7121	0.2	0	177	215	392	183	3	0	7	0	6	0	1	0.738333	0.667308	0.444583	0.115062	2204	2915	5119
4290	7/2/2011	3	0	7	15	0	6	0	1	0.86	0.7273	0.19	0.1642	168	163	331	183	3	0	7	0	6	0	1	0.738333	0.667308	0.444583	0.115062	2204	2915	5119
4291	7/2/2011	3	0	7	16	0	6	0	1	0.88	0.7424	0.22	0.2239	206	192	398	183	3	0	7	0	6	0	1	0.738333	0.667308	0.444583	0.115062	2204	2915	5119
4292	7/2/2011	3	0	7	17	0	6	0	1	0.84	0.7273	0.3	0.2239	179	170	349	183	3	0	7	0	6	0	1	0.738333	0.667308	0.444583	0.115062	2204	2915	5119
4293	7/2/2011	3	0	7	18	0	6	0	1	0.82	0.7121	0.3	0.2836	193	190	383	183	3	0	7	0	6	0	1	0.738333	0.667308	0.444583	0.115062	2204	2915	5119
4294	7/2/2011	3	0	7	19	0	6	0	1	0.8	0.697	0.33	0.2239	156	149	305	183	3	0	7	0	6	0	1	0.738333	0.667308	0.444583	0.115062	2204	2915	5119
4295	7/2/2011	3	0	7	20	0	6	0	1	0.76	0.6818	0.45	0.2836	136	148	284	183	3	0	7	0	6	0	1	0.738333	0.667308	0.444583	0.115062	2204	2915	5119
4296	7/2/2011	3	0	7	21	0	6	0	1	0.74	0.6667	0.48	0.194	95	137	232	183	3	0	7	0	6	0	1	0.738333	0.667308	0.444583	0.115062	2204	2915	5119
4297	7/2/2011	3	0	7	22	0	6	0	1	0.72	0.6667	0.51	0.1642	78	123	201	183	3	0	7	0	6	0	1	0.738333	0.667308	0.444583	0.115062	2204	2915	5119
4298	7/2/2011	3	0	7	23	0	6	0	1	0.72	0.6667	0.54	0.2836	66	88	154	183	3	0	7	0	6	0	1	0.738333	0.667308	0.444583	0.115062	2204	2915	5119
4299	7/3/2011	3	0	7	0	0	0	0	1	0.7	0.6515	0.58	0.2239	47	97	144	184	3	0	7	0	0	0	2	0.716667	0.668575	0.6825	0.228858	2282	2367	4649
4300	7/3/2011	3	0	7	1	0	0	0	2	0.7	0.6515	0.61	0.1642	23	55	78	184	3	0	7	0	0	0	2	0.716667	0.668575	0.6825	0.228858	2282	2367	4649
4301	7/3/2011	3	0	7	2	0	0	0	1	0.7	0.6515	0.58	0.194	19	50	69	184	3	0	7	0	0	0	2	0.716667	0.668575	0.6825	0.228858	2282	2367	4649
4302	7/3/2011	3	0	7	3	0	0	0	3	0.68	0.6364	0.65	0.0896	8	25	33	184	3	0	7	0	0	0	2	0.716667	0.668575	0.6825	0.228858	2282	2367	4649
4303	7/3/2011	3	0	7	4	0	0	0	3	0.68	0.6364	0.65	0.0896	3	2	5	184	3	0	7	0	0	0	2	0.716667	0.668575	0.6825	0.228858	2282	2367	4649
4304	7/3/2011	3	0	7	5	0	0	0	3	0.62	0.5758	0.83	0.194	0	1	1	184	3	0	7	0	0	0	2	0.716667	0.668575	0.6825	0.228858	2282	2367	4649
4305	7/3/2011	3	0	7	6	0	0	0	2	0.62	0.5455	0.94	0.0896	0	3	3	184	3	0	7	0	0	0	2	0.716667	0.668575	0.6825	0.228858	2282	2367	4649
4306	7/3/2011	3	0	7	7	0	0	0	2	0.64	0.5758	0.89	0.194	3	22	25	184	3	0	7	0	0	0	2	0.716667	0.668575	0.6825	0.228858	2282	2367	4649
4307	7/3/2011	3	0	7	8	0	0	0	1	0.68	0.6364	0.79	0.2239	39	53	92	184	3	0	7	0	0	0	2	0.716667	0.668575	0.6825	0.228858	2282	2367	4649
4308	7/3/2011	3	0	7	9	0	0	0	1	0.7	0.6667	0.74	0.2537	82	99	181	184	3	0	7	0	0	0	2	0.716667	0.668575	0.6825	0.228858	2282	2367	4649
4309	7/3/2011	3	0	7	10	0	0	0	1	0.74	0.697	0.66	0.1642	131	133	264	184	3	0	7	0	0	0	2	0.716667	0.668575	0.6825	0.228858	2282	2367	4649
4310	7/3/2011	3	0	7	11	0	0	0	1	0.76	0.7121	0.62	0.1045	215	175	390	184	3	0	7	0	0	0	2	0.716667	0.668575	0.6825	0.228858	2282	2367	4649
4311	7/3/2011	3	0	7	12	0	0	0	1	0.8	0.7576	0.55	0.1045	198	206	404	184	3	0	7	0	0	0	2	0.716667	0.668575	0.6825	0.228858	2282	2367	4649
4312	7/3/2011	3	0	7	13	0	0	0	1	0.8	0.7727	0.59	0.2239	248	173	421	184	3	0	7	0	0	0	2	0.716667	0.668575	0.6825	0.228858	2282	2367	4649
4313	7/3/2011	3	0	7	14	0	0	0	1	0.82	0.7879	0.56	0.2537	225	150	375	184	3	0	7	0	0	0	2	0.716667	0.668575	0.6825	0.228858	2282	2367	4649
4314	7/3/2011	3	0	7	15	0	0	0	1	0.84	0.803	0.53	0.2985	194	182	376	184	3	0	7	0	0	0	2	0.716667	0.668575	0.6825	0.228858	2282	2367	4649
4315	7/3/2011	3	0	7	16	0	0	0	1	0.84	0.803	0.53	0.2985	195	219	414	184	3	0	7	0	0	0	2	0.716667	0.668575	0.6825	0.228858	2282	2367	4649
4316	7/3/2011	3	0	7	17	0	0	0	3	0.8	0.7424	0.49	0.8507	181	177	358	184	3	0	7	0	0	0	2	0.716667	0.668575	0.6825	0.228858	2282	2367	4649
4317	7/3/2011	3	0	7	18	0	0	0	3	0.8	0.7424	0.49	0.8507	74	107	181	184	3	0	7	0	0	0	2	0.716667	0.668575	0.6825	0.228858	2282	2367	4649
4318	7/3/2011	3	0	7	19	0	0	0	2	0.66	0.6061	0.83	0.194	100	83	183	184	3	0	7	0	0	0	2	0.716667	0.668575	0.6825	0.228858	2282	2367	4649
4319	7/3/2011	3	0	7	20	0	0	0	3	0.66	0.6061	0.83	0	83	93	176	184	3	0	7	0	0	0	2	0.716667	0.668575	0.6825	0.228858	2282	2367	4649
4320	7/3/2011	3	0	7	21	0	0	0	2	0.66	0.6061	0.83	0.1642	75	92	167	184	3	0	7	0	0	0	2	0.716667	0.668575	0.6825	0.228858	2282	2367	4649
4321	7/3/2011	3	0	7	22	0	0	0	2	0.66	0.6061	0.78	0.1045	69	93	162	184	3	0	7	0	0	0	2	0.716667	0.668575	0.6825	0.228858	2282	2367	4649
4322	7/3/2011	3	0	7	23	0	0	0	1	0.64	0.5758	0.83	0.1642	70	77	147	184	3	0	7	0	0	0	2	0.716667	0.668575	0.6825	0.228858	2282	2367	4649
4323	7/4/2011	3	0	7	0	1	1	0	1	0.64	0.5758	0.83	0.1343	63	77	140	185	3	0	7	1	1	0	2	0.726667	0.665417	0.637917	0.0814792	3065	2978	6043
4324	7/4/2011	3	0	7	1	1	1	0	1	0.64	0.5758	0.83	0.0896	43	76	119	185	3	0	7	1	1	0	2	0.726667	0.665417	0.637917	0.0814792	3065	2978	6043
4325	7/4/2011	3	0	7	2	1	1	0	1	0.64	0.5758	0.83	0	33	30	63	185	3	0	7	1	1	0	2	0.726667	0.665417	0.637917	0.0814792	3065	2978	6043
4326	7/4/2011	3	0	7	3	1	1	0	1	0.64	0.5909	0.78	0	13	13	26	185	3	0	7	1	1	0	2	0.726667	0.665417	0.637917	0.0814792	3065	2978	6043
4327	7/4/2011	3	0	7	4	1	1	0	2	0.66	0.6061	0.78	0.0896	8	4	12	185	3	0	7	1	1	0	2	0.726667	0.665417	0.637917	0.0814792	3065	2978	6043
4328	7/4/2011	3	0	7	5	1	1	0	2	0.64	0.5758	0.83	0.1343	1	3	4	185	3	0	7	1	1	0	2	0.726667	0.665417	0.637917	0.0814792	3065	2978	6043
4329	7/4/2011	3	0	7	6	1	1	0	1	0.64	0.5758	0.89	0.1642	5	11	16	185	3	0	7	1	1	0	2	0.726667	0.665417	0.637917	0.0814792	3065	2978	6043
4330	7/4/2011	3	0	7	7	1	1	0	1	0.66	0.6061	0.83	0.1343	17	19	36	185	3	0	7	1	1	0	2	0.726667	0.665417	0.637917	0.0814792	3065	2978	6043
4331	7/4/2011	3	0	7	8	1	1	0	1	0.7	0.6667	0.74	0.1045	42	44	86	185	3	0	7	1	1	0	2	0.726667	0.665417	0.637917	0.0814792	3065	2978	6043
4332	7/4/2011	3	0	7	9	1	1	0	2	0.72	0.6818	0.66	0.0896	142	96	238	185	3	0	7	1	1	0	2	0.726667	0.665417	0.637917	0.0814792	3065	2978	6043
4333	7/4/2011	3	0	7	10	1	1	0	2	0.76	0.697	0.55	0.0896	166	114	280	185	3	0	7	1	1	0	2	0.726667	0.665417	0.637917	0.0814792	3065	2978	6043
4334	7/4/2011	3	0	7	11	1	1	0	2	0.76	0.697	0.55	0.0896	177	172	349	185	3	0	7	1	1	0	2	0.726667	0.665417	0.637917	0.0814792	3065	2978	6043
4335	7/4/2011	3	0	7	12	1	1	0	2	0.78	0.7121	0.52	0	237	210	447	185	3	0	7	1	1	0	2	0.726667	0.665417	0.637917	0.0814792	3065	2978	6043
4336	7/4/2011	3	0	7	13	1	1	0	2	0.78	0.7121	0.49	0	242	181	423	185	3	0	7	1	1	0	2	0.726667	0.665417	0.637917	0.0814792	3065	2978	6043
4337	7/4/2011	3	0	7	14	1	1	0	1	0.8	0.7273	0.46	0	235	173	408	185	3	0	7	1	1	0	2	0.726667	0.665417	0.637917	0.0814792	3065	2978	6043
4338	7/4/2011	3	0	7	15	1	1	0	1	0.82	0.7424	0.43	0.0896	224	184	408	185	3	0	7	1	1	0	2	0.726667	0.665417	0.637917	0.0814792	3065	2978	6043
4339	7/4/2011	3	0	7	16	1	1	0	1	0.82	0.7424	0.41	0	236	216	452	185	3	0	7	1	1	0	2	0.726667	0.665417	0.637917	0.0814792	3065	2978	6043
4340	7/4/2011	3	0	7	17	1	1	0	1	0.8	0.7273	0.46	0	240	196	436	185	3	0	7	1	1	0	2	0.726667	0.665417	0.637917	0.0814792	3065	2978	6043
4341	7/4/2011	3	0	7	18	1	1	0	1	0.8	0.7273	0.46	0.1343	222	196	418	185	3	0	7	1	1	0	2	0.726667	0.665417	0.637917	0.0814792	3065	2978	6043
4342	7/4/2011	3	0	7	19	1	1	0	2	0.78	0.7121	0.49	0.1642	170	205	375	185	3	0	7	1	1	0	2	0.726667	0.665417	0.637917	0.0814792	3065	2978	6043
4343	7/4/2011	3	0	7	20	1	1	0	2	0.76	0.697	0.55	0.1045	195	191	386	185	3	0	7	1	1	0	2	0.726667	0.665417	0.637917	0.0814792	3065	2978	6043
4344	7/4/2011	3	0	7	21	1	1	0	2	0.74	0.6818	0.62	0.1045	195	262	457	185	3	0	7	1	1	0	2	0.726667	0.665417	0.637917	0.0814792	3065	2978	6043
4345	7/4/2011	3	0	7	22	1	1	0	2	0.74	0.6818	0.62	0.1343	115	211	326	185	3	0	7	1	1	0	2	0.726667	0.665417	0.637917	0.0814792	3065	2978	6043
4346	7/4/2011	3	0	7	23	1	1	0	2	0.72	0.6818	0.7	0.1045	44	94	138	185	3	0	7	1	1	0	2	0.726667	0.665417	0.637917	0.0814792	3065	2978	6043
4347	7/5/2011	3	0	7	0	0	2	1	2	0.7	0.6515	0.65	0.1642	19	36	55	186	3	0	7	0	2	1	1	0.746667	0.696338	0.590417	0.126258	1031	3634	4665
4348	7/5/2011	3	0	7	1	0	2	1	1	0.7	0.6515	0.65	0.1045	15	24	39	186	3	0	7	0	2	1	1	0.746667	0.696338	0.590417	0.126258	1031	3634	4665
4349	7/5/2011	3	0	7	2	0	2	1	1	0.66	0.6212	0.74	0.0896	8	5	13	186	3	0	7	0	2	1	1	0.746667	0.696338	0.590417	0.126258	1031	3634	4665
4350	7/5/2011	3	0	7	3	0	2	1	1	0.66	0.6212	0.74	0.2239	1	7	8	186	3	0	7	0	2	1	1	0.746667	0.696338	0.590417	0.126258	1031	3634	4665
4351	7/5/2011	3	0	7	4	0	2	1	1	0.66	0.6212	0.69	0.1642	1	4	5	186	3	0	7	0	2	1	1	0.746667	0.696338	0.590417	0.126258	1031	3634	4665
4352	7/5/2011	3	0	7	5	0	2	1	1	0.66	0.6212	0.69	0	1	19	20	186	3	0	7	0	2	1	1	0.746667	0.696338	0.590417	0.126258	1031	3634	4665
4353	7/5/2011	3	0	7	6	0	2	1	1	0.66	0.6212	0.74	0.0896	3	91	94	186	3	0	7	0	2	1	1	0.746667	0.696338	0.590417	0.126258	1031	3634	4665
4354	7/5/2011	3	0	7	7	0	2	1	1	0.7	0.6515	0.65	0.0896	22	248	270	186	3	0	7	0	2	1	1	0.746667	0.696338	0.590417	0.126258	1031	3634	4665
4355	7/5/2011	3	0	7	8	0	2	1	1	0.72	0.6818	0.62	0.1343	41	391	432	186	3	0	7	0	2	1	1	0.746667	0.696338	0.590417	0.126258	1031	3634	4665
4356	7/5/2011	3	0	7	9	0	2	1	1	0.74	0.6818	0.58	0.1343	50	177	227	186	3	0	7	0	2	1	1	0.746667	0.696338	0.590417	0.126258	1031	3634	4665
4357	7/5/2011	3	0	7	10	0	2	1	1	0.76	0.697	0.52	0.1045	55	84	139	186	3	0	7	0	2	1	1	0.746667	0.696338	0.590417	0.126258	1031	3634	4665
4358	7/5/2011	3	0	7	11	0	2	1	1	0.78	0.697	0.46	0.1045	75	97	172	186	3	0	7	0	2	1	1	0.746667	0.696338	0.590417	0.126258	1031	3634	4665
4359	7/5/2011	3	0	7	12	0	2	1	1	0.8	0.7273	0.43	0.1045	71	130	201	186	3	0	7	0	2	1	1	0.746667	0.696338	0.590417	0.126258	1031	3634	4665
4360	7/5/2011	3	0	7	13	0	2	1	1	0.82	0.7424	0.43	0.1045	67	136	203	186	3	0	7	0	2	1	1	0.746667	0.696338	0.590417	0.126258	1031	3634	4665
4361	7/5/2011	3	0	7	14	0	2	1	1	0.8	0.7424	0.49	0.1642	66	112	178	186	3	0	7	0	2	1	1	0.746667	0.696338	0.590417	0.126258	1031	3634	4665
4362	7/5/2011	3	0	7	15	0	2	1	1	0.82	0.7424	0.43	0	51	111	162	186	3	0	7	0	2	1	1	0.746667	0.696338	0.590417	0.126258	1031	3634	4665
4363	7/5/2011	3	0	7	16	0	2	1	1	0.82	0.7576	0.46	0.1045	79	202	281	186	3	0	7	0	2	1	1	0.746667	0.696338	0.590417	0.126258	1031	3634	4665
4364	7/5/2011	3	0	7	17	0	2	1	1	0.82	0.7576	0.46	0.1045	79	466	545	186	3	0	7	0	2	1	1	0.746667	0.696338	0.590417	0.126258	1031	3634	4665
4365	7/5/2011	3	0	7	18	0	2	1	1	0.8	0.7576	0.55	0.1642	70	426	496	186	3	0	7	0	2	1	1	0.746667	0.696338	0.590417	0.126258	1031	3634	4665
4366	7/5/2011	3	0	7	19	0	2	1	1	0.8	0.7727	0.59	0.1343	71	297	368	186	3	0	7	0	2	1	1	0.746667	0.696338	0.590417	0.126258	1031	3634	4665
4367	7/5/2011	3	0	7	20	0	2	1	1	0.76	0.7273	0.66	0.1045	59	225	284	186	3	0	7	0	2	1	1	0.746667	0.696338	0.590417	0.126258	1031	3634	4665
4368	7/5/2011	3	0	7	21	0	2	1	1	0.78	0.7424	0.62	0.2537	77	168	245	186	3	0	7	0	2	1	1	0.746667	0.696338	0.590417	0.126258	1031	3634	4665
4369	7/5/2011	3	0	7	22	0	2	1	1	0.76	0.7273	0.66	0.2239	31	124	155	186	3	0	7	0	2	1	1	0.746667	0.696338	0.590417	0.126258	1031	3634	4665
4370	7/5/2011	3	0	7	23	0	2	1	1	0.74	0.697	0.66	0.1642	19	54	73	186	3	0	7	0	2	1	1	0.746667	0.696338	0.590417	0.126258	1031	3634	4665
4371	7/6/2011	3	0	7	0	0	3	1	1	0.72	0.697	0.74	0.194	11	26	37	187	3	0	7	0	3	1	1	0.72	0.685633	0.743333	0.149883	784	3845	4629
4372	7/6/2011	3	0	7	1	0	3	1	1	0.7	0.6667	0.74	0.1343	4	11	15	187	3	0	7	0	3	1	1	0.72	0.685633	0.743333	0.149883	784	3845	4629
4373	7/6/2011	3	0	7	2	0	3	1	1	0.7	0.6667	0.79	0.0896	1	4	5	187	3	0	7	0	3	1	1	0.72	0.685633	0.743333	0.149883	784	3845	4629
4374	7/6/2011	3	0	7	3	0	3	1	1	0.7	0.6667	0.79	0	0	6	6	187	3	0	7	0	3	1	1	0.72	0.685633	0.743333	0.149883	784	3845	4629
4375	7/6/2011	3	0	7	4	0	3	1	2	0.68	0.6364	0.83	0.0896	0	6	6	187	3	0	7	0	3	1	1	0.72	0.685633	0.743333	0.149883	784	3845	4629
4376	7/6/2011	3	0	7	5	0	3	1	1	0.68	0.6364	0.83	0.0896	5	30	35	187	3	0	7	0	3	1	1	0.72	0.685633	0.743333	0.149883	784	3845	4629
4377	7/6/2011	3	0	7	6	0	3	1	1	0.7	0.6667	0.79	0.0896	9	112	121	187	3	0	7	0	3	1	1	0.72	0.685633	0.743333	0.149883	784	3845	4629
4378	7/6/2011	3	0	7	7	0	3	1	2	0.72	0.697	0.79	0	24	288	312	187	3	0	7	0	3	1	1	0.72	0.685633	0.743333	0.149883	784	3845	4629
4379	7/6/2011	3	0	7	8	0	3	1	2	0.72	0.697	0.74	0.1045	31	397	428	187	3	0	7	0	3	1	1	0.72	0.685633	0.743333	0.149883	784	3845	4629
4380	7/6/2011	3	0	7	9	0	3	1	3	0.7	0.6667	0.79	0.194	31	158	189	187	3	0	7	0	3	1	1	0.72	0.685633	0.743333	0.149883	784	3845	4629
4381	7/6/2011	3	0	7	10	0	3	1	3	0.7	0.6667	0.79	0.0896	13	30	43	187	3	0	7	0	3	1	1	0.72	0.685633	0.743333	0.149883	784	3845	4629
4382	7/6/2011	3	0	7	11	0	3	1	2	0.72	0.697	0.74	0	24	103	127	187	3	0	7	0	3	1	1	0.72	0.685633	0.743333	0.149883	784	3845	4629
4383	7/6/2011	3	0	7	12	0	3	1	2	0.74	0.697	0.66	0.0896	38	114	152	187	3	0	7	0	3	1	1	0.72	0.685633	0.743333	0.149883	784	3845	4629
4384	7/6/2011	3	0	7	13	0	3	1	2	0.74	0.697	0.7	0.1045	33	107	140	187	3	0	7	0	3	1	1	0.72	0.685633	0.743333	0.149883	784	3845	4629
4385	7/6/2011	3	0	7	14	0	3	1	1	0.76	0.7273	0.66	0.2836	50	113	163	187	3	0	7	0	3	1	1	0.72	0.685633	0.743333	0.149883	784	3845	4629
4386	7/6/2011	3	0	7	15	0	3	1	1	0.76	0.7273	0.7	0.2836	55	130	185	187	3	0	7	0	3	1	1	0.72	0.685633	0.743333	0.149883	784	3845	4629
4387	7/6/2011	3	0	7	16	0	3	1	1	0.76	0.7273	0.7	0.2537	57	218	275	187	3	0	7	0	3	1	1	0.72	0.685633	0.743333	0.149883	784	3845	4629
4388	7/6/2011	3	0	7	17	0	3	1	1	0.78	0.7424	0.59	0.2239	79	517	596	187	3	0	7	0	3	1	1	0.72	0.685633	0.743333	0.149883	784	3845	4629
4389	7/6/2011	3	0	7	18	0	3	1	1	0.76	0.7121	0.62	0.194	77	486	563	187	3	0	7	0	3	1	1	0.72	0.685633	0.743333	0.149883	784	3845	4629
4390	7/6/2011	3	0	7	19	0	3	1	1	0.74	0.697	0.7	0.2239	71	323	394	187	3	0	7	0	3	1	1	0.72	0.685633	0.743333	0.149883	784	3845	4629
4391	7/6/2011	3	0	7	20	0	3	1	1	0.72	0.697	0.74	0.2537	55	257	312	187	3	0	7	0	3	1	1	0.72	0.685633	0.743333	0.149883	784	3845	4629
4392	7/6/2011	3	0	7	21	0	3	1	1	0.7	0.6667	0.79	0.194	66	175	241	187	3	0	7	0	3	1	1	0.72	0.685633	0.743333	0.149883	784	3845	4629
4393	7/6/2011	3	0	7	22	0	3	1	1	0.7	0.6667	0.79	0.194	30	156	186	187	3	0	7	0	3	1	1	0.72	0.685633	0.743333	0.149883	784	3845	4629
4394	7/6/2011	3	0	7	23	0	3	1	1	0.68	0.6364	0.83	0.2239	20	78	98	187	3	0	7	0	3	1	1	0.72	0.685633	0.743333	0.149883	784	3845	4629
4395	7/7/2011	3	0	7	0	0	4	1	1	0.66	0.5909	0.89	0.1343	6	29	35	188	3	0	7	0	4	1	1	0.75	0.686871	0.65125	0.1592	754	3838	4592
4396	7/7/2011	3	0	7	1	0	4	1	1	0.66	0.5909	0.89	0.194	2	14	16	188	3	0	7	0	4	1	1	0.75	0.686871	0.65125	0.1592	754	3838	4592
4397	7/7/2011	3	0	7	2	0	4	1	1	0.66	0.5909	0.89	0.194	1	7	8	188	3	0	7	0	4	1	1	0.75	0.686871	0.65125	0.1592	754	3838	4592
4398	7/7/2011	3	0	7	3	0	4	1	1	0.64	0.5606	0.94	0.1045	2	2	4	188	3	0	7	0	4	1	1	0.75	0.686871	0.65125	0.1592	754	3838	4592
4399	7/7/2011	3	0	7	4	0	4	1	1	0.64	0.5758	0.89	0.1045	0	4	4	188	3	0	7	0	4	1	1	0.75	0.686871	0.65125	0.1592	754	3838	4592
4400	7/7/2011	3	0	7	5	0	4	1	1	0.64	0.5758	0.89	0.1045	2	30	32	188	3	0	7	0	4	1	1	0.75	0.686871	0.65125	0.1592	754	3838	4592
4401	7/7/2011	3	0	7	6	0	4	1	2	0.64	0.5758	0.89	0.1343	11	107	118	188	3	0	7	0	4	1	1	0.75	0.686871	0.65125	0.1592	754	3838	4592
4402	7/7/2011	3	0	7	7	0	4	1	2	0.66	0.5909	0.89	0.1045	13	279	292	188	3	0	7	0	4	1	1	0.75	0.686871	0.65125	0.1592	754	3838	4592
4403	7/7/2011	3	0	7	8	0	4	1	2	0.7	0.6667	0.79	0.194	28	415	443	188	3	0	7	0	4	1	1	0.75	0.686871	0.65125	0.1592	754	3838	4592
4404	7/7/2011	3	0	7	9	0	4	1	1	0.74	0.697	0.7	0.1642	25	154	179	188	3	0	7	0	4	1	1	0.75	0.686871	0.65125	0.1592	754	3838	4592
4405	7/7/2011	3	0	7	10	0	4	1	1	0.78	0.7424	0.62	0	29	72	101	188	3	0	7	0	4	1	1	0.75	0.686871	0.65125	0.1592	754	3838	4592
4406	7/7/2011	3	0	7	11	0	4	1	1	0.82	0.7727	0.52	0.1343	30	112	142	188	3	0	7	0	4	1	1	0.75	0.686871	0.65125	0.1592	754	3838	4592
4407	7/7/2011	3	0	7	12	0	4	1	1	0.84	0.7727	0.41	0	32	139	171	188	3	0	7	0	4	1	1	0.75	0.686871	0.65125	0.1592	754	3838	4592
4408	7/7/2011	3	0	7	13	0	4	1	1	0.86	0.7879	0.41	0	48	107	155	188	3	0	7	0	4	1	1	0.75	0.686871	0.65125	0.1592	754	3838	4592
4409	7/7/2011	3	0	7	14	0	4	1	1	0.86	0.7879	0.41	0.2537	39	121	160	188	3	0	7	0	4	1	1	0.75	0.686871	0.65125	0.1592	754	3838	4592
4410	7/7/2011	3	0	7	15	0	4	1	1	0.86	0.7879	0.41	0.2537	47	119	166	188	3	0	7	0	4	1	1	0.75	0.686871	0.65125	0.1592	754	3838	4592
4411	7/7/2011	3	0	7	16	0	4	1	1	0.86	0.7727	0.39	0.2239	47	218	265	188	3	0	7	0	4	1	1	0.75	0.686871	0.65125	0.1592	754	3838	4592
4412	7/7/2011	3	0	7	17	0	4	1	1	0.86	0.7576	0.36	0.2537	80	489	569	188	3	0	7	0	4	1	1	0.75	0.686871	0.65125	0.1592	754	3838	4592
4413	7/7/2011	3	0	7	18	0	4	1	1	0.84	0.7576	0.44	0.2985	70	492	562	188	3	0	7	0	4	1	1	0.75	0.686871	0.65125	0.1592	754	3838	4592
4414	7/7/2011	3	0	7	19	0	4	1	1	0.82	0.7727	0.52	0.2836	79	286	365	188	3	0	7	0	4	1	1	0.75	0.686871	0.65125	0.1592	754	3838	4592
4415	7/7/2011	3	0	7	20	0	4	1	1	0.76	0.7121	0.58	0.3582	61	224	285	188	3	0	7	0	4	1	1	0.75	0.686871	0.65125	0.1592	754	3838	4592
4416	7/7/2011	3	0	7	21	0	4	1	1	0.74	0.6818	0.62	0.1642	39	170	209	188	3	0	7	0	4	1	1	0.75	0.686871	0.65125	0.1592	754	3838	4592
4417	7/7/2011	3	0	7	22	0	4	1	1	0.74	0.6818	0.62	0.1642	32	150	182	188	3	0	7	0	4	1	1	0.75	0.686871	0.65125	0.1592	754	3838	4592
4418	7/7/2011	3	0	7	23	0	4	1	1	0.72	0.6818	0.66	0	31	98	129	188	3	0	7	0	4	1	1	0.75	0.686871	0.65125	0.1592	754	3838	4592
4419	7/8/2011	3	0	7	0	0	5	1	1	0.74	0.697	0.66	0.1045	6	41	47	189	3	0	7	0	5	1	2	0.709167	0.670483	0.757917	0.225129	692	3348	4040
4420	7/8/2011	3	0	7	1	0	5	1	1	0.72	0.697	0.79	0	9	25	34	189	3	0	7	0	5	1	2	0.709167	0.670483	0.757917	0.225129	692	3348	4040
4421	7/8/2011	3	0	7	2	0	5	1	2	0.7	0.6667	0.74	0.1642	10	12	22	189	3	0	7	0	5	1	2	0.709167	0.670483	0.757917	0.225129	692	3348	4040
4422	7/8/2011	3	0	7	3	0	5	1	1	0.68	0.6364	0.79	0.1045	2	4	6	189	3	0	7	0	5	1	2	0.709167	0.670483	0.757917	0.225129	692	3348	4040
4423	7/8/2011	3	0	7	4	0	5	1	1	0.7	0.6667	0.79	0.2537	7	4	11	189	3	0	7	0	5	1	2	0.709167	0.670483	0.757917	0.225129	692	3348	4040
4424	7/8/2011	3	0	7	5	0	5	1	1	0.68	0.6364	0.79	0.2537	3	24	27	189	3	0	7	0	5	1	2	0.709167	0.670483	0.757917	0.225129	692	3348	4040
4425	7/8/2011	3	0	7	6	0	5	1	1	0.7	0.6667	0.74	0.1045	11	91	102	189	3	0	7	0	5	1	2	0.709167	0.670483	0.757917	0.225129	692	3348	4040
4426	7/8/2011	3	0	7	7	0	5	1	2	0.7	0.6667	0.79	0.194	30	302	332	189	3	0	7	0	5	1	2	0.709167	0.670483	0.757917	0.225129	692	3348	4040
4427	7/8/2011	3	0	7	8	0	5	1	2	0.72	0.697	0.74	0.2537	36	421	457	189	3	0	7	0	5	1	2	0.709167	0.670483	0.757917	0.225129	692	3348	4040
4428	7/8/2011	3	0	7	9	0	5	1	2	0.76	0.7273	0.7	0.2985	30	211	241	189	3	0	7	0	5	1	2	0.709167	0.670483	0.757917	0.225129	692	3348	4040
4429	7/8/2011	3	0	7	10	0	5	1	2	0.74	0.697	0.7	0.3582	30	108	138	189	3	0	7	0	5	1	2	0.709167	0.670483	0.757917	0.225129	692	3348	4040
4430	7/8/2011	3	0	7	11	0	5	1	2	0.74	0.7121	0.74	0.2537	61	104	165	189	3	0	7	0	5	1	2	0.709167	0.670483	0.757917	0.225129	692	3348	4040
4431	7/8/2011	3	0	7	12	0	5	1	2	0.76	0.7273	0.7	0.2836	49	164	213	189	3	0	7	0	5	1	2	0.709167	0.670483	0.757917	0.225129	692	3348	4040
4432	7/8/2011	3	0	7	13	0	5	1	2	0.78	0.7576	0.66	0.2836	54	175	229	189	3	0	7	0	5	1	2	0.709167	0.670483	0.757917	0.225129	692	3348	4040
4433	7/8/2011	3	0	7	14	0	5	1	2	0.8	0.7879	0.63	0.3582	53	163	216	189	3	0	7	0	5	1	2	0.709167	0.670483	0.757917	0.225129	692	3348	4040
4434	7/8/2011	3	0	7	15	0	5	1	2	0.8	0.7879	0.63	0.3582	39	102	141	189	3	0	7	0	5	1	2	0.709167	0.670483	0.757917	0.225129	692	3348	4040
4435	7/8/2011	3	0	7	16	0	5	1	3	0.68	0.6364	0.83	0.4478	27	105	132	189	3	0	7	0	5	1	2	0.709167	0.670483	0.757917	0.225129	692	3348	4040
4436	7/8/2011	3	0	7	17	0	5	1	3	0.66	0.5909	0.89	0.4478	6	161	167	189	3	0	7	0	5	1	2	0.709167	0.670483	0.757917	0.225129	692	3348	4040
4437	7/8/2011	3	0	7	18	0	5	1	1	0.66	0.6061	0.83	0.0896	35	281	316	189	3	0	7	0	5	1	2	0.709167	0.670483	0.757917	0.225129	692	3348	4040
4438	7/8/2011	3	0	7	19	0	5	1	1	0.66	0.6061	0.83	0.0896	45	225	270	189	3	0	7	0	5	1	2	0.709167	0.670483	0.757917	0.225129	692	3348	4040
4439	7/8/2011	3	0	7	20	0	5	1	1	0.66	0.6061	0.83	0.1642	30	220	250	189	3	0	7	0	5	1	2	0.709167	0.670483	0.757917	0.225129	692	3348	4040
4440	7/8/2011	3	0	7	21	0	5	1	2	0.66	0.6061	0.83	0.2537	46	158	204	189	3	0	7	0	5	1	2	0.709167	0.670483	0.757917	0.225129	692	3348	4040
4441	7/8/2011	3	0	7	22	0	5	1	2	0.66	0.6061	0.78	0.194	33	136	169	189	3	0	7	0	5	1	2	0.709167	0.670483	0.757917	0.225129	692	3348	4040
4442	7/8/2011	3	0	7	23	0	5	1	2	0.66	0.6061	0.78	0.0896	40	111	151	189	3	0	7	0	5	1	2	0.709167	0.670483	0.757917	0.225129	692	3348	4040
4443	7/9/2011	3	0	7	0	0	6	0	2	0.66	0.6061	0.83	0.1343	31	90	121	190	3	0	7	0	6	0	1	0.733333	0.664158	0.609167	0.167912	1988	3348	5336
4444	7/9/2011	3	0	7	1	0	6	0	2	0.64	0.5758	0.89	0.1045	5	48	53	190	3	0	7	0	6	0	1	0.733333	0.664158	0.609167	0.167912	1988	3348	5336
4445	7/9/2011	3	0	7	2	0	6	0	1	0.64	0.5758	0.89	0.1642	12	43	55	190	3	0	7	0	6	0	1	0.733333	0.664158	0.609167	0.167912	1988	3348	5336
4446	7/9/2011	3	0	7	3	0	6	0	1	0.64	0.5758	0.89	0.1343	7	23	30	190	3	0	7	0	6	0	1	0.733333	0.664158	0.609167	0.167912	1988	3348	5336
4447	7/9/2011	3	0	7	4	0	6	0	1	0.64	0.5758	0.83	0.2239	2	4	6	190	3	0	7	0	6	0	1	0.733333	0.664158	0.609167	0.167912	1988	3348	5336
4448	7/9/2011	3	0	7	5	0	6	0	2	0.62	0.5606	0.88	0.1642	4	11	15	190	3	0	7	0	6	0	1	0.733333	0.664158	0.609167	0.167912	1988	3348	5336
4449	7/9/2011	3	0	7	6	0	6	0	2	0.64	0.5758	0.83	0.194	11	27	38	190	3	0	7	0	6	0	1	0.733333	0.664158	0.609167	0.167912	1988	3348	5336
4450	7/9/2011	3	0	7	7	0	6	0	1	0.66	0.6061	0.78	0.194	21	50	71	190	3	0	7	0	6	0	1	0.733333	0.664158	0.609167	0.167912	1988	3348	5336
4451	7/9/2011	3	0	7	8	0	6	0	1	0.7	0.6515	0.7	0.2537	68	114	182	190	3	0	7	0	6	0	1	0.733333	0.664158	0.609167	0.167912	1988	3348	5336
4452	7/9/2011	3	0	7	9	0	6	0	1	0.74	0.6818	0.58	0.2836	77	170	247	190	3	0	7	0	6	0	1	0.733333	0.664158	0.609167	0.167912	1988	3348	5336
4453	7/9/2011	3	0	7	10	0	6	0	1	0.76	0.697	0.52	0.1642	87	177	264	190	3	0	7	0	6	0	1	0.733333	0.664158	0.609167	0.167912	1988	3348	5336
4454	7/9/2011	3	0	7	11	0	6	0	1	0.78	0.697	0.46	0.2985	101	189	290	190	3	0	7	0	6	0	1	0.733333	0.664158	0.609167	0.167912	1988	3348	5336
4455	7/9/2011	3	0	7	12	0	6	0	1	0.8	0.7273	0.46	0.2537	145	221	366	190	3	0	7	0	6	0	1	0.733333	0.664158	0.609167	0.167912	1988	3348	5336
4456	7/9/2011	3	0	7	13	0	6	0	1	0.82	0.7424	0.41	0.2239	167	249	416	190	3	0	7	0	6	0	1	0.733333	0.664158	0.609167	0.167912	1988	3348	5336
4457	7/9/2011	3	0	7	14	0	6	0	1	0.84	0.7424	0.36	0.1343	158	215	373	190	3	0	7	0	6	0	1	0.733333	0.664158	0.609167	0.167912	1988	3348	5336
4458	7/9/2011	3	0	7	15	0	6	0	1	0.84	0.7273	0.34	0.0896	182	220	402	190	3	0	7	0	6	0	1	0.733333	0.664158	0.609167	0.167912	1988	3348	5336
4459	7/9/2011	3	0	7	16	0	6	0	1	0.82	0.7273	0.38	0	171	245	416	190	3	0	7	0	6	0	1	0.733333	0.664158	0.609167	0.167912	1988	3348	5336
4460	7/9/2011	3	0	7	17	0	6	0	1	0.84	0.7273	0.32	0	160	241	401	190	3	0	7	0	6	0	1	0.733333	0.664158	0.609167	0.167912	1988	3348	5336
4461	7/9/2011	3	0	7	18	0	6	0	1	0.82	0.7273	0.36	0.1045	132	246	378	190	3	0	7	0	6	0	1	0.733333	0.664158	0.609167	0.167912	1988	3348	5336
4462	7/9/2011	3	0	7	19	0	6	0	1	0.76	0.697	0.55	0.1642	128	178	306	190	3	0	7	0	6	0	1	0.733333	0.664158	0.609167	0.167912	1988	3348	5336
4463	7/9/2011	3	0	7	20	0	6	0	1	0.76	0.7121	0.58	0.2239	129	185	314	190	3	0	7	0	6	0	1	0.733333	0.664158	0.609167	0.167912	1988	3348	5336
4464	7/9/2011	3	0	7	21	0	6	0	1	0.74	0.6818	0.58	0.1642	83	155	238	190	3	0	7	0	6	0	1	0.733333	0.664158	0.609167	0.167912	1988	3348	5336
4465	7/9/2011	3	0	7	22	0	6	0	1	0.72	0.6818	0.62	0.1642	60	154	214	190	3	0	7	0	6	0	1	0.733333	0.664158	0.609167	0.167912	1988	3348	5336
4466	7/9/2011	3	0	7	23	0	6	0	1	0.72	0.6667	0.58	0.194	47	93	140	190	3	0	7	0	6	0	1	0.733333	0.664158	0.609167	0.167912	1988	3348	5336
4467	7/10/2011	3	0	7	0	0	0	0	1	0.7	0.6515	0.61	0.1642	42	112	154	191	3	0	7	0	0	0	1	0.7475	0.690025	0.578333	0.183471	1743	3138	4881
4468	7/10/2011	3	0	7	1	0	0	0	1	0.7	0.6515	0.61	0.1343	19	94	113	191	3	0	7	0	0	0	1	0.7475	0.690025	0.578333	0.183471	1743	3138	4881
4469	7/10/2011	3	0	7	2	0	0	0	1	0.68	0.6364	0.69	0.0896	28	68	96	191	3	0	7	0	0	0	1	0.7475	0.690025	0.578333	0.183471	1743	3138	4881
4470	7/10/2011	3	0	7	3	0	0	0	1	0.66	0.6212	0.74	0.0896	6	19	25	191	3	0	7	0	0	0	1	0.7475	0.690025	0.578333	0.183471	1743	3138	4881
4471	7/10/2011	3	0	7	4	0	0	0	1	0.66	0.6212	0.69	0.0896	0	5	5	191	3	0	7	0	0	0	1	0.7475	0.690025	0.578333	0.183471	1743	3138	4881
4472	7/10/2011	3	0	7	5	0	0	0	1	0.66	0.6212	0.74	0	7	10	17	191	3	0	7	0	0	0	1	0.7475	0.690025	0.578333	0.183471	1743	3138	4881
4473	7/10/2011	3	0	7	6	0	0	0	1	0.64	0.5909	0.78	0.0896	8	17	25	191	3	0	7	0	0	0	1	0.7475	0.690025	0.578333	0.183471	1743	3138	4881
4474	7/10/2011	3	0	7	7	0	0	0	1	0.7	0.6515	0.7	0.0896	27	38	65	191	3	0	7	0	0	0	1	0.7475	0.690025	0.578333	0.183471	1743	3138	4881
4475	7/10/2011	3	0	7	8	0	0	0	1	0.72	0.6818	0.66	0	27	65	92	191	3	0	7	0	0	0	1	0.7475	0.690025	0.578333	0.183471	1743	3138	4881
4476	7/10/2011	3	0	7	9	0	0	0	1	0.74	0.697	0.66	0.0896	62	107	169	191	3	0	7	0	0	0	1	0.7475	0.690025	0.578333	0.183471	1743	3138	4881
4477	7/10/2011	3	0	7	10	0	0	0	1	0.76	0.697	0.55	0.1343	95	173	268	191	3	0	7	0	0	0	1	0.7475	0.690025	0.578333	0.183471	1743	3138	4881
4478	7/10/2011	3	0	7	11	0	0	0	1	0.78	0.7273	0.55	0.194	110	177	287	191	3	0	7	0	0	0	1	0.7475	0.690025	0.578333	0.183471	1743	3138	4881
4479	7/10/2011	3	0	7	12	0	0	0	1	0.82	0.7576	0.46	0.2836	133	244	377	191	3	0	7	0	0	0	1	0.7475	0.690025	0.578333	0.183471	1743	3138	4881
4480	7/10/2011	3	0	7	13	0	0	0	1	0.8	0.7273	0.46	0.2985	139	228	367	191	3	0	7	0	0	0	1	0.7475	0.690025	0.578333	0.183471	1743	3138	4881
4481	7/10/2011	3	0	7	14	0	0	0	1	0.82	0.7424	0.41	0.3284	122	227	349	191	3	0	7	0	0	0	1	0.7475	0.690025	0.578333	0.183471	1743	3138	4881
4482	7/10/2011	3	0	7	15	0	0	0	1	0.84	0.7424	0.39	0.2836	142	219	361	191	3	0	7	0	0	0	1	0.7475	0.690025	0.578333	0.183471	1743	3138	4881
4483	7/10/2011	3	0	7	16	0	0	0	1	0.84	0.7576	0.41	0.2836	128	244	372	191	3	0	7	0	0	0	1	0.7475	0.690025	0.578333	0.183471	1743	3138	4881
4484	7/10/2011	3	0	7	17	0	0	0	1	0.84	0.7424	0.36	0.2239	146	217	363	191	3	0	7	0	0	0	1	0.7475	0.690025	0.578333	0.183471	1743	3138	4881
4485	7/10/2011	3	0	7	18	0	0	0	1	0.82	0.7424	0.43	0.2836	141	222	363	191	3	0	7	0	0	0	1	0.7475	0.690025	0.578333	0.183471	1743	3138	4881
4486	7/10/2011	3	0	7	19	0	0	0	1	0.8	0.7424	0.49	0.3284	120	183	303	191	3	0	7	0	0	0	1	0.7475	0.690025	0.578333	0.183471	1743	3138	4881
4487	7/10/2011	3	0	7	20	0	0	0	1	0.76	0.697	0.55	0.194	101	167	268	191	3	0	7	0	0	0	1	0.7475	0.690025	0.578333	0.183471	1743	3138	4881
4488	7/10/2011	3	0	7	21	0	0	0	1	0.74	0.6818	0.62	0.2537	65	162	227	191	3	0	7	0	0	0	1	0.7475	0.690025	0.578333	0.183471	1743	3138	4881
4489	7/10/2011	3	0	7	22	0	0	0	1	0.74	0.697	0.66	0.2239	56	87	143	191	3	0	7	0	0	0	1	0.7475	0.690025	0.578333	0.183471	1743	3138	4881
4490	7/10/2011	3	0	7	23	0	0	0	1	0.72	0.6818	0.66	0.2537	19	53	72	191	3	0	7	0	0	0	1	0.7475	0.690025	0.578333	0.183471	1743	3138	4881
4491	7/11/2011	3	0	7	0	0	1	1	1	0.7	0.6515	0.65	0.194	10	25	35	192	3	0	7	0	1	1	1	0.7625	0.729804	0.635833	0.282337	723	3363	4086
4492	7/11/2011	3	0	7	1	0	1	1	1	0.7	0.6515	0.61	0.2836	5	5	10	192	3	0	7	0	1	1	1	0.7625	0.729804	0.635833	0.282337	723	3363	4086
4493	7/11/2011	3	0	7	2	0	1	1	1	0.7	0.6515	0.61	0.2239	8	4	12	192	3	0	7	0	1	1	1	0.7625	0.729804	0.635833	0.282337	723	3363	4086
4494	7/11/2011	3	0	7	3	0	1	1	1	0.68	0.6364	0.65	0.1642	2	8	10	192	3	0	7	0	1	1	1	0.7625	0.729804	0.635833	0.282337	723	3363	4086
4495	7/11/2011	3	0	7	4	0	1	1	1	0.66	0.6212	0.74	0.2239	0	4	4	192	3	0	7	0	1	1	1	0.7625	0.729804	0.635833	0.282337	723	3363	4086
4496	7/11/2011	3	0	7	5	0	1	1	1	0.66	0.6212	0.74	0.1343	5	21	26	192	3	0	7	0	1	1	1	0.7625	0.729804	0.635833	0.282337	723	3363	4086
4497	7/11/2011	3	0	7	6	0	1	1	1	0.68	0.6364	0.74	0.194	19	102	121	192	3	0	7	0	1	1	1	0.7625	0.729804	0.635833	0.282337	723	3363	4086
4498	7/11/2011	3	0	7	7	0	1	1	1	0.7	0.6667	0.74	0.2537	28	289	317	192	3	0	7	0	1	1	1	0.7625	0.729804	0.635833	0.282337	723	3363	4086
4499	7/11/2011	3	0	7	8	0	1	1	1	0.74	0.697	0.66	0.2836	35	385	420	192	3	0	7	0	1	1	1	0.7625	0.729804	0.635833	0.282337	723	3363	4086
4500	7/11/2011	3	0	7	9	0	1	1	1	0.78	0.7424	0.59	0.2985	41	167	208	192	3	0	7	0	1	1	1	0.7625	0.729804	0.635833	0.282337	723	3363	4086
4501	7/11/2011	3	0	7	10	0	1	1	1	0.8	0.7576	0.55	0.3582	44	73	117	192	3	0	7	0	1	1	1	0.7625	0.729804	0.635833	0.282337	723	3363	4086
4502	7/11/2011	3	0	7	11	0	1	1	1	0.82	0.7879	0.56	0.2985	39	89	128	192	3	0	7	0	1	1	1	0.7625	0.729804	0.635833	0.282337	723	3363	4086
4503	7/11/2011	3	0	7	12	0	1	1	1	0.84	0.803	0.53	0.2836	40	108	148	192	3	0	7	0	1	1	1	0.7625	0.729804	0.635833	0.282337	723	3363	4086
4504	7/11/2011	3	0	7	13	0	1	1	1	0.86	0.8182	0.5	0.2537	22	119	141	192	3	0	7	0	1	1	1	0.7625	0.729804	0.635833	0.282337	723	3363	4086
4505	7/11/2011	3	0	7	14	0	1	1	1	0.86	0.8333	0.53	0.2836	40	94	134	192	3	0	7	0	1	1	1	0.7625	0.729804	0.635833	0.282337	723	3363	4086
4506	7/11/2011	3	0	7	15	0	1	1	1	0.86	0.8485	0.56	0.4179	38	108	146	192	3	0	7	0	1	1	1	0.7625	0.729804	0.635833	0.282337	723	3363	4086
4507	7/11/2011	3	0	7	16	0	1	1	1	0.86	0.8485	0.56	0.3881	57	182	239	192	3	0	7	0	1	1	1	0.7625	0.729804	0.635833	0.282337	723	3363	4086
4508	7/11/2011	3	0	7	17	0	1	1	1	0.86	0.8485	0.56	0.4179	59	455	514	192	3	0	7	0	1	1	1	0.7625	0.729804	0.635833	0.282337	723	3363	4086
4509	7/11/2011	3	0	7	18	0	1	1	1	0.86	0.8333	0.53	0.3881	57	415	472	192	3	0	7	0	1	1	1	0.7625	0.729804	0.635833	0.282337	723	3363	4086
4510	7/11/2011	3	0	7	19	0	1	1	1	0.84	0.8333	0.59	0.3284	80	293	373	192	3	0	7	0	1	1	1	0.7625	0.729804	0.635833	0.282337	723	3363	4086
4511	7/11/2011	3	0	7	20	0	1	1	1	0.72	0.697	0.74	0.4179	42	194	236	192	3	0	7	0	1	1	1	0.7625	0.729804	0.635833	0.282337	723	3363	4086
4512	7/11/2011	3	0	7	21	0	1	1	1	0.7	0.6667	0.79	0.4179	21	109	130	192	3	0	7	0	1	1	1	0.7625	0.729804	0.635833	0.282337	723	3363	4086
4513	7/11/2011	3	0	7	22	0	1	1	1	0.72	0.697	0.74	0.1343	20	70	90	192	3	0	7	0	1	1	1	0.7625	0.729804	0.635833	0.282337	723	3363	4086
4514	7/11/2011	3	0	7	23	0	1	1	1	0.7	0.6667	0.79	0.1343	11	44	55	192	3	0	7	0	1	1	1	0.7625	0.729804	0.635833	0.282337	723	3363	4086
4515	7/12/2011	3	0	7	0	0	2	1	1	0.7	0.6667	0.79	0.1343	3	19	22	193	3	0	7	0	2	1	1	0.794167	0.739275	0.559167	0.200254	662	3596	4258
4516	7/12/2011	3	0	7	1	0	2	1	1	0.7	0.6667	0.79	0.0896	6	8	14	193	3	0	7	0	2	1	1	0.794167	0.739275	0.559167	0.200254	662	3596	4258
4517	7/12/2011	3	0	7	2	0	2	1	1	0.7	0.6667	0.79	0.1045	2	7	9	193	3	0	7	0	2	1	1	0.794167	0.739275	0.559167	0.200254	662	3596	4258
4518	7/12/2011	3	0	7	3	0	2	1	2	0.7	0.6667	0.79	0	2	6	8	193	3	0	7	0	2	1	1	0.794167	0.739275	0.559167	0.200254	662	3596	4258
4519	7/12/2011	3	0	7	4	0	2	1	1	0.7	0.6667	0.79	0.1642	0	6	6	193	3	0	7	0	2	1	1	0.794167	0.739275	0.559167	0.200254	662	3596	4258
4520	7/12/2011	3	0	7	5	0	2	1	1	0.7	0.6667	0.79	0.0896	4	21	25	193	3	0	7	0	2	1	1	0.794167	0.739275	0.559167	0.200254	662	3596	4258
4521	7/12/2011	3	0	7	6	0	2	1	1	0.74	0.6818	0.58	0.2239	13	102	115	193	3	0	7	0	2	1	1	0.794167	0.739275	0.559167	0.200254	662	3596	4258
4522	7/12/2011	3	0	7	7	0	2	1	1	0.76	0.697	0.55	0.194	29	301	330	193	3	0	7	0	2	1	1	0.794167	0.739275	0.559167	0.200254	662	3596	4258
4523	7/12/2011	3	0	7	8	0	2	1	1	0.76	0.7121	0.58	0.2239	35	382	417	193	3	0	7	0	2	1	1	0.794167	0.739275	0.559167	0.200254	662	3596	4258
4524	7/12/2011	3	0	7	9	0	2	1	1	0.78	0.7273	0.55	0.4925	27	149	176	193	3	0	7	0	2	1	1	0.794167	0.739275	0.559167	0.200254	662	3596	4258
4525	7/12/2011	3	0	7	10	0	2	1	1	0.82	0.7727	0.52	0.1642	38	85	123	193	3	0	7	0	2	1	1	0.794167	0.739275	0.559167	0.200254	662	3596	4258
4526	7/12/2011	3	0	7	11	0	2	1	1	0.82	0.7727	0.52	0.1642	39	86	125	193	3	0	7	0	2	1	1	0.794167	0.739275	0.559167	0.200254	662	3596	4258
4527	7/12/2011	3	0	7	12	0	2	1	1	0.86	0.7879	0.44	0.2985	38	125	163	193	3	0	7	0	2	1	1	0.794167	0.739275	0.559167	0.200254	662	3596	4258
4528	7/12/2011	3	0	7	13	0	2	1	1	0.86	0.803	0.47	0.2239	32	104	136	193	3	0	7	0	2	1	1	0.794167	0.739275	0.559167	0.200254	662	3596	4258
4529	7/12/2011	3	0	7	14	0	2	1	1	0.9	0.8485	0.42	0.2985	33	91	124	193	3	0	7	0	2	1	1	0.794167	0.739275	0.559167	0.200254	662	3596	4258
4530	7/12/2011	3	0	7	15	0	2	1	1	0.9	0.8485	0.42	0.3582	37	111	148	193	3	0	7	0	2	1	1	0.794167	0.739275	0.559167	0.200254	662	3596	4258
4531	7/12/2011	3	0	7	16	0	2	1	1	0.86	0.7879	0.44	0.2836	25	177	202	193	3	0	7	0	2	1	1	0.794167	0.739275	0.559167	0.200254	662	3596	4258
4532	7/12/2011	3	0	7	17	0	2	1	1	0.88	0.8182	0.44	0.2836	48	380	428	193	3	0	7	0	2	1	1	0.794167	0.739275	0.559167	0.200254	662	3596	4258
4533	7/12/2011	3	0	7	18	0	2	1	1	0.86	0.803	0.47	0.2985	39	472	511	193	3	0	7	0	2	1	1	0.794167	0.739275	0.559167	0.200254	662	3596	4258
4534	7/12/2011	3	0	7	19	0	2	1	1	0.84	0.7576	0.44	0.2836	42	295	337	193	3	0	7	0	2	1	1	0.794167	0.739275	0.559167	0.200254	662	3596	4258
4535	7/12/2011	3	0	7	20	0	2	1	1	0.82	0.7424	0.43	0.194	57	251	308	193	3	0	7	0	2	1	1	0.794167	0.739275	0.559167	0.200254	662	3596	4258
4536	7/12/2011	3	0	7	21	0	2	1	1	0.82	0.7424	0.43	0.1045	49	209	258	193	3	0	7	0	2	1	1	0.794167	0.739275	0.559167	0.200254	662	3596	4258
4537	7/12/2011	3	0	7	22	0	2	1	1	0.8	0.7273	0.46	0.1343	44	150	194	193	3	0	7	0	2	1	1	0.794167	0.739275	0.559167	0.200254	662	3596	4258
4538	7/12/2011	3	0	7	23	0	2	1	1	0.78	0.7121	0.52	0	20	59	79	193	3	0	7	0	2	1	1	0.794167	0.739275	0.559167	0.200254	662	3596	4258
4539	7/13/2011	3	0	7	0	0	3	1	1	0.76	0.7121	0.62	0	9	37	46	194	3	0	7	0	3	1	1	0.746667	0.689404	0.631667	0.146133	748	3594	4342
4540	7/13/2011	3	0	7	1	0	3	1	1	0.76	0.697	0.55	0	1	11	12	194	3	0	7	0	3	1	1	0.746667	0.689404	0.631667	0.146133	748	3594	4342
4541	7/13/2011	3	0	7	2	0	3	1	1	0.76	0.697	0.55	0	2	3	5	194	3	0	7	0	3	1	1	0.746667	0.689404	0.631667	0.146133	748	3594	4342
4542	7/13/2011	3	0	7	3	0	3	1	1	0.74	0.6818	0.58	0.194	0	4	4	194	3	0	7	0	3	1	1	0.746667	0.689404	0.631667	0.146133	748	3594	4342
4543	7/13/2011	3	0	7	4	0	3	1	1	0.74	0.6818	0.58	0.2537	0	5	5	194	3	0	7	0	3	1	1	0.746667	0.689404	0.631667	0.146133	748	3594	4342
4544	7/13/2011	3	0	7	5	0	3	1	1	0.74	0.6818	0.58	0.194	4	22	26	194	3	0	7	0	3	1	1	0.746667	0.689404	0.631667	0.146133	748	3594	4342
4545	7/13/2011	3	0	7	6	0	3	1	1	0.74	0.6818	0.58	0.1642	18	103	121	194	3	0	7	0	3	1	1	0.746667	0.689404	0.631667	0.146133	748	3594	4342
4546	7/13/2011	3	0	7	7	0	3	1	1	0.76	0.697	0.55	0.2537	32	281	313	194	3	0	7	0	3	1	1	0.746667	0.689404	0.631667	0.146133	748	3594	4342
4547	7/13/2011	3	0	7	8	0	3	1	1	0.8	0.7424	0.49	0.2537	31	418	449	194	3	0	7	0	3	1	1	0.746667	0.689404	0.631667	0.146133	748	3594	4342
4548	7/13/2011	3	0	7	9	0	3	1	1	0.82	0.7424	0.41	0.194	23	163	186	194	3	0	7	0	3	1	1	0.746667	0.689404	0.631667	0.146133	748	3594	4342
4549	7/13/2011	3	0	7	10	0	3	1	1	0.82	0.7576	0.46	0.194	33	80	113	194	3	0	7	0	3	1	1	0.746667	0.689404	0.631667	0.146133	748	3594	4342
4550	7/13/2011	3	0	7	11	0	3	1	1	0.84	0.7424	0.39	0.1642	55	110	165	194	3	0	7	0	3	1	1	0.746667	0.689404	0.631667	0.146133	748	3594	4342
4551	7/13/2011	3	0	7	12	0	3	1	1	0.84	0.7576	0.41	0.2836	40	134	174	194	3	0	7	0	3	1	1	0.746667	0.689404	0.631667	0.146133	748	3594	4342
4552	7/13/2011	3	0	7	13	0	3	1	3	0.82	0.7576	0.46	0.1343	39	119	158	194	3	0	7	0	3	1	1	0.746667	0.689404	0.631667	0.146133	748	3594	4342
4553	7/13/2011	3	0	7	14	0	3	1	3	0.82	0.7576	0.46	0.1343	27	89	116	194	3	0	7	0	3	1	1	0.746667	0.689404	0.631667	0.146133	748	3594	4342
4554	7/13/2011	3	0	7	15	0	3	1	3	0.64	0.5606	0.94	0.1343	13	33	46	194	3	0	7	0	3	1	1	0.746667	0.689404	0.631667	0.146133	748	3594	4342
4555	7/13/2011	3	0	7	16	0	3	1	2	0.66	0.5909	0.89	0	23	118	141	194	3	0	7	0	3	1	1	0.746667	0.689404	0.631667	0.146133	748	3594	4342
4556	7/13/2011	3	0	7	17	0	3	1	1	0.7	0.6667	0.79	0	70	418	488	194	3	0	7	0	3	1	1	0.746667	0.689404	0.631667	0.146133	748	3594	4342
4557	7/13/2011	3	0	7	18	0	3	1	1	0.72	0.697	0.79	0.1343	51	412	463	194	3	0	7	0	3	1	1	0.746667	0.689404	0.631667	0.146133	748	3594	4342
4558	7/13/2011	3	0	7	19	0	3	1	1	0.7	0.6667	0.79	0.1045	79	340	419	194	3	0	7	0	3	1	1	0.746667	0.689404	0.631667	0.146133	748	3594	4342
4559	7/13/2011	3	0	7	20	0	3	1	1	0.7	0.6667	0.84	0.1642	61	281	342	194	3	0	7	0	3	1	1	0.746667	0.689404	0.631667	0.146133	748	3594	4342
4560	7/13/2011	3	0	7	21	0	3	1	1	0.7	0.6667	0.79	0.1045	56	194	250	194	3	0	7	0	3	1	1	0.746667	0.689404	0.631667	0.146133	748	3594	4342
4561	7/13/2011	3	0	7	22	0	3	1	1	0.68	0.6364	0.83	0.194	48	136	184	194	3	0	7	0	3	1	1	0.746667	0.689404	0.631667	0.146133	748	3594	4342
4562	7/13/2011	3	0	7	23	0	3	1	1	0.66	0.6061	0.83	0.2537	33	83	116	194	3	0	7	0	3	1	1	0.746667	0.689404	0.631667	0.146133	748	3594	4342
4563	7/14/2011	3	0	7	0	0	4	1	1	0.66	0.6212	0.69	0.2985	14	32	46	195	3	0	7	0	4	1	1	0.680833	0.635104	0.47625	0.240667	888	4196	5084
4564	7/14/2011	3	0	7	1	0	4	1	1	0.66	0.6212	0.61	0.2537	4	21	25	195	3	0	7	0	4	1	1	0.680833	0.635104	0.47625	0.240667	888	4196	5084
4565	7/14/2011	3	0	7	2	0	4	1	1	0.64	0.6212	0.57	0.2985	3	7	10	195	3	0	7	0	4	1	1	0.680833	0.635104	0.47625	0.240667	888	4196	5084
4566	7/14/2011	3	0	7	3	0	4	1	1	0.62	0.6212	0.57	0.2985	1	5	6	195	3	0	7	0	4	1	1	0.680833	0.635104	0.47625	0.240667	888	4196	5084
4567	7/14/2011	3	0	7	4	0	4	1	1	0.62	0.6212	0.53	0.2537	0	6	6	195	3	0	7	0	4	1	1	0.680833	0.635104	0.47625	0.240667	888	4196	5084
4568	7/14/2011	3	0	7	5	0	4	1	1	0.6	0.6212	0.56	0.2239	6	22	28	195	3	0	7	0	4	1	1	0.680833	0.635104	0.47625	0.240667	888	4196	5084
4569	7/14/2011	3	0	7	6	0	4	1	1	0.6	0.6061	0.6	0.2239	14	116	130	195	3	0	7	0	4	1	1	0.680833	0.635104	0.47625	0.240667	888	4196	5084
4570	7/14/2011	3	0	7	7	0	4	1	1	0.62	0.6212	0.53	0.2537	23	311	334	195	3	0	7	0	4	1	1	0.680833	0.635104	0.47625	0.240667	888	4196	5084
4571	7/14/2011	3	0	7	8	0	4	1	1	0.64	0.6212	0.5	0.3582	53	433	486	195	3	0	7	0	4	1	1	0.680833	0.635104	0.47625	0.240667	888	4196	5084
4572	7/14/2011	3	0	7	9	0	4	1	1	0.68	0.6364	0.47	0.2836	29	195	224	195	3	0	7	0	4	1	1	0.680833	0.635104	0.47625	0.240667	888	4196	5084
4573	7/14/2011	3	0	7	10	0	4	1	1	0.7	0.6364	0.42	0.2537	32	95	127	195	3	0	7	0	4	1	1	0.680833	0.635104	0.47625	0.240667	888	4196	5084
4574	7/14/2011	3	0	7	11	0	4	1	1	0.72	0.6515	0.37	0.2239	38	110	148	195	3	0	7	0	4	1	1	0.680833	0.635104	0.47625	0.240667	888	4196	5084
4575	7/14/2011	3	0	7	12	0	4	1	1	0.74	0.6515	0.35	0.2537	51	172	223	195	3	0	7	0	4	1	1	0.680833	0.635104	0.47625	0.240667	888	4196	5084
4576	7/14/2011	3	0	7	13	0	4	1	1	0.76	0.6667	0.33	0.3284	39	138	177	195	3	0	7	0	4	1	1	0.680833	0.635104	0.47625	0.240667	888	4196	5084
4577	7/14/2011	3	0	7	14	0	4	1	1	0.74	0.6515	0.35	0.2836	49	129	178	195	3	0	7	0	4	1	1	0.680833	0.635104	0.47625	0.240667	888	4196	5084
4578	7/14/2011	3	0	7	15	0	4	1	1	0.76	0.6667	0.33	0.2985	42	138	180	195	3	0	7	0	4	1	1	0.680833	0.635104	0.47625	0.240667	888	4196	5084
4579	7/14/2011	3	0	7	16	0	4	1	1	0.76	0.6667	0.33	0.1343	43	231	274	195	3	0	7	0	4	1	1	0.680833	0.635104	0.47625	0.240667	888	4196	5084
4580	7/14/2011	3	0	7	17	0	4	1	1	0.74	0.6515	0.37	0.1343	78	517	595	195	3	0	7	0	4	1	1	0.680833	0.635104	0.47625	0.240667	888	4196	5084
4581	7/14/2011	3	0	7	18	0	4	1	1	0.72	0.6515	0.42	0.194	94	484	578	195	3	0	7	0	4	1	1	0.680833	0.635104	0.47625	0.240667	888	4196	5084
4582	7/14/2011	3	0	7	19	0	4	1	1	0.72	0.6515	0.39	0.2239	67	333	400	195	3	0	7	0	4	1	1	0.680833	0.635104	0.47625	0.240667	888	4196	5084
4583	7/14/2011	3	0	7	20	0	4	1	1	0.7	0.6364	0.42	0.2239	81	267	348	195	3	0	7	0	4	1	1	0.680833	0.635104	0.47625	0.240667	888	4196	5084
4584	7/14/2011	3	0	7	21	0	4	1	1	0.66	0.6212	0.5	0.1343	58	203	261	195	3	0	7	0	4	1	1	0.680833	0.635104	0.47625	0.240667	888	4196	5084
4585	7/14/2011	3	0	7	22	0	4	1	1	0.64	0.6212	0.57	0.0896	42	134	176	195	3	0	7	0	4	1	1	0.680833	0.635104	0.47625	0.240667	888	4196	5084
4586	7/14/2011	3	0	7	23	0	4	1	1	0.64	0.6061	0.65	0.2537	27	97	124	195	3	0	7	0	4	1	1	0.680833	0.635104	0.47625	0.240667	888	4196	5084
4587	7/15/2011	3	0	7	0	0	5	1	1	0.62	0.5909	0.73	0.2239	23	57	80	196	3	0	7	0	5	1	1	0.663333	0.624371	0.59125	0.182833	1318	4220	5538
4588	7/15/2011	3	0	7	1	0	5	1	1	0.62	0.5909	0.73	0.194	7	13	20	196	3	0	7	0	5	1	1	0.663333	0.624371	0.59125	0.182833	1318	4220	5538
4589	7/15/2011	3	0	7	2	0	5	1	1	0.6	0.5758	0.78	0.1642	16	22	38	196	3	0	7	0	5	1	1	0.663333	0.624371	0.59125	0.182833	1318	4220	5538
4590	7/15/2011	3	0	7	3	0	5	1	1	0.6	0.5909	0.73	0.194	1	6	7	196	3	0	7	0	5	1	1	0.663333	0.624371	0.59125	0.182833	1318	4220	5538
4591	7/15/2011	3	0	7	4	0	5	1	1	0.6	0.5909	0.73	0.1642	2	8	10	196	3	0	7	0	5	1	1	0.663333	0.624371	0.59125	0.182833	1318	4220	5538
4592	7/15/2011	3	0	7	5	0	5	1	1	0.6	0.5909	0.73	0.1343	7	16	23	196	3	0	7	0	5	1	1	0.663333	0.624371	0.59125	0.182833	1318	4220	5538
4593	7/15/2011	3	0	7	6	0	5	1	2	0.6	0.5909	0.73	0.1045	12	108	120	196	3	0	7	0	5	1	1	0.663333	0.624371	0.59125	0.182833	1318	4220	5538
4594	7/15/2011	3	0	7	7	0	5	1	1	0.64	0.6061	0.65	0.1045	17	257	274	196	3	0	7	0	5	1	1	0.663333	0.624371	0.59125	0.182833	1318	4220	5538
4595	7/15/2011	3	0	7	8	0	5	1	1	0.64	0.6061	0.65	0.2537	50	514	564	196	3	0	7	0	5	1	1	0.663333	0.624371	0.59125	0.182833	1318	4220	5538
4596	7/15/2011	3	0	7	9	0	5	1	1	0.68	0.6364	0.54	0.194	31	176	207	196	3	0	7	0	5	1	1	0.663333	0.624371	0.59125	0.182833	1318	4220	5538
4597	7/15/2011	3	0	7	10	0	5	1	2	0.66	0.6212	0.61	0.1642	59	107	166	196	3	0	7	0	5	1	1	0.663333	0.624371	0.59125	0.182833	1318	4220	5538
4598	7/15/2011	3	0	7	11	0	5	1	1	0.7	0.6515	0.54	0.1343	73	137	210	196	3	0	7	0	5	1	1	0.663333	0.624371	0.59125	0.182833	1318	4220	5538
4599	7/15/2011	3	0	7	12	0	5	1	1	0.7	0.6515	0.48	0.194	61	177	238	196	3	0	7	0	5	1	1	0.663333	0.624371	0.59125	0.182833	1318	4220	5538
4600	7/15/2011	3	0	7	13	0	5	1	1	0.7	0.6515	0.54	0.194	85	162	247	196	3	0	7	0	5	1	1	0.663333	0.624371	0.59125	0.182833	1318	4220	5538
4601	7/15/2011	3	0	7	14	0	5	1	1	0.7	0.6515	0.51	0.194	105	160	265	196	3	0	7	0	5	1	1	0.663333	0.624371	0.59125	0.182833	1318	4220	5538
4602	7/15/2011	3	0	7	15	0	5	1	1	0.72	0.6515	0.45	0.1642	74	163	237	196	3	0	7	0	5	1	1	0.663333	0.624371	0.59125	0.182833	1318	4220	5538
4603	7/15/2011	3	0	7	16	0	5	1	1	0.72	0.6667	0.51	0.194	96	265	361	196	3	0	7	0	5	1	1	0.663333	0.624371	0.59125	0.182833	1318	4220	5538
4604	7/15/2011	3	0	7	17	0	5	1	1	0.74	0.6667	0.42	0.2537	104	483	587	196	3	0	7	0	5	1	1	0.663333	0.624371	0.59125	0.182833	1318	4220	5538
4605	7/15/2011	3	0	7	18	0	5	1	1	0.72	0.6515	0.45	0.2239	102	394	496	196	3	0	7	0	5	1	1	0.663333	0.624371	0.59125	0.182833	1318	4220	5538
4606	7/15/2011	3	0	7	19	0	5	1	1	0.7	0.6364	0.45	0.2239	114	280	394	196	3	0	7	0	5	1	1	0.663333	0.624371	0.59125	0.182833	1318	4220	5538
4607	7/15/2011	3	0	7	20	0	5	1	1	0.7	0.6515	0.51	0.2239	92	251	343	196	3	0	7	0	5	1	1	0.663333	0.624371	0.59125	0.182833	1318	4220	5538
4608	7/15/2011	3	0	7	21	0	5	1	1	0.66	0.6212	0.54	0.1045	75	186	261	196	3	0	7	0	5	1	1	0.663333	0.624371	0.59125	0.182833	1318	4220	5538
4609	7/15/2011	3	0	7	22	0	5	1	1	0.66	0.6212	0.57	0.2239	71	152	223	196	3	0	7	0	5	1	1	0.663333	0.624371	0.59125	0.182833	1318	4220	5538
4610	7/15/2011	3	0	7	23	0	5	1	1	0.64	0.6212	0.61	0.1642	41	126	167	196	3	0	7	0	5	1	1	0.663333	0.624371	0.59125	0.182833	1318	4220	5538
4611	7/16/2011	3	0	7	0	0	6	0	1	0.62	0.6061	0.65	0.194	42	68	110	197	3	0	7	0	6	0	1	0.686667	0.638263	0.585	0.208342	2418	3505	5923
4612	7/16/2011	3	0	7	1	0	6	0	1	0.6	0.5909	0.69	0.1045	24	51	75	197	3	0	7	0	6	0	1	0.686667	0.638263	0.585	0.208342	2418	3505	5923
4613	7/16/2011	3	0	7	2	0	6	0	1	0.6	0.5909	0.73	0.1343	10	48	58	197	3	0	7	0	6	0	1	0.686667	0.638263	0.585	0.208342	2418	3505	5923
4614	7/16/2011	3	0	7	3	0	6	0	1	0.6	0.5758	0.78	0.1343	6	20	26	197	3	0	7	0	6	0	1	0.686667	0.638263	0.585	0.208342	2418	3505	5923
4615	7/16/2011	3	0	7	4	0	6	0	1	0.6	0.5909	0.73	0.0896	9	7	16	197	3	0	7	0	6	0	1	0.686667	0.638263	0.585	0.208342	2418	3505	5923
4616	7/16/2011	3	0	7	5	0	6	0	1	0.58	0.5455	0.78	0.0896	4	6	10	197	3	0	7	0	6	0	1	0.686667	0.638263	0.585	0.208342	2418	3505	5923
4617	7/16/2011	3	0	7	6	0	6	0	1	0.6	0.5758	0.78	0.1642	16	21	37	197	3	0	7	0	6	0	1	0.686667	0.638263	0.585	0.208342	2418	3505	5923
4618	7/16/2011	3	0	7	7	0	6	0	1	0.62	0.5909	0.73	0.1343	14	38	52	197	3	0	7	0	6	0	1	0.686667	0.638263	0.585	0.208342	2418	3505	5923
4619	7/16/2011	3	0	7	8	0	6	0	1	0.66	0.6212	0.65	0.1642	37	90	127	197	3	0	7	0	6	0	1	0.686667	0.638263	0.585	0.208342	2418	3505	5923
4620	7/16/2011	3	0	7	9	0	6	0	1	0.7	0.6515	0.54	0.2239	72	150	222	197	3	0	7	0	6	0	1	0.686667	0.638263	0.585	0.208342	2418	3505	5923
4621	7/16/2011	3	0	7	10	0	6	0	1	0.72	0.6667	0.54	0.194	114	208	322	197	3	0	7	0	6	0	1	0.686667	0.638263	0.585	0.208342	2418	3505	5923
4622	7/16/2011	3	0	7	11	0	6	0	1	0.74	0.6667	0.48	0.2239	171	225	396	197	3	0	7	0	6	0	1	0.686667	0.638263	0.585	0.208342	2418	3505	5923
4623	7/16/2011	3	0	7	12	0	6	0	1	0.76	0.6818	0.43	0.2836	187	276	463	197	3	0	7	0	6	0	1	0.686667	0.638263	0.585	0.208342	2418	3505	5923
4624	7/16/2011	3	0	7	13	0	6	0	1	0.76	0.6818	0.45	0.2985	221	276	497	197	3	0	7	0	6	0	1	0.686667	0.638263	0.585	0.208342	2418	3505	5923
4625	7/16/2011	3	0	7	14	0	6	0	1	0.74	0.6667	0.45	0.2985	201	232	433	197	3	0	7	0	6	0	1	0.686667	0.638263	0.585	0.208342	2418	3505	5923
4626	7/16/2011	3	0	7	15	0	6	0	1	0.76	0.6818	0.45	0.3284	205	223	428	197	3	0	7	0	6	0	1	0.686667	0.638263	0.585	0.208342	2418	3505	5923
4627	7/16/2011	3	0	7	16	0	6	0	1	0.76	0.6818	0.45	0.2836	183	242	425	197	3	0	7	0	6	0	1	0.686667	0.638263	0.585	0.208342	2418	3505	5923
4628	7/16/2011	3	0	7	17	0	6	0	1	0.76	0.6818	0.45	0.2239	234	241	475	197	3	0	7	0	6	0	1	0.686667	0.638263	0.585	0.208342	2418	3505	5923
4629	7/16/2011	3	0	7	18	0	6	0	1	0.76	0.6818	0.45	0.2836	185	243	428	197	3	0	7	0	6	0	1	0.686667	0.638263	0.585	0.208342	2418	3505	5923
4630	7/16/2011	3	0	7	19	0	6	0	1	0.74	0.6818	0.48	0.194	164	242	406	197	3	0	7	0	6	0	1	0.686667	0.638263	0.585	0.208342	2418	3505	5923
4631	7/16/2011	3	0	7	20	0	6	0	1	0.72	0.6667	0.51	0.2239	108	188	296	197	3	0	7	0	6	0	1	0.686667	0.638263	0.585	0.208342	2418	3505	5923
4632	7/16/2011	3	0	7	21	0	6	0	1	0.7	0.6515	0.58	0.2239	85	167	252	197	3	0	7	0	6	0	1	0.686667	0.638263	0.585	0.208342	2418	3505	5923
4633	7/16/2011	3	0	7	22	0	6	0	1	0.7	0.6515	0.65	0.2836	65	136	201	197	3	0	7	0	6	0	1	0.686667	0.638263	0.585	0.208342	2418	3505	5923
4634	7/16/2011	3	0	7	23	0	6	0	1	0.68	0.6364	0.61	0.2239	61	107	168	197	3	0	7	0	6	0	1	0.686667	0.638263	0.585	0.208342	2418	3505	5923
4635	7/17/2011	3	0	7	0	0	0	0	1	0.66	0.6212	0.65	0.2239	34	91	125	198	3	0	7	0	0	0	1	0.719167	0.669833	0.604167	0.245033	2006	3296	5302
4636	7/17/2011	3	0	7	1	0	0	0	1	0.64	0.6061	0.69	0.194	16	86	102	198	3	0	7	0	0	0	1	0.719167	0.669833	0.604167	0.245033	2006	3296	5302
4637	7/17/2011	3	0	7	2	0	0	0	1	0.64	0.6061	0.69	0.2239	28	66	94	198	3	0	7	0	0	0	1	0.719167	0.669833	0.604167	0.245033	2006	3296	5302
4638	7/17/2011	3	0	7	3	0	0	0	1	0.64	0.6061	0.69	0.2239	21	26	47	198	3	0	7	0	0	0	1	0.719167	0.669833	0.604167	0.245033	2006	3296	5302
4639	7/17/2011	3	0	7	4	0	0	0	1	0.62	0.5909	0.73	0.1642	4	6	10	198	3	0	7	0	0	0	1	0.719167	0.669833	0.604167	0.245033	2006	3296	5302
4640	7/17/2011	3	0	7	5	0	0	0	1	0.64	0.6061	0.69	0.2239	4	8	12	198	3	0	7	0	0	0	1	0.719167	0.669833	0.604167	0.245033	2006	3296	5302
4641	7/17/2011	3	0	7	6	0	0	0	1	0.62	0.5909	0.73	0.1642	10	11	21	198	3	0	7	0	0	0	1	0.719167	0.669833	0.604167	0.245033	2006	3296	5302
4642	7/17/2011	3	0	7	7	0	0	0	1	0.64	0.6061	0.73	0.1642	20	30	50	198	3	0	7	0	0	0	1	0.719167	0.669833	0.604167	0.245033	2006	3296	5302
4643	7/17/2011	3	0	7	8	0	0	0	1	0.68	0.6364	0.65	0.2239	45	73	118	198	3	0	7	0	0	0	1	0.719167	0.669833	0.604167	0.245033	2006	3296	5302
4644	7/17/2011	3	0	7	9	0	0	0	1	0.72	0.6667	0.58	0.2239	74	110	184	198	3	0	7	0	0	0	1	0.719167	0.669833	0.604167	0.245033	2006	3296	5302
4645	7/17/2011	3	0	7	10	0	0	0	1	0.74	0.6818	0.6	0.2239	127	177	304	198	3	0	7	0	0	0	1	0.719167	0.669833	0.604167	0.245033	2006	3296	5302
4646	7/17/2011	3	0	7	11	0	0	0	1	0.76	0.697	0.55	0.2836	147	244	391	198	3	0	7	0	0	0	1	0.719167	0.669833	0.604167	0.245033	2006	3296	5302
4647	7/17/2011	3	0	7	12	0	0	0	1	0.76	0.697	0.55	0.2836	177	243	420	198	3	0	7	0	0	0	1	0.719167	0.669833	0.604167	0.245033	2006	3296	5302
4648	7/17/2011	3	0	7	13	0	0	0	1	0.8	0.7424	0.49	0.2985	200	272	472	198	3	0	7	0	0	0	1	0.719167	0.669833	0.604167	0.245033	2006	3296	5302
4649	7/17/2011	3	0	7	14	0	0	0	1	0.8	0.7424	0.49	0.3582	168	262	430	198	3	0	7	0	0	0	1	0.719167	0.669833	0.604167	0.245033	2006	3296	5302
4650	7/17/2011	3	0	7	15	0	0	0	1	0.82	0.7424	0.43	0.2985	129	195	324	198	3	0	7	0	0	0	1	0.719167	0.669833	0.604167	0.245033	2006	3296	5302
4651	7/17/2011	3	0	7	16	0	0	0	1	0.8	0.7273	0.46	0.2985	129	188	317	198	3	0	7	0	0	0	1	0.719167	0.669833	0.604167	0.245033	2006	3296	5302
4652	7/17/2011	3	0	7	17	0	0	0	1	0.8	0.7424	0.49	0.3881	133	236	369	198	3	0	7	0	0	0	1	0.719167	0.669833	0.604167	0.245033	2006	3296	5302
4653	7/17/2011	3	0	7	18	0	0	0	1	0.8	0.7273	0.46	0.2985	147	243	390	198	3	0	7	0	0	0	1	0.719167	0.669833	0.604167	0.245033	2006	3296	5302
4654	7/17/2011	3	0	7	19	0	0	0	1	0.76	0.697	0.55	0.2836	145	234	379	198	3	0	7	0	0	0	1	0.719167	0.669833	0.604167	0.245033	2006	3296	5302
4655	7/17/2011	3	0	7	20	0	0	0	1	0.76	0.7121	0.58	0.2537	85	177	262	198	3	0	7	0	0	0	1	0.719167	0.669833	0.604167	0.245033	2006	3296	5302
4656	7/17/2011	3	0	7	21	0	0	0	1	0.74	0.6818	0.62	0.2239	59	148	207	198	3	0	7	0	0	0	1	0.719167	0.669833	0.604167	0.245033	2006	3296	5302
4657	7/17/2011	3	0	7	22	0	0	0	1	0.72	0.6818	0.66	0.2239	65	116	181	198	3	0	7	0	0	0	1	0.719167	0.669833	0.604167	0.245033	2006	3296	5302
4658	7/17/2011	3	0	7	23	0	0	0	1	0.7	0.6667	0.74	0.1343	39	54	93	198	3	0	7	0	0	0	1	0.719167	0.669833	0.604167	0.245033	2006	3296	5302
4659	7/18/2011	3	0	7	0	0	1	1	1	0.7	0.6667	0.74	0.1343	21	30	51	199	3	0	7	0	1	1	1	0.746667	0.703925	0.65125	0.215804	841	3617	4458
4660	7/18/2011	3	0	7	1	0	1	1	1	0.7	0.6667	0.74	0.2239	17	8	25	199	3	0	7	0	1	1	1	0.746667	0.703925	0.65125	0.215804	841	3617	4458
4661	7/18/2011	3	0	7	2	0	1	1	1	0.66	0.6061	0.83	0.2239	2	8	10	199	3	0	7	0	1	1	1	0.746667	0.703925	0.65125	0.215804	841	3617	4458
4662	7/18/2011	3	0	7	3	0	1	1	1	0.66	0.6061	0.78	0.194	3	4	7	199	3	0	7	0	1	1	1	0.746667	0.703925	0.65125	0.215804	841	3617	4458
4663	7/18/2011	3	0	7	4	0	1	1	1	0.64	0.5909	0.78	0.1642	1	3	4	199	3	0	7	0	1	1	1	0.746667	0.703925	0.65125	0.215804	841	3617	4458
4664	7/18/2011	3	0	7	5	0	1	1	1	0.64	0.5909	0.78	0.1045	2	15	17	199	3	0	7	0	1	1	1	0.746667	0.703925	0.65125	0.215804	841	3617	4458
4665	7/18/2011	3	0	7	6	0	1	1	1	0.64	0.5758	0.83	0.1045	10	95	105	199	3	0	7	0	1	1	1	0.746667	0.703925	0.65125	0.215804	841	3617	4458
4666	7/18/2011	3	0	7	7	0	1	1	1	0.68	0.6364	0.74	0.2239	22	255	277	199	3	0	7	0	1	1	1	0.746667	0.703925	0.65125	0.215804	841	3617	4458
4667	7/18/2011	3	0	7	8	0	1	1	1	0.7	0.6515	0.7	0.194	18	329	347	199	3	0	7	0	1	1	1	0.746667	0.703925	0.65125	0.215804	841	3617	4458
4668	7/18/2011	3	0	7	9	0	1	1	1	0.74	0.697	0.67	0.2239	33	170	203	199	3	0	7	0	1	1	1	0.746667	0.703925	0.65125	0.215804	841	3617	4458
4669	7/18/2011	3	0	7	10	0	1	1	1	0.76	0.7121	0.62	0.194	52	78	130	199	3	0	7	0	1	1	1	0.746667	0.703925	0.65125	0.215804	841	3617	4458
4670	7/18/2011	3	0	7	11	0	1	1	1	0.8	0.7576	0.55	0.0896	42	99	141	199	3	0	7	0	1	1	1	0.746667	0.703925	0.65125	0.215804	841	3617	4458
4671	7/18/2011	3	0	7	12	0	1	1	1	0.8	0.7727	0.59	0.194	39	126	165	199	3	0	7	0	1	1	1	0.746667	0.703925	0.65125	0.215804	841	3617	4458
4672	7/18/2011	3	0	7	13	0	1	1	1	0.82	0.7879	0.56	0.2537	27	125	152	199	3	0	7	0	1	1	1	0.746667	0.703925	0.65125	0.215804	841	3617	4458
4673	7/18/2011	3	0	7	14	0	1	1	1	0.82	0.7879	0.56	0.3284	32	106	138	199	3	0	7	0	1	1	1	0.746667	0.703925	0.65125	0.215804	841	3617	4458
4674	7/18/2011	3	0	7	15	0	1	1	1	0.84	0.803	0.53	0.3284	53	111	164	199	3	0	7	0	1	1	1	0.746667	0.703925	0.65125	0.215804	841	3617	4458
4675	7/18/2011	3	0	7	16	0	1	1	1	0.84	0.803	0.53	0.2836	45	220	265	199	3	0	7	0	1	1	1	0.746667	0.703925	0.65125	0.215804	841	3617	4458
4676	7/18/2011	3	0	7	17	0	1	1	1	0.84	0.7879	0.49	0.3284	72	473	545	199	3	0	7	0	1	1	1	0.746667	0.703925	0.65125	0.215804	841	3617	4458
4677	7/18/2011	3	0	7	18	0	1	1	1	0.82	0.7727	0.49	0.3582	80	478	558	199	3	0	7	0	1	1	1	0.746667	0.703925	0.65125	0.215804	841	3617	4458
4678	7/18/2011	3	0	7	19	0	1	1	1	0.8	0.7576	0.55	0.2239	63	335	398	199	3	0	7	0	1	1	1	0.746667	0.703925	0.65125	0.215804	841	3617	4458
4679	7/18/2011	3	0	7	20	0	1	1	1	0.78	0.7424	0.59	0.2239	91	232	323	199	3	0	7	0	1	1	1	0.746667	0.703925	0.65125	0.215804	841	3617	4458
4680	7/18/2011	3	0	7	21	0	1	1	1	0.74	0.697	0.66	0.194	48	154	202	199	3	0	7	0	1	1	1	0.746667	0.703925	0.65125	0.215804	841	3617	4458
4681	7/18/2011	3	0	7	22	0	1	1	1	0.76	0.7273	0.66	0.2239	36	104	140	199	3	0	7	0	1	1	1	0.746667	0.703925	0.65125	0.215804	841	3617	4458
4682	7/18/2011	3	0	7	23	0	1	1	1	0.74	0.697	0.66	0.1642	32	59	91	199	3	0	7	0	1	1	1	0.746667	0.703925	0.65125	0.215804	841	3617	4458
4683	7/19/2011	3	0	7	0	0	2	1	1	0.74	0.697	0.66	0.1045	25	26	51	200	3	0	7	0	2	1	1	0.776667	0.747479	0.650417	0.1306	752	3789	4541
4684	7/19/2011	3	0	7	1	0	2	1	2	0.74	0.697	0.66	0.1343	7	6	13	200	3	0	7	0	2	1	1	0.776667	0.747479	0.650417	0.1306	752	3789	4541
4685	7/19/2011	3	0	7	2	0	2	1	1	0.72	0.6818	0.7	0.1642	9	4	13	200	3	0	7	0	2	1	1	0.776667	0.747479	0.650417	0.1306	752	3789	4541
4686	7/19/2011	3	0	7	3	0	2	1	1	0.72	0.6818	0.7	0.1642	2	1	3	200	3	0	7	0	2	1	1	0.776667	0.747479	0.650417	0.1306	752	3789	4541
4687	7/19/2011	3	0	7	4	0	2	1	1	0.72	0.6818	0.7	0.1343	1	4	5	200	3	0	7	0	2	1	1	0.776667	0.747479	0.650417	0.1306	752	3789	4541
4688	7/19/2011	3	0	7	5	0	2	1	2	0.7	0.6667	0.74	0.1045	0	19	19	200	3	0	7	0	2	1	1	0.776667	0.747479	0.650417	0.1306	752	3789	4541
4689	7/19/2011	3	0	7	6	0	2	1	2	0.72	0.697	0.74	0.1045	8	126	134	200	3	0	7	0	2	1	1	0.776667	0.747479	0.650417	0.1306	752	3789	4541
4690	7/19/2011	3	0	7	7	0	2	1	2	0.74	0.697	0.7	0.1642	28	287	315	200	3	0	7	0	2	1	1	0.776667	0.747479	0.650417	0.1306	752	3789	4541
4691	7/19/2011	3	0	7	8	0	2	1	2	0.76	0.7273	0.7	0.1642	31	381	412	200	3	0	7	0	2	1	1	0.776667	0.747479	0.650417	0.1306	752	3789	4541
4692	7/19/2011	3	0	7	9	0	2	1	2	0.8	0.7879	0.63	0.1343	22	177	199	200	3	0	7	0	2	1	1	0.776667	0.747479	0.650417	0.1306	752	3789	4541
4693	7/19/2011	3	0	7	10	0	2	1	2	0.82	0.7879	0.56	0.1642	29	112	141	200	3	0	7	0	2	1	1	0.776667	0.747479	0.650417	0.1306	752	3789	4541
4694	7/19/2011	3	0	7	11	0	2	1	1	0.82	0.803	0.59	0	29	98	127	200	3	0	7	0	2	1	1	0.776667	0.747479	0.650417	0.1306	752	3789	4541
4695	7/19/2011	3	0	7	12	0	2	1	1	0.84	0.8182	0.56	0.0896	26	127	153	200	3	0	7	0	2	1	1	0.776667	0.747479	0.650417	0.1306	752	3789	4541
4696	7/19/2011	3	0	7	13	0	2	1	1	0.86	0.8333	0.53	0.1045	33	139	172	200	3	0	7	0	2	1	1	0.776667	0.747479	0.650417	0.1306	752	3789	4541
4697	7/19/2011	3	0	7	14	0	2	1	1	0.86	0.8182	0.5	0.194	41	111	152	200	3	0	7	0	2	1	1	0.776667	0.747479	0.650417	0.1306	752	3789	4541
4698	7/19/2011	3	0	7	15	0	2	1	1	0.88	0.8182	0.44	0.194	48	110	158	200	3	0	7	0	2	1	1	0.776667	0.747479	0.650417	0.1306	752	3789	4541
4699	7/19/2011	3	0	7	16	0	2	1	1	0.9	0.8485	0.42	0.2985	61	216	277	200	3	0	7	0	2	1	1	0.776667	0.747479	0.650417	0.1306	752	3789	4541
4700	7/19/2011	3	0	7	17	0	2	1	1	0.8	0.803	0.66	0	68	445	513	200	3	0	7	0	2	1	1	0.776667	0.747479	0.650417	0.1306	752	3789	4541
4701	7/19/2011	3	0	7	18	0	2	1	1	0.8	0.803	0.66	0.1343	80	450	530	200	3	0	7	0	2	1	1	0.776667	0.747479	0.650417	0.1306	752	3789	4541
4702	7/19/2011	3	0	7	19	0	2	1	1	0.76	0.7424	0.75	0.194	54	334	388	200	3	0	7	0	2	1	1	0.776667	0.747479	0.650417	0.1306	752	3789	4541
4703	7/19/2011	3	0	7	20	0	2	1	1	0.74	0.7273	0.74	0.0896	48	229	277	200	3	0	7	0	2	1	1	0.776667	0.747479	0.650417	0.1306	752	3789	4541
4704	7/19/2011	3	0	7	21	0	2	1	1	0.74	0.7121	0.74	0.1343	47	194	241	200	3	0	7	0	2	1	1	0.776667	0.747479	0.650417	0.1306	752	3789	4541
4705	7/19/2011	3	0	7	22	0	2	1	1	0.74	0.7121	0.74	0	36	120	156	200	3	0	7	0	2	1	1	0.776667	0.747479	0.650417	0.1306	752	3789	4541
4706	7/19/2011	3	0	7	23	0	2	1	3	0.72	0.697	0.79	0.1642	19	73	92	200	3	0	7	0	2	1	1	0.776667	0.747479	0.650417	0.1306	752	3789	4541
4707	7/20/2011	3	0	7	0	0	3	1	1	0.7	0.6667	0.84	0.1045	11	29	40	201	3	0	7	0	3	1	1	0.768333	0.74685	0.707083	0.113817	644	3688	4332
4708	7/20/2011	3	0	7	1	0	3	1	1	0.7	0.6667	0.84	0	4	7	11	201	3	0	7	0	3	1	1	0.768333	0.74685	0.707083	0.113817	644	3688	4332
4709	7/20/2011	3	0	7	2	0	3	1	1	0.7	0.6667	0.84	0	2	7	9	201	3	0	7	0	3	1	1	0.768333	0.74685	0.707083	0.113817	644	3688	4332
4710	7/20/2011	3	0	7	3	0	3	1	1	0.7	0.6667	0.84	0.1045	2	4	6	201	3	0	7	0	3	1	1	0.768333	0.74685	0.707083	0.113817	644	3688	4332
4711	7/20/2011	3	0	7	4	0	3	1	1	0.68	0.6364	0.83	0	0	4	4	201	3	0	7	0	3	1	1	0.768333	0.74685	0.707083	0.113817	644	3688	4332
4712	7/20/2011	3	0	7	5	0	3	1	1	0.68	0.6364	0.83	0.1045	4	19	23	201	3	0	7	0	3	1	1	0.768333	0.74685	0.707083	0.113817	644	3688	4332
4713	7/20/2011	3	0	7	6	0	3	1	2	0.68	0.6364	0.89	0.1045	5	111	116	201	3	0	7	0	3	1	1	0.768333	0.74685	0.707083	0.113817	644	3688	4332
4714	7/20/2011	3	0	7	7	0	3	1	2	0.7	0.6667	0.84	0.1045	27	276	303	201	3	0	7	0	3	1	1	0.768333	0.74685	0.707083	0.113817	644	3688	4332
4715	7/20/2011	3	0	7	8	0	3	1	1	0.74	0.7121	0.74	0	34	404	438	201	3	0	7	0	3	1	1	0.768333	0.74685	0.707083	0.113817	644	3688	4332
4716	7/20/2011	3	0	7	9	0	3	1	1	0.74	0.697	0.7	0.0896	28	181	209	201	3	0	7	0	3	1	1	0.768333	0.74685	0.707083	0.113817	644	3688	4332
4717	7/20/2011	3	0	7	10	0	3	1	1	0.76	0.7273	0.7	0	34	76	110	201	3	0	7	0	3	1	1	0.768333	0.74685	0.707083	0.113817	644	3688	4332
4718	7/20/2011	3	0	7	11	0	3	1	1	0.8	0.7879	0.63	0.0896	26	116	142	201	3	0	7	0	3	1	1	0.768333	0.74685	0.707083	0.113817	644	3688	4332
4719	7/20/2011	3	0	7	12	0	3	1	1	0.82	0.803	0.59	0	28	121	149	201	3	0	7	0	3	1	1	0.768333	0.74685	0.707083	0.113817	644	3688	4332
4720	7/20/2011	3	0	7	13	0	3	1	1	0.84	0.8182	0.56	0.194	23	97	120	201	3	0	7	0	3	1	1	0.768333	0.74685	0.707083	0.113817	644	3688	4332
4721	7/20/2011	3	0	7	14	0	3	1	1	0.86	0.8333	0.53	0.2239	44	83	127	201	3	0	7	0	3	1	1	0.768333	0.74685	0.707083	0.113817	644	3688	4332
4722	7/20/2011	3	0	7	15	0	3	1	1	0.86	0.8182	0.5	0.1642	36	102	138	201	3	0	7	0	3	1	1	0.768333	0.74685	0.707083	0.113817	644	3688	4332
4723	7/20/2011	3	0	7	16	0	3	1	1	0.84	0.8182	0.56	0	30	204	234	201	3	0	7	0	3	1	1	0.768333	0.74685	0.707083	0.113817	644	3688	4332
4724	7/20/2011	3	0	7	17	0	3	1	1	0.84	0.8333	0.59	0.194	50	405	455	201	3	0	7	0	3	1	1	0.768333	0.74685	0.707083	0.113817	644	3688	4332
4725	7/20/2011	3	0	7	18	0	3	1	1	0.84	0.8333	0.59	0.2239	68	429	497	201	3	0	7	0	3	1	1	0.768333	0.74685	0.707083	0.113817	644	3688	4332
4726	7/20/2011	3	0	7	19	0	3	1	1	0.82	0.8485	0.67	0.1642	59	323	382	201	3	0	7	0	3	1	1	0.768333	0.74685	0.707083	0.113817	644	3688	4332
4727	7/20/2011	3	0	7	20	0	3	1	1	0.8	0.8333	0.75	0.2239	45	264	309	201	3	0	7	0	3	1	1	0.768333	0.74685	0.707083	0.113817	644	3688	4332
4728	7/20/2011	3	0	7	21	0	3	1	1	0.8	0.803	0.66	0.1642	33	209	242	201	3	0	7	0	3	1	1	0.768333	0.74685	0.707083	0.113817	644	3688	4332
4729	7/20/2011	3	0	7	22	0	3	1	1	0.78	0.7727	0.7	0.2239	25	144	169	201	3	0	7	0	3	1	1	0.768333	0.74685	0.707083	0.113817	644	3688	4332
4730	7/20/2011	3	0	7	23	0	3	1	1	0.76	0.7424	0.75	0.2537	26	73	99	201	3	0	7	0	3	1	1	0.768333	0.74685	0.707083	0.113817	644	3688	4332
4731	7/21/2011	3	0	7	0	0	4	1	2	0.76	0.7424	0.75	0.194	13	29	42	202	3	0	7	0	4	1	2	0.815	0.826371	0.69125	0.222021	632	3152	3784
4732	7/21/2011	3	0	7	1	0	4	1	2	0.74	0.7273	0.84	0.2239	5	16	21	202	3	0	7	0	4	1	2	0.815	0.826371	0.69125	0.222021	632	3152	3784
4733	7/21/2011	3	0	7	2	0	4	1	2	0.74	0.7273	0.84	0.2239	2	4	6	202	3	0	7	0	4	1	2	0.815	0.826371	0.69125	0.222021	632	3152	3784
4734	7/21/2011	3	0	7	3	0	4	1	2	0.74	0.7121	0.79	0.1343	1	5	6	202	3	0	7	0	4	1	2	0.815	0.826371	0.69125	0.222021	632	3152	3784
4735	7/21/2011	3	0	7	4	0	4	1	2	0.72	0.7121	0.84	0.1045	0	4	4	202	3	0	7	0	4	1	2	0.815	0.826371	0.69125	0.222021	632	3152	3784
4736	7/21/2011	3	0	7	5	0	4	1	2	0.72	0.7121	0.84	0.1045	2	16	18	202	3	0	7	0	4	1	2	0.815	0.826371	0.69125	0.222021	632	3152	3784
4737	7/21/2011	3	0	7	6	0	4	1	2	0.72	0.7121	0.84	0.1045	6	111	117	202	3	0	7	0	4	1	2	0.815	0.826371	0.69125	0.222021	632	3152	3784
4738	7/21/2011	3	0	7	7	0	4	1	2	0.74	0.7273	0.84	0.1343	23	251	274	202	3	0	7	0	4	1	2	0.815	0.826371	0.69125	0.222021	632	3152	3784
4739	7/21/2011	3	0	7	8	0	4	1	2	0.76	0.7576	0.79	0.1642	23	358	381	202	3	0	7	0	4	1	2	0.815	0.826371	0.69125	0.222021	632	3152	3784
4740	7/21/2011	3	0	7	9	0	4	1	2	0.8	0.8182	0.75	0.2537	34	166	200	202	3	0	7	0	4	1	2	0.815	0.826371	0.69125	0.222021	632	3152	3784
4741	7/21/2011	3	0	7	10	0	4	1	2	0.82	0.8636	0.71	0.2239	31	47	78	202	3	0	7	0	4	1	2	0.815	0.826371	0.69125	0.222021	632	3152	3784
4742	7/21/2011	3	0	7	11	0	4	1	2	0.86	0.8939	0.63	0.2985	27	79	106	202	3	0	7	0	4	1	2	0.815	0.826371	0.69125	0.222021	632	3152	3784
4743	7/21/2011	3	0	7	12	0	4	1	1	0.88	0.8939	0.56	0.3284	29	106	135	202	3	0	7	0	4	1	2	0.815	0.826371	0.69125	0.222021	632	3152	3784
4744	7/21/2011	3	0	7	13	0	4	1	1	0.88	0.8939	0.56	0.2985	21	81	102	202	3	0	7	0	4	1	2	0.815	0.826371	0.69125	0.222021	632	3152	3784
4745	7/21/2011	3	0	7	14	0	4	1	1	0.9	0.8939	0.5	0.3582	50	97	147	202	3	0	7	0	4	1	2	0.815	0.826371	0.69125	0.222021	632	3152	3784
4746	7/21/2011	3	0	7	15	0	4	1	1	0.9	0.9242	0.53	0.2537	40	93	133	202	3	0	7	0	4	1	2	0.815	0.826371	0.69125	0.222021	632	3152	3784
4747	7/21/2011	3	0	7	16	0	4	1	1	0.92	0.9242	0.48	0.2836	43	167	210	202	3	0	7	0	4	1	2	0.815	0.826371	0.69125	0.222021	632	3152	3784
4748	7/21/2011	3	0	7	17	0	4	1	1	0.92	0.9091	0.45	0.2985	40	374	414	202	3	0	7	0	4	1	2	0.815	0.826371	0.69125	0.222021	632	3152	3784
4749	7/21/2011	3	0	7	18	0	4	1	1	0.9	0.8939	0.5	0.2836	39	343	382	202	3	0	7	0	4	1	2	0.815	0.826371	0.69125	0.222021	632	3152	3784
4750	7/21/2011	3	0	7	19	0	4	1	1	0.86	0.9242	0.67	0.2836	51	233	284	202	3	0	7	0	4	1	2	0.815	0.826371	0.69125	0.222021	632	3152	3784
4751	7/21/2011	3	0	7	20	0	4	1	1	0.84	0.8939	0.71	0.2239	38	199	237	202	3	0	7	0	4	1	2	0.815	0.826371	0.69125	0.222021	632	3152	3784
4752	7/21/2011	3	0	7	21	0	4	1	1	0.82	0.8939	0.75	0.2239	38	187	225	202	3	0	7	0	4	1	2	0.815	0.826371	0.69125	0.222021	632	3152	3784
4753	7/21/2011	3	0	7	22	0	4	1	1	0.82	0.8636	0.71	0.1642	36	113	149	202	3	0	7	0	4	1	2	0.815	0.826371	0.69125	0.222021	632	3152	3784
4754	7/21/2011	3	0	7	23	0	4	1	1	0.8	0.8182	0.71	0.1642	40	73	113	202	3	0	7	0	4	1	2	0.815	0.826371	0.69125	0.222021	632	3152	3784
4755	7/22/2011	3	0	7	0	0	5	1	1	0.82	0.8333	0.63	0.1343	9	51	60	203	3	0	7	0	5	1	1	0.848333	0.840896	0.580417	0.1331	562	2825	3387
4756	7/22/2011	3	0	7	1	0	5	1	1	0.8	0.7879	0.63	0	7	17	24	203	3	0	7	0	5	1	1	0.848333	0.840896	0.580417	0.1331	562	2825	3387
4757	7/22/2011	3	0	7	2	0	5	1	1	0.78	0.803	0.79	0.1343	0	14	14	203	3	0	7	0	5	1	1	0.848333	0.840896	0.580417	0.1331	562	2825	3387
4758	7/22/2011	3	0	7	3	0	5	1	1	0.78	0.7879	0.75	0.1045	1	6	7	203	3	0	7	0	5	1	1	0.848333	0.840896	0.580417	0.1331	562	2825	3387
4759	7/22/2011	3	0	7	4	0	5	1	1	0.76	0.7424	0.75	0.1045	8	5	13	203	3	0	7	0	5	1	1	0.848333	0.840896	0.580417	0.1331	562	2825	3387
4760	7/22/2011	3	0	7	5	0	5	1	1	0.74	0.7121	0.79	0.1045	2	17	19	203	3	0	7	0	5	1	1	0.848333	0.840896	0.580417	0.1331	562	2825	3387
4761	7/22/2011	3	0	7	6	0	5	1	1	0.76	0.7424	0.75	0.0896	13	83	96	203	3	0	7	0	5	1	1	0.848333	0.840896	0.580417	0.1331	562	2825	3387
4762	7/22/2011	3	0	7	7	0	5	1	2	0.8	0.803	0.66	0.1045	20	232	252	203	3	0	7	0	5	1	1	0.848333	0.840896	0.580417	0.1331	562	2825	3387
4763	7/22/2011	3	0	7	8	0	5	1	2	0.84	0.8485	0.63	0.1642	30	292	322	203	3	0	7	0	5	1	1	0.848333	0.840896	0.580417	0.1331	562	2825	3387
4764	7/22/2011	3	0	7	9	0	5	1	1	0.86	0.8939	0.63	0.0896	31	177	208	203	3	0	7	0	5	1	1	0.848333	0.840896	0.580417	0.1331	562	2825	3387
4765	7/22/2011	3	0	7	10	0	5	1	1	0.9	0.9242	0.53	0.0896	32	83	115	203	3	0	7	0	5	1	1	0.848333	0.840896	0.580417	0.1331	562	2825	3387
4766	7/22/2011	3	0	7	11	0	5	1	1	0.9	0.8939	0.5	0.1045	23	86	109	203	3	0	7	0	5	1	1	0.848333	0.840896	0.580417	0.1331	562	2825	3387
4767	7/22/2011	3	0	7	12	0	5	1	1	0.94	0.9545	0.48	0.1642	20	95	115	203	3	0	7	0	5	1	1	0.848333	0.840896	0.580417	0.1331	562	2825	3387
4768	7/22/2011	3	0	7	13	0	5	1	1	0.94	0.9848	0.51	0.1642	25	98	123	203	3	0	7	0	5	1	1	0.848333	0.840896	0.580417	0.1331	562	2825	3387
4769	7/22/2011	3	0	7	14	0	5	1	1	0.96	1	0.48	0.2985	24	77	101	203	3	0	7	0	5	1	1	0.848333	0.840896	0.580417	0.1331	562	2825	3387
4770	7/22/2011	3	0	7	15	0	5	1	1	0.94	0.9848	0.51	0.2985	32	101	133	203	3	0	7	0	5	1	1	0.848333	0.840896	0.580417	0.1331	562	2825	3387
4771	7/22/2011	3	0	7	16	0	5	1	3	0.9	0.8333	0.39	0.2985	29	153	182	203	3	0	7	0	5	1	1	0.848333	0.840896	0.580417	0.1331	562	2825	3387
4772	7/22/2011	3	0	7	17	0	5	1	1	0.88	0.8485	0.47	0.1045	35	271	306	203	3	0	7	0	5	1	1	0.848333	0.840896	0.580417	0.1331	562	2825	3387
4773	7/22/2011	3	0	7	18	0	5	1	1	0.9	0.8182	0.37	0.1642	34	250	284	203	3	0	7	0	5	1	1	0.848333	0.840896	0.580417	0.1331	562	2825	3387
4774	7/22/2011	3	0	7	19	0	5	1	2	0.86	0.7879	0.41	0.1045	40	210	250	203	3	0	7	0	5	1	1	0.848333	0.840896	0.580417	0.1331	562	2825	3387
4775	7/22/2011	3	0	7	20	0	5	1	1	0.84	0.8182	0.56	0	46	166	212	203	3	0	7	0	5	1	1	0.848333	0.840896	0.580417	0.1331	562	2825	3387
4776	7/22/2011	3	0	7	21	0	5	1	1	0.82	0.803	0.59	0.0896	38	152	190	203	3	0	7	0	5	1	1	0.848333	0.840896	0.580417	0.1331	562	2825	3387
4777	7/22/2011	3	0	7	22	0	5	1	2	0.84	0.7879	0.49	0.0896	44	105	149	203	3	0	7	0	5	1	1	0.848333	0.840896	0.580417	0.1331	562	2825	3387
4778	7/22/2011	3	0	7	23	0	5	1	1	0.8	0.7879	0.63	0.194	19	84	103	203	3	0	7	0	5	1	1	0.848333	0.840896	0.580417	0.1331	562	2825	3387
4779	7/23/2011	3	0	7	0	0	6	0	1	0.82	0.7879	0.56	0	16	85	101	204	3	0	7	0	6	0	1	0.849167	0.804287	0.5	0.131221	987	2298	3285
4780	7/23/2011	3	0	7	1	0	6	0	1	0.82	0.7727	0.52	0.1045	13	57	70	204	3	0	7	0	6	0	1	0.849167	0.804287	0.5	0.131221	987	2298	3285
4781	7/23/2011	3	0	7	2	0	6	0	1	0.82	0.7727	0.52	0	13	48	61	204	3	0	7	0	6	0	1	0.849167	0.804287	0.5	0.131221	987	2298	3285
4782	7/23/2011	3	0	7	3	0	6	0	1	0.78	0.7576	0.66	0.0896	6	16	22	204	3	0	7	0	6	0	1	0.849167	0.804287	0.5	0.131221	987	2298	3285
4783	7/23/2011	3	0	7	4	0	6	0	1	0.76	0.7273	0.66	0.1045	5	4	9	204	3	0	7	0	6	0	1	0.849167	0.804287	0.5	0.131221	987	2298	3285
4784	7/23/2011	3	0	7	5	0	6	0	1	0.76	0.7121	0.62	0.1343	1	6	7	204	3	0	7	0	6	0	1	0.849167	0.804287	0.5	0.131221	987	2298	3285
4785	7/23/2011	3	0	7	6	0	6	0	1	0.8	0.7424	0.52	0.1343	6	19	25	204	3	0	7	0	6	0	1	0.849167	0.804287	0.5	0.131221	987	2298	3285
4786	7/23/2011	3	0	7	7	0	6	0	1	0.8	0.7424	0.52	0.1045	7	38	45	204	3	0	7	0	6	0	1	0.849167	0.804287	0.5	0.131221	987	2298	3285
4787	7/23/2011	3	0	7	8	0	6	0	1	0.84	0.7879	0.49	0.2537	24	85	109	204	3	0	7	0	6	0	1	0.849167	0.804287	0.5	0.131221	987	2298	3285
4788	7/23/2011	3	0	7	9	0	6	0	1	0.84	0.7879	0.49	0.1642	30	102	132	204	3	0	7	0	6	0	1	0.849167	0.804287	0.5	0.131221	987	2298	3285
4789	7/23/2011	3	0	7	10	0	6	0	1	0.86	0.7879	0.41	0.2239	61	137	198	204	3	0	7	0	6	0	1	0.849167	0.804287	0.5	0.131221	987	2298	3285
4790	7/23/2011	3	0	7	11	0	6	0	1	0.9	0.8182	0.37	0.194	62	154	216	204	3	0	7	0	6	0	1	0.849167	0.804287	0.5	0.131221	987	2298	3285
4791	7/23/2011	3	0	7	12	0	6	0	1	0.92	0.8636	0.37	0.1045	71	164	235	204	3	0	7	0	6	0	1	0.849167	0.804287	0.5	0.131221	987	2298	3285
4792	7/23/2011	3	0	7	13	0	6	0	1	0.94	0.8788	0.38	0.1642	78	167	245	204	3	0	7	0	6	0	1	0.849167	0.804287	0.5	0.131221	987	2298	3285
4793	7/23/2011	3	0	7	14	0	6	0	1	0.92	0.8939	0.42	0	84	152	236	204	3	0	7	0	6	0	1	0.849167	0.804287	0.5	0.131221	987	2298	3285
4794	7/23/2011	3	0	7	15	0	6	0	1	0.94	0.8788	0.38	0	78	137	215	204	3	0	7	0	6	0	1	0.849167	0.804287	0.5	0.131221	987	2298	3285
4795	7/23/2011	3	0	7	16	0	6	0	1	0.94	0.8788	0.38	0.1343	70	151	221	204	3	0	7	0	6	0	1	0.849167	0.804287	0.5	0.131221	987	2298	3285
4796	7/23/2011	3	0	7	17	0	6	0	1	0.94	0.8788	0.38	0.1343	70	127	197	204	3	0	7	0	6	0	1	0.849167	0.804287	0.5	0.131221	987	2298	3285
4797	7/23/2011	3	0	7	18	0	6	0	1	0.92	0.8788	0.4	0.2239	62	134	196	204	3	0	7	0	6	0	1	0.849167	0.804287	0.5	0.131221	987	2298	3285
4798	7/23/2011	3	0	7	19	0	6	0	2	0.82	0.803	0.59	0.1343	80	137	217	204	3	0	7	0	6	0	1	0.849167	0.804287	0.5	0.131221	987	2298	3285
4799	7/23/2011	3	0	7	20	0	6	0	1	0.82	0.803	0.59	0.2239	47	98	145	204	3	0	7	0	6	0	1	0.849167	0.804287	0.5	0.131221	987	2298	3285
4800	7/23/2011	3	0	7	21	0	6	0	1	0.82	0.803	0.59	0.2239	39	115	154	204	3	0	7	0	6	0	1	0.849167	0.804287	0.5	0.131221	987	2298	3285
4801	7/23/2011	3	0	7	22	0	6	0	1	0.8	0.7727	0.59	0.194	37	88	125	204	3	0	7	0	6	0	1	0.849167	0.804287	0.5	0.131221	987	2298	3285
4802	7/23/2011	3	0	7	23	0	6	0	1	0.8	0.7727	0.59	0.1045	27	77	104	204	3	0	7	0	6	0	1	0.849167	0.804287	0.5	0.131221	987	2298	3285
4803	7/24/2011	3	0	7	0	0	0	0	1	0.8	0.7727	0.59	0.1045	42	77	119	205	3	0	7	0	0	0	1	0.83	0.794829	0.550833	0.169171	1050	2556	3606
4804	7/24/2011	3	0	7	1	0	0	0	1	0.78	0.7576	0.66	0.1045	33	63	96	205	3	0	7	0	0	0	1	0.83	0.794829	0.550833	0.169171	1050	2556	3606
4805	7/24/2011	3	0	7	2	0	0	0	1	0.8	0.7879	0.63	0.0896	12	48	60	205	3	0	7	0	0	0	1	0.83	0.794829	0.550833	0.169171	1050	2556	3606
4806	7/24/2011	3	0	7	3	0	0	0	1	0.8	0.7879	0.63	0.0896	17	20	37	205	3	0	7	0	0	0	1	0.83	0.794829	0.550833	0.169171	1050	2556	3606
4807	7/24/2011	3	0	7	4	0	0	0	1	0.78	0.7576	0.66	0.1045	1	5	6	205	3	0	7	0	0	0	1	0.83	0.794829	0.550833	0.169171	1050	2556	3606
4808	7/24/2011	3	0	7	5	0	0	0	1	0.78	0.7576	0.66	0.0896	5	3	8	205	3	0	7	0	0	0	1	0.83	0.794829	0.550833	0.169171	1050	2556	3606
4809	7/24/2011	3	0	7	6	0	0	0	2	0.8	0.7879	0.63	0.0896	9	13	22	205	3	0	7	0	0	0	1	0.83	0.794829	0.550833	0.169171	1050	2556	3606
4810	7/24/2011	3	0	7	7	0	0	0	1	0.8	0.7727	0.59	0.1343	6	29	35	205	3	0	7	0	0	0	1	0.83	0.794829	0.550833	0.169171	1050	2556	3606
4811	7/24/2011	3	0	7	8	0	0	0	1	0.82	0.7879	0.56	0.2836	22	82	104	205	3	0	7	0	0	0	1	0.83	0.794829	0.550833	0.169171	1050	2556	3606
4812	7/24/2011	3	0	7	9	0	0	0	1	0.82	0.7879	0.56	0.3881	42	112	154	205	3	0	7	0	0	0	1	0.83	0.794829	0.550833	0.169171	1050	2556	3606
4813	7/24/2011	3	0	7	10	0	0	0	1	0.86	0.8182	0.5	0.3284	61	165	226	205	3	0	7	0	0	0	1	0.83	0.794829	0.550833	0.169171	1050	2556	3606
4814	7/24/2011	3	0	7	11	0	0	0	1	0.84	0.803	0.53	0.2537	74	169	243	205	3	0	7	0	0	0	1	0.83	0.794829	0.550833	0.169171	1050	2556	3606
4815	7/24/2011	3	0	7	12	0	0	0	1	0.9	0.8636	0.45	0.1642	85	161	246	205	3	0	7	0	0	0	1	0.83	0.794829	0.550833	0.169171	1050	2556	3606
4816	7/24/2011	3	0	7	13	0	0	0	1	0.86	0.803	0.47	0.2239	90	162	252	205	3	0	7	0	0	0	1	0.83	0.794829	0.550833	0.169171	1050	2556	3606
4817	7/24/2011	3	0	7	14	0	0	0	1	0.86	0.8182	0.5	0.2836	79	204	283	205	3	0	7	0	0	0	1	0.83	0.794829	0.550833	0.169171	1050	2556	3606
4818	7/24/2011	3	0	7	15	0	0	0	1	0.9	0.8485	0.42	0.2537	68	170	238	205	3	0	7	0	0	0	1	0.83	0.794829	0.550833	0.169171	1050	2556	3606
4819	7/24/2011	3	0	7	16	0	0	0	1	0.9	0.8485	0.42	0.2537	62	187	249	205	3	0	7	0	0	0	1	0.83	0.794829	0.550833	0.169171	1050	2556	3606
4820	7/24/2011	3	0	7	17	0	0	0	1	0.9	0.8333	0.39	0.1045	75	174	249	205	3	0	7	0	0	0	1	0.83	0.794829	0.550833	0.169171	1050	2556	3606
4821	7/24/2011	3	0	7	18	0	0	0	1	0.88	0.8182	0.42	0.1642	67	176	243	205	3	0	7	0	0	0	1	0.83	0.794829	0.550833	0.169171	1050	2556	3606
4822	7/24/2011	3	0	7	19	0	0	0	1	0.86	0.803	0.47	0.1642	70	170	240	205	3	0	7	0	0	0	1	0.83	0.794829	0.550833	0.169171	1050	2556	3606
4823	7/24/2011	3	0	7	20	0	0	0	1	0.84	0.7879	0.49	0.1642	52	143	195	205	3	0	7	0	0	0	1	0.83	0.794829	0.550833	0.169171	1050	2556	3606
4824	7/24/2011	3	0	7	21	0	0	0	1	0.8	0.7879	0.63	0.1343	42	111	153	205	3	0	7	0	0	0	1	0.83	0.794829	0.550833	0.169171	1050	2556	3606
4825	7/24/2011	3	0	7	22	0	0	0	1	0.78	0.7576	0.66	0	23	75	98	205	3	0	7	0	0	0	1	0.83	0.794829	0.550833	0.169171	1050	2556	3606
4826	7/24/2011	3	0	7	23	0	0	0	2	0.76	0.7273	0.7	0.0896	13	37	50	205	3	0	7	0	0	0	1	0.83	0.794829	0.550833	0.169171	1050	2556	3606
4827	7/25/2011	3	0	7	0	0	1	1	2	0.76	0.7273	0.7	0	17	17	34	206	3	0	7	0	1	1	1	0.743333	0.720958	0.757083	0.0908083	568	3272	3840
4828	7/25/2011	3	0	7	1	0	1	1	2	0.76	0.7424	0.75	0.0896	4	8	12	206	3	0	7	0	1	1	1	0.743333	0.720958	0.757083	0.0908083	568	3272	3840
4829	7/25/2011	3	0	7	2	0	1	1	2	0.74	0.7121	0.79	0.0896	3	3	6	206	3	0	7	0	1	1	1	0.743333	0.720958	0.757083	0.0908083	568	3272	3840
4830	7/25/2011	3	0	7	3	0	1	1	1	0.74	0.7121	0.79	0	2	2	4	206	3	0	7	0	1	1	1	0.743333	0.720958	0.757083	0.0908083	568	3272	3840
4831	7/25/2011	3	0	7	4	0	1	1	1	0.72	0.7121	0.84	0.0896	0	6	6	206	3	0	7	0	1	1	1	0.743333	0.720958	0.757083	0.0908083	568	3272	3840
4832	7/25/2011	3	0	7	5	0	1	1	1	0.72	0.7121	0.84	0.0896	2	22	24	206	3	0	7	0	1	1	1	0.743333	0.720958	0.757083	0.0908083	568	3272	3840
4833	7/25/2011	3	0	7	6	0	1	1	2	0.72	0.7121	0.84	0.0896	7	100	107	206	3	0	7	0	1	1	1	0.743333	0.720958	0.757083	0.0908083	568	3272	3840
4834	7/25/2011	3	0	7	7	0	1	1	2	0.74	0.7121	0.79	0	20	257	277	206	3	0	7	0	1	1	1	0.743333	0.720958	0.757083	0.0908083	568	3272	3840
4835	7/25/2011	3	0	7	8	0	1	1	2	0.76	0.7424	0.75	0	34	353	387	206	3	0	7	0	1	1	1	0.743333	0.720958	0.757083	0.0908083	568	3272	3840
4836	7/25/2011	3	0	7	9	0	1	1	1	0.8	0.803	0.66	0	11	124	135	206	3	0	7	0	1	1	1	0.743333	0.720958	0.757083	0.0908083	568	3272	3840
4837	7/25/2011	3	0	7	10	0	1	1	1	0.82	0.803	0.59	0	30	54	84	206	3	0	7	0	1	1	1	0.743333	0.720958	0.757083	0.0908083	568	3272	3840
4838	7/25/2011	3	0	7	11	0	1	1	2	0.84	0.8333	0.59	0.194	24	83	107	206	3	0	7	0	1	1	1	0.743333	0.720958	0.757083	0.0908083	568	3272	3840
4839	7/25/2011	3	0	7	12	0	1	1	2	0.84	0.8333	0.59	0.194	17	50	67	206	3	0	7	0	1	1	1	0.743333	0.720958	0.757083	0.0908083	568	3272	3840
4840	7/25/2011	3	0	7	13	0	1	1	2	0.74	0.7121	0.74	0.1343	14	64	78	206	3	0	7	0	1	1	1	0.743333	0.720958	0.757083	0.0908083	568	3272	3840
4841	7/25/2011	3	0	7	14	0	1	1	2	0.72	0.697	0.79	0.194	28	62	90	206	3	0	7	0	1	1	1	0.743333	0.720958	0.757083	0.0908083	568	3272	3840
4842	7/25/2011	3	0	7	15	0	1	1	1	0.7	0.6667	0.84	0.3881	16	96	112	206	3	0	7	0	1	1	1	0.743333	0.720958	0.757083	0.0908083	568	3272	3840
4843	7/25/2011	3	0	7	16	0	1	1	1	0.7	0.6667	0.84	0.2239	37	161	198	206	3	0	7	0	1	1	1	0.743333	0.720958	0.757083	0.0908083	568	3272	3840
4844	7/25/2011	3	0	7	17	0	1	1	1	0.72	0.697	0.74	0	48	437	485	206	3	0	7	0	1	1	1	0.743333	0.720958	0.757083	0.0908083	568	3272	3840
4845	7/25/2011	3	0	7	18	0	1	1	1	0.74	0.7121	0.74	0.0896	60	473	533	206	3	0	7	0	1	1	1	0.743333	0.720958	0.757083	0.0908083	568	3272	3840
4846	7/25/2011	3	0	7	19	0	1	1	1	0.74	0.697	0.7	0.0896	62	324	386	206	3	0	7	0	1	1	1	0.743333	0.720958	0.757083	0.0908083	568	3272	3840
4847	7/25/2011	3	0	7	20	0	1	1	1	0.72	0.697	0.74	0.1343	55	247	302	206	3	0	7	0	1	1	1	0.743333	0.720958	0.757083	0.0908083	568	3272	3840
4848	7/25/2011	3	0	7	21	0	1	1	1	0.7	0.6667	0.84	0	41	153	194	206	3	0	7	0	1	1	1	0.743333	0.720958	0.757083	0.0908083	568	3272	3840
4849	7/25/2011	3	0	7	22	0	1	1	1	0.7	0.6667	0.84	0	13	112	125	206	3	0	7	0	1	1	1	0.743333	0.720958	0.757083	0.0908083	568	3272	3840
4850	7/25/2011	3	0	7	23	0	1	1	1	0.7	0.6667	0.84	0.0896	23	64	87	206	3	0	7	0	1	1	1	0.743333	0.720958	0.757083	0.0908083	568	3272	3840
4851	7/26/2011	3	0	7	0	0	2	1	1	0.7	0.6667	0.79	0.1045	8	20	28	207	3	0	7	0	2	1	1	0.771667	0.696979	0.540833	0.200258	750	3840	4590
4852	7/26/2011	3	0	7	1	0	2	1	1	0.7	0.6667	0.79	0.1045	6	6	12	207	3	0	7	0	2	1	1	0.771667	0.696979	0.540833	0.200258	750	3840	4590
4853	7/26/2011	3	0	7	2	0	2	1	1	0.68	0.6364	0.89	0.1045	1	6	7	207	3	0	7	0	2	1	1	0.771667	0.696979	0.540833	0.200258	750	3840	4590
4854	7/26/2011	3	0	7	3	0	2	1	1	0.68	0.6364	0.89	0.1343	2	2	4	207	3	0	7	0	2	1	1	0.771667	0.696979	0.540833	0.200258	750	3840	4590
4855	7/26/2011	3	0	7	4	0	2	1	1	0.68	0.6364	0.88	0.1642	0	6	6	207	3	0	7	0	2	1	1	0.771667	0.696979	0.540833	0.200258	750	3840	4590
4856	7/26/2011	3	0	7	5	0	2	1	1	0.66	0.5909	0.89	0.0896	3	24	27	207	3	0	7	0	2	1	1	0.771667	0.696979	0.540833	0.200258	750	3840	4590
4857	7/26/2011	3	0	7	6	0	2	1	1	0.68	0.6364	0.83	0.2239	2	108	110	207	3	0	7	0	2	1	1	0.771667	0.696979	0.540833	0.200258	750	3840	4590
4858	7/26/2011	3	0	7	7	0	2	1	1	0.72	0.6818	0.66	0.2836	30	288	318	207	3	0	7	0	2	1	1	0.771667	0.696979	0.540833	0.200258	750	3840	4590
4859	7/26/2011	3	0	7	8	0	2	1	1	0.74	0.6818	0.55	0.194	32	392	424	207	3	0	7	0	2	1	1	0.771667	0.696979	0.540833	0.200258	750	3840	4590
4860	7/26/2011	3	0	7	9	0	2	1	1	0.76	0.6818	0.4	0.2239	25	162	187	207	3	0	7	0	2	1	1	0.771667	0.696979	0.540833	0.200258	750	3840	4590
4861	7/26/2011	3	0	7	10	0	2	1	1	0.8	0.697	0.31	0.2239	42	96	138	207	3	0	7	0	2	1	1	0.771667	0.696979	0.540833	0.200258	750	3840	4590
4862	7/26/2011	3	0	7	11	0	2	1	1	0.82	0.7121	0.3	0	49	102	151	207	3	0	7	0	2	1	1	0.771667	0.696979	0.540833	0.200258	750	3840	4590
4863	7/26/2011	3	0	7	12	0	2	1	1	0.84	0.7273	0.28	0	25	122	147	207	3	0	7	0	2	1	1	0.771667	0.696979	0.540833	0.200258	750	3840	4590
4864	7/26/2011	3	0	7	13	0	2	1	1	0.84	0.7273	0.32	0.2985	43	139	182	207	3	0	7	0	2	1	1	0.771667	0.696979	0.540833	0.200258	750	3840	4590
4865	7/26/2011	3	0	7	14	0	2	1	1	0.86	0.7424	0.3	0.2836	46	101	147	207	3	0	7	0	2	1	1	0.771667	0.696979	0.540833	0.200258	750	3840	4590
4866	7/26/2011	3	0	7	15	0	2	1	1	0.88	0.7576	0.28	0.3284	49	114	163	207	3	0	7	0	2	1	1	0.771667	0.696979	0.540833	0.200258	750	3840	4590
4867	7/26/2011	3	0	7	16	0	2	1	1	0.86	0.7576	0.36	0.2836	41	213	254	207	3	0	7	0	2	1	1	0.771667	0.696979	0.540833	0.200258	750	3840	4590
4868	7/26/2011	3	0	7	17	0	2	1	1	0.86	0.7576	0.36	0.3582	72	465	537	207	3	0	7	0	2	1	1	0.771667	0.696979	0.540833	0.200258	750	3840	4590
4869	7/26/2011	3	0	7	18	0	2	1	1	0.84	0.7424	0.39	0.3881	68	478	546	207	3	0	7	0	2	1	1	0.771667	0.696979	0.540833	0.200258	750	3840	4590
4870	7/26/2011	3	0	7	19	0	2	1	1	0.82	0.7424	0.43	0.2985	69	329	398	207	3	0	7	0	2	1	1	0.771667	0.696979	0.540833	0.200258	750	3840	4590
4871	7/26/2011	3	0	7	20	0	2	1	1	0.8	0.7273	0.46	0.2537	47	243	290	207	3	0	7	0	2	1	1	0.771667	0.696979	0.540833	0.200258	750	3840	4590
4872	7/26/2011	3	0	7	21	0	2	1	1	0.78	0.7121	0.49	0.2239	45	222	267	207	3	0	7	0	2	1	1	0.771667	0.696979	0.540833	0.200258	750	3840	4590
4873	7/26/2011	3	0	7	22	0	2	1	1	0.76	0.697	0.55	0.1343	27	131	158	207	3	0	7	0	2	1	1	0.771667	0.696979	0.540833	0.200258	750	3840	4590
4874	7/26/2011	3	0	7	23	0	2	1	1	0.76	0.7121	0.58	0.1045	18	71	89	207	3	0	7	0	2	1	1	0.771667	0.696979	0.540833	0.200258	750	3840	4590
4875	7/27/2011	3	0	7	0	0	3	1	2	0.78	0.7121	0.52	0.1642	19	26	45	208	3	0	7	0	3	1	1	0.775	0.690667	0.402917	0.183463	755	3901	4656
4876	7/27/2011	3	0	7	1	0	3	1	1	0.78	0.7121	0.49	0.194	1	9	10	208	3	0	7	0	3	1	1	0.775	0.690667	0.402917	0.183463	755	3901	4656
4877	7/27/2011	3	0	7	2	0	3	1	1	0.76	0.697	0.52	0.2985	1	5	6	208	3	0	7	0	3	1	1	0.775	0.690667	0.402917	0.183463	755	3901	4656
4878	7/27/2011	3	0	7	3	0	3	1	1	0.72	0.6667	0.58	0.1642	0	4	4	208	3	0	7	0	3	1	1	0.775	0.690667	0.402917	0.183463	755	3901	4656
4879	7/27/2011	3	0	7	4	0	3	1	1	0.72	0.6667	0.51	0.194	1	3	4	208	3	0	7	0	3	1	1	0.775	0.690667	0.402917	0.183463	755	3901	4656
4880	7/27/2011	3	0	7	5	0	3	1	1	0.7	0.6515	0.54	0.2836	0	18	18	208	3	0	7	0	3	1	1	0.775	0.690667	0.402917	0.183463	755	3901	4656
4881	7/27/2011	3	0	7	6	0	3	1	1	0.7	0.6515	0.54	0.2239	4	119	123	208	3	0	7	0	3	1	1	0.775	0.690667	0.402917	0.183463	755	3901	4656
4882	7/27/2011	3	0	7	7	0	3	1	1	0.72	0.6667	0.48	0.2537	34	313	347	208	3	0	7	0	3	1	1	0.775	0.690667	0.402917	0.183463	755	3901	4656
4883	7/27/2011	3	0	7	8	0	3	1	1	0.74	0.6667	0.42	0.2537	28	405	433	208	3	0	7	0	3	1	1	0.775	0.690667	0.402917	0.183463	755	3901	4656
4884	7/27/2011	3	0	7	9	0	3	1	1	0.76	0.6667	0.35	0.2537	27	189	216	208	3	0	7	0	3	1	1	0.775	0.690667	0.402917	0.183463	755	3901	4656
4885	7/27/2011	3	0	7	10	0	3	1	1	0.78	0.6818	0.33	0	32	82	114	208	3	0	7	0	3	1	1	0.775	0.690667	0.402917	0.183463	755	3901	4656
4886	7/27/2011	3	0	7	11	0	3	1	1	0.8	0.697	0.31	0	42	94	136	208	3	0	7	0	3	1	1	0.775	0.690667	0.402917	0.183463	755	3901	4656
4887	7/27/2011	3	0	7	12	0	3	1	1	0.82	0.7121	0.3	0.2836	37	132	169	208	3	0	7	0	3	1	1	0.775	0.690667	0.402917	0.183463	755	3901	4656
4888	7/27/2011	3	0	7	13	0	3	1	1	0.84	0.7273	0.3	0.3582	29	151	180	208	3	0	7	0	3	1	1	0.775	0.690667	0.402917	0.183463	755	3901	4656
4889	7/27/2011	3	0	7	14	0	3	1	1	0.84	0.7273	0.28	0.2239	20	107	127	208	3	0	7	0	3	1	1	0.775	0.690667	0.402917	0.183463	755	3901	4656
4890	7/27/2011	3	0	7	15	0	3	1	1	0.86	0.7424	0.26	0.2537	37	103	140	208	3	0	7	0	3	1	1	0.775	0.690667	0.402917	0.183463	755	3901	4656
4891	7/27/2011	3	0	7	16	0	3	1	1	0.86	0.7273	0.25	0.1642	40	228	268	208	3	0	7	0	3	1	1	0.775	0.690667	0.402917	0.183463	755	3901	4656
4892	7/27/2011	3	0	7	17	0	3	1	1	0.84	0.7121	0.26	0.2239	81	491	572	208	3	0	7	0	3	1	1	0.775	0.690667	0.402917	0.183463	755	3901	4656
4893	7/27/2011	3	0	7	18	0	3	1	1	0.82	0.7121	0.28	0.1045	78	463	541	208	3	0	7	0	3	1	1	0.775	0.690667	0.402917	0.183463	755	3901	4656
4894	7/27/2011	3	0	7	19	0	3	1	1	0.8	0.697	0.29	0.0896	87	288	375	208	3	0	7	0	3	1	1	0.775	0.690667	0.402917	0.183463	755	3901	4656
4895	7/27/2011	3	0	7	20	0	3	1	1	0.76	0.6818	0.45	0.2239	55	239	294	208	3	0	7	0	3	1	1	0.775	0.690667	0.402917	0.183463	755	3901	4656
4896	7/27/2011	3	0	7	21	0	3	1	1	0.74	0.6667	0.48	0.1045	49	196	245	208	3	0	7	0	3	1	1	0.775	0.690667	0.402917	0.183463	755	3901	4656
4897	7/27/2011	3	0	7	22	0	3	1	1	0.72	0.6667	0.48	0	37	143	180	208	3	0	7	0	3	1	1	0.775	0.690667	0.402917	0.183463	755	3901	4656
4898	7/27/2011	3	0	7	23	0	3	1	1	0.74	0.6667	0.45	0.0896	16	93	109	208	3	0	7	0	3	1	1	0.775	0.690667	0.402917	0.183463	755	3901	4656
4899	7/28/2011	3	0	7	0	0	4	1	1	0.7	0.6515	0.51	0.1343	14	31	45	209	3	0	7	0	4	1	1	0.779167	0.7399	0.583333	0.178479	606	3784	4390
4900	7/28/2011	3	0	7	1	0	4	1	1	0.72	0.6667	0.51	0	3	26	29	209	3	0	7	0	4	1	1	0.779167	0.7399	0.583333	0.178479	606	3784	4390
4901	7/28/2011	3	0	7	2	0	4	1	1	0.72	0.6667	0.54	0.1045	2	5	7	209	3	0	7	0	4	1	1	0.779167	0.7399	0.583333	0.178479	606	3784	4390
4902	7/28/2011	3	0	7	3	0	4	1	1	0.72	0.6667	0.54	0	0	5	5	209	3	0	7	0	4	1	1	0.779167	0.7399	0.583333	0.178479	606	3784	4390
4903	7/28/2011	3	0	7	4	0	4	1	1	0.7	0.6515	0.61	0.1045	0	6	6	209	3	0	7	0	4	1	1	0.779167	0.7399	0.583333	0.178479	606	3784	4390
4904	7/28/2011	3	0	7	5	0	4	1	1	0.7	0.6515	0.65	0.1045	1	26	27	209	3	0	7	0	4	1	1	0.779167	0.7399	0.583333	0.178479	606	3784	4390
4905	7/28/2011	3	0	7	6	0	4	1	1	0.7	0.6515	0.7	0.0896	6	110	116	209	3	0	7	0	4	1	1	0.779167	0.7399	0.583333	0.178479	606	3784	4390
4906	7/28/2011	3	0	7	7	0	4	1	1	0.72	0.6818	0.7	0.1642	27	278	305	209	3	0	7	0	4	1	1	0.779167	0.7399	0.583333	0.178479	606	3784	4390
4907	7/28/2011	3	0	7	8	0	4	1	1	0.74	0.697	0.66	0.1642	47	409	456	209	3	0	7	0	4	1	1	0.779167	0.7399	0.583333	0.178479	606	3784	4390
4908	7/28/2011	3	0	7	9	0	4	1	1	0.78	0.7424	0.59	0.194	21	189	210	209	3	0	7	0	4	1	1	0.779167	0.7399	0.583333	0.178479	606	3784	4390
4909	7/28/2011	3	0	7	10	0	4	1	1	0.8	0.7576	0.55	0.2836	30	86	116	209	3	0	7	0	4	1	1	0.779167	0.7399	0.583333	0.178479	606	3784	4390
4910	7/28/2011	3	0	7	11	0	4	1	1	0.84	0.8182	0.56	0.2836	41	113	154	209	3	0	7	0	4	1	1	0.779167	0.7399	0.583333	0.178479	606	3784	4390
4911	7/28/2011	3	0	7	12	0	4	1	1	0.84	0.803	0.53	0.2537	35	151	186	209	3	0	7	0	4	1	1	0.779167	0.7399	0.583333	0.178479	606	3784	4390
4912	7/28/2011	3	0	7	13	0	4	1	1	0.86	0.803	0.47	0.2537	26	126	152	209	3	0	7	0	4	1	1	0.779167	0.7399	0.583333	0.178479	606	3784	4390
4913	7/28/2011	3	0	7	14	0	4	1	2	0.84	0.7879	0.49	0.2537	27	111	138	209	3	0	7	0	4	1	1	0.779167	0.7399	0.583333	0.178479	606	3784	4390
4914	7/28/2011	3	0	7	15	0	4	1	1	0.86	0.8182	0.5	0.194	22	124	146	209	3	0	7	0	4	1	1	0.779167	0.7399	0.583333	0.178479	606	3784	4390
4915	7/28/2011	3	0	7	16	0	4	1	1	0.86	0.803	0.47	0.1642	42	214	256	209	3	0	7	0	4	1	1	0.779167	0.7399	0.583333	0.178479	606	3784	4390
4916	7/28/2011	3	0	7	17	0	4	1	1	0.84	0.803	0.53	0.194	45	423	468	209	3	0	7	0	4	1	1	0.779167	0.7399	0.583333	0.178479	606	3784	4390
4917	7/28/2011	3	0	7	18	0	4	1	1	0.84	0.8182	0.56	0.2239	55	428	483	209	3	0	7	0	4	1	1	0.779167	0.7399	0.583333	0.178479	606	3784	4390
4918	7/28/2011	3	0	7	19	0	4	1	1	0.82	0.803	0.59	0.194	37	285	322	209	3	0	7	0	4	1	1	0.779167	0.7399	0.583333	0.178479	606	3784	4390
4919	7/28/2011	3	0	7	20	0	4	1	1	0.8	0.7879	0.63	0.194	41	229	270	209	3	0	7	0	4	1	1	0.779167	0.7399	0.583333	0.178479	606	3784	4390
4920	7/28/2011	3	0	7	21	0	4	1	1	0.78	0.7576	0.66	0.2836	31	165	196	209	3	0	7	0	4	1	1	0.779167	0.7399	0.583333	0.178479	606	3784	4390
4921	7/28/2011	3	0	7	22	0	4	1	1	0.76	0.7273	0.7	0.2537	25	149	174	209	3	0	7	0	4	1	1	0.779167	0.7399	0.583333	0.178479	606	3784	4390
4922	7/28/2011	3	0	7	23	0	4	1	1	0.76	0.7424	0.75	0.194	28	95	123	209	3	0	7	0	4	1	1	0.779167	0.7399	0.583333	0.178479	606	3784	4390
4923	7/29/2011	3	0	7	0	0	5	1	1	0.74	0.7121	0.79	0.1642	12	45	57	210	3	0	7	0	5	1	1	0.838333	0.785967	0.5425	0.174138	670	3176	3846
4924	7/29/2011	3	0	7	1	0	5	1	1	0.74	0.7121	0.79	0.1343	12	22	34	210	3	0	7	0	5	1	1	0.838333	0.785967	0.5425	0.174138	670	3176	3846
4925	7/29/2011	3	0	7	2	0	5	1	1	0.74	0.7121	0.79	0	3	10	13	210	3	0	7	0	5	1	1	0.838333	0.785967	0.5425	0.174138	670	3176	3846
4926	7/29/2011	3	0	7	3	0	5	1	1	0.74	0.7121	0.79	0	2	9	11	210	3	0	7	0	5	1	1	0.838333	0.785967	0.5425	0.174138	670	3176	3846
4927	7/29/2011	3	0	7	4	0	5	1	1	0.72	0.7121	0.84	0.1343	2	4	6	210	3	0	7	0	5	1	1	0.838333	0.785967	0.5425	0.174138	670	3176	3846
4928	7/29/2011	3	0	7	5	0	5	1	1	0.72	0.7121	0.84	0	4	23	27	210	3	0	7	0	5	1	1	0.838333	0.785967	0.5425	0.174138	670	3176	3846
4929	7/29/2011	3	0	7	6	0	5	1	2	0.72	0.7121	0.84	0	7	83	90	210	3	0	7	0	5	1	1	0.838333	0.785967	0.5425	0.174138	670	3176	3846
4930	7/29/2011	3	0	7	7	0	5	1	2	0.74	0.7121	0.79	0.0896	26	228	254	210	3	0	7	0	5	1	1	0.838333	0.785967	0.5425	0.174138	670	3176	3846
4931	7/29/2011	3	0	7	8	0	5	1	2	0.76	0.7727	0.77	0	30	354	384	210	3	0	7	0	5	1	1	0.838333	0.785967	0.5425	0.174138	670	3176	3846
4932	7/29/2011	3	0	7	9	0	5	1	1	0.86	0.803	0.47	0.2537	28	151	179	210	3	0	7	0	5	1	1	0.838333	0.785967	0.5425	0.174138	670	3176	3846
4933	7/29/2011	3	0	7	10	0	5	1	1	0.9	0.8485	0.42	0.2836	37	69	106	210	3	0	7	0	5	1	1	0.838333	0.785967	0.5425	0.174138	670	3176	3846
4934	7/29/2011	3	0	7	11	0	5	1	1	0.92	0.8788	0.4	0.2985	43	118	161	210	3	0	7	0	5	1	1	0.838333	0.785967	0.5425	0.174138	670	3176	3846
4935	7/29/2011	3	0	7	12	0	5	1	1	0.96	0.8636	0.31	0.2836	40	95	135	210	3	0	7	0	5	1	1	0.838333	0.785967	0.5425	0.174138	670	3176	3846
4936	7/29/2011	3	0	7	13	0	5	1	1	0.94	0.8333	0.31	0	42	114	156	210	3	0	7	0	5	1	1	0.838333	0.785967	0.5425	0.174138	670	3176	3846
4937	7/29/2011	3	0	7	14	0	5	1	1	0.96	0.8636	0.3	0.2239	34	114	148	210	3	0	7	0	5	1	1	0.838333	0.785967	0.5425	0.174138	670	3176	3846
4938	7/29/2011	3	0	7	15	0	5	1	1	0.96	0.8636	0.3	0.2537	40	129	169	210	3	0	7	0	5	1	1	0.838333	0.785967	0.5425	0.174138	670	3176	3846
4939	7/29/2011	3	0	7	16	0	5	1	1	0.96	0.8636	0.3	0.3881	35	198	233	210	3	0	7	0	5	1	1	0.838333	0.785967	0.5425	0.174138	670	3176	3846
4940	7/29/2011	3	0	7	17	0	5	1	1	0.96	0.8636	0.3	0.2985	47	374	421	210	3	0	7	0	5	1	1	0.838333	0.785967	0.5425	0.174138	670	3176	3846
4941	7/29/2011	3	0	7	18	0	5	1	1	0.92	0.8636	0.37	0.3284	49	313	362	210	3	0	7	0	5	1	1	0.838333	0.785967	0.5425	0.174138	670	3176	3846
4942	7/29/2011	3	0	7	19	0	5	1	1	0.9	0.8485	0.42	0.2239	22	219	241	210	3	0	7	0	5	1	1	0.838333	0.785967	0.5425	0.174138	670	3176	3846
4943	7/29/2011	3	0	7	20	0	5	1	1	0.86	0.7879	0.41	0.3284	53	153	206	210	3	0	7	0	5	1	1	0.838333	0.785967	0.5425	0.174138	670	3176	3846
4944	7/29/2011	3	0	7	21	0	5	1	1	0.82	0.7576	0.46	0.1642	29	134	163	210	3	0	7	0	5	1	1	0.838333	0.785967	0.5425	0.174138	670	3176	3846
4945	7/29/2011	3	0	7	22	0	5	1	1	0.8	0.7424	0.49	0.2239	47	127	174	210	3	0	7	0	5	1	1	0.838333	0.785967	0.5425	0.174138	670	3176	3846
4946	7/29/2011	3	0	7	23	0	5	1	1	0.78	0.7121	0.52	0.1045	26	90	116	210	3	0	7	0	5	1	1	0.838333	0.785967	0.5425	0.174138	670	3176	3846
4947	7/30/2011	3	0	7	0	0	6	0	1	0.76	0.697	0.55	0.194	60	73	133	211	3	0	7	0	6	0	1	0.804167	0.728537	0.465833	0.168537	1559	2916	4475
4948	7/30/2011	3	0	7	1	0	6	0	1	0.76	0.697	0.55	0.0896	15	75	90	211	3	0	7	0	6	0	1	0.804167	0.728537	0.465833	0.168537	1559	2916	4475
4949	7/30/2011	3	0	7	2	0	6	0	1	0.76	0.697	0.55	0.1045	11	31	42	211	3	0	7	0	6	0	1	0.804167	0.728537	0.465833	0.168537	1559	2916	4475
4950	7/30/2011	3	0	7	3	0	6	0	1	0.74	0.6818	0.62	0.1642	18	25	43	211	3	0	7	0	6	0	1	0.804167	0.728537	0.465833	0.168537	1559	2916	4475
4951	7/30/2011	3	0	7	4	0	6	0	1	0.72	0.6818	0.66	0.1642	4	6	10	211	3	0	7	0	6	0	1	0.804167	0.728537	0.465833	0.168537	1559	2916	4475
4952	7/30/2011	3	0	7	5	0	6	0	1	0.72	0.6818	0.7	0.2836	4	9	13	211	3	0	7	0	6	0	1	0.804167	0.728537	0.465833	0.168537	1559	2916	4475
4953	7/30/2011	3	0	7	6	0	6	0	1	0.72	0.6818	0.7	0.2985	6	18	24	211	3	0	7	0	6	0	1	0.804167	0.728537	0.465833	0.168537	1559	2916	4475
4954	7/30/2011	3	0	7	7	0	6	0	1	0.76	0.7273	0.66	0.194	3	39	42	211	3	0	7	0	6	0	1	0.804167	0.728537	0.465833	0.168537	1559	2916	4475
4955	7/30/2011	3	0	7	8	0	6	0	1	0.78	0.7424	0.59	0.2239	27	87	114	211	3	0	7	0	6	0	1	0.804167	0.728537	0.465833	0.168537	1559	2916	4475
4956	7/30/2011	3	0	7	9	0	6	0	1	0.82	0.7576	0.46	0.2985	49	125	174	211	3	0	7	0	6	0	1	0.804167	0.728537	0.465833	0.168537	1559	2916	4475
4957	7/30/2011	3	0	7	10	0	6	0	1	0.82	0.7424	0.41	0.2985	79	182	261	211	3	0	7	0	6	0	1	0.804167	0.728537	0.465833	0.168537	1559	2916	4475
4958	7/30/2011	3	0	7	11	0	6	0	1	0.84	0.7424	0.36	0.194	111	206	317	211	3	0	7	0	6	0	1	0.804167	0.728537	0.465833	0.168537	1559	2916	4475
4959	7/30/2011	3	0	7	12	0	6	0	1	0.84	0.7273	0.32	0.1642	111	230	341	211	3	0	7	0	6	0	1	0.804167	0.728537	0.465833	0.168537	1559	2916	4475
4960	7/30/2011	3	0	7	13	0	6	0	1	0.88	0.7576	0.29	0	125	183	308	211	3	0	7	0	6	0	1	0.804167	0.728537	0.465833	0.168537	1559	2916	4475
4961	7/30/2011	3	0	7	14	0	6	0	1	0.9	0.7879	0.29	0	112	193	305	211	3	0	7	0	6	0	1	0.804167	0.728537	0.465833	0.168537	1559	2916	4475
4962	7/30/2011	3	0	7	15	0	6	0	1	0.9	0.803	0.31	0.1343	113	189	302	211	3	0	7	0	6	0	1	0.804167	0.728537	0.465833	0.168537	1559	2916	4475
4963	7/30/2011	3	0	7	16	0	6	0	1	0.9	0.7879	0.27	0.2239	126	176	302	211	3	0	7	0	6	0	1	0.804167	0.728537	0.465833	0.168537	1559	2916	4475
4964	7/30/2011	3	0	7	17	0	6	0	1	0.9	0.7879	0.29	0.1045	93	209	302	211	3	0	7	0	6	0	1	0.804167	0.728537	0.465833	0.168537	1559	2916	4475
4965	7/30/2011	3	0	7	18	0	6	0	1	0.88	0.7576	0.28	0.194	92	207	299	211	3	0	7	0	6	0	1	0.804167	0.728537	0.465833	0.168537	1559	2916	4475
4966	7/30/2011	3	0	7	19	0	6	0	1	0.74	0.6515	0.33	0.2239	101	155	256	211	3	0	7	0	6	0	1	0.804167	0.728537	0.465833	0.168537	1559	2916	4475
4967	7/30/2011	3	0	7	20	0	6	0	1	0.82	0.7424	0.43	0.1343	74	132	206	211	3	0	7	0	6	0	1	0.804167	0.728537	0.465833	0.168537	1559	2916	4475
4968	7/30/2011	3	0	7	21	0	6	0	1	0.8	0.7424	0.49	0.1642	82	123	205	211	3	0	7	0	6	0	1	0.804167	0.728537	0.465833	0.168537	1559	2916	4475
4969	7/30/2011	3	0	7	22	0	6	0	1	0.78	0.7121	0.52	0.1045	80	129	209	211	3	0	7	0	6	0	1	0.804167	0.728537	0.465833	0.168537	1559	2916	4475
4970	7/30/2011	3	0	7	23	0	6	0	1	0.76	0.697	0.55	0.0896	63	114	177	211	3	0	7	0	6	0	1	0.804167	0.728537	0.465833	0.168537	1559	2916	4475
4971	7/31/2011	3	0	7	0	0	0	0	1	0.76	0.697	0.55	0.0896	33	80	113	212	3	0	7	0	0	0	1	0.805833	0.729796	0.480833	0.164813	1524	2778	4302
4972	7/31/2011	3	0	7	1	0	0	0	1	0.74	0.6818	0.62	0.0896	8	71	79	212	3	0	7	0	0	0	1	0.805833	0.729796	0.480833	0.164813	1524	2778	4302
4973	7/31/2011	3	0	7	2	0	0	0	1	0.74	0.697	0.66	0.0896	19	48	67	212	3	0	7	0	0	0	1	0.805833	0.729796	0.480833	0.164813	1524	2778	4302
4974	7/31/2011	3	0	7	3	0	0	0	1	0.74	0.697	0.66	0	24	26	50	212	3	0	7	0	0	0	1	0.805833	0.729796	0.480833	0.164813	1524	2778	4302
4975	7/31/2011	3	0	7	4	0	0	0	1	0.72	0.6818	0.7	0	6	7	13	212	3	0	7	0	0	0	1	0.805833	0.729796	0.480833	0.164813	1524	2778	4302
4976	7/31/2011	3	0	7	5	0	0	0	1	0.72	0.6818	0.69	0	4	4	8	212	3	0	7	0	0	0	1	0.805833	0.729796	0.480833	0.164813	1524	2778	4302
4977	7/31/2011	3	0	7	6	0	0	0	1	0.74	0.697	0.7	0	5	8	13	212	3	0	7	0	0	0	1	0.805833	0.729796	0.480833	0.164813	1524	2778	4302
4978	7/31/2011	3	0	7	7	0	0	0	1	0.74	0.6818	0.58	0.1343	19	26	45	212	3	0	7	0	0	0	1	0.805833	0.729796	0.480833	0.164813	1524	2778	4302
4979	7/31/2011	3	0	7	8	0	0	0	1	0.76	0.697	0.55	0.2239	54	88	142	212	3	0	7	0	0	0	1	0.805833	0.729796	0.480833	0.164813	1524	2778	4302
4980	7/31/2011	3	0	7	9	0	0	0	1	0.8	0.7424	0.49	0	55	128	183	212	3	0	7	0	0	0	1	0.805833	0.729796	0.480833	0.164813	1524	2778	4302
4981	7/31/2011	3	0	7	10	0	0	0	1	0.84	0.7424	0.36	0.1642	91	163	254	212	3	0	7	0	0	0	1	0.805833	0.729796	0.480833	0.164813	1524	2778	4302
4982	7/31/2011	3	0	7	11	0	0	0	1	0.86	0.7424	0.28	0.1642	112	163	275	212	3	0	7	0	0	0	1	0.805833	0.729796	0.480833	0.164813	1524	2778	4302
4983	7/31/2011	3	0	7	12	0	0	0	1	0.9	0.7727	0.25	0.194	146	192	338	212	3	0	7	0	0	0	1	0.805833	0.729796	0.480833	0.164813	1524	2778	4302
4984	7/31/2011	3	0	7	13	0	0	0	1	0.9	0.7727	0.24	0.1343	142	152	294	212	3	0	7	0	0	0	1	0.805833	0.729796	0.480833	0.164813	1524	2778	4302
4985	7/31/2011	3	0	7	14	0	0	0	1	0.9	0.7727	0.24	0.1642	130	196	326	212	3	0	7	0	0	0	1	0.805833	0.729796	0.480833	0.164813	1524	2778	4302
4986	7/31/2011	3	0	7	15	0	0	0	1	0.92	0.7727	0.18	0.2985	109	184	293	212	3	0	7	0	0	0	1	0.805833	0.729796	0.480833	0.164813	1524	2778	4302
4987	7/31/2011	3	0	7	16	0	0	0	1	0.92	0.7727	0.17	0.2836	98	208	306	212	3	0	7	0	0	0	1	0.805833	0.729796	0.480833	0.164813	1524	2778	4302
4988	7/31/2011	3	0	7	17	0	0	0	1	0.92	0.7727	0.16	0.1642	114	206	320	212	3	0	7	0	0	0	1	0.805833	0.729796	0.480833	0.164813	1524	2778	4302
4989	7/31/2011	3	0	7	18	0	0	0	1	0.86	0.7879	0.41	0.2836	91	213	304	212	3	0	7	0	0	0	1	0.805833	0.729796	0.480833	0.164813	1524	2778	4302
4990	7/31/2011	3	0	7	19	0	0	0	1	0.8	0.7576	0.55	0.3284	87	187	274	212	3	0	7	0	0	0	1	0.805833	0.729796	0.480833	0.164813	1524	2778	4302
4991	7/31/2011	3	0	7	20	0	0	0	1	0.8	0.7576	0.55	0.3284	70	205	275	212	3	0	7	0	0	0	1	0.805833	0.729796	0.480833	0.164813	1524	2778	4302
4992	7/31/2011	3	0	7	21	0	0	0	1	0.78	0.7424	0.59	0.2985	68	96	164	212	3	0	7	0	0	0	1	0.805833	0.729796	0.480833	0.164813	1524	2778	4302
4993	7/31/2011	3	0	7	22	0	0	0	1	0.74	0.697	0.7	0.2985	25	71	96	212	3	0	7	0	0	0	1	0.805833	0.729796	0.480833	0.164813	1524	2778	4302
4994	7/31/2011	3	0	7	23	0	0	0	1	0.74	0.697	0.66	0.2239	14	56	70	212	3	0	7	0	0	0	1	0.805833	0.729796	0.480833	0.164813	1524	2778	4302
4995	8/1/2011	3	0	8	0	0	1	1	1	0.72	0.6818	0.7	0.2239	7	22	29	213	3	0	8	0	1	1	1	0.771667	0.703292	0.550833	0.156717	729	3537	4266
4996	8/1/2011	3	0	8	1	0	1	1	1	0.72	0.697	0.74	0.194	5	12	17	213	3	0	8	0	1	1	1	0.771667	0.703292	0.550833	0.156717	729	3537	4266
4997	8/1/2011	3	0	8	2	0	1	1	1	0.7	0.6667	0.74	0.1045	4	7	11	213	3	0	8	0	1	1	1	0.771667	0.703292	0.550833	0.156717	729	3537	4266
4998	8/1/2011	3	0	8	3	0	1	1	1	0.7	0.6667	0.79	0.1642	0	4	4	213	3	0	8	0	1	1	1	0.771667	0.703292	0.550833	0.156717	729	3537	4266
4999	8/1/2011	3	0	8	4	0	1	1	1	0.66	0.6061	0.83	0.1343	2	2	4	213	3	0	8	0	1	1	1	0.771667	0.703292	0.550833	0.156717	729	3537	4266
5000	8/1/2011	3	0	8	5	0	1	1	1	0.66	0.6061	0.83	0.1045	2	24	26	213	3	0	8	0	1	1	1	0.771667	0.703292	0.550833	0.156717	729	3537	4266
5001	8/1/2011	3	0	8	6	0	1	1	1	0.66	0.6061	0.83	0.0896	3	97	100	213	3	0	8	0	1	1	1	0.771667	0.703292	0.550833	0.156717	729	3537	4266
5002	8/1/2011	3	0	8	7	0	1	1	1	0.74	0.6818	0.62	0	24	258	282	213	3	0	8	0	1	1	1	0.771667	0.703292	0.550833	0.156717	729	3537	4266
5003	8/1/2011	3	0	8	8	0	1	1	1	0.8	0.7273	0.43	0.194	35	347	382	213	3	0	8	0	1	1	1	0.771667	0.703292	0.550833	0.156717	729	3537	4266
5004	8/1/2011	3	0	8	9	0	1	1	1	0.82	0.7424	0.41	0	27	139	166	213	3	0	8	0	1	1	1	0.771667	0.703292	0.550833	0.156717	729	3537	4266
5005	8/1/2011	3	0	8	10	0	1	1	1	0.86	0.7576	0.36	0.1642	27	70	97	213	3	0	8	0	1	1	1	0.771667	0.703292	0.550833	0.156717	729	3537	4266
5006	8/1/2011	3	0	8	11	0	1	1	1	0.88	0.7727	0.32	0.1642	53	66	119	213	3	0	8	0	1	1	1	0.771667	0.703292	0.550833	0.156717	729	3537	4266
5007	8/1/2011	3	0	8	12	0	1	1	1	0.9	0.803	0.33	0.2537	53	115	168	213	3	0	8	0	1	1	1	0.771667	0.703292	0.550833	0.156717	729	3537	4266
5008	8/1/2011	3	0	8	13	0	1	1	1	0.9	0.803	0.31	0.2985	38	112	150	213	3	0	8	0	1	1	1	0.771667	0.703292	0.550833	0.156717	729	3537	4266
5009	8/1/2011	3	0	8	14	0	1	1	1	0.92	0.8182	0.29	0.194	37	86	123	213	3	0	8	0	1	1	1	0.771667	0.703292	0.550833	0.156717	729	3537	4266
5010	8/1/2011	3	0	8	15	0	1	1	1	0.9	0.7879	0.27	0	52	77	129	213	3	0	8	0	1	1	1	0.771667	0.703292	0.550833	0.156717	729	3537	4266
5011	8/1/2011	3	0	8	16	0	1	1	1	0.9	0.7879	0.27	0	34	197	231	213	3	0	8	0	1	1	1	0.771667	0.703292	0.550833	0.156717	729	3537	4266
5012	8/1/2011	3	0	8	17	0	1	1	1	0.76	0.6818	0.45	0.2985	69	445	514	213	3	0	8	0	1	1	1	0.771667	0.703292	0.550833	0.156717	729	3537	4266
5013	8/1/2011	3	0	8	18	0	1	1	1	0.78	0.697	0.43	0.194	68	475	543	213	3	0	8	0	1	1	1	0.771667	0.703292	0.550833	0.156717	729	3537	4266
5014	8/1/2011	3	0	8	19	0	1	1	1	0.74	0.6667	0.51	0.2239	63	350	413	213	3	0	8	0	1	1	1	0.771667	0.703292	0.550833	0.156717	729	3537	4266
5015	8/1/2011	3	0	8	20	0	1	1	1	0.72	0.6818	0.62	0.2239	49	256	305	213	3	0	8	0	1	1	1	0.771667	0.703292	0.550833	0.156717	729	3537	4266
5016	8/1/2011	3	0	8	21	0	1	1	1	0.7	0.6515	0.7	0.2537	42	178	220	213	3	0	8	0	1	1	1	0.771667	0.703292	0.550833	0.156717	729	3537	4266
5017	8/1/2011	3	0	8	22	0	1	1	1	0.7	0.6515	0.7	0.0896	21	116	137	213	3	0	8	0	1	1	1	0.771667	0.703292	0.550833	0.156717	729	3537	4266
5018	8/1/2011	3	0	8	23	0	1	1	1	0.68	0.6364	0.74	0.194	14	82	96	213	3	0	8	0	1	1	1	0.771667	0.703292	0.550833	0.156717	729	3537	4266
5019	8/2/2011	3	0	8	0	0	2	1	1	0.66	0.6212	0.74	0	11	18	29	214	3	0	8	0	2	1	1	0.783333	0.707071	0.49125	0.20585	801	4044	4845
5020	8/2/2011	3	0	8	1	0	2	1	1	0.66	0.6212	0.74	0.1045	4	8	12	214	3	0	8	0	2	1	1	0.783333	0.707071	0.49125	0.20585	801	4044	4845
5021	8/2/2011	3	0	8	2	0	2	1	1	0.68	0.6364	0.69	0	2	6	8	214	3	0	8	0	2	1	1	0.783333	0.707071	0.49125	0.20585	801	4044	4845
5022	8/2/2011	3	0	8	3	0	2	1	1	0.66	0.6212	0.74	0.194	0	5	5	214	3	0	8	0	2	1	1	0.783333	0.707071	0.49125	0.20585	801	4044	4845
5023	8/2/2011	3	0	8	4	0	2	1	1	0.66	0.6212	0.74	0.1045	0	10	10	214	3	0	8	0	2	1	1	0.783333	0.707071	0.49125	0.20585	801	4044	4845
5024	8/2/2011	3	0	8	5	0	2	1	1	0.66	0.6212	0.74	0.1343	4	17	21	214	3	0	8	0	2	1	1	0.783333	0.707071	0.49125	0.20585	801	4044	4845
5025	8/2/2011	3	0	8	6	0	2	1	1	0.68	0.6364	0.69	0.1045	12	105	117	214	3	0	8	0	2	1	1	0.783333	0.707071	0.49125	0.20585	801	4044	4845
5026	8/2/2011	3	0	8	7	0	2	1	1	0.72	0.6667	0.61	0.2836	15	320	335	214	3	0	8	0	2	1	1	0.783333	0.707071	0.49125	0.20585	801	4044	4845
5027	8/2/2011	3	0	8	8	0	2	1	1	0.74	0.6818	0.58	0.2836	37	398	435	214	3	0	8	0	2	1	1	0.783333	0.707071	0.49125	0.20585	801	4044	4845
5028	8/2/2011	3	0	8	9	0	2	1	1	0.78	0.697	0.46	0.2985	31	182	213	214	3	0	8	0	2	1	1	0.783333	0.707071	0.49125	0.20585	801	4044	4845
5029	8/2/2011	3	0	8	10	0	2	1	1	0.82	0.7273	0.36	0.2985	50	90	140	214	3	0	8	0	2	1	1	0.783333	0.707071	0.49125	0.20585	801	4044	4845
5030	8/2/2011	3	0	8	11	0	2	1	1	0.84	0.7273	0.32	0.4179	32	96	128	214	3	0	8	0	2	1	1	0.783333	0.707071	0.49125	0.20585	801	4044	4845
5031	8/2/2011	3	0	8	12	0	2	1	1	0.86	0.7424	0.3	0.2836	45	112	157	214	3	0	8	0	2	1	1	0.783333	0.707071	0.49125	0.20585	801	4044	4845
5032	8/2/2011	3	0	8	13	0	2	1	1	0.86	0.7424	0.3	0.2239	50	153	203	214	3	0	8	0	2	1	1	0.783333	0.707071	0.49125	0.20585	801	4044	4845
5033	8/2/2011	3	0	8	14	0	2	1	1	0.9	0.7727	0.25	0.2836	45	114	159	214	3	0	8	0	2	1	1	0.783333	0.707071	0.49125	0.20585	801	4044	4845
5034	8/2/2011	3	0	8	15	0	2	1	1	0.9	0.7727	0.25	0.2836	48	120	168	214	3	0	8	0	2	1	1	0.783333	0.707071	0.49125	0.20585	801	4044	4845
5035	8/2/2011	3	0	8	16	0	2	1	1	0.9	0.7727	0.25	0.2836	58	216	274	214	3	0	8	0	2	1	1	0.783333	0.707071	0.49125	0.20585	801	4044	4845
5036	8/2/2011	3	0	8	17	0	2	1	2	0.9	0.7879	0.27	0.1343	63	493	556	214	3	0	8	0	2	1	1	0.783333	0.707071	0.49125	0.20585	801	4044	4845
5037	8/2/2011	3	0	8	18	0	2	1	2	0.86	0.7576	0.34	0.194	65	491	556	214	3	0	8	0	2	1	1	0.783333	0.707071	0.49125	0.20585	801	4044	4845
5038	8/2/2011	3	0	8	19	0	2	1	2	0.86	0.7576	0.36	0.2239	85	369	454	214	3	0	8	0	2	1	1	0.783333	0.707071	0.49125	0.20585	801	4044	4845
5039	8/2/2011	3	0	8	20	0	2	1	2	0.82	0.7576	0.46	0.2537	40	248	288	214	3	0	8	0	2	1	1	0.783333	0.707071	0.49125	0.20585	801	4044	4845
5040	8/2/2011	3	0	8	21	0	2	1	1	0.8	0.7424	0.52	0.2239	53	201	254	214	3	0	8	0	2	1	1	0.783333	0.707071	0.49125	0.20585	801	4044	4845
5041	8/2/2011	3	0	8	22	0	2	1	2	0.78	0.7424	0.59	0.1642	22	169	191	214	3	0	8	0	2	1	1	0.783333	0.707071	0.49125	0.20585	801	4044	4845
5042	8/2/2011	3	0	8	23	0	2	1	2	0.8	0.7424	0.49	0.1642	29	103	132	214	3	0	8	0	2	1	1	0.783333	0.707071	0.49125	0.20585	801	4044	4845
5043	8/3/2011	3	0	8	0	0	3	1	2	0.8	0.7424	0.49	0.1642	11	32	43	215	3	0	8	0	3	1	2	0.731667	0.679937	0.6575	0.135583	467	3107	3574
5044	8/3/2011	3	0	8	1	0	3	1	2	0.78	0.7121	0.52	0.1642	7	9	16	215	3	0	8	0	3	1	2	0.731667	0.679937	0.6575	0.135583	467	3107	3574
5045	8/3/2011	3	0	8	2	0	3	1	2	0.78	0.7121	0.49	0.1642	2	9	11	215	3	0	8	0	3	1	2	0.731667	0.679937	0.6575	0.135583	467	3107	3574
5046	8/3/2011	3	0	8	3	0	3	1	2	0.76	0.697	0.55	0.0896	0	4	4	215	3	0	8	0	3	1	2	0.731667	0.679937	0.6575	0.135583	467	3107	3574
5047	8/3/2011	3	0	8	4	0	3	1	2	0.76	0.697	0.52	0.1642	0	7	7	215	3	0	8	0	3	1	2	0.731667	0.679937	0.6575	0.135583	467	3107	3574
5048	8/3/2011	3	0	8	5	0	3	1	2	0.76	0.697	0.55	0.0896	2	22	24	215	3	0	8	0	3	1	2	0.731667	0.679937	0.6575	0.135583	467	3107	3574
5049	8/3/2011	3	0	8	6	0	3	1	3	0.72	0.6818	0.66	0.4925	9	101	110	215	3	0	8	0	3	1	2	0.731667	0.679937	0.6575	0.135583	467	3107	3574
5050	8/3/2011	3	0	8	7	0	3	1	2	0.74	0.6667	0.51	0.2239	19	252	271	215	3	0	8	0	3	1	2	0.731667	0.679937	0.6575	0.135583	467	3107	3574
5051	8/3/2011	3	0	8	8	0	3	1	2	0.74	0.6667	0.51	0.1642	29	408	437	215	3	0	8	0	3	1	2	0.731667	0.679937	0.6575	0.135583	467	3107	3574
5052	8/3/2011	3	0	8	9	0	3	1	2	0.74	0.6818	0.55	0.194	23	172	195	215	3	0	8	0	3	1	2	0.731667	0.679937	0.6575	0.135583	467	3107	3574
5053	8/3/2011	3	0	8	10	0	3	1	3	0.74	0.6818	0.58	0.0896	9	59	68	215	3	0	8	0	3	1	2	0.731667	0.679937	0.6575	0.135583	467	3107	3574
5054	8/3/2011	3	0	8	11	0	3	1	2	0.74	0.6818	0.58	0.1045	29	93	122	215	3	0	8	0	3	1	2	0.731667	0.679937	0.6575	0.135583	467	3107	3574
5055	8/3/2011	3	0	8	12	0	3	1	3	0.76	0.697	0.55	0.1343	19	142	161	215	3	0	8	0	3	1	2	0.731667	0.679937	0.6575	0.135583	467	3107	3574
5056	8/3/2011	3	0	8	13	0	3	1	2	0.76	0.7121	0.58	0.2239	37	107	144	215	3	0	8	0	3	1	2	0.731667	0.679937	0.6575	0.135583	467	3107	3574
5057	8/3/2011	3	0	8	14	0	3	1	2	0.76	0.7121	0.58	0.2239	43	104	147	215	3	0	8	0	3	1	2	0.731667	0.679937	0.6575	0.135583	467	3107	3574
5058	8/3/2011	3	0	8	15	0	3	1	2	0.7	0.6667	0.79	0.1343	31	87	118	215	3	0	8	0	3	1	2	0.731667	0.679937	0.6575	0.135583	467	3107	3574
5059	8/3/2011	3	0	8	16	0	3	1	3	0.68	0.6364	0.79	0	21	129	150	215	3	0	8	0	3	1	2	0.731667	0.679937	0.6575	0.135583	467	3107	3574
5060	8/3/2011	3	0	8	17	0	3	1	2	0.7	0.6667	0.79	0	47	378	425	215	3	0	8	0	3	1	2	0.731667	0.679937	0.6575	0.135583	467	3107	3574
5061	8/3/2011	3	0	8	18	0	3	1	3	0.7	0.6667	0.84	0	49	443	492	215	3	0	8	0	3	1	2	0.731667	0.679937	0.6575	0.135583	467	3107	3574
5062	8/3/2011	3	0	8	19	0	3	1	3	0.7	0.6667	0.84	0	51	270	321	215	3	0	8	0	3	1	2	0.731667	0.679937	0.6575	0.135583	467	3107	3574
5063	8/3/2011	3	0	8	20	0	3	1	3	0.7	0.6667	0.84	0.1045	7	80	87	215	3	0	8	0	3	1	2	0.731667	0.679937	0.6575	0.135583	467	3107	3574
5064	8/3/2011	3	0	8	21	0	3	1	2	0.68	0.6364	0.89	0.1343	7	81	88	215	3	0	8	0	3	1	2	0.731667	0.679937	0.6575	0.135583	467	3107	3574
5065	8/3/2011	3	0	8	22	0	3	1	3	0.68	0.6364	0.89	0.1045	11	66	77	215	3	0	8	0	3	1	2	0.731667	0.679937	0.6575	0.135583	467	3107	3574
5066	8/3/2011	3	0	8	23	0	3	1	2	0.68	0.6364	0.89	0.0896	4	52	56	215	3	0	8	0	3	1	2	0.731667	0.679937	0.6575	0.135583	467	3107	3574
5067	8/4/2011	3	0	8	0	0	4	1	2	0.68	0.6364	0.89	0.0896	2	15	17	216	3	0	8	0	4	1	2	0.71	0.664788	0.7575	0.19715	799	3777	4576
5068	8/4/2011	3	0	8	1	0	4	1	2	0.66	0.5909	0.94	0.0896	3	14	17	216	3	0	8	0	4	1	2	0.71	0.664788	0.7575	0.19715	799	3777	4576
5069	8/4/2011	3	0	8	2	0	4	1	2	0.66	0.5909	0.94	0.0896	2	5	7	216	3	0	8	0	4	1	2	0.71	0.664788	0.7575	0.19715	799	3777	4576
5070	8/4/2011	3	0	8	3	0	4	1	3	0.66	0.5909	0.94	0.0896	0	3	3	216	3	0	8	0	4	1	2	0.71	0.664788	0.7575	0.19715	799	3777	4576
5071	8/4/2011	3	0	8	4	0	4	1	2	0.68	0.6364	0.89	0	0	7	7	216	3	0	8	0	4	1	2	0.71	0.664788	0.7575	0.19715	799	3777	4576
5072	8/4/2011	3	0	8	5	0	4	1	2	0.68	0.6364	0.89	0	3	17	20	216	3	0	8	0	4	1	2	0.71	0.664788	0.7575	0.19715	799	3777	4576
5073	8/4/2011	3	0	8	6	0	4	1	2	0.68	0.6364	0.89	0.2985	7	90	97	216	3	0	8	0	4	1	2	0.71	0.664788	0.7575	0.19715	799	3777	4576
5074	8/4/2011	3	0	8	7	0	4	1	2	0.68	0.6364	0.89	0.2985	11	271	282	216	3	0	8	0	4	1	2	0.71	0.664788	0.7575	0.19715	799	3777	4576
5075	8/4/2011	3	0	8	8	0	4	1	2	0.7	0.6515	0.82	0.3582	29	369	398	216	3	0	8	0	4	1	2	0.71	0.664788	0.7575	0.19715	799	3777	4576
5076	8/4/2011	3	0	8	9	0	4	1	1	0.72	0.697	0.74	0.3284	25	162	187	216	3	0	8	0	4	1	2	0.71	0.664788	0.7575	0.19715	799	3777	4576
5077	8/4/2011	3	0	8	10	0	4	1	1	0.72	0.6667	0.71	0.2985	24	89	113	216	3	0	8	0	4	1	2	0.71	0.664788	0.7575	0.19715	799	3777	4576
5078	8/4/2011	3	0	8	11	0	4	1	2	0.74	0.697	0.66	0.2239	37	112	149	216	3	0	8	0	4	1	2	0.71	0.664788	0.7575	0.19715	799	3777	4576
5079	8/4/2011	3	0	8	12	0	4	1	2	0.76	0.7121	0.62	0.2239	53	152	205	216	3	0	8	0	4	1	2	0.71	0.664788	0.7575	0.19715	799	3777	4576
5080	8/4/2011	3	0	8	13	0	4	1	1	0.76	0.7121	0.58	0	63	142	205	216	3	0	8	0	4	1	2	0.71	0.664788	0.7575	0.19715	799	3777	4576
5081	8/4/2011	3	0	8	14	0	4	1	1	0.8	0.7576	0.55	0.1642	53	114	167	216	3	0	8	0	4	1	2	0.71	0.664788	0.7575	0.19715	799	3777	4576
5082	8/4/2011	3	0	8	15	0	4	1	1	0.8	0.7576	0.55	0.2537	50	115	165	216	3	0	8	0	4	1	2	0.71	0.664788	0.7575	0.19715	799	3777	4576
5083	8/4/2011	3	0	8	16	0	4	1	1	0.76	0.7121	0.62	0.3284	70	220	290	216	3	0	8	0	4	1	2	0.71	0.664788	0.7575	0.19715	799	3777	4576
5084	8/4/2011	3	0	8	17	0	4	1	1	0.76	0.7121	0.62	0.3284	91	464	555	216	3	0	8	0	4	1	2	0.71	0.664788	0.7575	0.19715	799	3777	4576
5085	8/4/2011	3	0	8	18	0	4	1	1	0.7	0.6667	0.74	0.2985	88	435	523	216	3	0	8	0	4	1	2	0.71	0.664788	0.7575	0.19715	799	3777	4576
5086	8/4/2011	3	0	8	19	0	4	1	1	0.7	0.6667	0.74	0.2836	65	301	366	216	3	0	8	0	4	1	2	0.71	0.664788	0.7575	0.19715	799	3777	4576
5087	8/4/2011	3	0	8	20	0	4	1	2	0.7	0.6667	0.74	0.194	41	245	286	216	3	0	8	0	4	1	2	0.71	0.664788	0.7575	0.19715	799	3777	4576
5088	8/4/2011	3	0	8	21	0	4	1	2	0.7	0.6667	0.74	0.194	25	186	211	216	3	0	8	0	4	1	2	0.71	0.664788	0.7575	0.19715	799	3777	4576
5089	8/4/2011	3	0	8	22	0	4	1	1	0.68	0.6364	0.74	0.194	33	141	174	216	3	0	8	0	4	1	2	0.71	0.664788	0.7575	0.19715	799	3777	4576
5090	8/4/2011	3	0	8	23	0	4	1	1	0.66	0.6212	0.74	0.1045	24	108	132	216	3	0	8	0	4	1	2	0.71	0.664788	0.7575	0.19715	799	3777	4576
5091	8/5/2011	3	0	8	0	0	5	1	1	0.66	0.6212	0.74	0.1045	13	41	54	217	3	0	8	0	5	1	1	0.710833	0.656567	0.630833	0.184696	1023	3843	4866
5092	8/5/2011	3	0	8	1	0	5	1	1	0.64	0.5909	0.78	0.0896	3	16	19	217	3	0	8	0	5	1	1	0.710833	0.656567	0.630833	0.184696	1023	3843	4866
5093	8/5/2011	3	0	8	2	0	5	1	1	0.66	0.6212	0.69	0	5	14	19	217	3	0	8	0	5	1	1	0.710833	0.656567	0.630833	0.184696	1023	3843	4866
5094	8/5/2011	3	0	8	3	0	5	1	1	0.64	0.5909	0.78	0.0896	0	6	6	217	3	0	8	0	5	1	1	0.710833	0.656567	0.630833	0.184696	1023	3843	4866
5095	8/5/2011	3	0	8	4	0	5	1	1	0.64	0.5909	0.78	0.1343	1	6	7	217	3	0	8	0	5	1	1	0.710833	0.656567	0.630833	0.184696	1023	3843	4866
5096	8/5/2011	3	0	8	5	0	5	1	1	0.64	0.5909	0.78	0.0896	0	16	16	217	3	0	8	0	5	1	1	0.710833	0.656567	0.630833	0.184696	1023	3843	4866
5097	8/5/2011	3	0	8	6	0	5	1	1	0.64	0.5909	0.78	0.1343	7	94	101	217	3	0	8	0	5	1	1	0.710833	0.656567	0.630833	0.184696	1023	3843	4866
5098	8/5/2011	3	0	8	7	0	5	1	1	0.66	0.6061	0.78	0.1343	23	247	270	217	3	0	8	0	5	1	1	0.710833	0.656567	0.630833	0.184696	1023	3843	4866
5099	8/5/2011	3	0	8	8	0	5	1	1	0.7	0.6515	0.65	0.2239	39	415	454	217	3	0	8	0	5	1	1	0.710833	0.656567	0.630833	0.184696	1023	3843	4866
5100	8/5/2011	3	0	8	9	0	5	1	1	0.72	0.6667	0.58	0.1045	43	183	226	217	3	0	8	0	5	1	1	0.710833	0.656567	0.630833	0.184696	1023	3843	4866
5101	8/5/2011	3	0	8	10	0	5	1	1	0.74	0.6818	0.55	0.1343	50	113	163	217	3	0	8	0	5	1	1	0.710833	0.656567	0.630833	0.184696	1023	3843	4866
5102	8/5/2011	3	0	8	11	0	5	1	2	0.76	0.697	0.52	0.2537	44	103	147	217	3	0	8	0	5	1	1	0.710833	0.656567	0.630833	0.184696	1023	3843	4866
5103	8/5/2011	3	0	8	12	0	5	1	1	0.76	0.697	0.52	0.2537	57	159	216	217	3	0	8	0	5	1	1	0.710833	0.656567	0.630833	0.184696	1023	3843	4866
5104	8/5/2011	3	0	8	13	0	5	1	1	0.78	0.7121	0.52	0.2537	40	164	204	217	3	0	8	0	5	1	1	0.710833	0.656567	0.630833	0.184696	1023	3843	4866
5105	8/5/2011	3	0	8	14	0	5	1	2	0.78	0.7121	0.52	0.2537	81	164	245	217	3	0	8	0	5	1	1	0.710833	0.656567	0.630833	0.184696	1023	3843	4866
5106	8/5/2011	3	0	8	15	0	5	1	1	0.76	0.697	0.55	0.2537	50	160	210	217	3	0	8	0	5	1	1	0.710833	0.656567	0.630833	0.184696	1023	3843	4866
5107	8/5/2011	3	0	8	16	0	5	1	1	0.8	0.7424	0.49	0.2537	76	254	330	217	3	0	8	0	5	1	1	0.710833	0.656567	0.630833	0.184696	1023	3843	4866
5108	8/5/2011	3	0	8	17	0	5	1	1	0.78	0.7121	0.49	0.2985	84	466	550	217	3	0	8	0	5	1	1	0.710833	0.656567	0.630833	0.184696	1023	3843	4866
5109	8/5/2011	3	0	8	18	0	5	1	1	0.76	0.697	0.52	0.2537	105	361	466	217	3	0	8	0	5	1	1	0.710833	0.656567	0.630833	0.184696	1023	3843	4866
5110	8/5/2011	3	0	8	19	0	5	1	1	0.74	0.6818	0.55	0.2537	90	282	372	217	3	0	8	0	5	1	1	0.710833	0.656567	0.630833	0.184696	1023	3843	4866
5111	8/5/2011	3	0	8	20	0	5	1	1	0.72	0.6667	0.58	0.2239	70	221	291	217	3	0	8	0	5	1	1	0.710833	0.656567	0.630833	0.184696	1023	3843	4866
5112	8/5/2011	3	0	8	21	0	5	1	1	0.7	0.6515	0.65	0.194	54	119	173	217	3	0	8	0	5	1	1	0.710833	0.656567	0.630833	0.184696	1023	3843	4866
5113	8/5/2011	3	0	8	22	0	5	1	1	0.7	0.6515	0.65	0.2239	51	137	188	217	3	0	8	0	5	1	1	0.710833	0.656567	0.630833	0.184696	1023	3843	4866
5114	8/5/2011	3	0	8	23	0	5	1	1	0.68	0.6364	0.69	0.2239	37	102	139	217	3	0	8	0	5	1	1	0.710833	0.656567	0.630833	0.184696	1023	3843	4866
5115	8/6/2011	3	0	8	0	0	6	0	1	0.66	0.6061	0.78	0.194	29	104	133	218	3	0	8	0	6	0	2	0.716667	0.676154	0.755	0.22825	1521	2773	4294
5116	8/6/2011	3	0	8	1	0	6	0	1	0.66	0.6061	0.78	0.1642	17	50	67	218	3	0	8	0	6	0	2	0.716667	0.676154	0.755	0.22825	1521	2773	4294
5117	8/6/2011	3	0	8	2	0	6	0	1	0.66	0.6061	0.78	0.2239	14	39	53	218	3	0	8	0	6	0	2	0.716667	0.676154	0.755	0.22825	1521	2773	4294
5118	8/6/2011	3	0	8	3	0	6	0	2	0.66	0.6061	0.78	0.1642	14	28	42	218	3	0	8	0	6	0	2	0.716667	0.676154	0.755	0.22825	1521	2773	4294
5119	8/6/2011	3	0	8	4	0	6	0	2	0.66	0.6061	0.83	0.1642	5	5	10	218	3	0	8	0	6	0	2	0.716667	0.676154	0.755	0.22825	1521	2773	4294
5120	8/6/2011	3	0	8	5	0	6	0	1	0.64	0.5758	0.89	0.0896	2	4	6	218	3	0	8	0	6	0	2	0.716667	0.676154	0.755	0.22825	1521	2773	4294
5121	8/6/2011	3	0	8	6	0	6	0	1	0.64	0.5758	0.89	0.1045	5	22	27	218	3	0	8	0	6	0	2	0.716667	0.676154	0.755	0.22825	1521	2773	4294
5122	8/6/2011	3	0	8	7	0	6	0	1	0.68	0.6364	0.83	0.1642	14	49	63	218	3	0	8	0	6	0	2	0.716667	0.676154	0.755	0.22825	1521	2773	4294
5123	8/6/2011	3	0	8	8	0	6	0	1	0.68	0.6364	0.83	0.1642	27	94	121	218	3	0	8	0	6	0	2	0.716667	0.676154	0.755	0.22825	1521	2773	4294
5124	8/6/2011	3	0	8	9	0	6	0	1	0.74	0.697	0.7	0.2239	60	155	215	218	3	0	8	0	6	0	2	0.716667	0.676154	0.755	0.22825	1521	2773	4294
5125	8/6/2011	3	0	8	10	0	6	0	2	0.74	0.697	0.7	0.2836	91	199	290	218	3	0	8	0	6	0	2	0.716667	0.676154	0.755	0.22825	1521	2773	4294
5126	8/6/2011	3	0	8	11	0	6	0	1	0.78	0.7424	0.62	0.2239	138	211	349	218	3	0	8	0	6	0	2	0.716667	0.676154	0.755	0.22825	1521	2773	4294
5127	8/6/2011	3	0	8	12	0	6	0	1	0.8	0.7576	0.55	0.2239	130	252	382	218	3	0	8	0	6	0	2	0.716667	0.676154	0.755	0.22825	1521	2773	4294
5128	8/6/2011	3	0	8	13	0	6	0	2	0.8	0.7727	0.59	0.3284	176	265	441	218	3	0	8	0	6	0	2	0.716667	0.676154	0.755	0.22825	1521	2773	4294
5129	8/6/2011	3	0	8	14	0	6	0	1	0.82	0.7727	0.52	0.2537	176	204	380	218	3	0	8	0	6	0	2	0.716667	0.676154	0.755	0.22825	1521	2773	4294
5130	8/6/2011	3	0	8	15	0	6	0	2	0.84	0.803	0.53	0.2537	130	232	362	218	3	0	8	0	6	0	2	0.716667	0.676154	0.755	0.22825	1521	2773	4294
5131	8/6/2011	3	0	8	16	0	6	0	3	0.74	0.7121	0.79	0.1642	155	188	343	218	3	0	8	0	6	0	2	0.716667	0.676154	0.755	0.22825	1521	2773	4294
5132	8/6/2011	3	0	8	17	0	6	0	3	0.74	0.7121	0.79	0.1642	61	88	149	218	3	0	8	0	6	0	2	0.716667	0.676154	0.755	0.22825	1521	2773	4294
5133	8/6/2011	3	0	8	18	0	6	0	2	0.72	0.697	0.79	0.4478	81	130	211	218	3	0	8	0	6	0	2	0.716667	0.676154	0.755	0.22825	1521	2773	4294
5134	8/6/2011	3	0	8	19	0	6	0	3	0.72	0.7121	0.84	0.2537	57	114	171	218	3	0	8	0	6	0	2	0.716667	0.676154	0.755	0.22825	1521	2773	4294
5135	8/6/2011	3	0	8	20	0	6	0	3	0.72	0.697	0.79	0.2836	58	79	137	218	3	0	8	0	6	0	2	0.716667	0.676154	0.755	0.22825	1521	2773	4294
5136	8/6/2011	3	0	8	21	0	6	0	2	0.7	0.6667	0.84	0.3284	28	86	114	218	3	0	8	0	6	0	2	0.716667	0.676154	0.755	0.22825	1521	2773	4294
5137	8/6/2011	3	0	8	22	0	6	0	2	0.7	0.6667	0.84	0.3284	24	96	120	218	3	0	8	0	6	0	2	0.716667	0.676154	0.755	0.22825	1521	2773	4294
5138	8/6/2011	3	0	8	23	0	6	0	3	0.7	0.6667	0.84	0.2836	29	79	108	218	3	0	8	0	6	0	2	0.716667	0.676154	0.755	0.22825	1521	2773	4294
5139	8/7/2011	3	0	8	0	0	0	0	2	0.7	0.6667	0.84	0.2836	14	66	80	219	3	0	8	0	0	0	1	0.7425	0.715292	0.752917	0.201487	1298	2487	3785
5140	8/7/2011	3	0	8	1	0	0	0	2	0.7	0.6667	0.84	0.2537	10	63	73	219	3	0	8	0	0	0	1	0.7425	0.715292	0.752917	0.201487	1298	2487	3785
5141	8/7/2011	3	0	8	2	0	0	0	2	0.7	0.6667	0.84	0.2239	18	48	66	219	3	0	8	0	0	0	1	0.7425	0.715292	0.752917	0.201487	1298	2487	3785
5142	8/7/2011	3	0	8	3	0	0	0	2	0.7	0.6667	0.84	0.1343	9	23	32	219	3	0	8	0	0	0	1	0.7425	0.715292	0.752917	0.201487	1298	2487	3785
5143	8/7/2011	3	0	8	4	0	0	0	1	0.7	0.6667	0.84	0.1343	1	5	6	219	3	0	8	0	0	0	1	0.7425	0.715292	0.752917	0.201487	1298	2487	3785
5144	8/7/2011	3	0	8	5	0	0	0	1	0.7	0.6667	0.89	0.194	1	4	5	219	3	0	8	0	0	0	1	0.7425	0.715292	0.752917	0.201487	1298	2487	3785
5145	8/7/2011	3	0	8	6	0	0	0	1	0.7	0.6667	0.89	0.1642	3	10	13	219	3	0	8	0	0	0	1	0.7425	0.715292	0.752917	0.201487	1298	2487	3785
5146	8/7/2011	3	0	8	7	0	0	0	1	0.7	0.6667	0.84	0.194	11	28	39	219	3	0	8	0	0	0	1	0.7425	0.715292	0.752917	0.201487	1298	2487	3785
5147	8/7/2011	3	0	8	8	0	0	0	1	0.72	0.697	0.79	0.194	23	66	89	219	3	0	8	0	0	0	1	0.7425	0.715292	0.752917	0.201487	1298	2487	3785
5148	8/7/2011	3	0	8	9	0	0	0	1	0.76	0.7424	0.75	0.1045	82	102	184	219	3	0	8	0	0	0	1	0.7425	0.715292	0.752917	0.201487	1298	2487	3785
5149	8/7/2011	3	0	8	10	0	0	0	1	0.8	0.803	0.66	0.1343	88	178	266	219	3	0	8	0	0	0	1	0.7425	0.715292	0.752917	0.201487	1298	2487	3785
5150	8/7/2011	3	0	8	11	0	0	0	1	0.82	0.8333	0.63	0	113	156	269	219	3	0	8	0	0	0	1	0.7425	0.715292	0.752917	0.201487	1298	2487	3785
5151	8/7/2011	3	0	8	12	0	0	0	1	0.9	0.8485	0.42	0.2985	161	209	370	219	3	0	8	0	0	0	1	0.7425	0.715292	0.752917	0.201487	1298	2487	3785
5152	8/7/2011	3	0	8	13	0	0	0	1	0.9	0.8485	0.42	0.2985	118	206	324	219	3	0	8	0	0	0	1	0.7425	0.715292	0.752917	0.201487	1298	2487	3785
5153	8/7/2011	3	0	8	14	0	0	0	1	0.86	0.803	0.47	0.194	130	192	322	219	3	0	8	0	0	0	1	0.7425	0.715292	0.752917	0.201487	1298	2487	3785
5154	8/7/2011	3	0	8	15	0	0	0	3	0.72	0.697	0.74	0.2985	118	208	326	219	3	0	8	0	0	0	1	0.7425	0.715292	0.752917	0.201487	1298	2487	3785
5155	8/7/2011	3	0	8	16	0	0	0	3	0.72	0.697	0.74	0.2985	74	119	193	219	3	0	8	0	0	0	1	0.7425	0.715292	0.752917	0.201487	1298	2487	3785
5156	8/7/2011	3	0	8	17	0	0	0	3	0.74	0.7121	0.74	0.6418	63	131	194	219	3	0	8	0	0	0	1	0.7425	0.715292	0.752917	0.201487	1298	2487	3785
5157	8/7/2011	3	0	8	18	0	0	0	1	0.72	0.697	0.74	0.0896	74	155	229	219	3	0	8	0	0	0	1	0.7425	0.715292	0.752917	0.201487	1298	2487	3785
5158	8/7/2011	3	0	8	19	0	0	0	1	0.72	0.697	0.79	0.1642	68	160	228	219	3	0	8	0	0	0	1	0.7425	0.715292	0.752917	0.201487	1298	2487	3785
5159	8/7/2011	3	0	8	20	0	0	0	1	0.72	0.7121	0.84	0.1343	50	133	183	219	3	0	8	0	0	0	1	0.7425	0.715292	0.752917	0.201487	1298	2487	3785
5160	8/7/2011	3	0	8	21	0	0	0	1	0.72	0.7121	0.84	0.1045	36	100	136	219	3	0	8	0	0	0	1	0.7425	0.715292	0.752917	0.201487	1298	2487	3785
5161	8/7/2011	3	0	8	22	0	0	0	1	0.7	0.6667	0.89	0.194	21	82	103	219	3	0	8	0	0	0	1	0.7425	0.715292	0.752917	0.201487	1298	2487	3785
5162	8/7/2011	3	0	8	23	0	0	0	1	0.7	0.6667	0.79	0.1045	12	43	55	219	3	0	8	0	0	0	1	0.7425	0.715292	0.752917	0.201487	1298	2487	3785
5163	8/8/2011	3	0	8	0	0	1	1	1	0.7	0.6667	0.79	0.1045	13	17	30	220	3	0	8	0	1	1	1	0.765	0.703283	0.592083	0.192175	846	3480	4326
5164	8/8/2011	3	0	8	1	0	1	1	1	0.68	0.6364	0.83	0.1343	4	8	12	220	3	0	8	0	1	1	1	0.765	0.703283	0.592083	0.192175	846	3480	4326
5165	8/8/2011	3	0	8	2	0	1	1	1	0.66	0.5909	0.89	0	4	3	7	220	3	0	8	0	1	1	1	0.765	0.703283	0.592083	0.192175	846	3480	4326
5166	8/8/2011	3	0	8	3	0	1	1	1	0.66	0.5909	0.89	0	1	0	1	220	3	0	8	0	1	1	1	0.765	0.703283	0.592083	0.192175	846	3480	4326
5167	8/8/2011	3	0	8	4	0	1	1	1	0.66	0.5909	0.89	0.1045	2	8	10	220	3	0	8	0	1	1	1	0.765	0.703283	0.592083	0.192175	846	3480	4326
5168	8/8/2011	3	0	8	5	0	1	1	1	0.7	0.6667	0.79	0.0896	1	14	15	220	3	0	8	0	1	1	1	0.765	0.703283	0.592083	0.192175	846	3480	4326
5169	8/8/2011	3	0	8	6	0	1	1	1	0.7	0.6515	0.65	0.2836	8	87	95	220	3	0	8	0	1	1	1	0.765	0.703283	0.592083	0.192175	846	3480	4326
5170	8/8/2011	3	0	8	7	0	1	1	1	0.72	0.6818	0.62	0.2985	18	249	267	220	3	0	8	0	1	1	1	0.765	0.703283	0.592083	0.192175	846	3480	4326
5171	8/8/2011	3	0	8	8	0	1	1	1	0.74	0.6818	0.58	0.3284	29	320	349	220	3	0	8	0	1	1	1	0.765	0.703283	0.592083	0.192175	846	3480	4326
5172	8/8/2011	3	0	8	9	0	1	1	1	0.76	0.697	0.55	0.3881	37	146	183	220	3	0	8	0	1	1	1	0.765	0.703283	0.592083	0.192175	846	3480	4326
5173	8/8/2011	3	0	8	10	0	1	1	1	0.8	0.7424	0.52	0.3881	62	62	124	220	3	0	8	0	1	1	1	0.765	0.703283	0.592083	0.192175	846	3480	4326
5174	8/8/2011	3	0	8	11	0	1	1	1	0.82	0.7424	0.48	0.3582	90	89	179	220	3	0	8	0	1	1	1	0.765	0.703283	0.592083	0.192175	846	3480	4326
5175	8/8/2011	3	0	8	12	0	1	1	1	0.82	0.7576	0.46	0.2537	48	134	182	220	3	0	8	0	1	1	1	0.765	0.703283	0.592083	0.192175	846	3480	4326
5176	8/8/2011	3	0	8	13	0	1	1	1	0.84	0.7576	0.44	0.2985	43	108	151	220	3	0	8	0	1	1	1	0.765	0.703283	0.592083	0.192175	846	3480	4326
5177	8/8/2011	3	0	8	14	0	1	1	1	0.82	0.7424	0.43	0.2985	41	109	150	220	3	0	8	0	1	1	1	0.765	0.703283	0.592083	0.192175	846	3480	4326
5178	8/8/2011	3	0	8	15	0	1	1	1	0.84	0.7576	0.41	0.2985	40	86	126	220	3	0	8	0	1	1	1	0.765	0.703283	0.592083	0.192175	846	3480	4326
5179	8/8/2011	3	0	8	16	0	1	1	1	0.86	0.7727	0.39	0.2836	64	218	282	220	3	0	8	0	1	1	1	0.765	0.703283	0.592083	0.192175	846	3480	4326
5180	8/8/2011	3	0	8	17	0	1	1	1	0.86	0.7727	0.39	0.1642	67	460	527	220	3	0	8	0	1	1	1	0.765	0.703283	0.592083	0.192175	846	3480	4326
5181	8/8/2011	3	0	8	18	0	1	1	1	0.84	0.7576	0.41	0.1343	64	465	529	220	3	0	8	0	1	1	1	0.765	0.703283	0.592083	0.192175	846	3480	4326
5182	8/8/2011	3	0	8	19	0	1	1	1	0.82	0.7424	0.43	0.1045	64	352	416	220	3	0	8	0	1	1	1	0.765	0.703283	0.592083	0.192175	846	3480	4326
5183	8/8/2011	3	0	8	20	0	1	1	1	0.8	0.7576	0.55	0	71	215	286	220	3	0	8	0	1	1	1	0.765	0.703283	0.592083	0.192175	846	3480	4326
5184	8/8/2011	3	0	8	21	0	1	1	1	0.76	0.7121	0.58	0.0896	30	156	186	220	3	0	8	0	1	1	1	0.765	0.703283	0.592083	0.192175	846	3480	4326
5185	8/8/2011	3	0	8	22	0	1	1	1	0.76	0.7121	0.58	0.1045	26	121	147	220	3	0	8	0	1	1	1	0.765	0.703283	0.592083	0.192175	846	3480	4326
5186	8/8/2011	3	0	8	23	0	1	1	1	0.74	0.697	0.66	0.1045	19	53	72	220	3	0	8	0	1	1	1	0.765	0.703283	0.592083	0.192175	846	3480	4326
5187	8/9/2011	3	0	8	0	0	2	1	1	0.72	0.697	0.79	0.1343	10	25	35	221	3	0	8	0	2	1	1	0.775	0.724121	0.570417	0.151121	907	3695	4602
5188	8/9/2011	3	0	8	1	0	2	1	1	0.72	0.6818	0.66	0	5	9	14	221	3	0	8	0	2	1	1	0.775	0.724121	0.570417	0.151121	907	3695	4602
5189	8/9/2011	3	0	8	2	0	2	1	1	0.72	0.6818	0.7	0	9	3	12	221	3	0	8	0	2	1	1	0.775	0.724121	0.570417	0.151121	907	3695	4602
5190	8/9/2011	3	0	8	3	0	2	1	1	0.72	0.6818	0.62	0	0	3	3	221	3	0	8	0	2	1	1	0.775	0.724121	0.570417	0.151121	907	3695	4602
5191	8/9/2011	3	0	8	4	0	2	1	1	0.7	0.6667	0.74	0	1	6	7	221	3	0	8	0	2	1	1	0.775	0.724121	0.570417	0.151121	907	3695	4602
5192	8/9/2011	3	0	8	5	0	2	1	1	0.7	0.6515	0.65	0.0896	5	25	30	221	3	0	8	0	2	1	1	0.775	0.724121	0.570417	0.151121	907	3695	4602
5193	8/9/2011	3	0	8	6	0	2	1	1	0.72	0.6667	0.64	0	6	95	101	221	3	0	8	0	2	1	1	0.775	0.724121	0.570417	0.151121	907	3695	4602
5194	8/9/2011	3	0	8	7	0	2	1	1	0.72	0.697	0.74	0.1045	30	313	343	221	3	0	8	0	2	1	1	0.775	0.724121	0.570417	0.151121	907	3695	4602
5195	8/9/2011	3	0	8	8	0	2	1	1	0.74	0.697	0.66	0	40	352	392	221	3	0	8	0	2	1	1	0.775	0.724121	0.570417	0.151121	907	3695	4602
5196	8/9/2011	3	0	8	9	0	2	1	2	0.78	0.7424	0.62	0.1343	34	141	175	221	3	0	8	0	2	1	1	0.775	0.724121	0.570417	0.151121	907	3695	4602
5197	8/9/2011	3	0	8	10	0	2	1	2	0.8	0.7727	0.59	0.2239	55	89	144	221	3	0	8	0	2	1	1	0.775	0.724121	0.570417	0.151121	907	3695	4602
5198	8/9/2011	3	0	8	11	0	2	1	1	0.8	0.7727	0.59	0.2239	61	88	149	221	3	0	8	0	2	1	1	0.775	0.724121	0.570417	0.151121	907	3695	4602
5199	8/9/2011	3	0	8	12	0	2	1	1	0.82	0.7879	0.56	0.194	60	125	185	221	3	0	8	0	2	1	1	0.775	0.724121	0.570417	0.151121	907	3695	4602
5200	8/9/2011	3	0	8	13	0	2	1	1	0.84	0.7879	0.49	0.1642	48	127	175	221	3	0	8	0	2	1	1	0.775	0.724121	0.570417	0.151121	907	3695	4602
5201	8/9/2011	3	0	8	14	0	2	1	1	0.86	0.7879	0.44	0.2836	53	95	148	221	3	0	8	0	2	1	1	0.775	0.724121	0.570417	0.151121	907	3695	4602
5202	8/9/2011	3	0	8	15	0	2	1	1	0.86	0.7727	0.39	0.2836	58	106	164	221	3	0	8	0	2	1	1	0.775	0.724121	0.570417	0.151121	907	3695	4602
5203	8/9/2011	3	0	8	16	0	2	1	1	0.86	0.7727	0.39	0.2985	57	228	285	221	3	0	8	0	2	1	1	0.775	0.724121	0.570417	0.151121	907	3695	4602
5204	8/9/2011	3	0	8	17	0	2	1	1	0.8	0.7576	0.55	0.1642	79	453	532	221	3	0	8	0	2	1	1	0.775	0.724121	0.570417	0.151121	907	3695	4602
5205	8/9/2011	3	0	8	18	0	2	1	1	0.8	0.7576	0.55	0.194	97	488	585	221	3	0	8	0	2	1	1	0.775	0.724121	0.570417	0.151121	907	3695	4602
5206	8/9/2011	3	0	8	19	0	2	1	1	0.8	0.7424	0.49	0.1045	69	302	371	221	3	0	8	0	2	1	1	0.775	0.724121	0.570417	0.151121	907	3695	4602
5207	8/9/2011	3	0	8	20	0	2	1	1	0.8	0.7273	0.43	0.194	34	258	292	221	3	0	8	0	2	1	1	0.775	0.724121	0.570417	0.151121	907	3695	4602
5208	8/9/2011	3	0	8	21	0	2	1	1	0.78	0.697	0.46	0.2537	46	184	230	221	3	0	8	0	2	1	1	0.775	0.724121	0.570417	0.151121	907	3695	4602
5209	8/9/2011	3	0	8	22	0	2	1	1	0.78	0.697	0.46	0.2985	28	127	155	221	3	0	8	0	2	1	1	0.775	0.724121	0.570417	0.151121	907	3695	4602
5210	8/9/2011	3	0	8	23	0	2	1	1	0.76	0.6818	0.48	0.2836	22	53	75	221	3	0	8	0	2	1	1	0.775	0.724121	0.570417	0.151121	907	3695	4602
5211	8/10/2011	3	0	8	0	0	3	1	1	0.74	0.6667	0.51	0.2239	19	18	37	222	3	0	8	0	3	1	1	0.766667	0.684983	0.424167	0.200258	884	3896	4780
5212	8/10/2011	3	0	8	1	0	3	1	1	0.72	0.6667	0.54	0.194	7	10	17	222	3	0	8	0	3	1	1	0.766667	0.684983	0.424167	0.200258	884	3896	4780
5213	8/10/2011	3	0	8	2	0	3	1	1	0.72	0.6667	0.54	0.1642	1	10	11	222	3	0	8	0	3	1	1	0.766667	0.684983	0.424167	0.200258	884	3896	4780
5214	8/10/2011	3	0	8	3	0	3	1	1	0.7	0.6515	0.58	0.1642	1	3	4	222	3	0	8	0	3	1	1	0.766667	0.684983	0.424167	0.200258	884	3896	4780
5215	8/10/2011	3	0	8	4	0	3	1	1	0.7	0.6515	0.54	0.1343	1	4	5	222	3	0	8	0	3	1	1	0.766667	0.684983	0.424167	0.200258	884	3896	4780
5216	8/10/2011	3	0	8	5	0	3	1	1	0.68	0.6364	0.61	0.0896	2	30	32	222	3	0	8	0	3	1	1	0.766667	0.684983	0.424167	0.200258	884	3896	4780
5217	8/10/2011	3	0	8	6	0	3	1	1	0.68	0.6364	0.61	0	9	110	119	222	3	0	8	0	3	1	1	0.766667	0.684983	0.424167	0.200258	884	3896	4780
5218	8/10/2011	3	0	8	7	0	3	1	1	0.7	0.6515	0.58	0.0896	16	289	305	222	3	0	8	0	3	1	1	0.766667	0.684983	0.424167	0.200258	884	3896	4780
5219	8/10/2011	3	0	8	8	0	3	1	1	0.74	0.6667	0.51	0.194	38	361	399	222	3	0	8	0	3	1	1	0.766667	0.684983	0.424167	0.200258	884	3896	4780
5220	8/10/2011	3	0	8	9	0	3	1	1	0.76	0.6818	0.48	0.2239	32	148	180	222	3	0	8	0	3	1	1	0.766667	0.684983	0.424167	0.200258	884	3896	4780
5221	8/10/2011	3	0	8	10	0	3	1	1	0.8	0.7273	0.43	0.2239	41	72	113	222	3	0	8	0	3	1	1	0.766667	0.684983	0.424167	0.200258	884	3896	4780
5222	8/10/2011	3	0	8	11	0	3	1	1	0.8	0.7121	0.41	0.3881	54	95	149	222	3	0	8	0	3	1	1	0.766667	0.684983	0.424167	0.200258	884	3896	4780
5223	8/10/2011	3	0	8	12	0	3	1	1	0.82	0.7273	0.38	0.2985	74	166	240	222	3	0	8	0	3	1	1	0.766667	0.684983	0.424167	0.200258	884	3896	4780
5224	8/10/2011	3	0	8	13	0	3	1	1	0.82	0.7273	0.38	0.2836	41	150	191	222	3	0	8	0	3	1	1	0.766667	0.684983	0.424167	0.200258	884	3896	4780
5225	8/10/2011	3	0	8	14	0	3	1	1	0.84	0.7273	0.34	0.3284	62	116	178	222	3	0	8	0	3	1	1	0.766667	0.684983	0.424167	0.200258	884	3896	4780
5226	8/10/2011	3	0	8	15	0	3	1	1	0.86	0.7424	0.3	0.3284	53	141	194	222	3	0	8	0	3	1	1	0.766667	0.684983	0.424167	0.200258	884	3896	4780
5227	8/10/2011	3	0	8	16	0	3	1	1	0.86	0.7424	0.26	0.2985	76	206	282	222	3	0	8	0	3	1	1	0.766667	0.684983	0.424167	0.200258	884	3896	4780
5228	8/10/2011	3	0	8	17	0	3	1	1	0.84	0.7121	0.26	0.2985	71	513	584	222	3	0	8	0	3	1	1	0.766667	0.684983	0.424167	0.200258	884	3896	4780
5229	8/10/2011	3	0	8	18	0	3	1	1	0.82	0.7121	0.28	0.2985	70	489	559	222	3	0	8	0	3	1	1	0.766667	0.684983	0.424167	0.200258	884	3896	4780
5230	8/10/2011	3	0	8	19	0	3	1	1	0.8	0.697	0.26	0.2537	79	334	413	222	3	0	8	0	3	1	1	0.766667	0.684983	0.424167	0.200258	884	3896	4780
5231	8/10/2011	3	0	8	20	0	3	1	1	0.76	0.6667	0.31	0.1343	59	253	312	222	3	0	8	0	3	1	1	0.766667	0.684983	0.424167	0.200258	884	3896	4780
5232	8/10/2011	3	0	8	21	0	3	1	1	0.76	0.6667	0.33	0.1045	47	162	209	222	3	0	8	0	3	1	1	0.766667	0.684983	0.424167	0.200258	884	3896	4780
5233	8/10/2011	3	0	8	22	0	3	1	1	0.74	0.6515	0.37	0	17	122	139	222	3	0	8	0	3	1	1	0.766667	0.684983	0.424167	0.200258	884	3896	4780
5234	8/10/2011	3	0	8	23	0	3	1	1	0.74	0.6515	0.37	0.0896	14	94	108	222	3	0	8	0	3	1	1	0.766667	0.684983	0.424167	0.200258	884	3896	4780
5235	8/11/2011	3	0	8	0	0	4	1	1	0.7	0.6364	0.45	0.1045	6	40	46	223	3	0	8	0	4	1	1	0.7175	0.651521	0.42375	0.164796	812	3980	4792
5236	8/11/2011	3	0	8	1	0	4	1	1	0.7	0.6364	0.45	0.1343	9	17	26	223	3	0	8	0	4	1	1	0.7175	0.651521	0.42375	0.164796	812	3980	4792
5237	8/11/2011	3	0	8	2	0	4	1	1	0.66	0.6212	0.54	0.1343	3	8	11	223	3	0	8	0	4	1	1	0.7175	0.651521	0.42375	0.164796	812	3980	4792
5238	8/11/2011	3	0	8	3	0	4	1	1	0.64	0.6212	0.57	0.1343	2	7	9	223	3	0	8	0	4	1	1	0.7175	0.651521	0.42375	0.164796	812	3980	4792
5239	8/11/2011	3	0	8	4	0	4	1	1	0.64	0.6212	0.57	0.1642	1	4	5	223	3	0	8	0	4	1	1	0.7175	0.651521	0.42375	0.164796	812	3980	4792
5240	8/11/2011	3	0	8	5	0	4	1	1	0.64	0.6212	0.61	0.194	2	23	25	223	3	0	8	0	4	1	1	0.7175	0.651521	0.42375	0.164796	812	3980	4792
5241	8/11/2011	3	0	8	6	0	4	1	1	0.62	0.6061	0.65	0.1642	5	101	106	223	3	0	8	0	4	1	1	0.7175	0.651521	0.42375	0.164796	812	3980	4792
5242	8/11/2011	3	0	8	7	0	4	1	1	0.66	0.6212	0.54	0.1343	15	292	307	223	3	0	8	0	4	1	1	0.7175	0.651521	0.42375	0.164796	812	3980	4792
5243	8/11/2011	3	0	8	8	0	4	1	1	0.7	0.6364	0.45	0.1642	29	361	390	223	3	0	8	0	4	1	1	0.7175	0.651521	0.42375	0.164796	812	3980	4792
5244	8/11/2011	3	0	8	9	0	4	1	1	0.72	0.6515	0.39	0.2239	31	166	197	223	3	0	8	0	4	1	1	0.7175	0.651521	0.42375	0.164796	812	3980	4792
5245	8/11/2011	3	0	8	10	0	4	1	1	0.74	0.6515	0.37	0.2537	36	96	132	223	3	0	8	0	4	1	1	0.7175	0.651521	0.42375	0.164796	812	3980	4792
5246	8/11/2011	3	0	8	11	0	4	1	1	0.76	0.6667	0.35	0.2537	59	128	187	223	3	0	8	0	4	1	1	0.7175	0.651521	0.42375	0.164796	812	3980	4792
5247	8/11/2011	3	0	8	12	0	4	1	1	0.78	0.6818	0.31	0.2537	50	164	214	223	3	0	8	0	4	1	1	0.7175	0.651521	0.42375	0.164796	812	3980	4792
5248	8/11/2011	3	0	8	13	0	4	1	1	0.76	0.6667	0.31	0.2239	51	166	217	223	3	0	8	0	4	1	1	0.7175	0.651521	0.42375	0.164796	812	3980	4792
5249	8/11/2011	3	0	8	14	0	4	1	1	0.8	0.697	0.29	0	39	103	142	223	3	0	8	0	4	1	1	0.7175	0.651521	0.42375	0.164796	812	3980	4792
5250	8/11/2011	3	0	8	15	0	4	1	1	0.8	0.697	0.29	0.2985	52	126	178	223	3	0	8	0	4	1	1	0.7175	0.651521	0.42375	0.164796	812	3980	4792
5251	8/11/2011	3	0	8	16	0	4	1	1	0.8	0.697	0.27	0.194	57	241	298	223	3	0	8	0	4	1	1	0.7175	0.651521	0.42375	0.164796	812	3980	4792
5252	8/11/2011	3	0	8	17	0	4	1	1	0.8	0.697	0.29	0.2537	96	486	582	223	3	0	8	0	4	1	1	0.7175	0.651521	0.42375	0.164796	812	3980	4792
5253	8/11/2011	3	0	8	18	0	4	1	1	0.78	0.6818	0.29	0.0896	74	497	571	223	3	0	8	0	4	1	1	0.7175	0.651521	0.42375	0.164796	812	3980	4792
5254	8/11/2011	3	0	8	19	0	4	1	1	0.74	0.6515	0.35	0.194	48	323	371	223	3	0	8	0	4	1	1	0.7175	0.651521	0.42375	0.164796	812	3980	4792
5255	8/11/2011	3	0	8	20	0	4	1	1	0.72	0.6515	0.37	0.1343	56	232	288	223	3	0	8	0	4	1	1	0.7175	0.651521	0.42375	0.164796	812	3980	4792
5256	8/11/2011	3	0	8	21	0	4	1	1	0.7	0.6515	0.48	0.0896	35	171	206	223	3	0	8	0	4	1	1	0.7175	0.651521	0.42375	0.164796	812	3980	4792
5257	8/11/2011	3	0	8	22	0	4	1	1	0.7	0.6515	0.48	0	34	123	157	223	3	0	8	0	4	1	1	0.7175	0.651521	0.42375	0.164796	812	3980	4792
5258	8/11/2011	3	0	8	23	0	4	1	1	0.66	0.6212	0.5	0.1642	22	105	127	223	3	0	8	0	4	1	1	0.7175	0.651521	0.42375	0.164796	812	3980	4792
5259	8/12/2011	3	0	8	0	0	5	1	1	0.64	0.6212	0.53	0.1642	12	53	65	224	3	0	8	0	5	1	1	0.708333	0.654042	0.415	0.125621	1051	3854	4905
5260	8/12/2011	3	0	8	1	0	5	1	1	0.64	0.6212	0.53	0.1343	4	19	23	224	3	0	8	0	5	1	1	0.708333	0.654042	0.415	0.125621	1051	3854	4905
5261	8/12/2011	3	0	8	2	0	5	1	1	0.62	0.6212	0.57	0.194	0	15	15	224	3	0	8	0	5	1	1	0.708333	0.654042	0.415	0.125621	1051	3854	4905
5262	8/12/2011	3	0	8	3	0	5	1	1	0.62	0.6212	0.53	0.1642	0	9	9	224	3	0	8	0	5	1	1	0.708333	0.654042	0.415	0.125621	1051	3854	4905
5263	8/12/2011	3	0	8	4	0	5	1	1	0.62	0.6212	0.53	0.1343	0	5	5	224	3	0	8	0	5	1	1	0.708333	0.654042	0.415	0.125621	1051	3854	4905
5264	8/12/2011	3	0	8	5	0	5	1	1	0.6	0.6212	0.56	0.1343	2	24	26	224	3	0	8	0	5	1	1	0.708333	0.654042	0.415	0.125621	1051	3854	4905
5265	8/12/2011	3	0	8	6	0	5	1	1	0.62	0.6212	0.5	0.1343	3	73	76	224	3	0	8	0	5	1	1	0.708333	0.654042	0.415	0.125621	1051	3854	4905
5266	8/12/2011	3	0	8	7	0	5	1	1	0.64	0.6212	0.44	0.1642	17	247	264	224	3	0	8	0	5	1	1	0.708333	0.654042	0.415	0.125621	1051	3854	4905
5267	8/12/2011	3	0	8	8	0	5	1	1	0.68	0.6364	0.39	0.2239	29	397	426	224	3	0	8	0	5	1	1	0.708333	0.654042	0.415	0.125621	1051	3854	4905
5268	8/12/2011	3	0	8	9	0	5	1	1	0.72	0.6515	0.34	0.1343	27	178	205	224	3	0	8	0	5	1	1	0.708333	0.654042	0.415	0.125621	1051	3854	4905
5269	8/12/2011	3	0	8	10	0	5	1	1	0.74	0.6515	0.33	0.1045	44	86	130	224	3	0	8	0	5	1	1	0.708333	0.654042	0.415	0.125621	1051	3854	4905
5270	8/12/2011	3	0	8	11	0	5	1	1	0.76	0.6667	0.29	0	48	108	156	224	3	0	8	0	5	1	1	0.708333	0.654042	0.415	0.125621	1051	3854	4905
5271	8/12/2011	3	0	8	12	0	5	1	1	0.8	0.697	0.27	0	55	167	222	224	3	0	8	0	5	1	1	0.708333	0.654042	0.415	0.125621	1051	3854	4905
5272	8/12/2011	3	0	8	13	0	5	1	1	0.78	0.6818	0.29	0.0896	74	179	253	224	3	0	8	0	5	1	1	0.708333	0.654042	0.415	0.125621	1051	3854	4905
5273	8/12/2011	3	0	8	14	0	5	1	1	0.8	0.697	0.29	0.194	51	135	186	224	3	0	8	0	5	1	1	0.708333	0.654042	0.415	0.125621	1051	3854	4905
5274	8/12/2011	3	0	8	15	0	5	1	1	0.8	0.697	0.29	0.1642	59	190	249	224	3	0	8	0	5	1	1	0.708333	0.654042	0.415	0.125621	1051	3854	4905
5275	8/12/2011	3	0	8	16	0	5	1	1	0.82	0.7121	0.28	0	68	266	334	224	3	0	8	0	5	1	1	0.708333	0.654042	0.415	0.125621	1051	3854	4905
5276	8/12/2011	3	0	8	17	0	5	1	1	0.82	0.7121	0.26	0	93	423	516	224	3	0	8	0	5	1	1	0.708333	0.654042	0.415	0.125621	1051	3854	4905
5277	8/12/2011	3	0	8	18	0	5	1	1	0.76	0.6818	0.4	0.2985	89	376	465	224	3	0	8	0	5	1	1	0.708333	0.654042	0.415	0.125621	1051	3854	4905
5278	8/12/2011	3	0	8	19	0	5	1	1	0.74	0.6667	0.42	0.2239	101	284	385	224	3	0	8	0	5	1	1	0.708333	0.654042	0.415	0.125621	1051	3854	4905
5279	8/12/2011	3	0	8	20	0	5	1	1	0.72	0.6515	0.42	0.2239	77	210	287	224	3	0	8	0	5	1	1	0.708333	0.654042	0.415	0.125621	1051	3854	4905
5280	8/12/2011	3	0	8	21	0	5	1	1	0.7	0.6515	0.48	0.1343	73	153	226	224	3	0	8	0	5	1	1	0.708333	0.654042	0.415	0.125621	1051	3854	4905
5281	8/12/2011	3	0	8	22	0	5	1	1	0.68	0.6364	0.51	0	74	157	231	224	3	0	8	0	5	1	1	0.708333	0.654042	0.415	0.125621	1051	3854	4905
5282	8/12/2011	3	0	8	23	0	5	1	1	0.68	0.6364	0.51	0	51	100	151	224	3	0	8	0	5	1	1	0.708333	0.654042	0.415	0.125621	1051	3854	4905
5283	8/13/2011	3	0	8	0	0	6	0	1	0.68	0.6364	0.51	0.1045	15	69	84	225	3	0	8	0	6	0	2	0.685833	0.645858	0.729583	0.211454	1504	2646	4150
5284	8/13/2011	3	0	8	1	0	6	0	2	0.68	0.6364	0.57	0.0896	13	64	77	225	3	0	8	0	6	0	2	0.685833	0.645858	0.729583	0.211454	1504	2646	4150
5285	8/13/2011	3	0	8	2	0	6	0	1	0.68	0.6364	0.57	0	16	58	74	225	3	0	8	0	6	0	2	0.685833	0.645858	0.729583	0.211454	1504	2646	4150
5286	8/13/2011	3	0	8	3	0	6	0	1	0.66	0.6212	0.65	0.1343	9	18	27	225	3	0	8	0	6	0	2	0.685833	0.645858	0.729583	0.211454	1504	2646	4150
5287	8/13/2011	3	0	8	4	0	6	0	2	0.64	0.6061	0.73	0.1343	5	5	10	225	3	0	8	0	6	0	2	0.685833	0.645858	0.729583	0.211454	1504	2646	4150
5288	8/13/2011	3	0	8	5	0	6	0	1	0.64	0.6061	0.73	0.1045	3	15	18	225	3	0	8	0	6	0	2	0.685833	0.645858	0.729583	0.211454	1504	2646	4150
5289	8/13/2011	3	0	8	6	0	6	0	1	0.64	0.6061	0.73	0.0896	3	19	22	225	3	0	8	0	6	0	2	0.685833	0.645858	0.729583	0.211454	1504	2646	4150
5290	8/13/2011	3	0	8	7	0	6	0	2	0.66	0.6212	0.74	0.194	10	34	44	225	3	0	8	0	6	0	2	0.685833	0.645858	0.729583	0.211454	1504	2646	4150
5291	8/13/2011	3	0	8	8	0	6	0	2	0.7	0.6515	0.65	0.1642	28	90	118	225	3	0	8	0	6	0	2	0.685833	0.645858	0.729583	0.211454	1504	2646	4150
5292	8/13/2011	3	0	8	9	0	6	0	2	0.7	0.6667	0.74	0.1642	70	138	208	225	3	0	8	0	6	0	2	0.685833	0.645858	0.729583	0.211454	1504	2646	4150
5293	8/13/2011	3	0	8	10	0	6	0	2	0.72	0.697	0.74	0.2239	97	163	260	225	3	0	8	0	6	0	2	0.685833	0.645858	0.729583	0.211454	1504	2646	4150
5294	8/13/2011	3	0	8	11	0	6	0	2	0.74	0.697	0.7	0.194	122	192	314	225	3	0	8	0	6	0	2	0.685833	0.645858	0.729583	0.211454	1504	2646	4150
5295	8/13/2011	3	0	8	12	0	6	0	2	0.66	0.5909	0.89	0.1642	175	246	421	225	3	0	8	0	6	0	2	0.685833	0.645858	0.729583	0.211454	1504	2646	4150
5296	8/13/2011	3	0	8	13	0	6	0	2	0.74	0.7121	0.74	0.3284	61	92	153	225	3	0	8	0	6	0	2	0.685833	0.645858	0.729583	0.211454	1504	2646	4150
5297	8/13/2011	3	0	8	14	0	6	0	1	0.74	0.697	0.7	0.2537	113	146	259	225	3	0	8	0	6	0	2	0.685833	0.645858	0.729583	0.211454	1504	2646	4150
5298	8/13/2011	3	0	8	15	0	6	0	3	0.68	0.6364	0.79	0.3582	150	208	358	225	3	0	8	0	6	0	2	0.685833	0.645858	0.729583	0.211454	1504	2646	4150
5299	8/13/2011	3	0	8	16	0	6	0	2	0.7	0.6667	0.74	0.2836	148	133	281	225	3	0	8	0	6	0	2	0.685833	0.645858	0.729583	0.211454	1504	2646	4150
5300	8/13/2011	3	0	8	17	0	6	0	2	0.72	0.697	0.74	0.2537	97	172	269	225	3	0	8	0	6	0	2	0.685833	0.645858	0.729583	0.211454	1504	2646	4150
5301	8/13/2011	3	0	8	18	0	6	0	1	0.7	0.6667	0.74	0.2239	123	169	292	225	3	0	8	0	6	0	2	0.685833	0.645858	0.729583	0.211454	1504	2646	4150
5302	8/13/2011	3	0	8	19	0	6	0	2	0.68	0.6364	0.79	0.2836	67	170	237	225	3	0	8	0	6	0	2	0.685833	0.645858	0.729583	0.211454	1504	2646	4150
5303	8/13/2011	3	0	8	20	0	6	0	2	0.68	0.6364	0.83	0.2239	78	105	183	225	3	0	8	0	6	0	2	0.685833	0.645858	0.729583	0.211454	1504	2646	4150
5304	8/13/2011	3	0	8	21	0	6	0	2	0.68	0.6364	0.83	0.3881	40	127	167	225	3	0	8	0	6	0	2	0.685833	0.645858	0.729583	0.211454	1504	2646	4150
5305	8/13/2011	3	0	8	22	0	6	0	2	0.68	0.6364	0.83	0.3881	36	118	154	225	3	0	8	0	6	0	2	0.685833	0.645858	0.729583	0.211454	1504	2646	4150
5306	8/13/2011	3	0	8	23	0	6	0	2	0.66	0.6061	0.83	0.3284	25	95	120	225	3	0	8	0	6	0	2	0.685833	0.645858	0.729583	0.211454	1504	2646	4150
5307	8/14/2011	3	0	8	0	0	0	0	3	0.66	0.6061	0.83	0.2985	19	71	90	226	3	0	8	0	0	0	2	0.676667	0.624388	0.8175	0.222633	1338	2482	3820
5308	8/14/2011	3	0	8	1	0	0	0	3	0.64	0.5758	0.89	0.2239	16	57	73	226	3	0	8	0	0	0	2	0.676667	0.624388	0.8175	0.222633	1338	2482	3820
5309	8/14/2011	3	0	8	2	0	0	0	3	0.64	0.5758	0.89	0.2239	13	49	62	226	3	0	8	0	0	0	2	0.676667	0.624388	0.8175	0.222633	1338	2482	3820
5310	8/14/2011	3	0	8	3	0	0	0	2	0.64	0.5606	0.94	0.2537	5	22	27	226	3	0	8	0	0	0	2	0.676667	0.624388	0.8175	0.222633	1338	2482	3820
5311	8/14/2011	3	0	8	4	0	0	0	3	0.64	0.5606	0.94	0.194	1	2	3	226	3	0	8	0	0	0	2	0.676667	0.624388	0.8175	0.222633	1338	2482	3820
5312	8/14/2011	3	0	8	5	0	0	0	2	0.64	0.5606	0.94	0.1642	1	9	10	226	3	0	8	0	0	0	2	0.676667	0.624388	0.8175	0.222633	1338	2482	3820
5313	8/14/2011	3	0	8	6	0	0	0	2	0.64	0.5606	0.94	0.1045	2	4	6	226	3	0	8	0	0	0	2	0.676667	0.624388	0.8175	0.222633	1338	2482	3820
5314	8/14/2011	3	0	8	7	0	0	0	2	0.66	0.5909	0.89	0.194	4	20	24	226	3	0	8	0	0	0	2	0.676667	0.624388	0.8175	0.222633	1338	2482	3820
5315	8/14/2011	3	0	8	8	0	0	0	2	0.66	0.5909	0.89	0.2836	20	21	41	226	3	0	8	0	0	0	2	0.676667	0.624388	0.8175	0.222633	1338	2482	3820
5316	8/14/2011	3	0	8	9	0	0	0	3	0.66	0.5909	0.89	0.2836	27	76	103	226	3	0	8	0	0	0	2	0.676667	0.624388	0.8175	0.222633	1338	2482	3820
5317	8/14/2011	3	0	8	10	0	0	0	1	0.7	0.6667	0.79	0.2239	67	116	183	226	3	0	8	0	0	0	2	0.676667	0.624388	0.8175	0.222633	1338	2482	3820
5318	8/14/2011	3	0	8	11	0	0	0	1	0.7	0.6667	0.79	0.194	81	117	198	226	3	0	8	0	0	0	2	0.676667	0.624388	0.8175	0.222633	1338	2482	3820
5319	8/14/2011	3	0	8	12	0	0	0	2	0.7	0.6667	0.79	0.2239	98	183	281	226	3	0	8	0	0	0	2	0.676667	0.624388	0.8175	0.222633	1338	2482	3820
5320	8/14/2011	3	0	8	13	0	0	0	1	0.72	0.697	0.74	0.2537	144	233	377	226	3	0	8	0	0	0	2	0.676667	0.624388	0.8175	0.222633	1338	2482	3820
5321	8/14/2011	3	0	8	14	0	0	0	1	0.74	0.697	0.7	0.194	126	244	370	226	3	0	8	0	0	0	2	0.676667	0.624388	0.8175	0.222633	1338	2482	3820
5322	8/14/2011	3	0	8	15	0	0	0	1	0.74	0.697	0.66	0.194	128	203	331	226	3	0	8	0	0	0	2	0.676667	0.624388	0.8175	0.222633	1338	2482	3820
5323	8/14/2011	3	0	8	16	0	0	0	1	0.74	0.697	0.66	0.1642	116	176	292	226	3	0	8	0	0	0	2	0.676667	0.624388	0.8175	0.222633	1338	2482	3820
5324	8/14/2011	3	0	8	17	0	0	0	1	0.76	0.7121	0.62	0.1343	133	196	329	226	3	0	8	0	0	0	2	0.676667	0.624388	0.8175	0.222633	1338	2482	3820
5325	8/14/2011	3	0	8	18	0	0	0	1	0.74	0.697	0.66	0.1642	125	222	347	226	3	0	8	0	0	0	2	0.676667	0.624388	0.8175	0.222633	1338	2482	3820
5326	8/14/2011	3	0	8	19	0	0	0	1	0.72	0.697	0.74	0.2239	75	184	259	226	3	0	8	0	0	0	2	0.676667	0.624388	0.8175	0.222633	1338	2482	3820
5327	8/14/2011	3	0	8	20	0	0	0	1	0.7	0.6667	0.84	0.1642	67	126	193	226	3	0	8	0	0	0	2	0.676667	0.624388	0.8175	0.222633	1338	2482	3820
5328	8/14/2011	3	0	8	21	0	0	0	3	0.6	0.5455	0.88	0.4925	51	104	155	226	3	0	8	0	0	0	2	0.676667	0.624388	0.8175	0.222633	1338	2482	3820
5329	8/14/2011	3	0	8	22	0	0	0	3	0.6	0.5455	0.88	0.4925	14	25	39	226	3	0	8	0	0	0	2	0.676667	0.624388	0.8175	0.222633	1338	2482	3820
5330	8/14/2011	3	0	8	23	0	0	0	3	0.6	0.5606	0.83	0	5	22	27	226	3	0	8	0	0	0	2	0.676667	0.624388	0.8175	0.222633	1338	2482	3820
5331	8/15/2011	3	0	8	0	0	1	1	3	0.6	0.5455	0.88	0.0896	7	18	25	227	3	0	8	0	1	1	1	0.665833	0.616167	0.712083	0.208954	775	3563	4338
5332	8/15/2011	3	0	8	1	0	1	1	2	0.6	0.5455	0.88	0.1343	1	9	10	227	3	0	8	0	1	1	1	0.665833	0.616167	0.712083	0.208954	775	3563	4338
5333	8/15/2011	3	0	8	2	0	1	1	2	0.6	0.5606	0.83	0	0	3	3	227	3	0	8	0	1	1	1	0.665833	0.616167	0.712083	0.208954	775	3563	4338
5334	8/15/2011	3	0	8	3	0	1	1	1	0.6	0.5606	0.83	0.194	1	6	7	227	3	0	8	0	1	1	1	0.665833	0.616167	0.712083	0.208954	775	3563	4338
5335	8/15/2011	3	0	8	4	0	1	1	1	0.6	0.5606	0.83	0.1343	1	4	5	227	3	0	8	0	1	1	1	0.665833	0.616167	0.712083	0.208954	775	3563	4338
5336	8/15/2011	3	0	8	5	0	1	1	2	0.6	0.5455	0.88	0.194	3	14	17	227	3	0	8	0	1	1	1	0.665833	0.616167	0.712083	0.208954	775	3563	4338
5337	8/15/2011	3	0	8	6	0	1	1	1	0.6	0.5455	0.88	0.2537	3	87	90	227	3	0	8	0	1	1	1	0.665833	0.616167	0.712083	0.208954	775	3563	4338
5338	8/15/2011	3	0	8	7	0	1	1	1	0.6	0.5455	0.88	0.2537	10	248	258	227	3	0	8	0	1	1	1	0.665833	0.616167	0.712083	0.208954	775	3563	4338
5339	8/15/2011	3	0	8	8	0	1	1	1	0.64	0.5909	0.78	0.3284	29	326	355	227	3	0	8	0	1	1	1	0.665833	0.616167	0.712083	0.208954	775	3563	4338
5340	8/15/2011	3	0	8	9	0	1	1	1	0.64	0.5909	0.78	0.3284	52	170	222	227	3	0	8	0	1	1	1	0.665833	0.616167	0.712083	0.208954	775	3563	4338
5341	8/15/2011	3	0	8	10	0	1	1	1	0.68	0.6364	0.69	0.2836	54	87	141	227	3	0	8	0	1	1	1	0.665833	0.616167	0.712083	0.208954	775	3563	4338
5342	8/15/2011	3	0	8	11	0	1	1	2	0.72	0.6818	0.62	0.2537	41	112	153	227	3	0	8	0	1	1	1	0.665833	0.616167	0.712083	0.208954	775	3563	4338
5343	8/15/2011	3	0	8	12	0	1	1	1	0.74	0.6818	0.58	0.2836	62	116	178	227	3	0	8	0	1	1	1	0.665833	0.616167	0.712083	0.208954	775	3563	4338
5344	8/15/2011	3	0	8	13	0	1	1	1	0.78	0.7121	0.52	0.2836	53	140	193	227	3	0	8	0	1	1	1	0.665833	0.616167	0.712083	0.208954	775	3563	4338
5345	8/15/2011	3	0	8	14	0	1	1	1	0.74	0.6818	0.55	0.0896	56	95	151	227	3	0	8	0	1	1	1	0.665833	0.616167	0.712083	0.208954	775	3563	4338
5346	8/15/2011	3	0	8	15	0	1	1	3	0.74	0.6818	0.55	0.2985	49	133	182	227	3	0	8	0	1	1	1	0.665833	0.616167	0.712083	0.208954	775	3563	4338
5347	8/15/2011	3	0	8	16	0	1	1	1	0.74	0.6818	0.55	0.3284	58	225	283	227	3	0	8	0	1	1	1	0.665833	0.616167	0.712083	0.208954	775	3563	4338
5348	8/15/2011	3	0	8	17	0	1	1	1	0.74	0.6667	0.51	0.2836	59	471	530	227	3	0	8	0	1	1	1	0.665833	0.616167	0.712083	0.208954	775	3563	4338
5349	8/15/2011	3	0	8	18	0	1	1	1	0.7	0.6515	0.65	0.194	70	413	483	227	3	0	8	0	1	1	1	0.665833	0.616167	0.712083	0.208954	775	3563	4338
5350	8/15/2011	3	0	8	19	0	1	1	1	0.7	0.6515	0.65	0	54	343	397	227	3	0	8	0	1	1	1	0.665833	0.616167	0.712083	0.208954	775	3563	4338
5351	8/15/2011	3	0	8	20	0	1	1	1	0.66	0.6212	0.74	0.1343	45	240	285	227	3	0	8	0	1	1	1	0.665833	0.616167	0.712083	0.208954	775	3563	4338
5352	8/15/2011	3	0	8	21	0	1	1	1	0.66	0.6212	0.65	0.194	34	150	184	227	3	0	8	0	1	1	1	0.665833	0.616167	0.712083	0.208954	775	3563	4338
5353	8/15/2011	3	0	8	22	0	1	1	1	0.66	0.6212	0.69	0.2537	22	76	98	227	3	0	8	0	1	1	1	0.665833	0.616167	0.712083	0.208954	775	3563	4338
5354	8/15/2011	3	0	8	23	0	1	1	1	0.64	0.6061	0.69	0.2239	11	77	88	227	3	0	8	0	1	1	1	0.665833	0.616167	0.712083	0.208954	775	3563	4338
5355	8/16/2011	3	0	8	0	0	2	1	1	0.64	0.6061	0.69	0.1045	8	23	31	228	3	0	8	0	2	1	1	0.700833	0.645837	0.578333	0.236329	721	4004	4725
5356	8/16/2011	3	0	8	1	0	2	1	1	0.64	0.6061	0.69	0.1642	4	12	16	228	3	0	8	0	2	1	1	0.700833	0.645837	0.578333	0.236329	721	4004	4725
5357	8/16/2011	3	0	8	2	0	2	1	1	0.62	0.5909	0.73	0.2239	1	3	4	228	3	0	8	0	2	1	1	0.700833	0.645837	0.578333	0.236329	721	4004	4725
5358	8/16/2011	3	0	8	3	0	2	1	1	0.62	0.5909	0.73	0.2239	1	5	6	228	3	0	8	0	2	1	1	0.700833	0.645837	0.578333	0.236329	721	4004	4725
5359	8/16/2011	3	0	8	4	0	2	1	1	0.64	0.6061	0.69	0.2985	0	5	5	228	3	0	8	0	2	1	1	0.700833	0.645837	0.578333	0.236329	721	4004	4725
5360	8/16/2011	3	0	8	5	0	2	1	1	0.62	0.5909	0.73	0.2836	1	29	30	228	3	0	8	0	2	1	1	0.700833	0.645837	0.578333	0.236329	721	4004	4725
5361	8/16/2011	3	0	8	6	0	2	1	1	0.62	0.5909	0.73	0.3284	4	115	119	228	3	0	8	0	2	1	1	0.700833	0.645837	0.578333	0.236329	721	4004	4725
5362	8/16/2011	3	0	8	7	0	2	1	1	0.64	0.6061	0.69	0.2537	18	328	346	228	3	0	8	0	2	1	1	0.700833	0.645837	0.578333	0.236329	721	4004	4725
5363	8/16/2011	3	0	8	8	0	2	1	1	0.7	0.6515	0.58	0.4478	24	417	441	228	3	0	8	0	2	1	1	0.700833	0.645837	0.578333	0.236329	721	4004	4725
5364	8/16/2011	3	0	8	9	0	2	1	1	0.68	0.6364	0.61	0.2836	27	171	198	228	3	0	8	0	2	1	1	0.700833	0.645837	0.578333	0.236329	721	4004	4725
5365	8/16/2011	3	0	8	10	0	2	1	1	0.7	0.6515	0.58	0.3881	28	83	111	228	3	0	8	0	2	1	1	0.700833	0.645837	0.578333	0.236329	721	4004	4725
5366	8/16/2011	3	0	8	11	0	2	1	1	0.74	0.6667	0.51	0.2239	40	110	150	228	3	0	8	0	2	1	1	0.700833	0.645837	0.578333	0.236329	721	4004	4725
5367	8/16/2011	3	0	8	12	0	2	1	1	0.76	0.6818	0.48	0.3284	42	120	162	228	3	0	8	0	2	1	1	0.700833	0.645837	0.578333	0.236329	721	4004	4725
5368	8/16/2011	3	0	8	13	0	2	1	1	0.76	0.6818	0.48	0.2985	45	147	192	228	3	0	8	0	2	1	1	0.700833	0.645837	0.578333	0.236329	721	4004	4725
5369	8/16/2011	3	0	8	14	0	2	1	1	0.76	0.6818	0.45	0.4179	65	117	182	228	3	0	8	0	2	1	1	0.700833	0.645837	0.578333	0.236329	721	4004	4725
5370	8/16/2011	3	0	8	15	0	2	1	1	0.8	0.7121	0.41	0.2985	36	123	159	228	3	0	8	0	2	1	1	0.700833	0.645837	0.578333	0.236329	721	4004	4725
5371	8/16/2011	3	0	8	16	0	2	1	1	0.8	0.7121	0.41	0.2239	55	248	303	228	3	0	8	0	2	1	1	0.700833	0.645837	0.578333	0.236329	721	4004	4725
5372	8/16/2011	3	0	8	17	0	2	1	1	0.76	0.6818	0.45	0.3284	75	525	600	228	3	0	8	0	2	1	1	0.700833	0.645837	0.578333	0.236329	721	4004	4725
5373	8/16/2011	3	0	8	18	0	2	1	1	0.76	0.6818	0.45	0.2239	54	516	570	228	3	0	8	0	2	1	1	0.700833	0.645837	0.578333	0.236329	721	4004	4725
5374	8/16/2011	3	0	8	19	0	2	1	1	0.74	0.6667	0.48	0.194	56	320	376	228	3	0	8	0	2	1	1	0.700833	0.645837	0.578333	0.236329	721	4004	4725
5375	8/16/2011	3	0	8	20	0	2	1	1	0.74	0.6667	0.51	0	48	232	280	228	3	0	8	0	2	1	1	0.700833	0.645837	0.578333	0.236329	721	4004	4725
5376	8/16/2011	3	0	8	21	0	2	1	1	0.72	0.6667	0.54	0	38	177	215	228	3	0	8	0	2	1	1	0.700833	0.645837	0.578333	0.236329	721	4004	4725
5377	8/16/2011	3	0	8	22	0	2	1	1	0.7	0.6515	0.61	0	31	121	152	228	3	0	8	0	2	1	1	0.700833	0.645837	0.578333	0.236329	721	4004	4725
5378	8/16/2011	3	0	8	23	0	2	1	1	0.66	0.6212	0.65	0.1343	20	57	77	228	3	0	8	0	2	1	1	0.700833	0.645837	0.578333	0.236329	721	4004	4725
5379	8/17/2011	3	0	8	0	0	3	1	1	0.66	0.6212	0.69	0.0896	8	16	24	229	3	0	8	0	3	1	1	0.723333	0.666671	0.575417	0.143667	668	4026	4694
5380	8/17/2011	3	0	8	1	0	3	1	1	0.64	0.6061	0.73	0.1642	2	12	14	229	3	0	8	0	3	1	1	0.723333	0.666671	0.575417	0.143667	668	4026	4694
5381	8/17/2011	3	0	8	2	0	3	1	1	0.66	0.6212	0.69	0	0	6	6	229	3	0	8	0	3	1	1	0.723333	0.666671	0.575417	0.143667	668	4026	4694
5382	8/17/2011	3	0	8	3	0	3	1	1	0.64	0.5909	0.78	0	1	4	5	229	3	0	8	0	3	1	1	0.723333	0.666671	0.575417	0.143667	668	4026	4694
5383	8/17/2011	3	0	8	4	0	3	1	1	0.64	0.6061	0.73	0	0	5	5	229	3	0	8	0	3	1	1	0.723333	0.666671	0.575417	0.143667	668	4026	4694
5384	8/17/2011	3	0	8	5	0	3	1	1	0.64	0.6061	0.73	0	0	28	28	229	3	0	8	0	3	1	1	0.723333	0.666671	0.575417	0.143667	668	4026	4694
5385	8/17/2011	3	0	8	6	0	3	1	1	0.62	0.5909	0.78	0	4	101	105	229	3	0	8	0	3	1	1	0.723333	0.666671	0.575417	0.143667	668	4026	4694
5386	8/17/2011	3	0	8	7	0	3	1	1	0.66	0.6212	0.65	0.0896	12	296	308	229	3	0	8	0	3	1	1	0.723333	0.666671	0.575417	0.143667	668	4026	4694
5387	8/17/2011	3	0	8	8	0	3	1	1	0.7	0.6515	0.54	0.1642	35	452	487	229	3	0	8	0	3	1	1	0.723333	0.666671	0.575417	0.143667	668	4026	4694
5388	8/17/2011	3	0	8	9	0	3	1	1	0.74	0.6667	0.48	0.0896	31	178	209	229	3	0	8	0	3	1	1	0.723333	0.666671	0.575417	0.143667	668	4026	4694
5389	8/17/2011	3	0	8	10	0	3	1	1	0.76	0.6818	0.43	0.0896	27	91	118	229	3	0	8	0	3	1	1	0.723333	0.666671	0.575417	0.143667	668	4026	4694
5390	8/17/2011	3	0	8	11	0	3	1	1	0.78	0.697	0.43	0.1045	20	108	128	229	3	0	8	0	3	1	1	0.723333	0.666671	0.575417	0.143667	668	4026	4694
5391	8/17/2011	3	0	8	12	0	3	1	1	0.8	0.7273	0.43	0.2836	26	163	189	229	3	0	8	0	3	1	1	0.723333	0.666671	0.575417	0.143667	668	4026	4694
5392	8/17/2011	3	0	8	13	0	3	1	1	0.8	0.7121	0.41	0.194	38	138	176	229	3	0	8	0	3	1	1	0.723333	0.666671	0.575417	0.143667	668	4026	4694
5393	8/17/2011	3	0	8	14	0	3	1	1	0.82	0.7273	0.36	0.1642	54	138	192	229	3	0	8	0	3	1	1	0.723333	0.666671	0.575417	0.143667	668	4026	4694
5394	8/17/2011	3	0	8	15	0	3	1	1	0.8	0.7273	0.43	0.1343	42	117	159	229	3	0	8	0	3	1	1	0.723333	0.666671	0.575417	0.143667	668	4026	4694
5395	8/17/2011	3	0	8	16	0	3	1	1	0.82	0.7424	0.43	0.2239	62	238	300	229	3	0	8	0	3	1	1	0.723333	0.666671	0.575417	0.143667	668	4026	4694
5396	8/17/2011	3	0	8	17	0	3	1	1	0.8	0.7424	0.49	0.2239	46	506	552	229	3	0	8	0	3	1	1	0.723333	0.666671	0.575417	0.143667	668	4026	4694
5397	8/17/2011	3	0	8	18	0	3	1	1	0.76	0.697	0.55	0.2537	86	470	556	229	3	0	8	0	3	1	1	0.723333	0.666671	0.575417	0.143667	668	4026	4694
5398	8/17/2011	3	0	8	19	0	3	1	1	0.76	0.697	0.55	0.2239	50	297	347	229	3	0	8	0	3	1	1	0.723333	0.666671	0.575417	0.143667	668	4026	4694
5399	8/17/2011	3	0	8	20	0	3	1	1	0.74	0.6818	0.58	0.2537	37	243	280	229	3	0	8	0	3	1	1	0.723333	0.666671	0.575417	0.143667	668	4026	4694
5400	8/17/2011	3	0	8	21	0	3	1	1	0.72	0.6818	0.62	0.2239	38	192	230	229	3	0	8	0	3	1	1	0.723333	0.666671	0.575417	0.143667	668	4026	4694
5401	8/17/2011	3	0	8	22	0	3	1	1	0.7	0.6515	0.65	0.194	29	142	171	229	3	0	8	0	3	1	1	0.723333	0.666671	0.575417	0.143667	668	4026	4694
5402	8/17/2011	3	0	8	23	0	3	1	1	0.7	0.6515	0.65	0.2836	20	85	105	229	3	0	8	0	3	1	1	0.723333	0.666671	0.575417	0.143667	668	4026	4694
5403	8/18/2011	3	0	8	0	0	4	1	1	0.68	0.6364	0.65	0.1343	18	38	56	230	3	0	8	0	4	1	1	0.711667	0.662258	0.654583	0.233208	639	3166	3805
5404	8/18/2011	3	0	8	1	0	4	1	2	0.66	0.6212	0.65	0.1642	13	11	24	230	3	0	8	0	4	1	1	0.711667	0.662258	0.654583	0.233208	639	3166	3805
5405	8/18/2011	3	0	8	2	0	4	1	1	0.66	0.6212	0.65	0.2239	2	4	6	230	3	0	8	0	4	1	1	0.711667	0.662258	0.654583	0.233208	639	3166	3805
5406	8/18/2011	3	0	8	3	0	4	1	1	0.66	0.6212	0.69	0.2836	0	6	6	230	3	0	8	0	4	1	1	0.711667	0.662258	0.654583	0.233208	639	3166	3805
5407	8/18/2011	3	0	8	4	0	4	1	1	0.64	0.6061	0.73	0.2239	0	9	9	230	3	0	8	0	4	1	1	0.711667	0.662258	0.654583	0.233208	639	3166	3805
5408	8/18/2011	3	0	8	5	0	4	1	1	0.64	0.5909	0.78	0.2836	0	27	27	230	3	0	8	0	4	1	1	0.711667	0.662258	0.654583	0.233208	639	3166	3805
5409	8/18/2011	3	0	8	6	0	4	1	2	0.64	0.5909	0.78	0.2537	6	97	103	230	3	0	8	0	4	1	1	0.711667	0.662258	0.654583	0.233208	639	3166	3805
5410	8/18/2011	3	0	8	7	0	4	1	1	0.64	0.5909	0.78	0.2985	19	289	308	230	3	0	8	0	4	1	1	0.711667	0.662258	0.654583	0.233208	639	3166	3805
5411	8/18/2011	3	0	8	8	0	4	1	1	0.66	0.6212	0.74	0.2836	27	393	420	230	3	0	8	0	4	1	1	0.711667	0.662258	0.654583	0.233208	639	3166	3805
5412	8/18/2011	3	0	8	9	0	4	1	1	0.72	0.6818	0.66	0.2537	42	186	228	230	3	0	8	0	4	1	1	0.711667	0.662258	0.654583	0.233208	639	3166	3805
5413	8/18/2011	3	0	8	10	0	4	1	1	0.74	0.697	0.66	0.2537	37	92	129	230	3	0	8	0	4	1	1	0.711667	0.662258	0.654583	0.233208	639	3166	3805
5414	8/18/2011	3	0	8	11	0	4	1	1	0.76	0.7121	0.58	0.2537	44	97	141	230	3	0	8	0	4	1	1	0.711667	0.662258	0.654583	0.233208	639	3166	3805
5415	8/18/2011	3	0	8	12	0	4	1	1	0.8	0.7424	0.52	0.2836	34	139	173	230	3	0	8	0	4	1	1	0.711667	0.662258	0.654583	0.233208	639	3166	3805
5416	8/18/2011	3	0	8	13	0	4	1	1	0.8	0.7424	0.52	0.3582	33	154	187	230	3	0	8	0	4	1	1	0.711667	0.662258	0.654583	0.233208	639	3166	3805
5417	8/18/2011	3	0	8	14	0	4	1	1	0.82	0.7576	0.46	0.3284	67	115	182	230	3	0	8	0	4	1	1	0.711667	0.662258	0.654583	0.233208	639	3166	3805
5418	8/18/2011	3	0	8	15	0	4	1	1	0.8	0.7273	0.46	0.3582	56	118	174	230	3	0	8	0	4	1	1	0.711667	0.662258	0.654583	0.233208	639	3166	3805
5419	8/18/2011	3	0	8	16	0	4	1	1	0.8	0.7273	0.46	0.3582	49	196	245	230	3	0	8	0	4	1	1	0.711667	0.662258	0.654583	0.233208	639	3166	3805
5420	8/18/2011	3	0	8	17	0	4	1	3	0.8	0.7273	0.46	0.2985	44	365	409	230	3	0	8	0	4	1	1	0.711667	0.662258	0.654583	0.233208	639	3166	3805
5421	8/18/2011	3	0	8	18	0	4	1	3	0.76	0.697	0.55	0.2537	48	226	274	230	3	0	8	0	4	1	1	0.711667	0.662258	0.654583	0.233208	639	3166	3805
5422	8/18/2011	3	0	8	19	0	4	1	1	0.66	0.6061	0.83	0.1045	26	115	141	230	3	0	8	0	4	1	1	0.711667	0.662258	0.654583	0.233208	639	3166	3805
5423	8/18/2011	3	0	8	20	0	4	1	1	0.66	0.6061	0.83	0.1045	24	141	165	230	3	0	8	0	4	1	1	0.711667	0.662258	0.654583	0.233208	639	3166	3805
5424	8/18/2011	3	0	8	21	0	4	1	2	0.68	0.6364	0.79	0	12	137	149	230	3	0	8	0	4	1	1	0.711667	0.662258	0.654583	0.233208	639	3166	3805
5425	8/18/2011	3	0	8	22	0	4	1	2	0.7	0.6667	0.74	0.1045	18	117	135	230	3	0	8	0	4	1	1	0.711667	0.662258	0.654583	0.233208	639	3166	3805
5426	8/18/2011	3	0	8	23	0	4	1	2	0.7	0.6667	0.74	0.1343	20	94	114	230	3	0	8	0	4	1	1	0.711667	0.662258	0.654583	0.233208	639	3166	3805
5427	8/19/2011	3	0	8	0	0	5	1	3	0.68	0.6364	0.69	0.194	9	53	62	231	3	0	8	0	5	1	2	0.685	0.633221	0.722917	0.139308	797	3356	4153
5428	8/19/2011	3	0	8	1	0	5	1	3	0.64	0.5758	0.89	0	1	19	20	231	3	0	8	0	5	1	2	0.685	0.633221	0.722917	0.139308	797	3356	4153
5429	8/19/2011	3	0	8	2	0	5	1	3	0.64	0.5758	0.83	0	0	8	8	231	3	0	8	0	5	1	2	0.685	0.633221	0.722917	0.139308	797	3356	4153
5430	8/19/2011	3	0	8	3	0	5	1	1	0.64	0.5909	0.78	0	2	1	3	231	3	0	8	0	5	1	2	0.685	0.633221	0.722917	0.139308	797	3356	4153
5431	8/19/2011	3	0	8	4	0	5	1	1	0.64	0.5758	0.83	0	1	7	8	231	3	0	8	0	5	1	2	0.685	0.633221	0.722917	0.139308	797	3356	4153
5432	8/19/2011	3	0	8	5	0	5	1	1	0.64	0.5758	0.83	0	1	16	17	231	3	0	8	0	5	1	2	0.685	0.633221	0.722917	0.139308	797	3356	4153
5433	8/19/2011	3	0	8	6	0	5	1	1	0.64	0.5758	0.83	0	2	91	93	231	3	0	8	0	5	1	2	0.685	0.633221	0.722917	0.139308	797	3356	4153
5434	8/19/2011	3	0	8	7	0	5	1	2	0.66	0.6061	0.83	0.0896	12	251	263	231	3	0	8	0	5	1	2	0.685	0.633221	0.722917	0.139308	797	3356	4153
5435	8/19/2011	3	0	8	8	0	5	1	2	0.66	0.6061	0.83	0	30	368	398	231	3	0	8	0	5	1	2	0.685	0.633221	0.722917	0.139308	797	3356	4153
5436	8/19/2011	3	0	8	9	0	5	1	1	0.7	0.6515	0.65	0.1343	31	187	218	231	3	0	8	0	5	1	2	0.685	0.633221	0.722917	0.139308	797	3356	4153
5437	8/19/2011	3	0	8	10	0	5	1	1	0.72	0.6818	0.62	0.0896	57	108	165	231	3	0	8	0	5	1	2	0.685	0.633221	0.722917	0.139308	797	3356	4153
5438	8/19/2011	3	0	8	11	0	5	1	2	0.72	0.6818	0.66	0.0896	45	120	165	231	3	0	8	0	5	1	2	0.685	0.633221	0.722917	0.139308	797	3356	4153
5439	8/19/2011	3	0	8	12	0	5	1	2	0.74	0.6818	0.62	0.0896	54	168	222	231	3	0	8	0	5	1	2	0.685	0.633221	0.722917	0.139308	797	3356	4153
5440	8/19/2011	3	0	8	13	0	5	1	2	0.76	0.7121	0.62	0.194	63	169	232	231	3	0	8	0	5	1	2	0.685	0.633221	0.722917	0.139308	797	3356	4153
5441	8/19/2011	3	0	8	14	0	5	1	1	0.78	0.7273	0.55	0.194	78	142	220	231	3	0	8	0	5	1	2	0.685	0.633221	0.722917	0.139308	797	3356	4153
5442	8/19/2011	3	0	8	15	0	5	1	1	0.8	0.7424	0.49	0.1045	66	156	222	231	3	0	8	0	5	1	2	0.685	0.633221	0.722917	0.139308	797	3356	4153
5443	8/19/2011	3	0	8	16	0	5	1	1	0.8	0.7424	0.49	0	66	261	327	231	3	0	8	0	5	1	2	0.685	0.633221	0.722917	0.139308	797	3356	4153
5444	8/19/2011	3	0	8	17	0	5	1	1	0.76	0.7121	0.58	0.5224	85	442	527	231	3	0	8	0	5	1	2	0.685	0.633221	0.722917	0.139308	797	3356	4153
5445	8/19/2011	3	0	8	18	0	5	1	1	0.76	0.7121	0.58	0.5224	88	337	425	231	3	0	8	0	5	1	2	0.685	0.633221	0.722917	0.139308	797	3356	4153
5446	8/19/2011	3	0	8	19	0	5	1	3	0.62	0.5909	0.73	0.4627	33	132	165	231	3	0	8	0	5	1	2	0.685	0.633221	0.722917	0.139308	797	3356	4153
5447	8/19/2011	3	0	8	20	0	5	1	3	0.62	0.5758	0.83	0.2985	12	46	58	231	3	0	8	0	5	1	2	0.685	0.633221	0.722917	0.139308	797	3356	4153
5448	8/19/2011	3	0	8	21	0	5	1	1	0.62	0.5758	0.83	0.1343	18	89	107	231	3	0	8	0	5	1	2	0.685	0.633221	0.722917	0.139308	797	3356	4153
5449	8/19/2011	3	0	8	22	0	5	1	1	0.6	0.5455	0.88	0.1343	25	97	122	231	3	0	8	0	5	1	2	0.685	0.633221	0.722917	0.139308	797	3356	4153
5450	8/19/2011	3	0	8	23	0	5	1	2	0.6	0.5455	0.88	0.0896	18	88	106	231	3	0	8	0	5	1	2	0.685	0.633221	0.722917	0.139308	797	3356	4153
5451	8/20/2011	3	0	8	0	0	6	0	1	0.6	0.5455	0.88	0	21	107	128	232	3	0	8	0	6	0	1	0.6975	0.648996	0.674167	0.104467	1914	3277	5191
5452	8/20/2011	3	0	8	1	0	6	0	1	0.62	0.5758	0.83	0	12	35	47	232	3	0	8	0	6	0	1	0.6975	0.648996	0.674167	0.104467	1914	3277	5191
5453	8/20/2011	3	0	8	2	0	6	0	1	0.62	0.5909	0.78	0	10	59	69	232	3	0	8	0	6	0	1	0.6975	0.648996	0.674167	0.104467	1914	3277	5191
5454	8/20/2011	3	0	8	3	0	6	0	1	0.62	0.5909	0.78	0	9	42	51	232	3	0	8	0	6	0	1	0.6975	0.648996	0.674167	0.104467	1914	3277	5191
5455	8/20/2011	3	0	8	4	0	6	0	2	0.6	0.5455	0.88	0	1	6	7	232	3	0	8	0	6	0	1	0.6975	0.648996	0.674167	0.104467	1914	3277	5191
5456	8/20/2011	3	0	8	5	0	6	0	1	0.6	0.5606	0.83	0	0	8	8	232	3	0	8	0	6	0	1	0.6975	0.648996	0.674167	0.104467	1914	3277	5191
5457	8/20/2011	3	0	8	6	0	6	0	2	0.6	0.5606	0.83	0.1343	6	18	24	232	3	0	8	0	6	0	1	0.6975	0.648996	0.674167	0.104467	1914	3277	5191
5458	8/20/2011	3	0	8	7	0	6	0	1	0.62	0.5758	0.83	0	8	36	44	232	3	0	8	0	6	0	1	0.6975	0.648996	0.674167	0.104467	1914	3277	5191
5459	8/20/2011	3	0	8	8	0	6	0	1	0.66	0.6212	0.69	0	27	106	133	232	3	0	8	0	6	0	1	0.6975	0.648996	0.674167	0.104467	1914	3277	5191
5460	8/20/2011	3	0	8	9	0	6	0	1	0.7	0.6515	0.65	0	51	139	190	232	3	0	8	0	6	0	1	0.6975	0.648996	0.674167	0.104467	1914	3277	5191
5461	8/20/2011	3	0	8	10	0	6	0	1	0.72	0.6818	0.62	0.1045	114	192	306	232	3	0	8	0	6	0	1	0.6975	0.648996	0.674167	0.104467	1914	3277	5191
5462	8/20/2011	3	0	8	11	0	6	0	1	0.72	0.6667	0.58	0	115	223	338	232	3	0	8	0	6	0	1	0.6975	0.648996	0.674167	0.104467	1914	3277	5191
5463	8/20/2011	3	0	8	12	0	6	0	1	0.74	0.6818	0.58	0.1343	156	253	409	232	3	0	8	0	6	0	1	0.6975	0.648996	0.674167	0.104467	1914	3277	5191
5464	8/20/2011	3	0	8	13	0	6	0	1	0.76	0.697	0.55	0.1343	158	220	378	232	3	0	8	0	6	0	1	0.6975	0.648996	0.674167	0.104467	1914	3277	5191
5465	8/20/2011	3	0	8	14	0	6	0	1	0.8	0.7424	0.49	0.194	147	228	375	232	3	0	8	0	6	0	1	0.6975	0.648996	0.674167	0.104467	1914	3277	5191
5466	8/20/2011	3	0	8	15	0	6	0	1	0.8	0.7273	0.43	0.194	175	215	390	232	3	0	8	0	6	0	1	0.6975	0.648996	0.674167	0.104467	1914	3277	5191
5467	8/20/2011	3	0	8	16	0	6	0	1	0.8	0.7273	0.46	0.194	151	222	373	232	3	0	8	0	6	0	1	0.6975	0.648996	0.674167	0.104467	1914	3277	5191
5468	8/20/2011	3	0	8	17	0	6	0	1	0.8	0.7424	0.49	0.194	180	203	383	232	3	0	8	0	6	0	1	0.6975	0.648996	0.674167	0.104467	1914	3277	5191
5469	8/20/2011	3	0	8	18	0	6	0	1	0.76	0.7121	0.58	0.2537	169	225	394	232	3	0	8	0	6	0	1	0.6975	0.648996	0.674167	0.104467	1914	3277	5191
5470	8/20/2011	3	0	8	19	0	6	0	1	0.74	0.6818	0.62	0.194	109	182	291	232	3	0	8	0	6	0	1	0.6975	0.648996	0.674167	0.104467	1914	3277	5191
5471	8/20/2011	3	0	8	20	0	6	0	1	0.74	0.6818	0.62	0.2239	78	170	248	232	3	0	8	0	6	0	1	0.6975	0.648996	0.674167	0.104467	1914	3277	5191
5472	8/20/2011	3	0	8	21	0	6	0	1	0.72	0.6818	0.7	0.2239	81	144	225	232	3	0	8	0	6	0	1	0.6975	0.648996	0.674167	0.104467	1914	3277	5191
5473	8/20/2011	3	0	8	22	0	6	0	2	0.7	0.6667	0.74	0.194	77	146	223	232	3	0	8	0	6	0	1	0.6975	0.648996	0.674167	0.104467	1914	3277	5191
5474	8/20/2011	3	0	8	23	0	6	0	1	0.7	0.6667	0.74	0.1343	59	98	157	232	3	0	8	0	6	0	1	0.6975	0.648996	0.674167	0.104467	1914	3277	5191
5475	8/21/2011	3	0	8	0	0	0	0	1	0.7	0.6667	0.74	0.194	6	68	74	233	3	0	8	0	0	0	1	0.710833	0.675525	0.77	0.248754	1249	2624	3873
5476	8/21/2011	3	0	8	1	0	0	0	1	0.68	0.6364	0.79	0.2239	17	69	86	233	3	0	8	0	0	0	1	0.710833	0.675525	0.77	0.248754	1249	2624	3873
5477	8/21/2011	3	0	8	2	0	0	0	1	0.68	0.6364	0.79	0.194	13	51	64	233	3	0	8	0	0	0	1	0.710833	0.675525	0.77	0.248754	1249	2624	3873
5478	8/21/2011	3	0	8	3	0	0	0	1	0.66	0.6061	0.83	0.2239	25	26	51	233	3	0	8	0	0	0	1	0.710833	0.675525	0.77	0.248754	1249	2624	3873
5479	8/21/2011	3	0	8	4	0	0	0	1	0.68	0.6364	0.83	0.2239	1	5	6	233	3	0	8	0	0	0	1	0.710833	0.675525	0.77	0.248754	1249	2624	3873
5480	8/21/2011	3	0	8	5	0	0	0	1	0.66	0.5909	0.89	0.2985	0	8	8	233	3	0	8	0	0	0	1	0.710833	0.675525	0.77	0.248754	1249	2624	3873
5481	8/21/2011	3	0	8	6	0	0	0	1	0.66	0.5909	0.89	0.2836	4	10	14	233	3	0	8	0	0	0	1	0.710833	0.675525	0.77	0.248754	1249	2624	3873
5482	8/21/2011	3	0	8	7	0	0	0	1	0.68	0.6364	0.83	0.2985	12	19	31	233	3	0	8	0	0	0	1	0.710833	0.675525	0.77	0.248754	1249	2624	3873
5483	8/21/2011	3	0	8	8	0	0	0	1	0.7	0.6667	0.79	0.2239	30	62	92	233	3	0	8	0	0	0	1	0.710833	0.675525	0.77	0.248754	1249	2624	3873
5484	8/21/2011	3	0	8	9	0	0	0	1	0.72	0.697	0.74	0.2239	80	151	231	233	3	0	8	0	0	0	1	0.710833	0.675525	0.77	0.248754	1249	2624	3873
5485	8/21/2011	3	0	8	10	0	0	0	1	0.74	0.7121	0.74	0.2537	97	177	274	233	3	0	8	0	0	0	1	0.710833	0.675525	0.77	0.248754	1249	2624	3873
5486	8/21/2011	3	0	8	11	0	0	0	1	0.8	0.7879	0.63	0.2836	132	181	313	233	3	0	8	0	0	0	1	0.710833	0.675525	0.77	0.248754	1249	2624	3873
5487	8/21/2011	3	0	8	12	0	0	0	1	0.82	0.803	0.59	0.2836	135	239	374	233	3	0	8	0	0	0	1	0.710833	0.675525	0.77	0.248754	1249	2624	3873
5488	8/21/2011	3	0	8	13	0	0	0	1	0.8	0.7727	0.59	0.4179	94	216	310	233	3	0	8	0	0	0	1	0.710833	0.675525	0.77	0.248754	1249	2624	3873
5489	8/21/2011	3	0	8	14	0	0	0	3	0.7	0.6667	0.79	0.3881	78	157	235	233	3	0	8	0	0	0	1	0.710833	0.675525	0.77	0.248754	1249	2624	3873
5490	8/21/2011	3	0	8	15	0	0	0	1	0.7	0.6667	0.84	0.2836	17	51	68	233	3	0	8	0	0	0	1	0.710833	0.675525	0.77	0.248754	1249	2624	3873
5491	8/21/2011	3	0	8	16	0	0	0	1	0.72	0.697	0.79	0.1642	97	161	258	233	3	0	8	0	0	0	1	0.710833	0.675525	0.77	0.248754	1249	2624	3873
5492	8/21/2011	3	0	8	17	0	0	0	1	0.72	0.697	0.79	0.1343	91	179	270	233	3	0	8	0	0	0	1	0.710833	0.675525	0.77	0.248754	1249	2624	3873
5493	8/21/2011	3	0	8	18	0	0	0	1	0.72	0.697	0.79	0.2537	96	215	311	233	3	0	8	0	0	0	1	0.710833	0.675525	0.77	0.248754	1249	2624	3873
5494	8/21/2011	3	0	8	19	0	0	0	1	0.72	0.6818	0.7	0.2537	81	201	282	233	3	0	8	0	0	0	1	0.710833	0.675525	0.77	0.248754	1249	2624	3873
5495	8/21/2011	3	0	8	20	0	0	0	1	0.7	0.6667	0.79	0.2537	41	140	181	233	3	0	8	0	0	0	1	0.710833	0.675525	0.77	0.248754	1249	2624	3873
5496	8/21/2011	3	0	8	21	0	0	0	1	0.7	0.6667	0.79	0.2537	45	93	138	233	3	0	8	0	0	0	1	0.710833	0.675525	0.77	0.248754	1249	2624	3873
5497	8/21/2011	3	0	8	22	0	0	0	2	0.7	0.6667	0.79	0.194	37	97	134	233	3	0	8	0	0	0	1	0.710833	0.675525	0.77	0.248754	1249	2624	3873
5498	8/21/2011	3	0	8	23	0	0	0	1	0.7	0.6667	0.74	0.1642	20	48	68	233	3	0	8	0	0	0	1	0.710833	0.675525	0.77	0.248754	1249	2624	3873
5499	8/22/2011	3	0	8	0	0	1	1	1	0.68	0.6364	0.79	0.1642	18	22	40	234	3	0	8	0	1	1	1	0.691667	0.638254	0.47	0.27675	833	3925	4758
5500	8/22/2011	3	0	8	1	0	1	1	1	0.68	0.6364	0.79	0.0896	8	13	21	234	3	0	8	0	1	1	1	0.691667	0.638254	0.47	0.27675	833	3925	4758
5501	8/22/2011	3	0	8	2	0	1	1	2	0.7	0.6515	0.65	0.1045	2	6	8	234	3	0	8	0	1	1	1	0.691667	0.638254	0.47	0.27675	833	3925	4758
5502	8/22/2011	3	0	8	3	0	1	1	3	0.7	0.6515	0.65	0.1343	0	5	5	234	3	0	8	0	1	1	1	0.691667	0.638254	0.47	0.27675	833	3925	4758
5503	8/22/2011	3	0	8	4	0	1	1	1	0.68	0.6364	0.65	0.194	2	10	12	234	3	0	8	0	1	1	1	0.691667	0.638254	0.47	0.27675	833	3925	4758
5504	8/22/2011	3	0	8	5	0	1	1	1	0.66	0.6212	0.65	0.3582	1	23	24	234	3	0	8	0	1	1	1	0.691667	0.638254	0.47	0.27675	833	3925	4758
5505	8/22/2011	3	0	8	6	0	1	1	1	0.66	0.6212	0.61	0.2985	6	106	112	234	3	0	8	0	1	1	1	0.691667	0.638254	0.47	0.27675	833	3925	4758
5506	8/22/2011	3	0	8	7	0	1	1	1	0.66	0.6212	0.61	0.3284	11	270	281	234	3	0	8	0	1	1	1	0.691667	0.638254	0.47	0.27675	833	3925	4758
5507	8/22/2011	3	0	8	8	0	1	1	1	0.66	0.6212	0.61	0.3284	20	331	351	234	3	0	8	0	1	1	1	0.691667	0.638254	0.47	0.27675	833	3925	4758
5508	8/22/2011	3	0	8	9	0	1	1	1	0.68	0.6364	0.54	0.2537	36	151	187	234	3	0	8	0	1	1	1	0.691667	0.638254	0.47	0.27675	833	3925	4758
5509	8/22/2011	3	0	8	10	0	1	1	1	0.7	0.6515	0.48	0.2836	36	85	121	234	3	0	8	0	1	1	1	0.691667	0.638254	0.47	0.27675	833	3925	4758
5510	8/22/2011	3	0	8	11	0	1	1	1	0.72	0.6515	0.34	0.3284	46	85	131	234	3	0	8	0	1	1	1	0.691667	0.638254	0.47	0.27675	833	3925	4758
5511	8/22/2011	3	0	8	12	0	1	1	1	0.74	0.6515	0.35	0.3881	54	153	207	234	3	0	8	0	1	1	1	0.691667	0.638254	0.47	0.27675	833	3925	4758
5512	8/22/2011	3	0	8	13	0	1	1	1	0.74	0.6515	0.3	0.4627	47	158	205	234	3	0	8	0	1	1	1	0.691667	0.638254	0.47	0.27675	833	3925	4758
5513	8/22/2011	3	0	8	14	0	1	1	1	0.74	0.6515	0.3	0.3881	88	137	225	234	3	0	8	0	1	1	1	0.691667	0.638254	0.47	0.27675	833	3925	4758
5514	8/22/2011	3	0	8	15	0	1	1	1	0.74	0.6515	0.3	0.2985	72	127	199	234	3	0	8	0	1	1	1	0.691667	0.638254	0.47	0.27675	833	3925	4758
5515	8/22/2011	3	0	8	16	0	1	1	1	0.74	0.6515	0.3	0.3881	66	254	320	234	3	0	8	0	1	1	1	0.691667	0.638254	0.47	0.27675	833	3925	4758
5516	8/22/2011	3	0	8	17	0	1	1	1	0.74	0.6515	0.27	0.3284	82	509	591	234	3	0	8	0	1	1	1	0.691667	0.638254	0.47	0.27675	833	3925	4758
5517	8/22/2011	3	0	8	18	0	1	1	1	0.72	0.6515	0.28	0.2985	72	537	609	234	3	0	8	0	1	1	1	0.691667	0.638254	0.47	0.27675	833	3925	4758
5518	8/22/2011	3	0	8	19	0	1	1	1	0.7	0.6364	0.3	0.2836	66	350	416	234	3	0	8	0	1	1	1	0.691667	0.638254	0.47	0.27675	833	3925	4758
5519	8/22/2011	3	0	8	20	0	1	1	1	0.66	0.6212	0.34	0.194	21	247	268	234	3	0	8	0	1	1	1	0.691667	0.638254	0.47	0.27675	833	3925	4758
5520	8/22/2011	3	0	8	21	0	1	1	1	0.64	0.6212	0.38	0.194	28	180	208	234	3	0	8	0	1	1	1	0.691667	0.638254	0.47	0.27675	833	3925	4758
5521	8/22/2011	3	0	8	22	0	1	1	1	0.64	0.6212	0.38	0.2985	32	121	153	234	3	0	8	0	1	1	1	0.691667	0.638254	0.47	0.27675	833	3925	4758
5522	8/22/2011	3	0	8	23	0	1	1	1	0.62	0.6212	0.41	0.2537	19	45	64	234	3	0	8	0	1	1	1	0.691667	0.638254	0.47	0.27675	833	3925	4758
5523	8/23/2011	3	0	8	0	0	2	1	1	0.6	0.6212	0.43	0.194	13	22	35	235	3	0	8	0	2	1	1	0.640833	0.606067	0.455417	0.146763	1281	4614	5895
5524	8/23/2011	3	0	8	1	0	2	1	1	0.58	0.5455	0.49	0.194	6	13	19	235	3	0	8	0	2	1	1	0.640833	0.606067	0.455417	0.146763	1281	4614	5895
5525	8/23/2011	3	0	8	2	0	2	1	1	0.56	0.5303	0.52	0.194	2	4	6	235	3	0	8	0	2	1	1	0.640833	0.606067	0.455417	0.146763	1281	4614	5895
5526	8/23/2011	3	0	8	3	0	2	1	1	0.56	0.5303	0.52	0.2836	2	4	6	235	3	0	8	0	2	1	1	0.640833	0.606067	0.455417	0.146763	1281	4614	5895
5527	8/23/2011	3	0	8	4	0	2	1	1	0.54	0.5152	0.56	0.1642	0	5	5	235	3	0	8	0	2	1	1	0.640833	0.606067	0.455417	0.146763	1281	4614	5895
5528	8/23/2011	3	0	8	5	0	2	1	1	0.54	0.5152	0.56	0.194	1	35	36	235	3	0	8	0	2	1	1	0.640833	0.606067	0.455417	0.146763	1281	4614	5895
5529	8/23/2011	3	0	8	6	0	2	1	1	0.54	0.5152	0.6	0.194	3	111	114	235	3	0	8	0	2	1	1	0.640833	0.606067	0.455417	0.146763	1281	4614	5895
5530	8/23/2011	3	0	8	7	0	2	1	1	0.6	0.6212	0.49	0.194	11	333	344	235	3	0	8	0	2	1	1	0.640833	0.606067	0.455417	0.146763	1281	4614	5895
5531	8/23/2011	3	0	8	8	0	2	1	2	0.62	0.6212	0.5	0	43	461	504	235	3	0	8	0	2	1	1	0.640833	0.606067	0.455417	0.146763	1281	4614	5895
5532	8/23/2011	3	0	8	9	0	2	1	2	0.66	0.6212	0.44	0	34	191	225	235	3	0	8	0	2	1	1	0.640833	0.606067	0.455417	0.146763	1281	4614	5895
5533	8/23/2011	3	0	8	10	0	2	1	1	0.7	0.6364	0.37	0	56	92	148	235	3	0	8	0	2	1	1	0.640833	0.606067	0.455417	0.146763	1281	4614	5895
5534	8/23/2011	3	0	8	11	0	2	1	1	0.7	0.6364	0.34	0.1045	62	124	186	235	3	0	8	0	2	1	1	0.640833	0.606067	0.455417	0.146763	1281	4614	5895
5535	8/23/2011	3	0	8	12	0	2	1	1	0.7	0.6364	0.39	0.0896	60	177	237	235	3	0	8	0	2	1	1	0.640833	0.606067	0.455417	0.146763	1281	4614	5895
5536	8/23/2011	3	0	8	13	0	2	1	1	0.72	0.6515	0.3	0.1045	70	164	234	235	3	0	8	0	2	1	1	0.640833	0.606067	0.455417	0.146763	1281	4614	5895
5537	8/23/2011	3	0	8	14	0	2	1	1	0.72	0.6515	0.3	0.0896	149	502	651	235	3	0	8	0	2	1	1	0.640833	0.606067	0.455417	0.146763	1281	4614	5895
5538	8/23/2011	3	0	8	15	0	2	1	1	0.72	0.6515	0.34	0.2239	178	423	601	235	3	0	8	0	2	1	1	0.640833	0.606067	0.455417	0.146763	1281	4614	5895
5539	8/23/2011	3	0	8	16	0	2	1	1	0.72	0.6515	0.32	0.1343	133	311	444	235	3	0	8	0	2	1	1	0.640833	0.606067	0.455417	0.146763	1281	4614	5895
5540	8/23/2011	3	0	8	17	0	2	1	1	0.72	0.6515	0.34	0.2239	133	339	472	235	3	0	8	0	2	1	1	0.640833	0.606067	0.455417	0.146763	1281	4614	5895
5541	8/23/2011	3	0	8	18	0	2	1	1	0.72	0.6515	0.34	0.194	98	421	519	235	3	0	8	0	2	1	1	0.640833	0.606067	0.455417	0.146763	1281	4614	5895
5542	8/23/2011	3	0	8	19	0	2	1	1	0.66	0.6212	0.5	0.2239	70	297	367	235	3	0	8	0	2	1	1	0.640833	0.606067	0.455417	0.146763	1281	4614	5895
5543	8/23/2011	3	0	8	20	0	2	1	1	0.64	0.6212	0.53	0.2537	54	206	260	235	3	0	8	0	2	1	1	0.640833	0.606067	0.455417	0.146763	1281	4614	5895
5544	8/23/2011	3	0	8	21	0	2	1	1	0.62	0.6212	0.57	0	38	173	211	235	3	0	8	0	2	1	1	0.640833	0.606067	0.455417	0.146763	1281	4614	5895
5545	8/23/2011	3	0	8	22	0	2	1	1	0.62	0.6212	0.57	0.1343	46	145	191	235	3	0	8	0	2	1	1	0.640833	0.606067	0.455417	0.146763	1281	4614	5895
5546	8/23/2011	3	0	8	23	0	2	1	1	0.62	0.6061	0.61	0.1343	19	61	80	235	3	0	8	0	2	1	1	0.640833	0.606067	0.455417	0.146763	1281	4614	5895
5547	8/24/2011	3	0	8	0	0	3	1	1	0.62	0.6212	0.57	0.1343	9	29	38	236	3	0	8	0	3	1	1	0.673333	0.630692	0.605	0.253108	949	4181	5130
5548	8/24/2011	3	0	8	1	0	3	1	1	0.6	0.6061	0.6	0.1045	7	17	24	236	3	0	8	0	3	1	1	0.673333	0.630692	0.605	0.253108	949	4181	5130
5549	8/24/2011	3	0	8	2	0	3	1	1	0.58	0.5455	0.68	0.1343	2	4	6	236	3	0	8	0	3	1	1	0.673333	0.630692	0.605	0.253108	949	4181	5130
5550	8/24/2011	3	0	8	3	0	3	1	1	0.58	0.5455	0.68	0.1343	0	1	1	236	3	0	8	0	3	1	1	0.673333	0.630692	0.605	0.253108	949	4181	5130
5551	8/24/2011	3	0	8	4	0	3	1	1	0.56	0.5303	0.73	0.1045	0	7	7	236	3	0	8	0	3	1	1	0.673333	0.630692	0.605	0.253108	949	4181	5130
5552	8/24/2011	3	0	8	5	0	3	1	1	0.56	0.5303	0.73	0.1045	1	26	27	236	3	0	8	0	3	1	1	0.673333	0.630692	0.605	0.253108	949	4181	5130
5553	8/24/2011	3	0	8	6	0	3	1	1	0.56	0.5303	0.73	0	3	105	108	236	3	0	8	0	3	1	1	0.673333	0.630692	0.605	0.253108	949	4181	5130
5554	8/24/2011	3	0	8	7	0	3	1	1	0.6	0.6061	0.64	0.0896	11	297	308	236	3	0	8	0	3	1	1	0.673333	0.630692	0.605	0.253108	949	4181	5130
5555	8/24/2011	3	0	8	8	0	3	1	1	0.62	0.6061	0.69	0.1343	32	436	468	236	3	0	8	0	3	1	1	0.673333	0.630692	0.605	0.253108	949	4181	5130
5556	8/24/2011	3	0	8	9	0	3	1	1	0.64	0.6061	0.69	0.2537	44	169	213	236	3	0	8	0	3	1	1	0.673333	0.630692	0.605	0.253108	949	4181	5130
5557	8/24/2011	3	0	8	10	0	3	1	1	0.7	0.6515	0.58	0.2836	51	95	146	236	3	0	8	0	3	1	1	0.673333	0.630692	0.605	0.253108	949	4181	5130
5558	8/24/2011	3	0	8	11	0	3	1	1	0.72	0.6667	0.54	0.2985	57	128	185	236	3	0	8	0	3	1	1	0.673333	0.630692	0.605	0.253108	949	4181	5130
5559	8/24/2011	3	0	8	12	0	3	1	1	0.74	0.6818	0.55	0.3284	60	175	235	236	3	0	8	0	3	1	1	0.673333	0.630692	0.605	0.253108	949	4181	5130
5560	8/24/2011	3	0	8	13	0	3	1	1	0.76	0.6818	0.48	0.4179	56	180	236	236	3	0	8	0	3	1	1	0.673333	0.630692	0.605	0.253108	949	4181	5130
5561	8/24/2011	3	0	8	14	0	3	1	1	0.76	0.6818	0.48	0.4179	77	127	204	236	3	0	8	0	3	1	1	0.673333	0.630692	0.605	0.253108	949	4181	5130
5562	8/24/2011	3	0	8	15	0	3	1	1	0.76	0.6818	0.48	0.4478	63	141	204	236	3	0	8	0	3	1	1	0.673333	0.630692	0.605	0.253108	949	4181	5130
5563	8/24/2011	3	0	8	16	0	3	1	1	0.76	0.697	0.52	0.4179	49	222	271	236	3	0	8	0	3	1	1	0.673333	0.630692	0.605	0.253108	949	4181	5130
5564	8/24/2011	3	0	8	17	0	3	1	1	0.76	0.697	0.52	0.3582	83	484	567	236	3	0	8	0	3	1	1	0.673333	0.630692	0.605	0.253108	949	4181	5130
5565	8/24/2011	3	0	8	18	0	3	1	1	0.74	0.6818	0.55	0.2985	102	519	621	236	3	0	8	0	3	1	1	0.673333	0.630692	0.605	0.253108	949	4181	5130
5566	8/24/2011	3	0	8	19	0	3	1	1	0.74	0.6818	0.55	0.2985	93	347	440	236	3	0	8	0	3	1	1	0.673333	0.630692	0.605	0.253108	949	4181	5130
5567	8/24/2011	3	0	8	20	0	3	1	1	0.72	0.6667	0.58	0.2985	45	289	334	236	3	0	8	0	3	1	1	0.673333	0.630692	0.605	0.253108	949	4181	5130
5568	8/24/2011	3	0	8	21	0	3	1	1	0.7	0.6515	0.61	0.3582	47	189	236	236	3	0	8	0	3	1	1	0.673333	0.630692	0.605	0.253108	949	4181	5130
5569	8/24/2011	3	0	8	22	0	3	1	1	0.7	0.6515	0.65	0.3582	41	140	181	236	3	0	8	0	3	1	1	0.673333	0.630692	0.605	0.253108	949	4181	5130
5570	8/24/2011	3	0	8	23	0	3	1	1	0.68	0.6364	0.69	0.2985	16	54	70	236	3	0	8	0	3	1	1	0.673333	0.630692	0.605	0.253108	949	4181	5130
5571	8/25/2011	3	0	8	0	0	4	1	1	0.68	0.6364	0.74	0.2985	11	41	52	237	3	0	8	0	4	1	2	0.684167	0.645854	0.771667	0.210833	435	3107	3542
5572	8/25/2011	3	0	8	1	0	4	1	1	0.68	0.6364	0.69	0.3881	4	11	15	237	3	0	8	0	4	1	2	0.684167	0.645854	0.771667	0.210833	435	3107	3542
5573	8/25/2011	3	0	8	2	0	4	1	1	0.68	0.6364	0.69	0.3881	3	2	5	237	3	0	8	0	4	1	2	0.684167	0.645854	0.771667	0.210833	435	3107	3542
5574	8/25/2011	3	0	8	3	0	4	1	1	0.66	0.6212	0.74	0.3284	2	2	4	237	3	0	8	0	4	1	2	0.684167	0.645854	0.771667	0.210833	435	3107	3542
5575	8/25/2011	3	0	8	4	0	4	1	1	0.66	0.6061	0.78	0.3881	1	6	7	237	3	0	8	0	4	1	2	0.684167	0.645854	0.771667	0.210833	435	3107	3542
5576	8/25/2011	3	0	8	5	0	4	1	1	0.66	0.6061	0.83	0.4179	1	25	26	237	3	0	8	0	4	1	2	0.684167	0.645854	0.771667	0.210833	435	3107	3542
5577	8/25/2011	3	0	8	6	0	4	1	1	0.66	0.6061	0.83	0.3284	1	101	102	237	3	0	8	0	4	1	2	0.684167	0.645854	0.771667	0.210833	435	3107	3542
5578	8/25/2011	3	0	8	7	0	4	1	2	0.68	0.6364	0.79	0.3284	17	296	313	237	3	0	8	0	4	1	2	0.684167	0.645854	0.771667	0.210833	435	3107	3542
5579	8/25/2011	3	0	8	8	0	4	1	2	0.7	0.6667	0.74	0.2985	23	461	484	237	3	0	8	0	4	1	2	0.684167	0.645854	0.771667	0.210833	435	3107	3542
5580	8/25/2011	3	0	8	9	0	4	1	2	0.72	0.6818	0.7	0.2985	21	141	162	237	3	0	8	0	4	1	2	0.684167	0.645854	0.771667	0.210833	435	3107	3542
5581	8/25/2011	3	0	8	10	0	4	1	2	0.74	0.697	0.66	0.2985	37	105	142	237	3	0	8	0	4	1	2	0.684167	0.645854	0.771667	0.210833	435	3107	3542
5582	8/25/2011	3	0	8	11	0	4	1	3	0.7	0.6667	0.79	0	39	112	151	237	3	0	8	0	4	1	2	0.684167	0.645854	0.771667	0.210833	435	3107	3542
5583	8/25/2011	3	0	8	12	0	4	1	3	0.7	0.6667	0.79	0	9	32	41	237	3	0	8	0	4	1	2	0.684167	0.645854	0.771667	0.210833	435	3107	3542
5584	8/25/2011	3	0	8	13	0	4	1	1	0.7	0.6667	0.79	0.1045	7	30	37	237	3	0	8	0	4	1	2	0.684167	0.645854	0.771667	0.210833	435	3107	3542
5585	8/25/2011	3	0	8	14	0	4	1	2	0.72	0.697	0.74	0	27	86	113	237	3	0	8	0	4	1	2	0.684167	0.645854	0.771667	0.210833	435	3107	3542
5586	8/25/2011	3	0	8	15	0	4	1	2	0.74	0.697	0.7	0	28	104	132	237	3	0	8	0	4	1	2	0.684167	0.645854	0.771667	0.210833	435	3107	3542
5587	8/25/2011	3	0	8	16	0	4	1	1	0.72	0.7121	0.84	0	16	105	121	237	3	0	8	0	4	1	2	0.684167	0.645854	0.771667	0.210833	435	3107	3542
5588	8/25/2011	3	0	8	17	0	4	1	1	0.72	0.7121	0.84	0	28	284	312	237	3	0	8	0	4	1	2	0.684167	0.645854	0.771667	0.210833	435	3107	3542
5589	8/25/2011	3	0	8	18	0	4	1	2	0.72	0.7121	0.84	0.1343	31	377	408	237	3	0	8	0	4	1	2	0.684167	0.645854	0.771667	0.210833	435	3107	3542
5590	8/25/2011	3	0	8	19	0	4	1	2	0.66	0.6061	0.78	0.3284	31	241	272	237	3	0	8	0	4	1	2	0.684167	0.645854	0.771667	0.210833	435	3107	3542
5591	8/25/2011	3	0	8	20	0	4	1	1	0.64	0.5909	0.78	0.3582	33	192	225	237	3	0	8	0	4	1	2	0.684167	0.645854	0.771667	0.210833	435	3107	3542
5592	8/25/2011	3	0	8	21	0	4	1	1	0.64	0.5909	0.78	0.2836	29	158	187	237	3	0	8	0	4	1	2	0.684167	0.645854	0.771667	0.210833	435	3107	3542
5593	8/25/2011	3	0	8	22	0	4	1	1	0.62	0.5758	0.83	0	21	126	147	237	3	0	8	0	4	1	2	0.684167	0.645854	0.771667	0.210833	435	3107	3542
5594	8/25/2011	3	0	8	23	0	4	1	1	0.62	0.5758	0.83	0.0896	15	69	84	237	3	0	8	0	4	1	2	0.684167	0.645854	0.771667	0.210833	435	3107	3542
5595	8/26/2011	3	0	8	0	0	5	1	1	0.62	0.5758	0.83	0.1343	9	42	51	238	3	0	8	0	5	1	1	0.7	0.659733	0.76125	0.0839625	768	3893	4661
5596	8/26/2011	3	0	8	1	0	5	1	1	0.62	0.5758	0.83	0	10	13	23	238	3	0	8	0	5	1	1	0.7	0.659733	0.76125	0.0839625	768	3893	4661
5597	8/26/2011	3	0	8	2	0	5	1	1	0.62	0.5606	0.88	0.1343	4	16	20	238	3	0	8	0	5	1	1	0.7	0.659733	0.76125	0.0839625	768	3893	4661
5598	8/26/2011	3	0	8	3	0	5	1	1	0.6	0.5455	0.88	0.1045	3	8	11	238	3	0	8	0	5	1	1	0.7	0.659733	0.76125	0.0839625	768	3893	4661
5599	8/26/2011	3	0	8	4	0	5	1	1	0.62	0.5606	0.88	0	2	6	8	238	3	0	8	0	5	1	1	0.7	0.659733	0.76125	0.0839625	768	3893	4661
5600	8/26/2011	3	0	8	5	0	5	1	2	0.62	0.5606	0.88	0	3	23	26	238	3	0	8	0	5	1	1	0.7	0.659733	0.76125	0.0839625	768	3893	4661
5601	8/26/2011	3	0	8	6	0	5	1	1	0.62	0.5606	0.88	0	5	100	105	238	3	0	8	0	5	1	1	0.7	0.659733	0.76125	0.0839625	768	3893	4661
5602	8/26/2011	3	0	8	7	0	5	1	1	0.64	0.5758	0.83	0	3	263	266	238	3	0	8	0	5	1	1	0.7	0.659733	0.76125	0.0839625	768	3893	4661
5603	8/26/2011	3	0	8	8	0	5	1	1	0.66	0.6061	0.83	0.1045	17	387	404	238	3	0	8	0	5	1	1	0.7	0.659733	0.76125	0.0839625	768	3893	4661
5604	8/26/2011	3	0	8	9	0	5	1	1	0.7	0.6667	0.74	0	39	191	230	238	3	0	8	0	5	1	1	0.7	0.659733	0.76125	0.0839625	768	3893	4661
5605	8/26/2011	3	0	8	10	0	5	1	1	0.74	0.697	0.66	0.0896	34	89	123	238	3	0	8	0	5	1	1	0.7	0.659733	0.76125	0.0839625	768	3893	4661
5606	8/26/2011	3	0	8	11	0	5	1	2	0.76	0.7121	0.62	0	63	151	214	238	3	0	8	0	5	1	1	0.7	0.659733	0.76125	0.0839625	768	3893	4661
5607	8/26/2011	3	0	8	12	0	5	1	2	0.76	0.7273	0.66	0.1045	70	173	243	238	3	0	8	0	5	1	1	0.7	0.659733	0.76125	0.0839625	768	3893	4661
5608	8/26/2011	3	0	8	13	0	5	1	2	0.78	0.7424	0.59	0.1045	72	165	237	238	3	0	8	0	5	1	1	0.7	0.659733	0.76125	0.0839625	768	3893	4661
5609	8/26/2011	3	0	8	14	0	5	1	1	0.8	0.7727	0.59	0	55	164	219	238	3	0	8	0	5	1	1	0.7	0.659733	0.76125	0.0839625	768	3893	4661
5610	8/26/2011	3	0	8	15	0	5	1	2	0.8	0.7727	0.59	0.194	53	196	249	238	3	0	8	0	5	1	1	0.7	0.659733	0.76125	0.0839625	768	3893	4661
5611	8/26/2011	3	0	8	16	0	5	1	1	0.78	0.7424	0.62	0.1045	50	293	343	238	3	0	8	0	5	1	1	0.7	0.659733	0.76125	0.0839625	768	3893	4661
5612	8/26/2011	3	0	8	17	0	5	1	1	0.74	0.7121	0.74	0.2537	56	433	489	238	3	0	8	0	5	1	1	0.7	0.659733	0.76125	0.0839625	768	3893	4661
5613	8/26/2011	3	0	8	18	0	5	1	2	0.74	0.7121	0.74	0.1343	40	370	410	238	3	0	8	0	5	1	1	0.7	0.659733	0.76125	0.0839625	768	3893	4661
5614	8/26/2011	3	0	8	19	0	5	1	1	0.72	0.697	0.79	0.1045	55	235	290	238	3	0	8	0	5	1	1	0.7	0.659733	0.76125	0.0839625	768	3893	4661
5615	8/26/2011	3	0	8	20	0	5	1	1	0.72	0.697	0.79	0.0896	39	183	222	238	3	0	8	0	5	1	1	0.7	0.659733	0.76125	0.0839625	768	3893	4661
5616	8/26/2011	3	0	8	21	0	5	1	1	0.72	0.697	0.79	0.1642	38	152	190	238	3	0	8	0	5	1	1	0.7	0.659733	0.76125	0.0839625	768	3893	4661
5617	8/26/2011	3	0	8	22	0	5	1	1	0.72	0.697	0.79	0.1045	26	126	152	238	3	0	8	0	5	1	1	0.7	0.659733	0.76125	0.0839625	768	3893	4661
5618	8/26/2011	3	0	8	23	0	5	1	1	0.7	0.6667	0.84	0.0896	22	114	136	238	3	0	8	0	5	1	1	0.7	0.659733	0.76125	0.0839625	768	3893	4661
5619	8/27/2011	3	0	8	0	0	6	0	1	0.7	0.6667	0.84	0.1045	33	112	145	239	3	0	8	0	6	0	2	0.68	0.635556	0.85	0.375617	226	889	1115
5620	8/27/2011	3	0	8	1	0	6	0	1	0.7	0.6667	0.84	0.1642	13	51	64	239	3	0	8	0	6	0	2	0.68	0.635556	0.85	0.375617	226	889	1115
5621	8/27/2011	3	0	8	2	0	6	0	1	0.7	0.6667	0.84	0.194	18	59	77	239	3	0	8	0	6	0	2	0.68	0.635556	0.85	0.375617	226	889	1115
5622	8/27/2011	3	0	8	3	0	6	0	2	0.7	0.6667	0.84	0.2239	8	22	30	239	3	0	8	0	6	0	2	0.68	0.635556	0.85	0.375617	226	889	1115
5623	8/27/2011	3	0	8	4	0	6	0	2	0.7	0.6667	0.84	0.2239	1	3	4	239	3	0	8	0	6	0	2	0.68	0.635556	0.85	0.375617	226	889	1115
5624	8/27/2011	3	0	8	5	0	6	0	2	0.7	0.6667	0.84	0.2985	1	11	12	239	3	0	8	0	6	0	2	0.68	0.635556	0.85	0.375617	226	889	1115
5625	8/27/2011	3	0	8	6	0	6	0	2	0.7	0.6667	0.84	0.2985	3	15	18	239	3	0	8	0	6	0	2	0.68	0.635556	0.85	0.375617	226	889	1115
5626	8/27/2011	3	0	8	7	0	6	0	2	0.7	0.6667	0.84	0.3582	2	26	28	239	3	0	8	0	6	0	2	0.68	0.635556	0.85	0.375617	226	889	1115
5627	8/27/2011	3	0	8	8	0	6	0	2	0.7	0.6667	0.84	0.2537	14	62	76	239	3	0	8	0	6	0	2	0.68	0.635556	0.85	0.375617	226	889	1115
5628	8/27/2011	3	0	8	9	0	6	0	2	0.7	0.6667	0.84	0.4179	28	128	156	239	3	0	8	0	6	0	2	0.68	0.635556	0.85	0.375617	226	889	1115
5629	8/27/2011	3	0	8	10	0	6	0	2	0.7	0.6667	0.79	0.4627	51	154	205	239	3	0	8	0	6	0	2	0.68	0.635556	0.85	0.375617	226	889	1115
5630	8/27/2011	3	0	8	11	0	6	0	3	0.66	0.5909	0.89	0.4179	15	73	88	239	3	0	8	0	6	0	2	0.68	0.635556	0.85	0.375617	226	889	1115
5631	8/27/2011	3	0	8	12	0	6	0	3	0.66	0.6061	0.83	0.4925	11	65	76	239	3	0	8	0	6	0	2	0.68	0.635556	0.85	0.375617	226	889	1115
5632	8/27/2011	3	0	8	13	0	6	0	3	0.66	0.6061	0.83	0.3881	10	33	43	239	3	0	8	0	6	0	2	0.68	0.635556	0.85	0.375617	226	889	1115
5633	8/27/2011	3	0	8	14	0	6	0	3	0.64	0.5758	0.89	0.5522	4	19	23	239	3	0	8	0	6	0	2	0.68	0.635556	0.85	0.375617	226	889	1115
5634	8/27/2011	3	0	8	15	0	6	0	3	0.64	0.5758	0.89	0.5522	2	28	30	239	3	0	8	0	6	0	2	0.68	0.635556	0.85	0.375617	226	889	1115
5635	8/27/2011	3	0	8	16	0	6	0	3	0.64	0.5758	0.89	0.5224	10	14	24	239	3	0	8	0	6	0	2	0.68	0.635556	0.85	0.375617	226	889	1115
5636	8/27/2011	3	0	8	17	0	6	0	3	0.64	0.5758	0.89	0.8358	2	14	16	239	3	0	8	0	6	0	2	0.68	0.635556	0.85	0.375617	226	889	1115
5637	8/28/2011	3	0	8	7	0	0	0	3	0.62	0.5758	0.83	0.3582	0	1	1	240	3	0	8	0	0	0	1	0.707059	0.647959	0.561765	0.304659	1415	2919	4334
5638	8/28/2011	3	0	8	8	0	0	0	3	0.62	0.5758	0.83	0.4179	2	6	8	240	3	0	8	0	0	0	1	0.707059	0.647959	0.561765	0.304659	1415	2919	4334
5639	8/28/2011	3	0	8	9	0	0	0	1	0.66	0.6212	0.74	0.4179	7	46	53	240	3	0	8	0	0	0	1	0.707059	0.647959	0.561765	0.304659	1415	2919	4334
5640	8/28/2011	3	0	8	10	0	0	0	1	0.7	0.6515	0.61	0.6119	27	115	142	240	3	0	8	0	0	0	1	0.707059	0.647959	0.561765	0.304659	1415	2919	4334
5641	8/28/2011	3	0	8	11	0	0	0	1	0.7	0.6515	0.58	0.3881	59	178	237	240	3	0	8	0	0	0	1	0.707059	0.647959	0.561765	0.304659	1415	2919	4334
5642	8/28/2011	3	0	8	12	0	0	0	1	0.74	0.6667	0.51	0.3881	88	218	306	240	3	0	8	0	0	0	1	0.707059	0.647959	0.561765	0.304659	1415	2919	4334
5643	8/28/2011	3	0	8	13	0	0	0	1	0.76	0.6818	0.45	0.3582	129	302	431	240	3	0	8	0	0	0	1	0.707059	0.647959	0.561765	0.304659	1415	2919	4334
5644	8/28/2011	3	0	8	14	0	0	0	1	0.78	0.697	0.43	0.4179	157	290	447	240	3	0	8	0	0	0	1	0.707059	0.647959	0.561765	0.304659	1415	2919	4334
5645	8/28/2011	3	0	8	15	0	0	0	1	0.78	0.697	0.43	0.3582	155	314	469	240	3	0	8	0	0	0	1	0.707059	0.647959	0.561765	0.304659	1415	2919	4334
5646	8/28/2011	3	0	8	16	0	0	0	1	0.8	0.7121	0.36	0.3881	196	295	491	240	3	0	8	0	0	0	1	0.707059	0.647959	0.561765	0.304659	1415	2919	4334
5647	8/28/2011	3	0	8	17	0	0	0	1	0.76	0.6818	0.4	0.2985	145	253	398	240	3	0	8	0	0	0	1	0.707059	0.647959	0.561765	0.304659	1415	2919	4334
5648	8/28/2011	3	0	8	18	0	0	0	1	0.74	0.6667	0.42	0.2239	145	257	402	240	3	0	8	0	0	0	1	0.707059	0.647959	0.561765	0.304659	1415	2919	4334
5649	8/28/2011	3	0	8	19	0	0	0	1	0.72	0.6667	0.48	0.1045	140	247	387	240	3	0	8	0	0	0	1	0.707059	0.647959	0.561765	0.304659	1415	2919	4334
5650	8/28/2011	3	0	8	20	0	0	0	1	0.72	0.6515	0.45	0.1045	64	150	214	240	3	0	8	0	0	0	1	0.707059	0.647959	0.561765	0.304659	1415	2919	4334
5651	8/28/2011	3	0	8	21	0	0	0	1	0.66	0.6212	0.61	0.1343	60	126	186	240	3	0	8	0	0	0	1	0.707059	0.647959	0.561765	0.304659	1415	2919	4334
5652	8/28/2011	3	0	8	22	0	0	0	1	0.64	0.6061	0.69	0.1045	25	73	98	240	3	0	8	0	0	0	1	0.707059	0.647959	0.561765	0.304659	1415	2919	4334
5653	8/28/2011	3	0	8	23	0	0	0	1	0.62	0.5909	0.73	0.1045	16	48	64	240	3	0	8	0	0	0	1	0.707059	0.647959	0.561765	0.304659	1415	2919	4334
5654	8/29/2011	3	0	8	0	0	1	1	1	0.62	0.5909	0.73	0.1045	13	21	34	241	3	0	8	0	1	1	1	0.636667	0.607958	0.554583	0.159825	729	3905	4634
5655	8/29/2011	3	0	8	1	0	1	1	1	0.6	0.5909	0.69	0.1045	5	15	20	241	3	0	8	0	1	1	1	0.636667	0.607958	0.554583	0.159825	729	3905	4634
5656	8/29/2011	3	0	8	2	0	1	1	1	0.6	0.5909	0.69	0.194	8	5	13	241	3	0	8	0	1	1	1	0.636667	0.607958	0.554583	0.159825	729	3905	4634
5657	8/29/2011	3	0	8	3	0	1	1	1	0.6	0.5909	0.69	0.1045	1	5	6	241	3	0	8	0	1	1	1	0.636667	0.607958	0.554583	0.159825	729	3905	4634
5658	8/29/2011	3	0	8	4	0	1	1	1	0.56	0.5303	0.68	0.1343	0	3	3	241	3	0	8	0	1	1	1	0.636667	0.607958	0.554583	0.159825	729	3905	4634
5659	8/29/2011	3	0	8	5	0	1	1	1	0.56	0.5303	0.73	0.1343	0	17	17	241	3	0	8	0	1	1	1	0.636667	0.607958	0.554583	0.159825	729	3905	4634
5660	8/29/2011	3	0	8	6	0	1	1	1	0.56	0.5303	0.73	0.1343	3	99	102	241	3	0	8	0	1	1	1	0.636667	0.607958	0.554583	0.159825	729	3905	4634
5661	8/29/2011	3	0	8	7	0	1	1	1	0.6	0.6061	0.6	0.2239	11	273	284	241	3	0	8	0	1	1	1	0.636667	0.607958	0.554583	0.159825	729	3905	4634
5662	8/29/2011	3	0	8	8	0	1	1	1	0.62	0.6212	0.57	0.2537	20	384	404	241	3	0	8	0	1	1	1	0.636667	0.607958	0.554583	0.159825	729	3905	4634
5663	8/29/2011	3	0	8	9	0	1	1	1	0.62	0.6212	0.53	0.2537	22	166	188	241	3	0	8	0	1	1	1	0.636667	0.607958	0.554583	0.159825	729	3905	4634
5664	8/29/2011	3	0	8	10	0	1	1	1	0.66	0.6212	0.47	0.2239	42	73	115	241	3	0	8	0	1	1	1	0.636667	0.607958	0.554583	0.159825	729	3905	4634
5665	8/29/2011	3	0	8	11	0	1	1	1	0.66	0.6212	0.47	0.1642	38	100	138	241	3	0	8	0	1	1	1	0.636667	0.607958	0.554583	0.159825	729	3905	4634
5666	8/29/2011	3	0	8	12	0	1	1	2	0.68	0.6364	0.44	0.1642	48	159	207	241	3	0	8	0	1	1	1	0.636667	0.607958	0.554583	0.159825	729	3905	4634
5667	8/29/2011	3	0	8	13	0	1	1	2	0.7	0.6364	0.39	0	48	170	218	241	3	0	8	0	1	1	1	0.636667	0.607958	0.554583	0.159825	729	3905	4634
5668	8/29/2011	3	0	8	14	0	1	1	1	0.7	0.6364	0.42	0	55	127	182	241	3	0	8	0	1	1	1	0.636667	0.607958	0.554583	0.159825	729	3905	4634
5669	8/29/2011	3	0	8	15	0	1	1	1	0.7	0.6364	0.42	0.1642	56	164	220	241	3	0	8	0	1	1	1	0.636667	0.607958	0.554583	0.159825	729	3905	4634
5670	8/29/2011	3	0	8	16	0	1	1	1	0.72	0.6515	0.42	0.1642	56	226	282	241	3	0	8	0	1	1	1	0.636667	0.607958	0.554583	0.159825	729	3905	4634
5671	8/29/2011	3	0	8	17	0	1	1	2	0.7	0.6364	0.47	0.2239	67	524	591	241	3	0	8	0	1	1	1	0.636667	0.607958	0.554583	0.159825	729	3905	4634
5672	8/29/2011	3	0	8	18	0	1	1	1	0.66	0.6212	0.47	0.2537	60	487	547	241	3	0	8	0	1	1	1	0.636667	0.607958	0.554583	0.159825	729	3905	4634
5673	8/29/2011	3	0	8	19	0	1	1	1	0.66	0.6212	0.47	0.2537	50	317	367	241	3	0	8	0	1	1	1	0.636667	0.607958	0.554583	0.159825	729	3905	4634
5674	8/29/2011	3	0	8	20	0	1	1	1	0.64	0.6212	0.53	0.1642	50	227	277	241	3	0	8	0	1	1	1	0.636667	0.607958	0.554583	0.159825	729	3905	4634
5675	8/29/2011	3	0	8	21	0	1	1	1	0.64	0.6212	0.53	0.194	34	168	202	241	3	0	8	0	1	1	1	0.636667	0.607958	0.554583	0.159825	729	3905	4634
5676	8/29/2011	3	0	8	22	0	1	1	1	0.62	0.6212	0.57	0.1343	23	119	142	241	3	0	8	0	1	1	1	0.636667	0.607958	0.554583	0.159825	729	3905	4634
5677	8/29/2011	3	0	8	23	0	1	1	1	0.6	0.6061	0.6	0.0896	19	56	75	241	3	0	8	0	1	1	1	0.636667	0.607958	0.554583	0.159825	729	3905	4634
5678	8/30/2011	3	0	8	0	0	2	1	1	0.56	0.5303	0.73	0.1343	10	17	27	242	3	0	8	0	2	1	1	0.639167	0.594704	0.548333	0.125008	775	4429	5204
5679	8/30/2011	3	0	8	1	0	2	1	1	0.56	0.5303	0.68	0.1045	6	7	13	242	3	0	8	0	2	1	1	0.639167	0.594704	0.548333	0.125008	775	4429	5204
5680	8/30/2011	3	0	8	2	0	2	1	1	0.54	0.5152	0.73	0.1045	2	8	10	242	3	0	8	0	2	1	1	0.639167	0.594704	0.548333	0.125008	775	4429	5204
5681	8/30/2011	3	0	8	3	0	2	1	1	0.54	0.5152	0.73	0.194	2	2	4	242	3	0	8	0	2	1	1	0.639167	0.594704	0.548333	0.125008	775	4429	5204
5682	8/30/2011	3	0	8	4	0	2	1	1	0.52	0.5	0.77	0.1642	0	6	6	242	3	0	8	0	2	1	1	0.639167	0.594704	0.548333	0.125008	775	4429	5204
5683	8/30/2011	3	0	8	5	0	2	1	1	0.52	0.5	0.77	0.0896	1	27	28	242	3	0	8	0	2	1	1	0.639167	0.594704	0.548333	0.125008	775	4429	5204
5684	8/30/2011	3	0	8	6	0	2	1	1	0.54	0.5152	0.73	0.1045	4	115	119	242	3	0	8	0	2	1	1	0.639167	0.594704	0.548333	0.125008	775	4429	5204
5685	8/30/2011	3	0	8	7	0	2	1	1	0.56	0.5303	0.68	0.1343	19	338	357	242	3	0	8	0	2	1	1	0.639167	0.594704	0.548333	0.125008	775	4429	5204
5686	8/30/2011	3	0	8	8	0	2	1	1	0.62	0.6212	0.57	0.1343	34	459	493	242	3	0	8	0	2	1	1	0.639167	0.594704	0.548333	0.125008	775	4429	5204
5687	8/30/2011	3	0	8	9	0	2	1	1	0.66	0.6212	0.5	0.2239	38	180	218	242	3	0	8	0	2	1	1	0.639167	0.594704	0.548333	0.125008	775	4429	5204
5688	8/30/2011	3	0	8	10	0	2	1	1	0.7	0.6364	0.39	0.2239	28	109	137	242	3	0	8	0	2	1	1	0.639167	0.594704	0.548333	0.125008	775	4429	5204
5689	8/30/2011	3	0	8	11	0	2	1	1	0.72	0.6515	0.37	0.194	60	115	175	242	3	0	8	0	2	1	1	0.639167	0.594704	0.548333	0.125008	775	4429	5204
5690	8/30/2011	3	0	8	12	0	2	1	1	0.72	0.6515	0.37	0	65	172	237	242	3	0	8	0	2	1	1	0.639167	0.594704	0.548333	0.125008	775	4429	5204
5691	8/30/2011	3	0	8	13	0	2	1	1	0.74	0.6515	0.35	0.1045	59	170	229	242	3	0	8	0	2	1	1	0.639167	0.594704	0.548333	0.125008	775	4429	5204
5692	8/30/2011	3	0	8	14	0	2	1	1	0.74	0.6515	0.33	0.1642	58	151	209	242	3	0	8	0	2	1	1	0.639167	0.594704	0.548333	0.125008	775	4429	5204
5693	8/30/2011	3	0	8	15	0	2	1	1	0.74	0.6515	0.35	0.2239	34	162	196	242	3	0	8	0	2	1	1	0.639167	0.594704	0.548333	0.125008	775	4429	5204
5694	8/30/2011	3	0	8	16	0	2	1	1	0.74	0.6515	0.37	0.1642	42	295	337	242	3	0	8	0	2	1	1	0.639167	0.594704	0.548333	0.125008	775	4429	5204
5695	8/30/2011	3	0	8	17	0	2	1	1	0.72	0.6515	0.42	0.194	62	549	611	242	3	0	8	0	2	1	1	0.639167	0.594704	0.548333	0.125008	775	4429	5204
5696	8/30/2011	3	0	8	18	0	2	1	1	0.7	0.6364	0.45	0.1642	60	516	576	242	3	0	8	0	2	1	1	0.639167	0.594704	0.548333	0.125008	775	4429	5204
5697	8/30/2011	3	0	8	19	0	2	1	1	0.66	0.6212	0.5	0.0896	68	397	465	242	3	0	8	0	2	1	1	0.639167	0.594704	0.548333	0.125008	775	4429	5204
5698	8/30/2011	3	0	8	20	0	2	1	1	0.66	0.6212	0.5	0	39	259	298	242	3	0	8	0	2	1	1	0.639167	0.594704	0.548333	0.125008	775	4429	5204
5699	8/30/2011	3	0	8	21	0	2	1	1	0.64	0.6061	0.65	0.0896	43	180	223	242	3	0	8	0	2	1	1	0.639167	0.594704	0.548333	0.125008	775	4429	5204
5700	8/30/2011	3	0	8	22	0	2	1	1	0.62	0.6061	0.61	0	22	121	143	242	3	0	8	0	2	1	1	0.639167	0.594704	0.548333	0.125008	775	4429	5204
5701	8/30/2011	3	0	8	23	0	2	1	1	0.62	0.6061	0.61	0	19	74	93	242	3	0	8	0	2	1	1	0.639167	0.594704	0.548333	0.125008	775	4429	5204
5702	8/31/2011	3	0	8	0	0	3	1	1	0.6	0.5909	0.69	0	8	24	32	243	3	0	8	0	3	1	1	0.656667	0.611121	0.597917	0.0833333	688	4370	5058
5703	8/31/2011	3	0	8	1	0	3	1	1	0.6	0.5909	0.69	0	2	13	15	243	3	0	8	0	3	1	1	0.656667	0.611121	0.597917	0.0833333	688	4370	5058
5704	8/31/2011	3	0	8	2	0	3	1	1	0.56	0.5303	0.73	0	1	5	6	243	3	0	8	0	3	1	1	0.656667	0.611121	0.597917	0.0833333	688	4370	5058
5705	8/31/2011	3	0	8	3	0	3	1	1	0.56	0.5303	0.78	0	2	4	6	243	3	0	8	0	3	1	1	0.656667	0.611121	0.597917	0.0833333	688	4370	5058
5706	8/31/2011	3	0	8	4	0	3	1	1	0.56	0.5303	0.73	0	0	5	5	243	3	0	8	0	3	1	1	0.656667	0.611121	0.597917	0.0833333	688	4370	5058
5707	8/31/2011	3	0	8	5	0	3	1	1	0.54	0.5152	0.83	0.0896	2	25	27	243	3	0	8	0	3	1	1	0.656667	0.611121	0.597917	0.0833333	688	4370	5058
5708	8/31/2011	3	0	8	6	0	3	1	1	0.54	0.5152	0.77	0	4	107	111	243	3	0	8	0	3	1	1	0.656667	0.611121	0.597917	0.0833333	688	4370	5058
5709	8/31/2011	3	0	8	7	0	3	1	1	0.6	0.5758	0.78	0	12	316	328	243	3	0	8	0	3	1	1	0.656667	0.611121	0.597917	0.0833333	688	4370	5058
5710	8/31/2011	3	0	8	8	0	3	1	1	0.62	0.6061	0.69	0	27	440	467	243	3	0	8	0	3	1	1	0.656667	0.611121	0.597917	0.0833333	688	4370	5058
5711	8/31/2011	3	0	8	9	0	3	1	1	0.64	0.6061	0.69	0.0896	27	217	244	243	3	0	8	0	3	1	1	0.656667	0.611121	0.597917	0.0833333	688	4370	5058
5712	8/31/2011	3	0	8	10	0	3	1	1	0.7	0.6364	0.45	0.1045	33	105	138	243	3	0	8	0	3	1	1	0.656667	0.611121	0.597917	0.0833333	688	4370	5058
5713	8/31/2011	3	0	8	11	0	3	1	1	0.72	0.6515	0.42	0.1343	28	143	171	243	3	0	8	0	3	1	1	0.656667	0.611121	0.597917	0.0833333	688	4370	5058
5714	8/31/2011	3	0	8	12	0	3	1	1	0.74	0.6667	0.43	0.1343	68	192	260	243	3	0	8	0	3	1	1	0.656667	0.611121	0.597917	0.0833333	688	4370	5058
5715	8/31/2011	3	0	8	13	0	3	1	1	0.74	0.6515	0.37	0.1045	39	182	221	243	3	0	8	0	3	1	1	0.656667	0.611121	0.597917	0.0833333	688	4370	5058
5716	8/31/2011	3	0	8	14	0	3	1	1	0.74	0.6515	0.4	0.1343	48	148	196	243	3	0	8	0	3	1	1	0.656667	0.611121	0.597917	0.0833333	688	4370	5058
5717	8/31/2011	3	0	8	15	0	3	1	1	0.74	0.6515	0.4	0.1343	34	138	172	243	3	0	8	0	3	1	1	0.656667	0.611121	0.597917	0.0833333	688	4370	5058
5718	8/31/2011	3	0	8	16	0	3	1	1	0.74	0.6667	0.42	0.1343	46	263	309	243	3	0	8	0	3	1	1	0.656667	0.611121	0.597917	0.0833333	688	4370	5058
5719	8/31/2011	3	0	8	17	0	3	1	1	0.72	0.6515	0.45	0.1343	83	525	608	243	3	0	8	0	3	1	1	0.656667	0.611121	0.597917	0.0833333	688	4370	5058
5720	8/31/2011	3	0	8	18	0	3	1	1	0.7	0.6515	0.51	0.2239	70	495	565	243	3	0	8	0	3	1	1	0.656667	0.611121	0.597917	0.0833333	688	4370	5058
5721	8/31/2011	3	0	8	19	0	3	1	1	0.84	0.7727	0.47	0.2537	53	393	446	243	3	0	8	0	3	1	1	0.656667	0.611121	0.597917	0.0833333	688	4370	5058
5722	8/31/2011	3	0	8	20	0	3	1	1	0.66	0.6212	0.57	0.1343	30	259	289	243	3	0	8	0	3	1	1	0.656667	0.611121	0.597917	0.0833333	688	4370	5058
5723	8/31/2011	3	0	8	21	0	3	1	1	0.66	0.6212	0.61	0.0896	27	174	201	243	3	0	8	0	3	1	1	0.656667	0.611121	0.597917	0.0833333	688	4370	5058
5724	8/31/2011	3	0	8	22	0	3	1	1	0.64	0.6061	0.69	0	20	137	157	243	3	0	8	0	3	1	1	0.656667	0.611121	0.597917	0.0833333	688	4370	5058
5725	8/31/2011	3	0	8	23	0	3	1	1	0.6	0.5758	0.78	0.1045	24	60	84	243	3	0	8	0	3	1	1	0.656667	0.611121	0.597917	0.0833333	688	4370	5058
5726	9/1/2011	3	0	9	0	0	4	1	1	0.6	0.5758	0.78	0.1045	18	33	51	244	3	0	9	0	4	1	1	0.655	0.614921	0.639167	0.141796	783	4332	5115
5727	9/1/2011	3	0	9	1	0	4	1	1	0.6	0.5909	0.73	0.0896	7	14	21	244	3	0	9	0	4	1	1	0.655	0.614921	0.639167	0.141796	783	4332	5115
5728	9/1/2011	3	0	9	2	0	4	1	1	0.58	0.5455	0.78	0.0896	14	11	25	244	3	0	9	0	4	1	1	0.655	0.614921	0.639167	0.141796	783	4332	5115
5729	9/1/2011	3	0	9	3	0	4	1	1	0.58	0.5455	0.78	0.0896	7	7	14	244	3	0	9	0	4	1	1	0.655	0.614921	0.639167	0.141796	783	4332	5115
5730	9/1/2011	3	0	9	4	0	4	1	1	0.56	0.5303	0.83	0.0896	0	7	7	244	3	0	9	0	4	1	1	0.655	0.614921	0.639167	0.141796	783	4332	5115
5731	9/1/2011	3	0	9	5	0	4	1	1	0.56	0.5303	0.73	0.0896	1	22	23	244	3	0	9	0	4	1	1	0.655	0.614921	0.639167	0.141796	783	4332	5115
5732	9/1/2011	3	0	9	6	0	4	1	1	0.6	0.5758	0.78	0	2	103	105	244	3	0	9	0	4	1	1	0.655	0.614921	0.639167	0.141796	783	4332	5115
5733	9/1/2011	3	0	9	7	0	4	1	1	0.6	0.5758	0.78	0	7	335	342	244	3	0	9	0	4	1	1	0.655	0.614921	0.639167	0.141796	783	4332	5115
5734	9/1/2011	3	0	9	8	0	4	1	1	0.62	0.5909	0.73	0.1343	31	467	498	244	3	0	9	0	4	1	1	0.655	0.614921	0.639167	0.141796	783	4332	5115
5735	9/1/2011	3	0	9	9	0	4	1	1	0.64	0.6061	0.69	0.1045	29	178	207	244	3	0	9	0	4	1	1	0.655	0.614921	0.639167	0.141796	783	4332	5115
5736	9/1/2011	3	0	9	10	0	4	1	1	0.68	0.6364	0.61	0.1343	46	92	138	244	3	0	9	0	4	1	1	0.655	0.614921	0.639167	0.141796	783	4332	5115
5737	9/1/2011	3	0	9	11	0	4	1	1	0.72	0.6667	0.51	0.1343	51	141	192	244	3	0	9	0	4	1	1	0.655	0.614921	0.639167	0.141796	783	4332	5115
5738	9/1/2011	3	0	9	12	0	4	1	2	0.72	0.6667	0.51	0.1343	64	165	229	244	3	0	9	0	4	1	1	0.655	0.614921	0.639167	0.141796	783	4332	5115
5739	9/1/2011	3	0	9	13	0	4	1	2	0.72	0.6667	0.48	0.0896	50	169	219	244	3	0	9	0	4	1	1	0.655	0.614921	0.639167	0.141796	783	4332	5115
5740	9/1/2011	3	0	9	14	0	4	1	3	0.72	0.6667	0.54	0.2537	54	144	198	244	3	0	9	0	4	1	1	0.655	0.614921	0.639167	0.141796	783	4332	5115
5741	9/1/2011	3	0	9	15	0	4	1	1	0.72	0.6667	0.51	0.1343	39	135	174	244	3	0	9	0	4	1	1	0.655	0.614921	0.639167	0.141796	783	4332	5115
5742	9/1/2011	3	0	9	16	0	4	1	1	0.74	0.6667	0.51	0.194	55	253	308	244	3	0	9	0	4	1	1	0.655	0.614921	0.639167	0.141796	783	4332	5115
5743	9/1/2011	3	0	9	17	0	4	1	1	0.72	0.6667	0.54	0.2537	61	567	628	244	3	0	9	0	4	1	1	0.655	0.614921	0.639167	0.141796	783	4332	5115
5744	9/1/2011	3	0	9	18	0	4	1	1	0.72	0.6667	0.54	0.2239	69	462	531	244	3	0	9	0	4	1	1	0.655	0.614921	0.639167	0.141796	783	4332	5115
5745	9/1/2011	3	0	9	19	0	4	1	1	0.7	0.6515	0.58	0.1642	79	364	443	244	3	0	9	0	4	1	1	0.655	0.614921	0.639167	0.141796	783	4332	5115
5746	9/1/2011	3	0	9	20	0	4	1	1	0.66	0.6212	0.61	0.2239	33	247	280	244	3	0	9	0	4	1	1	0.655	0.614921	0.639167	0.141796	783	4332	5115
5747	9/1/2011	3	0	9	21	0	4	1	2	0.66	0.6212	0.57	0.194	17	160	177	244	3	0	9	0	4	1	1	0.655	0.614921	0.639167	0.141796	783	4332	5115
5748	9/1/2011	3	0	9	22	0	4	1	2	0.66	0.6212	0.57	0.2239	34	145	179	244	3	0	9	0	4	1	1	0.655	0.614921	0.639167	0.141796	783	4332	5115
5749	9/1/2011	3	0	9	23	0	4	1	1	0.64	0.6061	0.65	0.2537	15	111	126	244	3	0	9	0	4	1	1	0.655	0.614921	0.639167	0.141796	783	4332	5115
5750	9/2/2011	3	0	9	0	0	5	1	1	0.64	0.6061	0.65	0.194	6	58	64	245	3	0	9	0	5	1	2	0.643333	0.604808	0.727083	0.139929	875	3852	4727
5751	9/2/2011	3	0	9	1	0	5	1	3	0.62	0.5909	0.73	0.1045	4	28	32	245	3	0	9	0	5	1	2	0.643333	0.604808	0.727083	0.139929	875	3852	4727
5752	9/2/2011	3	0	9	2	0	5	1	3	0.62	0.5909	0.73	0.1045	9	11	20	245	3	0	9	0	5	1	2	0.643333	0.604808	0.727083	0.139929	875	3852	4727
5753	9/2/2011	3	0	9	3	0	5	1	2	0.6	0.5606	0.83	0.1642	4	4	8	245	3	0	9	0	5	1	2	0.643333	0.604808	0.727083	0.139929	875	3852	4727
5754	9/2/2011	3	0	9	4	0	5	1	1	0.6	0.5606	0.83	0.0896	2	2	4	245	3	0	9	0	5	1	2	0.643333	0.604808	0.727083	0.139929	875	3852	4727
5755	9/2/2011	3	0	9	5	0	5	1	2	0.6	0.5606	0.83	0.1343	0	20	20	245	3	0	9	0	5	1	2	0.643333	0.604808	0.727083	0.139929	875	3852	4727
5756	9/2/2011	3	0	9	6	0	5	1	1	0.6	0.5606	0.83	0.1343	3	73	76	245	3	0	9	0	5	1	2	0.643333	0.604808	0.727083	0.139929	875	3852	4727
5757	9/2/2011	3	0	9	7	0	5	1	1	0.6	0.5606	0.83	0.1045	6	253	259	245	3	0	9	0	5	1	2	0.643333	0.604808	0.727083	0.139929	875	3852	4727
5758	9/2/2011	3	0	9	8	0	5	1	1	0.62	0.5909	0.78	0.194	22	434	456	245	3	0	9	0	5	1	2	0.643333	0.604808	0.727083	0.139929	875	3852	4727
5759	9/2/2011	3	0	9	9	0	5	1	2	0.62	0.5758	0.83	0.1045	30	190	220	245	3	0	9	0	5	1	2	0.643333	0.604808	0.727083	0.139929	875	3852	4727
5760	9/2/2011	3	0	9	10	0	5	1	2	0.64	0.6061	0.76	0.1642	34	106	140	245	3	0	9	0	5	1	2	0.643333	0.604808	0.727083	0.139929	875	3852	4727
5761	9/2/2011	3	0	9	11	0	5	1	2	0.66	0.6212	0.74	0.1045	51	141	192	245	3	0	9	0	5	1	2	0.643333	0.604808	0.727083	0.139929	875	3852	4727
5762	9/2/2011	3	0	9	12	0	5	1	2	0.66	0.6212	0.69	0.2239	82	178	260	245	3	0	9	0	5	1	2	0.643333	0.604808	0.727083	0.139929	875	3852	4727
5763	9/2/2011	3	0	9	13	0	5	1	2	0.68	0.6364	0.65	0.1343	72	207	279	245	3	0	9	0	5	1	2	0.643333	0.604808	0.727083	0.139929	875	3852	4727
5764	9/2/2011	3	0	9	14	0	5	1	2	0.7	0.6515	0.61	0.1045	75	208	283	245	3	0	9	0	5	1	2	0.643333	0.604808	0.727083	0.139929	875	3852	4727
5765	9/2/2011	3	0	9	15	0	5	1	2	0.7	0.6515	0.61	0.2537	69	277	346	245	3	0	9	0	5	1	2	0.643333	0.604808	0.727083	0.139929	875	3852	4727
5766	9/2/2011	3	0	9	16	0	5	1	2	0.7	0.6515	0.61	0.1343	82	299	381	245	3	0	9	0	5	1	2	0.643333	0.604808	0.727083	0.139929	875	3852	4727
5767	9/2/2011	3	0	9	17	0	5	1	2	0.68	0.6364	0.65	0.1642	78	377	455	245	3	0	9	0	5	1	2	0.643333	0.604808	0.727083	0.139929	875	3852	4727
5768	9/2/2011	3	0	9	18	0	5	1	2	0.68	0.6364	0.65	0.194	50	305	355	245	3	0	9	0	5	1	2	0.643333	0.604808	0.727083	0.139929	875	3852	4727
5769	9/2/2011	3	0	9	19	0	5	1	1	0.66	0.6212	0.69	0.1343	67	220	287	245	3	0	9	0	5	1	2	0.643333	0.604808	0.727083	0.139929	875	3852	4727
5770	9/2/2011	3	0	9	20	0	5	1	1	0.64	0.6061	0.73	0	38	158	196	245	3	0	9	0	5	1	2	0.643333	0.604808	0.727083	0.139929	875	3852	4727
5771	9/2/2011	3	0	9	21	0	5	1	2	0.64	0.6061	0.73	0.0896	28	121	149	245	3	0	9	0	5	1	2	0.643333	0.604808	0.727083	0.139929	875	3852	4727
5772	9/2/2011	3	0	9	22	0	5	1	2	0.64	0.6061	0.73	0.1642	33	114	147	245	3	0	9	0	5	1	2	0.643333	0.604808	0.727083	0.139929	875	3852	4727
5773	9/2/2011	3	0	9	23	0	5	1	2	0.64	0.6061	0.73	0.1642	30	68	98	245	3	0	9	0	5	1	2	0.643333	0.604808	0.727083	0.139929	875	3852	4727
5774	9/3/2011	3	0	9	0	0	6	0	2	0.64	0.6061	0.73	0.1045	22	65	87	246	3	0	9	0	6	0	1	0.669167	0.633213	0.716667	0.185325	1935	2549	4484
5775	9/3/2011	3	0	9	1	0	6	0	2	0.64	0.6061	0.69	0.2537	17	57	74	246	3	0	9	0	6	0	1	0.669167	0.633213	0.716667	0.185325	1935	2549	4484
5776	9/3/2011	3	0	9	2	0	6	0	2	0.64	0.6061	0.69	0.2239	15	26	41	246	3	0	9	0	6	0	1	0.669167	0.633213	0.716667	0.185325	1935	2549	4484
5777	9/3/2011	3	0	9	3	0	6	0	1	0.62	0.5909	0.73	0.1642	17	18	35	246	3	0	9	0	6	0	1	0.669167	0.633213	0.716667	0.185325	1935	2549	4484
5778	9/3/2011	3	0	9	4	0	6	0	1	0.62	0.5909	0.73	0.1642	3	4	7	246	3	0	9	0	6	0	1	0.669167	0.633213	0.716667	0.185325	1935	2549	4484
5779	9/3/2011	3	0	9	5	0	6	0	1	0.62	0.6061	0.69	0.194	3	9	12	246	3	0	9	0	6	0	1	0.669167	0.633213	0.716667	0.185325	1935	2549	4484
5780	9/3/2011	3	0	9	6	0	6	0	1	0.62	0.5909	0.73	0.1642	4	19	23	246	3	0	9	0	6	0	1	0.669167	0.633213	0.716667	0.185325	1935	2549	4484
5781	9/3/2011	3	0	9	7	0	6	0	1	0.62	0.5909	0.73	0.194	5	33	38	246	3	0	9	0	6	0	1	0.669167	0.633213	0.716667	0.185325	1935	2549	4484
5782	9/3/2011	3	0	9	8	0	6	0	1	0.64	0.6061	0.69	0.1642	24	65	89	246	3	0	9	0	6	0	1	0.669167	0.633213	0.716667	0.185325	1935	2549	4484
5783	9/3/2011	3	0	9	9	0	6	0	2	0.66	0.6212	0.69	0.2537	83	118	201	246	3	0	9	0	6	0	1	0.669167	0.633213	0.716667	0.185325	1935	2549	4484
5784	9/3/2011	3	0	9	10	0	6	0	3	0.66	0.6212	0.65	0.2537	90	168	258	246	3	0	9	0	6	0	1	0.669167	0.633213	0.716667	0.185325	1935	2549	4484
5785	9/3/2011	3	0	9	11	0	6	0	3	0.66	0.6212	0.69	0.2836	66	128	194	246	3	0	9	0	6	0	1	0.669167	0.633213	0.716667	0.185325	1935	2549	4484
5786	9/3/2011	3	0	9	12	0	6	0	1	0.7	0.6515	0.61	0.2239	97	160	257	246	3	0	9	0	6	0	1	0.669167	0.633213	0.716667	0.185325	1935	2549	4484
5787	9/3/2011	3	0	9	13	0	6	0	1	0.7	0.6515	0.65	0.2239	153	200	353	246	3	0	9	0	6	0	1	0.669167	0.633213	0.716667	0.185325	1935	2549	4484
5788	9/3/2011	3	0	9	14	0	6	0	2	0.72	0.6818	0.66	0.1642	204	176	380	246	3	0	9	0	6	0	1	0.669167	0.633213	0.716667	0.185325	1935	2549	4484
5789	9/3/2011	3	0	9	15	0	6	0	1	0.72	0.6818	0.7	0.1642	187	201	388	246	3	0	9	0	6	0	1	0.669167	0.633213	0.716667	0.185325	1935	2549	4484
5790	9/3/2011	3	0	9	16	0	6	0	1	0.72	0.6818	0.7	0.194	186	188	374	246	3	0	9	0	6	0	1	0.669167	0.633213	0.716667	0.185325	1935	2549	4484
5791	9/3/2011	3	0	9	17	0	6	0	1	0.72	0.6818	0.7	0.2239	170	201	371	246	3	0	9	0	6	0	1	0.669167	0.633213	0.716667	0.185325	1935	2549	4484
5792	9/3/2011	3	0	9	18	0	6	0	1	0.72	0.6818	0.7	0.1642	160	179	339	246	3	0	9	0	6	0	1	0.669167	0.633213	0.716667	0.185325	1935	2549	4484
5793	9/3/2011	3	0	9	19	0	6	0	1	0.7	0.6667	0.74	0.1343	147	148	295	246	3	0	9	0	6	0	1	0.669167	0.633213	0.716667	0.185325	1935	2549	4484
5794	9/3/2011	3	0	9	20	0	6	0	1	0.7	0.6667	0.79	0.1642	99	120	219	246	3	0	9	0	6	0	1	0.669167	0.633213	0.716667	0.185325	1935	2549	4484
5795	9/3/2011	3	0	9	21	0	6	0	1	0.68	0.6364	0.83	0.1343	71	93	164	246	3	0	9	0	6	0	1	0.669167	0.633213	0.716667	0.185325	1935	2549	4484
5796	9/3/2011	3	0	9	22	0	6	0	1	0.68	0.6364	0.83	0.1045	66	96	162	246	3	0	9	0	6	0	1	0.669167	0.633213	0.716667	0.185325	1935	2549	4484
5797	9/3/2011	3	0	9	23	0	6	0	1	0.66	0.6212	0.85	0.1343	46	77	123	246	3	0	9	0	6	0	1	0.669167	0.633213	0.716667	0.185325	1935	2549	4484
5798	9/4/2011	3	0	9	0	0	0	0	1	0.66	0.5909	0.89	0.194	33	76	109	247	3	0	9	0	0	0	1	0.709167	0.665429	0.742083	0.206467	2521	2419	4940
5799	9/4/2011	3	0	9	1	0	0	0	1	0.66	0.6061	0.83	0.1343	37	38	75	247	3	0	9	0	0	0	1	0.709167	0.665429	0.742083	0.206467	2521	2419	4940
5800	9/4/2011	3	0	9	2	0	0	0	1	0.66	0.6061	0.83	0.194	17	43	60	247	3	0	9	0	0	0	1	0.709167	0.665429	0.742083	0.206467	2521	2419	4940
5801	9/4/2011	3	0	9	3	0	0	0	1	0.64	0.5758	0.89	0.194	20	23	43	247	3	0	9	0	0	0	1	0.709167	0.665429	0.742083	0.206467	2521	2419	4940
5802	9/4/2011	3	0	9	4	0	0	0	1	0.64	0.5758	0.83	0.1642	0	4	4	247	3	0	9	0	0	0	1	0.709167	0.665429	0.742083	0.206467	2521	2419	4940
5803	9/4/2011	3	0	9	5	0	0	0	1	0.64	0.5758	0.83	0.1343	1	5	6	247	3	0	9	0	0	0	1	0.709167	0.665429	0.742083	0.206467	2521	2419	4940
5804	9/4/2011	3	0	9	6	0	0	0	1	0.64	0.5758	0.84	0.2239	0	3	3	247	3	0	9	0	0	0	1	0.709167	0.665429	0.742083	0.206467	2521	2419	4940
5805	9/4/2011	3	0	9	7	0	0	0	1	0.66	0.6061	0.78	0.194	10	20	30	247	3	0	9	0	0	0	1	0.709167	0.665429	0.742083	0.206467	2521	2419	4940
5806	9/4/2011	3	0	9	8	0	0	0	1	0.66	0.6061	0.78	0.1642	21	49	70	247	3	0	9	0	0	0	1	0.709167	0.665429	0.742083	0.206467	2521	2419	4940
5807	9/4/2011	3	0	9	9	0	0	0	1	0.66	0.6061	0.78	0.1642	87	102	189	247	3	0	9	0	0	0	1	0.709167	0.665429	0.742083	0.206467	2521	2419	4940
5808	9/4/2011	3	0	9	10	0	0	0	1	0.7	0.6667	0.74	0.1343	150	147	297	247	3	0	9	0	0	0	1	0.709167	0.665429	0.742083	0.206467	2521	2419	4940
5809	9/4/2011	3	0	9	11	0	0	0	1	0.74	0.697	0.7	0.1642	174	163	337	247	3	0	9	0	0	0	1	0.709167	0.665429	0.742083	0.206467	2521	2419	4940
5810	9/4/2011	3	0	9	12	0	0	0	1	0.76	0.7273	0.66	0.1642	214	221	435	247	3	0	9	0	0	0	1	0.709167	0.665429	0.742083	0.206467	2521	2419	4940
5811	9/4/2011	3	0	9	13	0	0	0	2	0.78	0.7424	0.62	0.2836	245	174	419	247	3	0	9	0	0	0	1	0.709167	0.665429	0.742083	0.206467	2521	2419	4940
5812	9/4/2011	3	0	9	14	0	0	0	1	0.78	0.7576	0.66	0.3284	205	156	361	247	3	0	9	0	0	0	1	0.709167	0.665429	0.742083	0.206467	2521	2419	4940
5813	9/4/2011	3	0	9	15	0	0	0	1	0.78	0.7576	0.66	0.2836	218	192	410	247	3	0	9	0	0	0	1	0.709167	0.665429	0.742083	0.206467	2521	2419	4940
5814	9/4/2011	3	0	9	16	0	0	0	1	0.8	0.7727	0.59	0.2239	196	141	337	247	3	0	9	0	0	0	1	0.709167	0.665429	0.742083	0.206467	2521	2419	4940
5815	9/4/2011	3	0	9	17	0	0	0	1	0.76	0.7273	0.66	0.2239	204	172	376	247	3	0	9	0	0	0	1	0.709167	0.665429	0.742083	0.206467	2521	2419	4940
5816	9/4/2011	3	0	9	18	0	0	0	1	0.76	0.7273	0.66	0.194	187	169	356	247	3	0	9	0	0	0	1	0.709167	0.665429	0.742083	0.206467	2521	2419	4940
5817	9/4/2011	3	0	9	19	0	0	0	1	0.74	0.697	0.7	0.194	178	150	328	247	3	0	9	0	0	0	1	0.709167	0.665429	0.742083	0.206467	2521	2419	4940
5818	9/4/2011	3	0	9	20	0	0	0	1	0.74	0.697	0.7	0.2985	104	125	229	247	3	0	9	0	0	0	1	0.709167	0.665429	0.742083	0.206467	2521	2419	4940
5819	9/4/2011	3	0	9	21	0	0	0	1	0.72	0.697	0.74	0.2537	104	103	207	247	3	0	9	0	0	0	1	0.709167	0.665429	0.742083	0.206467	2521	2419	4940
5820	9/4/2011	3	0	9	22	0	0	0	2	0.72	0.697	0.74	0.2836	70	85	155	247	3	0	9	0	0	0	1	0.709167	0.665429	0.742083	0.206467	2521	2419	4940
5821	9/4/2011	3	0	9	23	0	0	0	2	0.72	0.6818	0.7	0.1642	46	58	104	247	3	0	9	0	0	0	1	0.709167	0.665429	0.742083	0.206467	2521	2419	4940
5822	9/5/2011	3	0	9	0	1	1	0	2	0.7	0.6667	0.74	0.2239	31	66	97	248	3	0	9	1	1	0	2	0.673333	0.625646	0.790417	0.212696	1236	2115	3351
5823	9/5/2011	3	0	9	1	1	1	0	2	0.68	0.6364	0.79	0.1045	19	35	54	248	3	0	9	1	1	0	2	0.673333	0.625646	0.790417	0.212696	1236	2115	3351
5824	9/5/2011	3	0	9	2	1	1	0	2	0.68	0.6364	0.79	0.1642	17	22	39	248	3	0	9	1	1	0	2	0.673333	0.625646	0.790417	0.212696	1236	2115	3351
5825	9/5/2011	3	0	9	3	1	1	0	2	0.68	0.6364	0.74	0.2985	4	12	16	248	3	0	9	1	1	0	2	0.673333	0.625646	0.790417	0.212696	1236	2115	3351
5826	9/5/2011	3	0	9	4	1	1	0	2	0.68	0.6364	0.69	0.2836	3	5	8	248	3	0	9	1	1	0	2	0.673333	0.625646	0.790417	0.212696	1236	2115	3351
5827	9/5/2011	3	0	9	5	1	1	0	2	0.66	0.6212	0.74	0.1642	2	4	6	248	3	0	9	1	1	0	2	0.673333	0.625646	0.790417	0.212696	1236	2115	3351
5828	9/5/2011	3	0	9	6	1	1	0	2	0.66	0.6212	0.74	0.1343	6	5	11	248	3	0	9	1	1	0	2	0.673333	0.625646	0.790417	0.212696	1236	2115	3351
5829	9/5/2011	3	0	9	7	1	1	0	1	0.66	0.6212	0.74	0.1642	11	30	41	248	3	0	9	1	1	0	2	0.673333	0.625646	0.790417	0.212696	1236	2115	3351
5830	9/5/2011	3	0	9	8	1	1	0	2	0.66	0.6061	0.78	0.194	45	56	101	248	3	0	9	1	1	0	2	0.673333	0.625646	0.790417	0.212696	1236	2115	3351
5831	9/5/2011	3	0	9	9	1	1	0	3	0.68	0.6364	0.74	0.1642	63	89	152	248	3	0	9	1	1	0	2	0.673333	0.625646	0.790417	0.212696	1236	2115	3351
5832	9/5/2011	3	0	9	10	1	1	0	2	0.7	0.6515	0.7	0.1642	107	137	244	248	3	0	9	1	1	0	2	0.673333	0.625646	0.790417	0.212696	1236	2115	3351
5833	9/5/2011	3	0	9	11	1	1	0	2	0.7	0.6667	0.74	0.1642	101	207	308	248	3	0	9	1	1	0	2	0.673333	0.625646	0.790417	0.212696	1236	2115	3351
5834	9/5/2011	3	0	9	12	1	1	0	2	0.72	0.6818	0.7	0.194	141	212	353	248	3	0	9	1	1	0	2	0.673333	0.625646	0.790417	0.212696	1236	2115	3351
5835	9/5/2011	3	0	9	13	1	1	0	2	0.74	0.697	0.7	0.1343	154	235	389	248	3	0	9	1	1	0	2	0.673333	0.625646	0.790417	0.212696	1236	2115	3351
5836	9/5/2011	3	0	9	14	1	1	0	1	0.74	0.697	0.7	0.1642	145	212	357	248	3	0	9	1	1	0	2	0.673333	0.625646	0.790417	0.212696	1236	2115	3351
5837	9/5/2011	3	0	9	15	1	1	0	2	0.68	0.6364	0.79	0.2836	111	142	253	248	3	0	9	1	1	0	2	0.673333	0.625646	0.790417	0.212696	1236	2115	3351
5838	9/5/2011	3	0	9	16	1	1	0	2	0.68	0.6364	0.79	0.2836	92	192	284	248	3	0	9	1	1	0	2	0.673333	0.625646	0.790417	0.212696	1236	2115	3351
5839	9/5/2011	3	0	9	17	1	1	0	2	0.66	0.5909	0.89	0.1045	37	77	114	248	3	0	9	1	1	0	2	0.673333	0.625646	0.790417	0.212696	1236	2115	3351
5840	9/5/2011	3	0	9	18	1	1	0	1	0.66	0.5909	0.89	0.0896	31	92	123	248	3	0	9	1	1	0	2	0.673333	0.625646	0.790417	0.212696	1236	2115	3351
5841	9/5/2011	3	0	9	19	1	1	0	3	0.66	0.5909	0.94	0.1045	52	123	175	248	3	0	9	1	1	0	2	0.673333	0.625646	0.790417	0.212696	1236	2115	3351
5842	9/5/2011	3	0	9	20	1	1	0	3	0.66	0.5909	0.94	0.2537	26	56	82	248	3	0	9	1	1	0	2	0.673333	0.625646	0.790417	0.212696	1236	2115	3351
5843	9/5/2011	3	0	9	21	1	1	0	2	0.66	0.5909	0.94	0.2985	20	40	60	248	3	0	9	1	1	0	2	0.673333	0.625646	0.790417	0.212696	1236	2115	3351
5844	9/5/2011	3	0	9	22	1	1	0	2	0.6	0.5455	0.88	0.5821	15	49	64	248	3	0	9	1	1	0	2	0.673333	0.625646	0.790417	0.212696	1236	2115	3351
5845	9/5/2011	3	0	9	23	1	1	0	3	0.56	0.5303	0.88	0.3881	3	17	20	248	3	0	9	1	1	0	2	0.673333	0.625646	0.790417	0.212696	1236	2115	3351
5846	9/6/2011	3	0	9	0	0	2	1	3	0.54	0.5152	0.94	0.3582	1	7	8	249	3	0	9	0	2	1	3	0.54	0.5152	0.886957	0.343943	204	2506	2710
5847	9/6/2011	3	0	9	2	0	2	1	3	0.54	0.5152	0.94	0.2537	0	2	2	249	3	0	9	0	2	1	3	0.54	0.5152	0.886957	0.343943	204	2506	2710
5848	9/6/2011	3	0	9	3	0	2	1	3	0.54	0.5152	0.94	0.2985	1	0	1	249	3	0	9	0	2	1	3	0.54	0.5152	0.886957	0.343943	204	2506	2710
5849	9/6/2011	3	0	9	4	0	2	1	2	0.54	0.5152	0.94	0.2985	1	3	4	249	3	0	9	0	2	1	3	0.54	0.5152	0.886957	0.343943	204	2506	2710
5850	9/6/2011	3	0	9	5	0	2	1	3	0.54	0.5152	0.88	0.3582	1	20	21	249	3	0	9	0	2	1	3	0.54	0.5152	0.886957	0.343943	204	2506	2710
5851	9/6/2011	3	0	9	6	0	2	1	2	0.54	0.5152	0.88	0.3284	0	72	72	249	3	0	9	0	2	1	3	0.54	0.5152	0.886957	0.343943	204	2506	2710
5852	9/6/2011	3	0	9	7	0	2	1	2	0.54	0.5152	0.83	0.3582	6	166	172	249	3	0	9	0	2	1	3	0.54	0.5152	0.886957	0.343943	204	2506	2710
5853	9/6/2011	3	0	9	8	0	2	1	3	0.54	0.5152	0.83	0.3881	15	349	364	249	3	0	9	0	2	1	3	0.54	0.5152	0.886957	0.343943	204	2506	2710
5854	9/6/2011	3	0	9	9	0	2	1	2	0.54	0.5152	0.81	0.4179	18	167	185	249	3	0	9	0	2	1	3	0.54	0.5152	0.886957	0.343943	204	2506	2710
5855	9/6/2011	3	0	9	10	0	2	1	3	0.54	0.5152	0.83	0.3582	16	90	106	249	3	0	9	0	2	1	3	0.54	0.5152	0.886957	0.343943	204	2506	2710
5856	9/6/2011	3	0	9	11	0	2	1	3	0.54	0.5152	0.83	0.3881	11	78	89	249	3	0	9	0	2	1	3	0.54	0.5152	0.886957	0.343943	204	2506	2710
5857	9/6/2011	3	0	9	12	0	2	1	3	0.54	0.5152	0.83	0.3881	16	51	67	249	3	0	9	0	2	1	3	0.54	0.5152	0.886957	0.343943	204	2506	2710
5858	9/6/2011	3	0	9	13	0	2	1	3	0.54	0.5152	0.88	0.2985	5	24	29	249	3	0	9	0	2	1	3	0.54	0.5152	0.886957	0.343943	204	2506	2710
5859	9/6/2011	3	0	9	14	0	2	1	3	0.54	0.5152	0.88	0.2836	3	21	24	249	3	0	9	0	2	1	3	0.54	0.5152	0.886957	0.343943	204	2506	2710
5860	9/6/2011	3	0	9	15	0	2	1	3	0.54	0.5152	0.94	0.3881	18	71	89	249	3	0	9	0	2	1	3	0.54	0.5152	0.886957	0.343943	204	2506	2710
5861	9/6/2011	3	0	9	16	0	2	1	3	0.54	0.5152	0.94	0.3881	11	95	106	249	3	0	9	0	2	1	3	0.54	0.5152	0.886957	0.343943	204	2506	2710
5862	9/6/2011	3	0	9	17	0	2	1	2	0.54	0.5152	0.88	0.3881	15	276	291	249	3	0	9	0	2	1	3	0.54	0.5152	0.886957	0.343943	204	2506	2710
5863	9/6/2011	3	0	9	18	0	2	1	2	0.54	0.5152	0.88	0.3881	22	351	373	249	3	0	9	0	2	1	3	0.54	0.5152	0.886957	0.343943	204	2506	2710
5864	9/6/2011	3	0	9	19	0	2	1	2	0.54	0.5152	0.88	0.4179	12	269	281	249	3	0	9	0	2	1	3	0.54	0.5152	0.886957	0.343943	204	2506	2710
5865	9/6/2011	3	0	9	20	0	2	1	3	0.54	0.5152	0.88	0.2985	13	150	163	249	3	0	9	0	2	1	3	0.54	0.5152	0.886957	0.343943	204	2506	2710
5866	9/6/2011	3	0	9	21	0	2	1	3	0.54	0.5152	0.88	0.2836	12	109	121	249	3	0	9	0	2	1	3	0.54	0.5152	0.886957	0.343943	204	2506	2710
5867	9/6/2011	3	0	9	22	0	2	1	2	0.54	0.5152	0.94	0.3284	5	79	84	249	3	0	9	0	2	1	3	0.54	0.5152	0.886957	0.343943	204	2506	2710
5868	9/6/2011	3	0	9	23	0	2	1	3	0.54	0.5152	0.94	0.2537	2	56	58	249	3	0	9	0	2	1	3	0.54	0.5152	0.886957	0.343943	204	2506	2710
5869	9/7/2011	3	0	9	0	0	3	1	2	0.54	0.5152	0.94	0.2239	1	12	13	250	3	0	9	0	3	1	3	0.599167	0.544229	0.917083	0.0970208	118	1878	1996
5870	9/7/2011	3	0	9	1	0	3	1	3	0.54	0.5152	0.94	0.2537	2	3	5	250	3	0	9	0	3	1	3	0.599167	0.544229	0.917083	0.0970208	118	1878	1996
5871	9/7/2011	3	0	9	2	0	3	1	2	0.54	0.5152	0.94	0.2239	2	4	6	250	3	0	9	0	3	1	3	0.599167	0.544229	0.917083	0.0970208	118	1878	1996
5872	9/7/2011	3	0	9	3	0	3	1	3	0.56	0.5303	0.94	0.1343	1	1	2	250	3	0	9	0	3	1	3	0.599167	0.544229	0.917083	0.0970208	118	1878	1996
5873	9/7/2011	3	0	9	4	0	3	1	3	0.56	0.5303	0.94	0.1642	0	4	4	250	3	0	9	0	3	1	3	0.599167	0.544229	0.917083	0.0970208	118	1878	1996
5874	9/7/2011	3	0	9	5	0	3	1	2	0.56	0.5303	1	0.1343	1	15	16	250	3	0	9	0	3	1	3	0.599167	0.544229	0.917083	0.0970208	118	1878	1996
5875	9/7/2011	3	0	9	6	0	3	1	3	0.6	0.5455	0.88	0.1045	1	74	75	250	3	0	9	0	3	1	3	0.599167	0.544229	0.917083	0.0970208	118	1878	1996
5876	9/7/2011	3	0	9	7	0	3	1	3	0.6	0.5455	0.88	0.0896	3	83	86	250	3	0	9	0	3	1	3	0.599167	0.544229	0.917083	0.0970208	118	1878	1996
5877	9/7/2011	3	0	9	8	0	3	1	3	0.62	0.5455	0.94	0.0896	9	319	328	250	3	0	9	0	3	1	3	0.599167	0.544229	0.917083	0.0970208	118	1878	1996
5878	9/7/2011	3	0	9	9	0	3	1	3	0.6	0.5455	0.88	0.1343	14	176	190	250	3	0	9	0	3	1	3	0.599167	0.544229	0.917083	0.0970208	118	1878	1996
5879	9/7/2011	3	0	9	10	0	3	1	3	0.6	0.5455	0.88	0.1343	3	63	66	250	3	0	9	0	3	1	3	0.599167	0.544229	0.917083	0.0970208	118	1878	1996
5880	9/7/2011	3	0	9	11	0	3	1	3	0.6	0.5152	0.94	0	1	9	10	250	3	0	9	0	3	1	3	0.599167	0.544229	0.917083	0.0970208	118	1878	1996
5881	9/7/2011	3	0	9	12	0	3	1	3	0.56	0.5303	0.94	0	1	21	22	250	3	0	9	0	3	1	3	0.599167	0.544229	0.917083	0.0970208	118	1878	1996
5882	9/7/2011	3	0	9	13	0	3	1	3	0.6	0.5455	0.88	0	2	9	11	250	3	0	9	0	3	1	3	0.599167	0.544229	0.917083	0.0970208	118	1878	1996
5883	9/7/2011	3	0	9	14	0	3	1	3	0.6	0.5152	0.93	0	1	24	25	250	3	0	9	0	3	1	3	0.599167	0.544229	0.917083	0.0970208	118	1878	1996
5884	9/7/2011	3	0	9	15	0	3	1	3	0.62	0.5455	0.94	0.1045	3	55	58	250	3	0	9	0	3	1	3	0.599167	0.544229	0.917083	0.0970208	118	1878	1996
5885	9/7/2011	3	0	9	16	0	3	1	1	0.64	0.5758	0.89	0	7	137	144	250	3	0	9	0	3	1	3	0.599167	0.544229	0.917083	0.0970208	118	1878	1996
5886	9/7/2011	3	0	9	17	0	3	1	3	0.64	0.5758	0.89	0	21	264	285	250	3	0	9	0	3	1	3	0.599167	0.544229	0.917083	0.0970208	118	1878	1996
5887	9/7/2011	3	0	9	18	0	3	1	3	0.64	0.5758	0.89	0	18	219	237	250	3	0	9	0	3	1	3	0.599167	0.544229	0.917083	0.0970208	118	1878	1996
5888	9/7/2011	3	0	9	19	0	3	1	2	0.64	0.5758	0.89	0	14	212	226	250	3	0	9	0	3	1	3	0.599167	0.544229	0.917083	0.0970208	118	1878	1996
5889	9/7/2011	3	0	9	20	0	3	1	3	0.64	0.5758	0.89	0.0896	3	93	96	250	3	0	9	0	3	1	3	0.599167	0.544229	0.917083	0.0970208	118	1878	1996
5890	9/7/2011	3	0	9	21	0	3	1	3	0.64	0.5758	0.89	0.0896	4	34	38	250	3	0	9	0	3	1	3	0.599167	0.544229	0.917083	0.0970208	118	1878	1996
5891	9/7/2011	3	0	9	22	0	3	1	3	0.62	0.5455	0.94	0.1642	3	26	29	250	3	0	9	0	3	1	3	0.599167	0.544229	0.917083	0.0970208	118	1878	1996
5892	9/7/2011	3	0	9	23	0	3	1	3	0.62	0.5455	0.94	0.194	3	21	24	250	3	0	9	0	3	1	3	0.599167	0.544229	0.917083	0.0970208	118	1878	1996
5893	9/8/2011	3	0	9	0	0	4	1	3	0.6	0.5	1	0.194	3	11	14	251	3	0	9	0	4	1	3	0.633913	0.555361	0.939565	0.192748	153	1689	1842
5894	9/8/2011	3	0	9	1	0	4	1	3	0.62	0.5455	0.94	0.1045	0	4	4	251	3	0	9	0	4	1	3	0.633913	0.555361	0.939565	0.192748	153	1689	1842
5895	9/8/2011	3	0	9	3	0	4	1	3	0.62	0.5455	0.94	0	0	2	2	251	3	0	9	0	4	1	3	0.633913	0.555361	0.939565	0.192748	153	1689	1842
5896	9/8/2011	3	0	9	4	0	4	1	2	0.62	0.5455	0.94	0.0896	0	3	3	251	3	0	9	0	4	1	3	0.633913	0.555361	0.939565	0.192748	153	1689	1842
5897	9/8/2011	3	0	9	5	0	4	1	3	0.62	0.5455	0.94	0.0896	1	13	14	251	3	0	9	0	4	1	3	0.633913	0.555361	0.939565	0.192748	153	1689	1842
5898	9/8/2011	3	0	9	6	0	4	1	3	0.62	0.5455	0.94	0.1642	1	55	56	251	3	0	9	0	4	1	3	0.633913	0.555361	0.939565	0.192748	153	1689	1842
5899	9/8/2011	3	0	9	7	0	4	1	3	0.62	0.5455	0.94	0.1045	7	172	179	251	3	0	9	0	4	1	3	0.633913	0.555361	0.939565	0.192748	153	1689	1842
5900	9/8/2011	3	0	9	8	0	4	1	3	0.62	0.5455	0.94	0.1343	7	188	195	251	3	0	9	0	4	1	3	0.633913	0.555361	0.939565	0.192748	153	1689	1842
5901	9/8/2011	3	0	9	9	0	4	1	2	0.62	0.5152	1	0.2537	4	65	69	251	3	0	9	0	4	1	3	0.633913	0.555361	0.939565	0.192748	153	1689	1842
5902	9/8/2011	3	0	9	10	0	4	1	2	0.64	0.5606	0.94	0.1045	8	57	65	251	3	0	9	0	4	1	3	0.633913	0.555361	0.939565	0.192748	153	1689	1842
5903	9/8/2011	3	0	9	11	0	4	1	2	0.64	0.5606	0.94	0.2239	16	82	98	251	3	0	9	0	4	1	3	0.633913	0.555361	0.939565	0.192748	153	1689	1842
5904	9/8/2011	3	0	9	12	0	4	1	2	0.66	0.5909	0.94	0.2239	17	85	102	251	3	0	9	0	4	1	3	0.633913	0.555361	0.939565	0.192748	153	1689	1842
5905	9/8/2011	3	0	9	13	0	4	1	2	0.68	0.6364	0.83	0.3881	14	112	126	251	3	0	9	0	4	1	3	0.633913	0.555361	0.939565	0.192748	153	1689	1842
5906	9/8/2011	3	0	9	14	0	4	1	2	0.7	0.6667	0.79	0.3582	15	105	120	251	3	0	9	0	4	1	3	0.633913	0.555361	0.939565	0.192748	153	1689	1842
5907	9/8/2011	3	0	9	15	0	4	1	3	0.66	0.5909	0.89	0.2985	24	115	139	251	3	0	9	0	4	1	3	0.633913	0.555361	0.939565	0.192748	153	1689	1842
5908	9/8/2011	3	0	9	16	0	4	1	3	0.64	0.5606	0.94	0.2836	5	151	156	251	3	0	9	0	4	1	3	0.633913	0.555361	0.939565	0.192748	153	1689	1842
5909	9/8/2011	3	0	9	17	0	4	1	3	0.64	0.5606	0.94	0.2836	11	102	113	251	3	0	9	0	4	1	3	0.633913	0.555361	0.939565	0.192748	153	1689	1842
5910	9/8/2011	3	0	9	18	0	4	1	3	0.64	0.5606	0.94	0.3582	2	66	68	251	3	0	9	0	4	1	3	0.633913	0.555361	0.939565	0.192748	153	1689	1842
5911	9/8/2011	3	0	9	19	0	4	1	3	0.62	0.5152	1	0.3284	1	51	52	251	3	0	9	0	4	1	3	0.633913	0.555361	0.939565	0.192748	153	1689	1842
5912	9/8/2011	3	0	9	20	0	4	1	2	0.62	0.5455	0.94	0.1642	6	83	89	251	3	0	9	0	4	1	3	0.633913	0.555361	0.939565	0.192748	153	1689	1842
5913	9/8/2011	3	0	9	21	0	4	1	3	0.64	0.5606	0.94	0.1045	6	76	82	251	3	0	9	0	4	1	3	0.633913	0.555361	0.939565	0.192748	153	1689	1842
5914	9/8/2011	3	0	9	22	0	4	1	3	0.62	0.5152	1	0.0896	5	65	70	251	3	0	9	0	4	1	3	0.633913	0.555361	0.939565	0.192748	153	1689	1842
5915	9/8/2011	3	0	9	23	0	4	1	3	0.62	0.5152	1	0.0896	0	26	26	251	3	0	9	0	4	1	3	0.633913	0.555361	0.939565	0.192748	153	1689	1842
5916	9/9/2011	3	0	9	0	0	5	1	3	0.64	0.5606	0.94	0.194	1	15	16	252	3	0	9	0	5	1	2	0.65	0.578946	0.897917	0.124379	417	3127	3544
5917	9/9/2011	3	0	9	1	0	5	1	2	0.62	0.5152	1	0.1642	0	8	8	252	3	0	9	0	5	1	2	0.65	0.578946	0.897917	0.124379	417	3127	3544
5918	9/9/2011	3	0	9	2	0	5	1	2	0.62	0.5152	1	0.2537	1	7	8	252	3	0	9	0	5	1	2	0.65	0.578946	0.897917	0.124379	417	3127	3544
5919	9/9/2011	3	0	9	3	0	5	1	2	0.62	0.5455	0.94	0.2537	1	1	2	252	3	0	9	0	5	1	2	0.65	0.578946	0.897917	0.124379	417	3127	3544
5920	9/9/2011	3	0	9	4	0	5	1	3	0.62	0.5455	0.94	0.1642	0	3	3	252	3	0	9	0	5	1	2	0.65	0.578946	0.897917	0.124379	417	3127	3544
5921	9/9/2011	3	0	9	5	0	5	1	2	0.62	0.5455	0.94	0.1343	0	14	14	252	3	0	9	0	5	1	2	0.65	0.578946	0.897917	0.124379	417	3127	3544
5922	9/9/2011	3	0	9	6	0	5	1	2	0.62	0.5152	1	0.1343	3	54	57	252	3	0	9	0	5	1	2	0.65	0.578946	0.897917	0.124379	417	3127	3544
5923	9/9/2011	3	0	9	7	0	5	1	3	0.62	0.5152	1	0.2537	4	104	108	252	3	0	9	0	5	1	2	0.65	0.578946	0.897917	0.124379	417	3127	3544
5924	9/9/2011	3	0	9	8	0	5	1	3	0.62	0.5455	0.94	0.1642	12	276	288	252	3	0	9	0	5	1	2	0.65	0.578946	0.897917	0.124379	417	3127	3544
5925	9/9/2011	3	0	9	9	0	5	1	3	0.62	0.5455	0.94	0.1642	5	131	136	252	3	0	9	0	5	1	2	0.65	0.578946	0.897917	0.124379	417	3127	3544
5926	9/9/2011	3	0	9	10	0	5	1	2	0.62	0.5152	1	0	2	27	29	252	3	0	9	0	5	1	2	0.65	0.578946	0.897917	0.124379	417	3127	3544
5927	9/9/2011	3	0	9	11	0	5	1	2	0.62	0.5455	0.94	0	6	66	72	252	3	0	9	0	5	1	2	0.65	0.578946	0.897917	0.124379	417	3127	3544
5928	9/9/2011	3	0	9	12	0	5	1	1	0.64	0.5606	0.94	0	4	71	75	252	3	0	9	0	5	1	2	0.65	0.578946	0.897917	0.124379	417	3127	3544
5929	9/9/2011	3	0	9	13	0	5	1	1	0.7	0.6667	0.79	0.0896	14	108	122	252	3	0	9	0	5	1	2	0.65	0.578946	0.897917	0.124379	417	3127	3544
5930	9/9/2011	3	0	9	14	0	5	1	1	0.72	0.697	0.74	0.0896	29	119	148	252	3	0	9	0	5	1	2	0.65	0.578946	0.897917	0.124379	417	3127	3544
5931	9/9/2011	3	0	9	15	0	5	1	1	0.74	0.697	0.66	0	27	161	188	252	3	0	9	0	5	1	2	0.65	0.578946	0.897917	0.124379	417	3127	3544
5932	9/9/2011	3	0	9	16	0	5	1	1	0.74	0.697	0.66	0.1343	41	244	285	252	3	0	9	0	5	1	2	0.65	0.578946	0.897917	0.124379	417	3127	3544
5933	9/9/2011	3	0	9	17	0	5	1	1	0.7	0.6667	0.79	0.2537	54	451	505	252	3	0	9	0	5	1	2	0.65	0.578946	0.897917	0.124379	417	3127	3544
5934	9/9/2011	3	0	9	18	0	5	1	1	0.7	0.6667	0.79	0.194	33	377	410	252	3	0	9	0	5	1	2	0.65	0.578946	0.897917	0.124379	417	3127	3544
5935	9/9/2011	3	0	9	19	0	5	1	1	0.66	0.5909	0.89	0.1642	33	316	349	252	3	0	9	0	5	1	2	0.65	0.578946	0.897917	0.124379	417	3127	3544
5936	9/9/2011	3	0	9	20	0	5	1	1	0.64	0.5606	0.94	0.0896	30	180	210	252	3	0	9	0	5	1	2	0.65	0.578946	0.897917	0.124379	417	3127	3544
5937	9/9/2011	3	0	9	21	0	5	1	1	0.66	0.5909	0.89	0	49	154	203	252	3	0	9	0	5	1	2	0.65	0.578946	0.897917	0.124379	417	3127	3544
5938	9/9/2011	3	0	9	22	0	5	1	1	0.62	0.5455	0.94	0	33	127	160	252	3	0	9	0	5	1	2	0.65	0.578946	0.897917	0.124379	417	3127	3544
5939	9/9/2011	3	0	9	23	0	5	1	1	0.62	0.5455	0.94	0.0896	35	113	148	252	3	0	9	0	5	1	2	0.65	0.578946	0.897917	0.124379	417	3127	3544
5940	9/10/2011	3	0	9	0	0	6	0	1	0.62	0.5455	0.94	0	32	84	116	253	3	0	9	0	6	0	1	0.66	0.607962	0.75375	0.153608	1750	3595	5345
5941	9/10/2011	3	0	9	1	0	6	0	2	0.62	0.5455	0.94	0	16	67	83	253	3	0	9	0	6	0	1	0.66	0.607962	0.75375	0.153608	1750	3595	5345
5942	9/10/2011	3	0	9	2	0	6	0	2	0.6	0.5	0.97	0.1045	18	46	64	253	3	0	9	0	6	0	1	0.66	0.607962	0.75375	0.153608	1750	3595	5345
5943	9/10/2011	3	0	9	3	0	6	0	1	0.58	0.5455	1	0.1343	8	29	37	253	3	0	9	0	6	0	1	0.66	0.607962	0.75375	0.153608	1750	3595	5345
5944	9/10/2011	3	0	9	4	0	6	0	1	0.58	0.5455	0.94	0.0896	3	4	7	253	3	0	9	0	6	0	1	0.66	0.607962	0.75375	0.153608	1750	3595	5345
5945	9/10/2011	3	0	9	5	0	6	0	1	0.58	0.5455	0.94	0.1343	2	6	8	253	3	0	9	0	6	0	1	0.66	0.607962	0.75375	0.153608	1750	3595	5345
5946	9/10/2011	3	0	9	6	0	6	0	1	0.58	0.5455	0.94	0.1642	0	6	6	253	3	0	9	0	6	0	1	0.66	0.607962	0.75375	0.153608	1750	3595	5345
5947	9/10/2011	3	0	9	7	0	6	0	1	0.6	0.5455	0.88	0.1343	9	43	52	253	3	0	9	0	6	0	1	0.66	0.607962	0.75375	0.153608	1750	3595	5345
5948	9/10/2011	3	0	9	8	0	6	0	1	0.62	0.5758	0.83	0.1642	16	103	119	253	3	0	9	0	6	0	1	0.66	0.607962	0.75375	0.153608	1750	3595	5345
5949	9/10/2011	3	0	9	9	0	6	0	1	0.64	0.5909	0.78	0.2985	39	168	207	253	3	0	9	0	6	0	1	0.66	0.607962	0.75375	0.153608	1750	3595	5345
5950	9/10/2011	3	0	9	10	0	6	0	1	0.7	0.6515	0.65	0.2537	85	233	318	253	3	0	9	0	6	0	1	0.66	0.607962	0.75375	0.153608	1750	3595	5345
5951	9/10/2011	3	0	9	11	0	6	0	1	0.72	0.6818	0.62	0.2537	108	252	360	253	3	0	9	0	6	0	1	0.66	0.607962	0.75375	0.153608	1750	3595	5345
5952	9/10/2011	3	0	9	12	0	6	0	1	0.72	0.6818	0.62	0.2239	144	260	404	253	3	0	9	0	6	0	1	0.66	0.607962	0.75375	0.153608	1750	3595	5345
5953	9/10/2011	3	0	9	13	0	6	0	1	0.74	0.6818	0.55	0.2836	131	239	370	253	3	0	9	0	6	0	1	0.66	0.607962	0.75375	0.153608	1750	3595	5345
5954	9/10/2011	3	0	9	14	0	6	0	1	0.74	0.6818	0.55	0.2836	129	230	359	253	3	0	9	0	6	0	1	0.66	0.607962	0.75375	0.153608	1750	3595	5345
5955	9/10/2011	3	0	9	15	0	6	0	1	0.74	0.6818	0.55	0.2239	217	263	480	253	3	0	9	0	6	0	1	0.66	0.607962	0.75375	0.153608	1750	3595	5345
5956	9/10/2011	3	0	9	16	0	6	0	1	0.74	0.6818	0.55	0.194	170	261	431	253	3	0	9	0	6	0	1	0.66	0.607962	0.75375	0.153608	1750	3595	5345
5957	9/10/2011	3	0	9	17	0	6	0	1	0.74	0.6818	0.55	0.2239	185	275	460	253	3	0	9	0	6	0	1	0.66	0.607962	0.75375	0.153608	1750	3595	5345
5958	9/10/2011	3	0	9	18	0	6	0	1	0.72	0.6667	0.58	0.194	119	241	360	253	3	0	9	0	6	0	1	0.66	0.607962	0.75375	0.153608	1750	3595	5345
5959	9/10/2011	3	0	9	19	0	6	0	1	0.7	0.6515	0.58	0.1343	101	214	315	253	3	0	9	0	6	0	1	0.66	0.607962	0.75375	0.153608	1750	3595	5345
5960	9/10/2011	3	0	9	20	0	6	0	1	0.66	0.6212	0.69	0.1045	78	167	245	253	3	0	9	0	6	0	1	0.66	0.607962	0.75375	0.153608	1750	3595	5345
5961	9/10/2011	3	0	9	21	0	6	0	1	0.64	0.5909	0.78	0.0896	59	171	230	253	3	0	9	0	6	0	1	0.66	0.607962	0.75375	0.153608	1750	3595	5345
5962	9/10/2011	3	0	9	22	0	6	0	1	0.64	0.5909	0.78	0	49	126	175	253	3	0	9	0	6	0	1	0.66	0.607962	0.75375	0.153608	1750	3595	5345
5963	9/10/2011	3	0	9	23	0	6	0	2	0.62	0.5606	0.88	0	32	107	139	253	3	0	9	0	6	0	1	0.66	0.607962	0.75375	0.153608	1750	3595	5345
5964	9/11/2011	3	0	9	0	0	0	0	1	0.62	0.5606	0.88	0	29	79	108	254	3	0	9	0	0	0	1	0.653333	0.609229	0.71375	0.115054	1633	3413	5046
5965	9/11/2011	3	0	9	1	0	0	0	2	0.62	0.5606	0.88	0	22	66	88	254	3	0	9	0	0	0	1	0.653333	0.609229	0.71375	0.115054	1633	3413	5046
5966	9/11/2011	3	0	9	2	0	0	0	2	0.62	0.5909	0.78	0.194	16	60	76	254	3	0	9	0	0	0	1	0.653333	0.609229	0.71375	0.115054	1633	3413	5046
5967	9/11/2011	3	0	9	3	0	0	0	2	0.62	0.5909	0.78	0.0896	15	30	45	254	3	0	9	0	0	0	1	0.653333	0.609229	0.71375	0.115054	1633	3413	5046
5968	9/11/2011	3	0	9	4	0	0	0	1	0.6	0.5606	0.83	0.1343	3	6	9	254	3	0	9	0	0	0	1	0.653333	0.609229	0.71375	0.115054	1633	3413	5046
5969	9/11/2011	3	0	9	5	0	0	0	1	0.6	0.5606	0.83	0.1343	15	24	39	254	3	0	9	0	0	0	1	0.653333	0.609229	0.71375	0.115054	1633	3413	5046
5970	9/11/2011	3	0	9	6	0	0	0	1	0.58	0.5455	0.88	0.1045	4	16	20	254	3	0	9	0	0	0	1	0.653333	0.609229	0.71375	0.115054	1633	3413	5046
5971	9/11/2011	3	0	9	7	0	0	0	1	0.6	0.5455	0.88	0	9	28	37	254	3	0	9	0	0	0	1	0.653333	0.609229	0.71375	0.115054	1633	3413	5046
5972	9/11/2011	3	0	9	8	0	0	0	1	0.64	0.5909	0.78	0	25	69	94	254	3	0	9	0	0	0	1	0.653333	0.609229	0.71375	0.115054	1633	3413	5046
5973	9/11/2011	3	0	9	9	0	0	0	1	0.66	0.6212	0.74	0	59	168	227	254	3	0	9	0	0	0	1	0.653333	0.609229	0.71375	0.115054	1633	3413	5046
5974	9/11/2011	3	0	9	10	0	0	0	1	0.7	0.6515	0.65	0	120	214	334	254	3	0	9	0	0	0	1	0.653333	0.609229	0.71375	0.115054	1633	3413	5046
5975	9/11/2011	3	0	9	11	0	0	0	1	0.7	0.6515	0.65	0	144	258	402	254	3	0	9	0	0	0	1	0.653333	0.609229	0.71375	0.115054	1633	3413	5046
5976	9/11/2011	3	0	9	12	0	0	0	1	0.7	0.6515	0.65	0	113	298	411	254	3	0	9	0	0	0	1	0.653333	0.609229	0.71375	0.115054	1633	3413	5046
5977	9/11/2011	3	0	9	13	0	0	0	1	0.74	0.6818	0.58	0.1045	119	231	350	254	3	0	9	0	0	0	1	0.653333	0.609229	0.71375	0.115054	1633	3413	5046
5978	9/11/2011	3	0	9	14	0	0	0	1	0.72	0.6667	0.58	0.2836	120	222	342	254	3	0	9	0	0	0	1	0.653333	0.609229	0.71375	0.115054	1633	3413	5046
5979	9/11/2011	3	0	9	15	0	0	0	1	0.74	0.6667	0.51	0.2985	134	270	404	254	3	0	9	0	0	0	1	0.653333	0.609229	0.71375	0.115054	1633	3413	5046
5980	9/11/2011	3	0	9	16	0	0	0	1	0.72	0.6667	0.51	0.2985	180	303	483	254	3	0	9	0	0	0	1	0.653333	0.609229	0.71375	0.115054	1633	3413	5046
5981	9/11/2011	3	0	9	17	0	0	0	1	0.72	0.6667	0.51	0.1343	152	228	380	254	3	0	9	0	0	0	1	0.653333	0.609229	0.71375	0.115054	1633	3413	5046
5982	9/11/2011	3	0	9	18	0	0	0	1	0.68	0.6364	0.65	0.2985	110	229	339	254	3	0	9	0	0	0	1	0.653333	0.609229	0.71375	0.115054	1633	3413	5046
5983	9/11/2011	3	0	9	19	0	0	0	1	0.64	0.6061	0.69	0.1045	101	232	333	254	3	0	9	0	0	0	1	0.653333	0.609229	0.71375	0.115054	1633	3413	5046
5984	9/11/2011	3	0	9	20	0	0	0	1	0.62	0.5909	0.73	0.1045	65	161	226	254	3	0	9	0	0	0	1	0.653333	0.609229	0.71375	0.115054	1633	3413	5046
5985	9/11/2011	3	0	9	21	0	0	0	1	0.64	0.6061	0.69	0	45	114	159	254	3	0	9	0	0	0	1	0.653333	0.609229	0.71375	0.115054	1633	3413	5046
5986	9/11/2011	3	0	9	22	0	0	0	1	0.62	0.6061	0.69	0.3881	21	74	95	254	3	0	9	0	0	0	1	0.653333	0.609229	0.71375	0.115054	1633	3413	5046
5987	9/11/2011	3	0	9	23	0	0	0	3	0.58	0.5455	0.78	0.0896	12	33	45	254	3	0	9	0	0	0	1	0.653333	0.609229	0.71375	0.115054	1633	3413	5046
5988	9/12/2011	3	0	9	0	0	1	1	1	0.56	0.5303	0.88	0.0896	5	11	16	255	3	0	9	0	1	1	1	0.644348	0.60213	0.692174	0.088913	690	4023	4713
5989	9/12/2011	3	0	9	1	0	1	1	1	0.56	0.5303	0.88	0	1	11	12	255	3	0	9	0	1	1	1	0.644348	0.60213	0.692174	0.088913	690	4023	4713
5990	9/12/2011	3	0	9	2	0	1	1	1	0.56	0.5303	0.88	0	2	0	2	255	3	0	9	0	1	1	1	0.644348	0.60213	0.692174	0.088913	690	4023	4713
5991	9/12/2011	3	0	9	4	0	1	1	1	0.54	0.5152	0.94	0.1045	0	4	4	255	3	0	9	0	1	1	1	0.644348	0.60213	0.692174	0.088913	690	4023	4713
5992	9/12/2011	3	0	9	5	0	1	1	1	0.56	0.5303	0.83	0	1	23	24	255	3	0	9	0	1	1	1	0.644348	0.60213	0.692174	0.088913	690	4023	4713
5993	9/12/2011	3	0	9	6	0	1	1	1	0.56	0.5303	0.83	0	1	108	109	255	3	0	9	0	1	1	1	0.644348	0.60213	0.692174	0.088913	690	4023	4713
5994	9/12/2011	3	0	9	7	0	1	1	1	0.58	0.5455	0.83	0	12	300	312	255	3	0	9	0	1	1	1	0.644348	0.60213	0.692174	0.088913	690	4023	4713
5995	9/12/2011	3	0	9	8	0	1	1	1	0.6	0.5758	0.78	0.0896	26	382	408	255	3	0	9	0	1	1	1	0.644348	0.60213	0.692174	0.088913	690	4023	4713
5996	9/12/2011	3	0	9	9	0	1	1	1	0.64	0.6061	0.69	0	21	155	176	255	3	0	9	0	1	1	1	0.644348	0.60213	0.692174	0.088913	690	4023	4713
5997	9/12/2011	3	0	9	10	0	1	1	1	0.68	0.6364	0.62	0.1642	40	89	129	255	3	0	9	0	1	1	1	0.644348	0.60213	0.692174	0.088913	690	4023	4713
5998	9/12/2011	3	0	9	11	0	1	1	1	0.7	0.6515	0.58	0.194	34	131	165	255	3	0	9	0	1	1	1	0.644348	0.60213	0.692174	0.088913	690	4023	4713
5999	9/12/2011	3	0	9	12	0	1	1	1	0.72	0.6667	0.51	0.194	37	147	184	255	3	0	9	0	1	1	1	0.644348	0.60213	0.692174	0.088913	690	4023	4713
6000	9/12/2011	3	0	9	13	0	1	1	1	0.72	0.6667	0.54	0.1045	43	120	163	255	3	0	9	0	1	1	1	0.644348	0.60213	0.692174	0.088913	690	4023	4713
6001	9/12/2011	3	0	9	14	0	1	1	1	0.74	0.6667	0.51	0.1642	60	129	189	255	3	0	9	0	1	1	1	0.644348	0.60213	0.692174	0.088913	690	4023	4713
6002	9/12/2011	3	0	9	15	0	1	1	1	0.74	0.6667	0.48	0.0896	60	152	212	255	3	0	9	0	1	1	1	0.644348	0.60213	0.692174	0.088913	690	4023	4713
6003	9/12/2011	3	0	9	16	0	1	1	1	0.72	0.6667	0.48	0	60	238	298	255	3	0	9	0	1	1	1	0.644348	0.60213	0.692174	0.088913	690	4023	4713
6004	9/12/2011	3	0	9	17	0	1	1	1	0.72	0.6667	0.51	0.1642	75	515	590	255	3	0	9	0	1	1	1	0.644348	0.60213	0.692174	0.088913	690	4023	4713
6005	9/12/2011	3	0	9	18	0	1	1	1	0.7	0.6515	0.54	0.194	56	515	571	255	3	0	9	0	1	1	1	0.644348	0.60213	0.692174	0.088913	690	4023	4713
6006	9/12/2011	3	0	9	19	0	1	1	1	0.68	0.6364	0.57	0.1343	63	373	436	255	3	0	9	0	1	1	1	0.644348	0.60213	0.692174	0.088913	690	4023	4713
6007	9/12/2011	3	0	9	20	0	1	1	1	0.66	0.6212	0.65	0	41	258	299	255	3	0	9	0	1	1	1	0.644348	0.60213	0.692174	0.088913	690	4023	4713
6008	9/12/2011	3	0	9	21	0	1	1	1	0.64	0.6061	0.73	0.0896	29	166	195	255	3	0	9	0	1	1	1	0.644348	0.60213	0.692174	0.088913	690	4023	4713
6009	9/12/2011	3	0	9	22	0	1	1	1	0.62	0.5758	0.83	0.1642	16	134	150	255	3	0	9	0	1	1	1	0.644348	0.60213	0.692174	0.088913	690	4023	4713
6010	9/12/2011	3	0	9	23	0	1	1	1	0.62	0.5758	0.83	0.1045	7	62	69	255	3	0	9	0	1	1	1	0.644348	0.60213	0.692174	0.088913	690	4023	4713
6011	9/13/2011	3	0	9	0	0	2	1	1	0.6	0.5455	0.88	0.1045	7	19	26	256	3	0	9	0	2	1	1	0.650833	0.603554	0.7125	0.141804	701	4062	4763
6012	9/13/2011	3	0	9	1	0	2	1	1	0.58	0.5455	0.83	0.1045	4	6	10	256	3	0	9	0	2	1	1	0.650833	0.603554	0.7125	0.141804	701	4062	4763
6013	9/13/2011	3	0	9	2	0	2	1	1	0.6	0.5758	0.78	0	2	0	2	256	3	0	9	0	2	1	1	0.650833	0.603554	0.7125	0.141804	701	4062	4763
6014	9/13/2011	3	0	9	3	0	2	1	1	0.58	0.5455	0.83	0	2	2	4	256	3	0	9	0	2	1	1	0.650833	0.603554	0.7125	0.141804	701	4062	4763
6015	9/13/2011	3	0	9	4	0	2	1	1	0.56	0.5303	0.88	0	2	6	8	256	3	0	9	0	2	1	1	0.650833	0.603554	0.7125	0.141804	701	4062	4763
6016	9/13/2011	3	0	9	5	0	2	1	1	0.56	0.5303	0.88	0	1	19	20	256	3	0	9	0	2	1	1	0.650833	0.603554	0.7125	0.141804	701	4062	4763
6017	9/13/2011	3	0	9	6	0	2	1	1	0.56	0.5303	0.88	0.1045	6	116	122	256	3	0	9	0	2	1	1	0.650833	0.603554	0.7125	0.141804	701	4062	4763
6018	9/13/2011	3	0	9	7	0	2	1	1	0.58	0.5455	0.83	0.0896	14	348	362	256	3	0	9	0	2	1	1	0.650833	0.603554	0.7125	0.141804	701	4062	4763
6019	9/13/2011	3	0	9	8	0	2	1	1	0.6	0.5606	0.81	0.1045	26	399	425	256	3	0	9	0	2	1	1	0.650833	0.603554	0.7125	0.141804	701	4062	4763
6020	9/13/2011	3	0	9	9	0	2	1	1	0.64	0.6061	0.69	0.0896	35	179	214	256	3	0	9	0	2	1	1	0.650833	0.603554	0.7125	0.141804	701	4062	4763
6021	9/13/2011	3	0	9	10	0	2	1	1	0.68	0.6364	0.69	0.1343	42	93	135	256	3	0	9	0	2	1	1	0.650833	0.603554	0.7125	0.141804	701	4062	4763
6022	9/13/2011	3	0	9	11	0	2	1	1	0.7	0.6515	0.61	0.1642	33	120	153	256	3	0	9	0	2	1	1	0.650833	0.603554	0.7125	0.141804	701	4062	4763
6023	9/13/2011	3	0	9	12	0	2	1	1	0.72	0.6667	0.58	0.2239	43	144	187	256	3	0	9	0	2	1	1	0.650833	0.603554	0.7125	0.141804	701	4062	4763
6024	9/13/2011	3	0	9	13	0	2	1	1	0.74	0.6667	0.51	0.2836	48	136	184	256	3	0	9	0	2	1	1	0.650833	0.603554	0.7125	0.141804	701	4062	4763
6025	9/13/2011	3	0	9	14	0	2	1	1	0.74	0.6667	0.51	0.3284	51	139	190	256	3	0	9	0	2	1	1	0.650833	0.603554	0.7125	0.141804	701	4062	4763
6026	9/13/2011	3	0	9	15	0	2	1	1	0.74	0.6667	0.51	0.2985	35	145	180	256	3	0	9	0	2	1	1	0.650833	0.603554	0.7125	0.141804	701	4062	4763
6027	9/13/2011	3	0	9	16	0	2	1	1	0.74	0.6667	0.51	0.2239	41	251	292	256	3	0	9	0	2	1	1	0.650833	0.603554	0.7125	0.141804	701	4062	4763
6028	9/13/2011	3	0	9	17	0	2	1	1	0.74	0.6667	0.51	0.2239	72	507	579	256	3	0	9	0	2	1	1	0.650833	0.603554	0.7125	0.141804	701	4062	4763
6029	9/13/2011	3	0	9	18	0	2	1	1	0.7	0.6515	0.61	0.1642	67	472	539	256	3	0	9	0	2	1	1	0.650833	0.603554	0.7125	0.141804	701	4062	4763
6030	9/13/2011	3	0	9	19	0	2	1	1	0.68	0.6364	0.69	0.1642	55	341	396	256	3	0	9	0	2	1	1	0.650833	0.603554	0.7125	0.141804	701	4062	4763
6031	9/13/2011	3	0	9	20	0	2	1	1	0.66	0.6212	0.74	0.194	31	241	272	256	3	0	9	0	2	1	1	0.650833	0.603554	0.7125	0.141804	701	4062	4763
6032	9/13/2011	3	0	9	21	0	2	1	1	0.64	0.5909	0.78	0.1642	45	200	245	256	3	0	9	0	2	1	1	0.650833	0.603554	0.7125	0.141804	701	4062	4763
6033	9/13/2011	3	0	9	22	0	2	1	1	0.64	0.5909	0.78	0.1343	24	120	144	256	3	0	9	0	2	1	1	0.650833	0.603554	0.7125	0.141804	701	4062	4763
6034	9/13/2011	3	0	9	23	0	2	1	1	0.64	0.5909	0.78	0.1045	15	59	74	256	3	0	9	0	2	1	1	0.650833	0.603554	0.7125	0.141804	701	4062	4763
6035	9/14/2011	3	0	9	0	0	3	1	1	0.62	0.5909	0.78	0.0896	5	28	33	257	3	0	9	0	3	1	1	0.673333	0.6269	0.697083	0.1673	647	4138	4785
6036	9/14/2011	3	0	9	1	0	3	1	1	0.62	0.5909	0.78	0.0896	1	7	8	257	3	0	9	0	3	1	1	0.673333	0.6269	0.697083	0.1673	647	4138	4785
6037	9/14/2011	3	0	9	2	0	3	1	1	0.6	0.5606	0.83	0	1	4	5	257	3	0	9	0	3	1	1	0.673333	0.6269	0.697083	0.1673	647	4138	4785
6038	9/14/2011	3	0	9	3	0	3	1	1	0.6	0.5455	0.88	0.1343	1	7	8	257	3	0	9	0	3	1	1	0.673333	0.6269	0.697083	0.1673	647	4138	4785
6039	9/14/2011	3	0	9	4	0	3	1	1	0.6	0.5606	0.83	0.0896	1	8	9	257	3	0	9	0	3	1	1	0.673333	0.6269	0.697083	0.1673	647	4138	4785
6040	9/14/2011	3	0	9	5	0	3	1	1	0.58	0.5455	0.88	0.1045	1	30	31	257	3	0	9	0	3	1	1	0.673333	0.6269	0.697083	0.1673	647	4138	4785
6041	9/14/2011	3	0	9	6	0	3	1	1	0.58	0.5455	0.88	0.1045	7	138	145	257	3	0	9	0	3	1	1	0.673333	0.6269	0.697083	0.1673	647	4138	4785
6042	9/14/2011	3	0	9	7	0	3	1	1	0.6	0.5606	0.83	0.1045	20	350	370	257	3	0	9	0	3	1	1	0.673333	0.6269	0.697083	0.1673	647	4138	4785
6043	9/14/2011	3	0	9	8	0	3	1	1	0.62	0.5758	0.83	0.1642	33	396	429	257	3	0	9	0	3	1	1	0.673333	0.6269	0.697083	0.1673	647	4138	4785
6044	9/14/2011	3	0	9	9	0	3	1	1	0.64	0.5909	0.78	0.1642	19	183	202	257	3	0	9	0	3	1	1	0.673333	0.6269	0.697083	0.1673	647	4138	4785
6045	9/14/2011	3	0	9	10	0	3	1	1	0.7	0.6515	0.7	0.1343	27	115	142	257	3	0	9	0	3	1	1	0.673333	0.6269	0.697083	0.1673	647	4138	4785
6046	9/14/2011	3	0	9	11	0	3	1	1	0.72	0.6818	0.66	0.1642	43	121	164	257	3	0	9	0	3	1	1	0.673333	0.6269	0.697083	0.1673	647	4138	4785
6047	9/14/2011	3	0	9	12	0	3	1	1	0.74	0.6818	0.58	0.2239	56	156	212	257	3	0	9	0	3	1	1	0.673333	0.6269	0.697083	0.1673	647	4138	4785
6048	9/14/2011	3	0	9	13	0	3	1	1	0.76	0.697	0.55	0.2537	39	139	178	257	3	0	9	0	3	1	1	0.673333	0.6269	0.697083	0.1673	647	4138	4785
6049	9/14/2011	3	0	9	14	0	3	1	1	0.78	0.7121	0.52	0.2239	19	105	124	257	3	0	9	0	3	1	1	0.673333	0.6269	0.697083	0.1673	647	4138	4785
6050	9/14/2011	3	0	9	15	0	3	1	1	0.78	0.7121	0.49	0.2537	30	146	176	257	3	0	9	0	3	1	1	0.673333	0.6269	0.697083	0.1673	647	4138	4785
6051	9/14/2011	3	0	9	16	0	3	1	1	0.76	0.697	0.52	0.2836	36	241	277	257	3	0	9	0	3	1	1	0.673333	0.6269	0.697083	0.1673	647	4138	4785
6052	9/14/2011	3	0	9	17	0	3	1	1	0.76	0.697	0.52	0.2836	87	512	599	257	3	0	9	0	3	1	1	0.673333	0.6269	0.697083	0.1673	647	4138	4785
6053	9/14/2011	3	0	9	18	0	3	1	1	0.72	0.6818	0.62	0.1642	83	503	586	257	3	0	9	0	3	1	1	0.673333	0.6269	0.697083	0.1673	647	4138	4785
6054	9/14/2011	3	0	9	19	0	3	1	2	0.7	0.6515	0.7	0.1045	44	337	381	257	3	0	9	0	3	1	1	0.673333	0.6269	0.697083	0.1673	647	4138	4785
6055	9/14/2011	3	0	9	20	0	3	1	2	0.72	0.6667	0.58	0.4179	40	221	261	257	3	0	9	0	3	1	1	0.673333	0.6269	0.697083	0.1673	647	4138	4785
6056	9/14/2011	3	0	9	21	0	3	1	2	0.66	0.6212	0.65	0.2239	24	189	213	257	3	0	9	0	3	1	1	0.673333	0.6269	0.697083	0.1673	647	4138	4785
6057	9/14/2011	3	0	9	22	0	3	1	2	0.66	0.6212	0.65	0.1343	20	140	160	257	3	0	9	0	3	1	1	0.673333	0.6269	0.697083	0.1673	647	4138	4785
6058	9/14/2011	3	0	9	23	0	3	1	2	0.64	0.6061	0.69	0.1045	10	62	72	257	3	0	9	0	3	1	1	0.673333	0.6269	0.697083	0.1673	647	4138	4785
6059	9/15/2011	3	0	9	0	0	4	1	1	0.64	0.6061	0.69	0.1343	3	34	37	258	3	0	9	0	4	1	2	0.5775	0.553671	0.709167	0.271146	428	3231	3659
6060	9/15/2011	3	0	9	1	0	4	1	1	0.64	0.6061	0.69	0.1642	0	20	20	258	3	0	9	0	4	1	2	0.5775	0.553671	0.709167	0.271146	428	3231	3659
6061	9/15/2011	3	0	9	2	0	4	1	1	0.62	0.5909	0.73	0.1045	0	5	5	258	3	0	9	0	4	1	2	0.5775	0.553671	0.709167	0.271146	428	3231	3659
6062	9/15/2011	3	0	9	3	0	4	1	1	0.62	0.5909	0.73	0.0896	3	5	8	258	3	0	9	0	4	1	2	0.5775	0.553671	0.709167	0.271146	428	3231	3659
6063	9/15/2011	3	0	9	4	0	4	1	1	0.6	0.5758	0.78	0.1045	2	5	7	258	3	0	9	0	4	1	2	0.5775	0.553671	0.709167	0.271146	428	3231	3659
6064	9/15/2011	3	0	9	5	0	4	1	1	0.6	0.5758	0.78	0	1	30	31	258	3	0	9	0	4	1	2	0.5775	0.553671	0.709167	0.271146	428	3231	3659
6065	9/15/2011	3	0	9	6	0	4	1	2	0.6	0.5606	0.83	0.2537	5	119	124	258	3	0	9	0	4	1	2	0.5775	0.553671	0.709167	0.271146	428	3231	3659
6066	9/15/2011	3	0	9	7	0	4	1	2	0.62	0.5909	0.78	0.194	17	321	338	258	3	0	9	0	4	1	2	0.5775	0.553671	0.709167	0.271146	428	3231	3659
6067	9/15/2011	3	0	9	8	0	4	1	1	0.64	0.6061	0.73	0.1343	27	364	391	258	3	0	9	0	4	1	2	0.5775	0.553671	0.709167	0.271146	428	3231	3659
6068	9/15/2011	3	0	9	9	0	4	1	2	0.64	0.6061	0.73	0.3582	23	186	209	258	3	0	9	0	4	1	2	0.5775	0.553671	0.709167	0.271146	428	3231	3659
6069	9/15/2011	3	0	9	10	0	4	1	2	0.66	0.6212	0.69	0.2537	25	96	121	258	3	0	9	0	4	1	2	0.5775	0.553671	0.709167	0.271146	428	3231	3659
6070	9/15/2011	3	0	9	11	0	4	1	2	0.68	0.6364	0.65	0.1343	39	120	159	258	3	0	9	0	4	1	2	0.5775	0.553671	0.709167	0.271146	428	3231	3659
6071	9/15/2011	3	0	9	12	0	4	1	2	0.66	0.6212	0.69	0.2985	31	148	179	258	3	0	9	0	4	1	2	0.5775	0.553671	0.709167	0.271146	428	3231	3659
6072	9/15/2011	3	0	9	13	0	4	1	2	0.64	0.6061	0.65	0.2836	38	151	189	258	3	0	9	0	4	1	2	0.5775	0.553671	0.709167	0.271146	428	3231	3659
6073	9/15/2011	3	0	9	14	0	4	1	2	0.64	0.6061	0.65	0.4179	36	134	170	258	3	0	9	0	4	1	2	0.5775	0.553671	0.709167	0.271146	428	3231	3659
6074	9/15/2011	3	0	9	15	0	4	1	2	0.6	0.5909	0.69	0.4179	25	110	135	258	3	0	9	0	4	1	2	0.5775	0.553671	0.709167	0.271146	428	3231	3659
6075	9/15/2011	3	0	9	16	0	4	1	2	0.54	0.5152	0.77	0.4627	29	193	222	258	3	0	9	0	4	1	2	0.5775	0.553671	0.709167	0.271146	428	3231	3659
6076	9/15/2011	3	0	9	17	0	4	1	3	0.48	0.4697	0.82	0.4627	31	230	261	258	3	0	9	0	4	1	2	0.5775	0.553671	0.709167	0.271146	428	3231	3659
6077	9/15/2011	3	0	9	18	0	4	1	3	0.48	0.4697	0.67	0.6119	22	222	244	258	3	0	9	0	4	1	2	0.5775	0.553671	0.709167	0.271146	428	3231	3659
6078	9/15/2011	3	0	9	19	0	4	1	1	0.46	0.4545	0.67	0.4627	20	212	232	258	3	0	9	0	4	1	2	0.5775	0.553671	0.709167	0.271146	428	3231	3659
6079	9/15/2011	3	0	9	20	0	4	1	1	0.46	0.4545	0.63	0.3284	25	223	248	258	3	0	9	0	4	1	2	0.5775	0.553671	0.709167	0.271146	428	3231	3659
6080	9/15/2011	3	0	9	21	0	4	1	1	0.46	0.4545	0.63	0.3284	11	134	145	258	3	0	9	0	4	1	2	0.5775	0.553671	0.709167	0.271146	428	3231	3659
6081	9/15/2011	3	0	9	22	0	4	1	1	0.44	0.4394	0.67	0.2836	7	108	115	258	3	0	9	0	4	1	2	0.5775	0.553671	0.709167	0.271146	428	3231	3659
6082	9/15/2011	3	0	9	23	0	4	1	1	0.44	0.4394	0.67	0.2239	8	61	69	258	3	0	9	0	4	1	2	0.5775	0.553671	0.709167	0.271146	428	3231	3659
6083	9/16/2011	3	0	9	0	0	5	1	1	0.42	0.4242	0.71	0.2239	5	43	48	259	3	0	9	0	5	1	2	0.469167	0.461475	0.590417	0.164183	742	4018	4760
6084	9/16/2011	3	0	9	1	0	5	1	1	0.42	0.4242	0.67	0.194	7	19	26	259	3	0	9	0	5	1	2	0.469167	0.461475	0.590417	0.164183	742	4018	4760
6085	9/16/2011	3	0	9	2	0	5	1	1	0.4	0.4091	0.71	0.2836	3	7	10	259	3	0	9	0	5	1	2	0.469167	0.461475	0.590417	0.164183	742	4018	4760
6086	9/16/2011	3	0	9	3	0	5	1	1	0.4	0.4091	0.71	0.2537	2	4	6	259	3	0	9	0	5	1	2	0.469167	0.461475	0.590417	0.164183	742	4018	4760
6087	9/16/2011	3	0	9	4	0	5	1	1	0.4	0.4091	0.71	0.2836	1	3	4	259	3	0	9	0	5	1	2	0.469167	0.461475	0.590417	0.164183	742	4018	4760
6088	9/16/2011	3	0	9	5	0	5	1	1	0.38	0.3939	0.76	0.194	2	30	32	259	3	0	9	0	5	1	2	0.469167	0.461475	0.590417	0.164183	742	4018	4760
6089	9/16/2011	3	0	9	6	0	5	1	1	0.38	0.3939	0.71	0.2239	6	87	93	259	3	0	9	0	5	1	2	0.469167	0.461475	0.590417	0.164183	742	4018	4760
6090	9/16/2011	3	0	9	7	0	5	1	1	0.4	0.4091	0.71	0.2836	16	283	299	259	3	0	9	0	5	1	2	0.469167	0.461475	0.590417	0.164183	742	4018	4760
6091	9/16/2011	3	0	9	8	0	5	1	1	0.42	0.4242	0.67	0.2239	23	386	409	259	3	0	9	0	5	1	2	0.469167	0.461475	0.590417	0.164183	742	4018	4760
6092	9/16/2011	3	0	9	9	0	5	1	1	0.46	0.4545	0.55	0.2537	21	189	210	259	3	0	9	0	5	1	2	0.469167	0.461475	0.590417	0.164183	742	4018	4760
6093	9/16/2011	3	0	9	10	0	5	1	2	0.5	0.4848	0.51	0.2836	36	104	140	259	3	0	9	0	5	1	2	0.469167	0.461475	0.590417	0.164183	742	4018	4760
6094	9/16/2011	3	0	9	11	0	5	1	2	0.5	0.4848	0.51	0.1343	40	139	179	259	3	0	9	0	5	1	2	0.469167	0.461475	0.590417	0.164183	742	4018	4760
6095	9/16/2011	3	0	9	12	0	5	1	2	0.52	0.5	0.45	0	39	212	251	259	3	0	9	0	5	1	2	0.469167	0.461475	0.590417	0.164183	742	4018	4760
6096	9/16/2011	3	0	9	13	0	5	1	2	0.54	0.5152	0.42	0	55	168	223	259	3	0	9	0	5	1	2	0.469167	0.461475	0.590417	0.164183	742	4018	4760
6097	9/16/2011	3	0	9	14	0	5	1	2	0.54	0.5152	0.45	0.1642	49	176	225	259	3	0	9	0	5	1	2	0.469167	0.461475	0.590417	0.164183	742	4018	4760
6098	9/16/2011	3	0	9	15	0	5	1	2	0.54	0.5152	0.45	0.2239	38	165	203	259	3	0	9	0	5	1	2	0.469167	0.461475	0.590417	0.164183	742	4018	4760
6099	9/16/2011	3	0	9	16	0	5	1	2	0.52	0.5	0.48	0.1642	67	291	358	259	3	0	9	0	5	1	2	0.469167	0.461475	0.590417	0.164183	742	4018	4760
6100	9/16/2011	3	0	9	17	0	5	1	2	0.52	0.5	0.48	0.1343	86	480	566	259	3	0	9	0	5	1	2	0.469167	0.461475	0.590417	0.164183	742	4018	4760
6101	9/16/2011	3	0	9	18	0	5	1	2	0.52	0.5	0.52	0.1642	55	427	482	259	3	0	9	0	5	1	2	0.469167	0.461475	0.590417	0.164183	742	4018	4760
6102	9/16/2011	3	0	9	19	0	5	1	2	0.5	0.4848	0.55	0.1642	59	256	315	259	3	0	9	0	5	1	2	0.469167	0.461475	0.590417	0.164183	742	4018	4760
6103	9/16/2011	3	0	9	20	0	5	1	2	0.5	0.4848	0.55	0	41	184	225	259	3	0	9	0	5	1	2	0.469167	0.461475	0.590417	0.164183	742	4018	4760
6104	9/16/2011	3	0	9	21	0	5	1	2	0.5	0.4848	0.63	0	39	124	163	259	3	0	9	0	5	1	2	0.469167	0.461475	0.590417	0.164183	742	4018	4760
6105	9/16/2011	3	0	9	22	0	5	1	1	0.48	0.4697	0.67	0.0896	32	135	167	259	3	0	9	0	5	1	2	0.469167	0.461475	0.590417	0.164183	742	4018	4760
6106	9/16/2011	3	0	9	23	0	5	1	1	0.5	0.4848	0.59	0	20	106	126	259	3	0	9	0	5	1	2	0.469167	0.461475	0.590417	0.164183	742	4018	4760
6107	9/17/2011	3	0	9	0	0	6	0	1	0.46	0.4545	0.72	0.1642	28	80	108	260	3	0	9	0	6	0	2	0.491667	0.478512	0.718333	0.189675	1434	3077	4511
6108	9/17/2011	3	0	9	1	0	6	0	1	0.46	0.4545	0.72	0.1045	28	52	80	260	3	0	9	0	6	0	2	0.491667	0.478512	0.718333	0.189675	1434	3077	4511
6109	9/17/2011	3	0	9	2	0	6	0	1	0.46	0.4545	0.82	0.0896	18	61	79	260	3	0	9	0	6	0	2	0.491667	0.478512	0.718333	0.189675	1434	3077	4511
6110	9/17/2011	3	0	9	3	0	6	0	1	0.46	0.4545	0.72	0.1343	7	21	28	260	3	0	9	0	6	0	2	0.491667	0.478512	0.718333	0.189675	1434	3077	4511
6111	9/17/2011	3	0	9	4	0	6	0	1	0.46	0.4545	0.72	0.1343	1	4	5	260	3	0	9	0	6	0	2	0.491667	0.478512	0.718333	0.189675	1434	3077	4511
6112	9/17/2011	3	0	9	5	0	6	0	1	0.46	0.4545	0.72	0.1642	2	3	5	260	3	0	9	0	6	0	2	0.491667	0.478512	0.718333	0.189675	1434	3077	4511
6113	9/17/2011	3	0	9	6	0	6	0	2	0.46	0.4545	0.72	0.2239	5	17	22	260	3	0	9	0	6	0	2	0.491667	0.478512	0.718333	0.189675	1434	3077	4511
6114	9/17/2011	3	0	9	7	0	6	0	2	0.46	0.4545	0.77	0.194	4	33	37	260	3	0	9	0	6	0	2	0.491667	0.478512	0.718333	0.189675	1434	3077	4511
6115	9/17/2011	3	0	9	8	0	6	0	2	0.46	0.4545	0.77	0.2537	27	81	108	260	3	0	9	0	6	0	2	0.491667	0.478512	0.718333	0.189675	1434	3077	4511
6116	9/17/2011	3	0	9	9	0	6	0	2	0.48	0.4697	0.67	0.2239	32	145	177	260	3	0	9	0	6	0	2	0.491667	0.478512	0.718333	0.189675	1434	3077	4511
6117	9/17/2011	3	0	9	10	0	6	0	2	0.5	0.4848	0.68	0.2836	72	177	249	260	3	0	9	0	6	0	2	0.491667	0.478512	0.718333	0.189675	1434	3077	4511
6118	9/17/2011	3	0	9	11	0	6	0	2	0.52	0.5	0.68	0.2239	119	248	367	260	3	0	9	0	6	0	2	0.491667	0.478512	0.718333	0.189675	1434	3077	4511
6119	9/17/2011	3	0	9	12	0	6	0	2	0.52	0.5	0.67	0.2239	115	257	372	260	3	0	9	0	6	0	2	0.491667	0.478512	0.718333	0.189675	1434	3077	4511
6120	9/17/2011	3	0	9	13	0	6	0	2	0.52	0.5	0.68	0.194	124	225	349	260	3	0	9	0	6	0	2	0.491667	0.478512	0.718333	0.189675	1434	3077	4511
6121	9/17/2011	3	0	9	14	0	6	0	2	0.52	0.5	0.72	0.194	123	174	297	260	3	0	9	0	6	0	2	0.491667	0.478512	0.718333	0.189675	1434	3077	4511
6122	9/17/2011	3	0	9	15	0	6	0	2	0.52	0.5	0.72	0.194	148	206	354	260	3	0	9	0	6	0	2	0.491667	0.478512	0.718333	0.189675	1434	3077	4511
6123	9/17/2011	3	0	9	16	0	6	0	1	0.54	0.5152	0.68	0.2537	116	189	305	260	3	0	9	0	6	0	2	0.491667	0.478512	0.718333	0.189675	1434	3077	4511
6124	9/17/2011	3	0	9	17	0	6	0	1	0.52	0.5	0.72	0.2239	141	218	359	260	3	0	9	0	6	0	2	0.491667	0.478512	0.718333	0.189675	1434	3077	4511
6125	9/17/2011	3	0	9	18	0	6	0	2	0.52	0.5	0.72	0.2239	95	234	329	260	3	0	9	0	6	0	2	0.491667	0.478512	0.718333	0.189675	1434	3077	4511
6126	9/17/2011	3	0	9	19	0	6	0	1	0.52	0.5	0.68	0.1343	70	186	256	260	3	0	9	0	6	0	2	0.491667	0.478512	0.718333	0.189675	1434	3077	4511
6127	9/17/2011	3	0	9	20	0	6	0	1	0.52	0.5	0.68	0.1343	43	133	176	260	3	0	9	0	6	0	2	0.491667	0.478512	0.718333	0.189675	1434	3077	4511
6128	9/17/2011	3	0	9	21	0	6	0	2	0.5	0.4848	0.72	0.194	49	121	170	260	3	0	9	0	6	0	2	0.491667	0.478512	0.718333	0.189675	1434	3077	4511
6129	9/17/2011	3	0	9	22	0	6	0	1	0.5	0.4848	0.72	0.2239	31	112	143	260	3	0	9	0	6	0	2	0.491667	0.478512	0.718333	0.189675	1434	3077	4511
6130	9/17/2011	3	0	9	23	0	6	0	1	0.46	0.4545	0.82	0.1642	36	100	136	260	3	0	9	0	6	0	2	0.491667	0.478512	0.718333	0.189675	1434	3077	4511
6131	9/18/2011	3	0	9	0	0	0	0	1	0.46	0.4545	0.77	0.2239	24	88	112	261	3	0	9	0	0	0	1	0.5075	0.490537	0.695	0.178483	1353	2921	4274
6132	9/18/2011	3	0	9	1	0	0	0	1	0.46	0.4545	0.77	0.2239	13	66	79	261	3	0	9	0	0	0	1	0.5075	0.490537	0.695	0.178483	1353	2921	4274
6133	9/18/2011	3	0	9	2	0	0	0	1	0.44	0.4394	0.82	0.2537	21	68	89	261	3	0	9	0	0	0	1	0.5075	0.490537	0.695	0.178483	1353	2921	4274
6134	9/18/2011	3	0	9	3	0	0	0	1	0.44	0.4394	0.82	0.194	11	25	36	261	3	0	9	0	0	0	1	0.5075	0.490537	0.695	0.178483	1353	2921	4274
6135	9/18/2011	3	0	9	4	0	0	0	1	0.44	0.4394	0.77	0.2239	1	0	1	261	3	0	9	0	0	0	1	0.5075	0.490537	0.695	0.178483	1353	2921	4274
6136	9/18/2011	3	0	9	5	0	0	0	1	0.44	0.4394	0.77	0.2239	1	5	6	261	3	0	9	0	0	0	1	0.5075	0.490537	0.695	0.178483	1353	2921	4274
6137	9/18/2011	3	0	9	6	0	0	0	1	0.44	0.4394	0.77	0.2537	2	10	12	261	3	0	9	0	0	0	1	0.5075	0.490537	0.695	0.178483	1353	2921	4274
6138	9/18/2011	3	0	9	7	0	0	0	1	0.46	0.4545	0.72	0.2239	15	29	44	261	3	0	9	0	0	0	1	0.5075	0.490537	0.695	0.178483	1353	2921	4274
6139	9/18/2011	3	0	9	8	0	0	0	1	0.46	0.4545	0.72	0.2537	16	53	69	261	3	0	9	0	0	0	1	0.5075	0.490537	0.695	0.178483	1353	2921	4274
6140	9/18/2011	3	0	9	9	0	0	0	1	0.48	0.4697	0.67	0.2537	46	94	140	261	3	0	9	0	0	0	1	0.5075	0.490537	0.695	0.178483	1353	2921	4274
6141	9/18/2011	3	0	9	10	0	0	0	1	0.5	0.4848	0.72	0.1642	82	178	260	261	3	0	9	0	0	0	1	0.5075	0.490537	0.695	0.178483	1353	2921	4274
6142	9/18/2011	3	0	9	11	0	0	0	1	0.52	0.5	0.68	0.2239	116	201	317	261	3	0	9	0	0	0	1	0.5075	0.490537	0.695	0.178483	1353	2921	4274
6143	9/18/2011	3	0	9	12	0	0	0	1	0.54	0.5152	0.64	0.1343	135	229	364	261	3	0	9	0	0	0	1	0.5075	0.490537	0.695	0.178483	1353	2921	4274
6144	9/18/2011	3	0	9	13	0	0	0	1	0.56	0.5303	0.6	0.1343	162	214	376	261	3	0	9	0	0	0	1	0.5075	0.490537	0.695	0.178483	1353	2921	4274
6145	9/18/2011	3	0	9	14	0	0	0	2	0.58	0.5455	0.56	0.1343	127	184	311	261	3	0	9	0	0	0	1	0.5075	0.490537	0.695	0.178483	1353	2921	4274
6146	9/18/2011	3	0	9	15	0	0	0	2	0.58	0.5455	0.6	0.1343	132	233	365	261	3	0	9	0	0	0	1	0.5075	0.490537	0.695	0.178483	1353	2921	4274
6147	9/18/2011	3	0	9	16	0	0	0	2	0.56	0.5303	0.64	0.1642	134	235	369	261	3	0	9	0	0	0	1	0.5075	0.490537	0.695	0.178483	1353	2921	4274
6148	9/18/2011	3	0	9	17	0	0	0	2	0.56	0.5303	0.64	0.194	95	230	325	261	3	0	9	0	0	0	1	0.5075	0.490537	0.695	0.178483	1353	2921	4274
6149	9/18/2011	3	0	9	18	0	0	0	2	0.56	0.5303	0.6	0.1045	66	223	289	261	3	0	9	0	0	0	1	0.5075	0.490537	0.695	0.178483	1353	2921	4274
6150	9/18/2011	3	0	9	19	0	0	0	2	0.54	0.5152	0.68	0.1045	54	191	245	261	3	0	9	0	0	0	1	0.5075	0.490537	0.695	0.178483	1353	2921	4274
6151	9/18/2011	3	0	9	20	0	0	0	2	0.54	0.5152	0.68	0.0896	44	136	180	261	3	0	9	0	0	0	1	0.5075	0.490537	0.695	0.178483	1353	2921	4274
6152	9/18/2011	3	0	9	21	0	0	0	2	0.54	0.5152	0.68	0.0896	37	110	147	261	3	0	9	0	0	0	1	0.5075	0.490537	0.695	0.178483	1353	2921	4274
6153	9/18/2011	3	0	9	22	0	0	0	2	0.54	0.5152	0.68	0.0896	9	75	84	261	3	0	9	0	0	0	1	0.5075	0.490537	0.695	0.178483	1353	2921	4274
6154	9/18/2011	3	0	9	23	0	0	0	1	0.54	0.5152	0.68	0.194	10	44	54	261	3	0	9	0	0	0	1	0.5075	0.490537	0.695	0.178483	1353	2921	4274
6155	9/19/2011	3	0	9	0	0	1	1	2	0.52	0.5	0.72	0.1642	14	23	37	262	3	0	9	0	1	1	2	0.549167	0.529675	0.69	0.151742	691	3848	4539
6156	9/19/2011	3	0	9	1	0	1	1	2	0.52	0.5	0.72	0.1045	3	7	10	262	3	0	9	0	1	1	2	0.549167	0.529675	0.69	0.151742	691	3848	4539
6157	9/19/2011	3	0	9	2	0	1	1	2	0.52	0.5	0.72	0.1343	6	7	13	262	3	0	9	0	1	1	2	0.549167	0.529675	0.69	0.151742	691	3848	4539
6158	9/19/2011	3	0	9	3	0	1	1	2	0.5	0.4848	0.77	0.1343	1	4	5	262	3	0	9	0	1	1	2	0.549167	0.529675	0.69	0.151742	691	3848	4539
6159	9/19/2011	3	0	9	4	0	1	1	2	0.5	0.4848	0.77	0.1642	2	6	8	262	3	0	9	0	1	1	2	0.549167	0.529675	0.69	0.151742	691	3848	4539
6160	9/19/2011	3	0	9	5	0	1	1	2	0.5	0.4848	0.77	0.194	2	26	28	262	3	0	9	0	1	1	2	0.549167	0.529675	0.69	0.151742	691	3848	4539
6161	9/19/2011	3	0	9	6	0	1	1	1	0.5	0.4848	0.77	0.2239	6	107	113	262	3	0	9	0	1	1	2	0.549167	0.529675	0.69	0.151742	691	3848	4539
6162	9/19/2011	3	0	9	7	0	1	1	2	0.5	0.4848	0.82	0.2239	20	312	332	262	3	0	9	0	1	1	2	0.549167	0.529675	0.69	0.151742	691	3848	4539
6163	9/19/2011	3	0	9	8	0	1	1	2	0.52	0.5	0.77	0.1343	29	391	420	262	3	0	9	0	1	1	2	0.549167	0.529675	0.69	0.151742	691	3848	4539
6164	9/19/2011	3	0	9	9	0	1	1	2	0.54	0.5152	0.68	0.1642	32	183	215	262	3	0	9	0	1	1	2	0.549167	0.529675	0.69	0.151742	691	3848	4539
6165	9/19/2011	3	0	9	10	0	1	1	2	0.56	0.5303	0.64	0.1343	21	84	105	262	3	0	9	0	1	1	2	0.549167	0.529675	0.69	0.151742	691	3848	4539
6166	9/19/2011	3	0	9	11	0	1	1	2	0.58	0.5455	0.64	0.1642	41	98	139	262	3	0	9	0	1	1	2	0.549167	0.529675	0.69	0.151742	691	3848	4539
6167	9/19/2011	3	0	9	12	0	1	1	2	0.58	0.5455	0.6	0.0896	51	138	189	262	3	0	9	0	1	1	2	0.549167	0.529675	0.69	0.151742	691	3848	4539
6168	9/19/2011	3	0	9	13	0	1	1	2	0.6	0.6061	0.6	0	53	124	177	262	3	0	9	0	1	1	2	0.549167	0.529675	0.69	0.151742	691	3848	4539
6169	9/19/2011	3	0	9	14	0	1	1	2	0.6	0.6061	0.6	0.194	45	143	188	262	3	0	9	0	1	1	2	0.549167	0.529675	0.69	0.151742	691	3848	4539
6170	9/19/2011	3	0	9	15	0	1	1	2	0.6	0.6061	0.6	0.2239	44	143	187	262	3	0	9	0	1	1	2	0.549167	0.529675	0.69	0.151742	691	3848	4539
6171	9/19/2011	3	0	9	16	0	1	1	2	0.6	0.6061	0.6	0.1642	55	208	263	262	3	0	9	0	1	1	2	0.549167	0.529675	0.69	0.151742	691	3848	4539
6172	9/19/2011	3	0	9	17	0	1	1	2	0.58	0.5455	0.64	0.1343	85	483	568	262	3	0	9	0	1	1	2	0.549167	0.529675	0.69	0.151742	691	3848	4539
6173	9/19/2011	3	0	9	18	0	1	1	2	0.56	0.5303	0.68	0.1343	56	484	540	262	3	0	9	0	1	1	2	0.549167	0.529675	0.69	0.151742	691	3848	4539
6174	9/19/2011	3	0	9	19	0	1	1	2	0.56	0.5303	0.68	0.1045	41	333	374	262	3	0	9	0	1	1	2	0.549167	0.529675	0.69	0.151742	691	3848	4539
6175	9/19/2011	3	0	9	20	0	1	1	2	0.56	0.5303	0.68	0.1343	27	204	231	262	3	0	9	0	1	1	2	0.549167	0.529675	0.69	0.151742	691	3848	4539
6176	9/19/2011	3	0	9	21	0	1	1	2	0.56	0.5303	0.68	0.1642	19	181	200	262	3	0	9	0	1	1	2	0.549167	0.529675	0.69	0.151742	691	3848	4539
6177	9/19/2011	3	0	9	22	0	1	1	2	0.56	0.5303	0.68	0.1642	25	104	129	262	3	0	9	0	1	1	2	0.549167	0.529675	0.69	0.151742	691	3848	4539
6178	9/19/2011	3	0	9	23	0	1	1	2	0.56	0.5303	0.73	0.194	13	55	68	262	3	0	9	0	1	1	2	0.549167	0.529675	0.69	0.151742	691	3848	4539
6179	9/20/2011	3	0	9	0	0	2	1	2	0.56	0.5303	0.73	0.1642	4	21	25	263	3	0	9	0	2	1	2	0.561667	0.532217	0.88125	0.134954	438	3203	3641
6180	9/20/2011	3	0	9	1	0	2	1	2	0.54	0.5152	0.88	0.1642	3	11	14	263	3	0	9	0	2	1	2	0.561667	0.532217	0.88125	0.134954	438	3203	3641
6181	9/20/2011	3	0	9	2	0	2	1	2	0.54	0.5152	0.88	0.1642	1	4	5	263	3	0	9	0	2	1	2	0.561667	0.532217	0.88125	0.134954	438	3203	3641
6182	9/20/2011	3	0	9	3	0	2	1	2	0.54	0.5152	0.83	0.2239	0	3	3	263	3	0	9	0	2	1	2	0.561667	0.532217	0.88125	0.134954	438	3203	3641
6183	9/20/2011	3	0	9	4	0	2	1	1	0.54	0.5152	0.88	0.194	2	4	6	263	3	0	9	0	2	1	2	0.561667	0.532217	0.88125	0.134954	438	3203	3641
6184	9/20/2011	3	0	9	5	0	2	1	2	0.54	0.5152	0.88	0.194	1	21	22	263	3	0	9	0	2	1	2	0.561667	0.532217	0.88125	0.134954	438	3203	3641
6185	9/20/2011	3	0	9	6	0	2	1	2	0.54	0.5152	0.88	0.194	3	111	114	263	3	0	9	0	2	1	2	0.561667	0.532217	0.88125	0.134954	438	3203	3641
6186	9/20/2011	3	0	9	7	0	2	1	2	0.54	0.5152	0.88	0.1642	23	306	329	263	3	0	9	0	2	1	2	0.561667	0.532217	0.88125	0.134954	438	3203	3641
6187	9/20/2011	3	0	9	8	0	2	1	3	0.54	0.5152	0.94	0.2537	13	196	209	263	3	0	9	0	2	1	2	0.561667	0.532217	0.88125	0.134954	438	3203	3641
6188	9/20/2011	3	0	9	9	0	2	1	3	0.54	0.5152	0.94	0.2239	5	64	69	263	3	0	9	0	2	1	2	0.561667	0.532217	0.88125	0.134954	438	3203	3641
6189	9/20/2011	3	0	9	10	0	2	1	3	0.56	0.5303	0.88	0.1642	4	26	30	263	3	0	9	0	2	1	2	0.561667	0.532217	0.88125	0.134954	438	3203	3641
6190	9/20/2011	3	0	9	11	0	2	1	3	0.56	0.5303	0.88	0.1642	8	48	56	263	3	0	9	0	2	1	2	0.561667	0.532217	0.88125	0.134954	438	3203	3641
6191	9/20/2011	3	0	9	12	0	2	1	2	0.56	0.5303	0.94	0.1642	13	47	60	263	3	0	9	0	2	1	2	0.561667	0.532217	0.88125	0.134954	438	3203	3641
6192	9/20/2011	3	0	9	13	0	2	1	2	0.56	0.5303	0.94	0.1343	22	81	103	263	3	0	9	0	2	1	2	0.561667	0.532217	0.88125	0.134954	438	3203	3641
6193	9/20/2011	3	0	9	14	0	2	1	2	0.58	0.5455	0.88	0.194	27	85	112	263	3	0	9	0	2	1	2	0.561667	0.532217	0.88125	0.134954	438	3203	3641
6194	9/20/2011	3	0	9	15	0	2	1	2	0.62	0.5909	0.78	0.1045	34	158	192	263	3	0	9	0	2	1	2	0.561667	0.532217	0.88125	0.134954	438	3203	3641
6195	9/20/2011	3	0	9	16	0	2	1	2	0.6	0.5606	0.83	0.1642	23	241	264	263	3	0	9	0	2	1	2	0.561667	0.532217	0.88125	0.134954	438	3203	3641
6196	9/20/2011	3	0	9	17	0	2	1	1	0.6	0.5606	0.83	0.1045	66	445	511	263	3	0	9	0	2	1	2	0.561667	0.532217	0.88125	0.134954	438	3203	3641
6197	9/20/2011	3	0	9	18	0	2	1	1	0.6	0.5606	0.83	0.1045	39	453	492	263	3	0	9	0	2	1	2	0.561667	0.532217	0.88125	0.134954	438	3203	3641
6198	9/20/2011	3	0	9	19	0	2	1	1	0.58	0.5455	0.88	0	43	294	337	263	3	0	9	0	2	1	2	0.561667	0.532217	0.88125	0.134954	438	3203	3641
6199	9/20/2011	3	0	9	20	0	2	1	1	0.56	0.5303	0.94	0	41	212	253	263	3	0	9	0	2	1	2	0.561667	0.532217	0.88125	0.134954	438	3203	3641
6200	9/20/2011	3	0	9	21	0	2	1	1	0.56	0.5303	0.94	0	29	177	206	263	3	0	9	0	2	1	2	0.561667	0.532217	0.88125	0.134954	438	3203	3641
6201	9/20/2011	3	0	9	22	0	2	1	1	0.56	0.5303	0.94	0	23	125	148	263	3	0	9	0	2	1	2	0.561667	0.532217	0.88125	0.134954	438	3203	3641
6202	9/20/2011	3	0	9	23	0	2	1	1	0.56	0.5303	0.94	0	11	70	81	263	3	0	9	0	2	1	2	0.561667	0.532217	0.88125	0.134954	438	3203	3641
6203	9/21/2011	3	0	9	0	0	3	1	1	0.54	0.5152	1	0	7	20	27	264	3	0	9	0	3	1	2	0.595	0.550533	0.9	0.0964042	539	3813	4352
6204	9/21/2011	3	0	9	1	0	3	1	1	0.54	0.5152	0.94	0	0	17	17	264	3	0	9	0	3	1	2	0.595	0.550533	0.9	0.0964042	539	3813	4352
6205	9/21/2011	3	0	9	2	0	3	1	1	0.54	0.5152	0.94	0	1	5	6	264	3	0	9	0	3	1	2	0.595	0.550533	0.9	0.0964042	539	3813	4352
6206	9/21/2011	3	0	9	3	0	3	1	2	0.54	0.5152	0.94	0.0896	0	6	6	264	3	0	9	0	3	1	2	0.595	0.550533	0.9	0.0964042	539	3813	4352
6207	9/21/2011	3	0	9	4	0	3	1	2	0.54	0.5152	1	0.1343	2	5	7	264	3	0	9	0	3	1	2	0.595	0.550533	0.9	0.0964042	539	3813	4352
6208	9/21/2011	3	0	9	5	0	3	1	2	0.54	0.5152	1	0.1642	1	30	31	264	3	0	9	0	3	1	2	0.595	0.550533	0.9	0.0964042	539	3813	4352
6209	9/21/2011	3	0	9	6	0	3	1	2	0.54	0.5152	1	0.194	5	112	117	264	3	0	9	0	3	1	2	0.595	0.550533	0.9	0.0964042	539	3813	4352
6210	9/21/2011	3	0	9	7	0	3	1	2	0.54	0.5152	1	0.194	18	312	330	264	3	0	9	0	3	1	2	0.595	0.550533	0.9	0.0964042	539	3813	4352
6211	9/21/2011	3	0	9	8	0	3	1	2	0.54	0.5152	1	0.1045	18	444	462	264	3	0	9	0	3	1	2	0.595	0.550533	0.9	0.0964042	539	3813	4352
6212	9/21/2011	3	0	9	9	0	3	1	2	0.56	0.5303	1	0.0896	21	187	208	264	3	0	9	0	3	1	2	0.595	0.550533	0.9	0.0964042	539	3813	4352
6213	9/21/2011	3	0	9	10	0	3	1	2	0.6	0.5455	0.88	0	30	103	133	264	3	0	9	0	3	1	2	0.595	0.550533	0.9	0.0964042	539	3813	4352
6214	9/21/2011	3	0	9	11	0	3	1	2	0.62	0.5758	0.83	0.1642	42	138	180	264	3	0	9	0	3	1	2	0.595	0.550533	0.9	0.0964042	539	3813	4352
6215	9/21/2011	3	0	9	12	0	3	1	2	0.64	0.5909	0.78	0.0896	42	151	193	264	3	0	9	0	3	1	2	0.595	0.550533	0.9	0.0964042	539	3813	4352
6216	9/21/2011	3	0	9	13	0	3	1	2	0.66	0.6212	0.74	0.1642	37	144	181	264	3	0	9	0	3	1	2	0.595	0.550533	0.9	0.0964042	539	3813	4352
6217	9/21/2011	3	0	9	14	0	3	1	2	0.66	0.6212	0.74	0.194	40	139	179	264	3	0	9	0	3	1	2	0.595	0.550533	0.9	0.0964042	539	3813	4352
6218	9/21/2011	3	0	9	15	0	3	1	2	0.66	0.6212	0.74	0.1045	43	142	185	264	3	0	9	0	3	1	2	0.595	0.550533	0.9	0.0964042	539	3813	4352
6219	9/21/2011	3	0	9	16	0	3	1	2	0.66	0.6212	0.74	0.1045	51	230	281	264	3	0	9	0	3	1	2	0.595	0.550533	0.9	0.0964042	539	3813	4352
6220	9/21/2011	3	0	9	17	0	3	1	3	0.66	0.6212	0.74	0.1642	61	475	536	264	3	0	9	0	3	1	2	0.595	0.550533	0.9	0.0964042	539	3813	4352
6221	9/21/2011	3	0	9	18	0	3	1	3	0.64	0.5758	0.83	0.1642	24	384	408	264	3	0	9	0	3	1	2	0.595	0.550533	0.9	0.0964042	539	3813	4352
6222	9/21/2011	3	0	9	19	0	3	1	3	0.62	0.5455	0.94	0	30	253	283	264	3	0	9	0	3	1	2	0.595	0.550533	0.9	0.0964042	539	3813	4352
6223	9/21/2011	3	0	9	20	0	3	1	3	0.62	0.5455	0.94	0	11	149	160	264	3	0	9	0	3	1	2	0.595	0.550533	0.9	0.0964042	539	3813	4352
6224	9/21/2011	3	0	9	21	0	3	1	2	0.6	0.5	1	0.0896	25	175	200	264	3	0	9	0	3	1	2	0.595	0.550533	0.9	0.0964042	539	3813	4352
6225	9/21/2011	3	0	9	22	0	3	1	2	0.62	0.5455	0.94	0	15	112	127	264	3	0	9	0	3	1	2	0.595	0.550533	0.9	0.0964042	539	3813	4352
6226	9/21/2011	3	0	9	23	0	3	1	1	0.6	0.5152	0.94	0.1045	15	80	95	264	3	0	9	0	3	1	2	0.595	0.550533	0.9	0.0964042	539	3813	4352
6227	9/22/2011	3	0	9	0	0	4	1	1	0.6	0.5152	0.94	0.1045	11	30	41	265	3	0	9	0	4	1	2	0.628333	0.554963	0.902083	0.128125	555	4240	4795
6228	9/22/2011	3	0	9	1	0	4	1	2	0.6	0.5152	0.94	0.0896	5	6	11	265	3	0	9	0	4	1	2	0.628333	0.554963	0.902083	0.128125	555	4240	4795
6229	9/22/2011	3	0	9	2	0	4	1	2	0.6	0.5152	0.94	0.1045	2	8	10	265	3	0	9	0	4	1	2	0.628333	0.554963	0.902083	0.128125	555	4240	4795
6230	9/22/2011	3	0	9	3	0	4	1	2	0.6	0.5152	0.94	0.0896	5	7	12	265	3	0	9	0	4	1	2	0.628333	0.554963	0.902083	0.128125	555	4240	4795
6231	9/22/2011	3	0	9	4	0	4	1	2	0.6	0.5152	0.94	0.0896	0	2	2	265	3	0	9	0	4	1	2	0.628333	0.554963	0.902083	0.128125	555	4240	4795
6232	9/22/2011	3	0	9	5	0	4	1	2	0.6	0.5152	0.94	0.1045	2	28	30	265	3	0	9	0	4	1	2	0.628333	0.554963	0.902083	0.128125	555	4240	4795
6233	9/22/2011	3	0	9	6	0	4	1	2	0.6	0.5	1	0.1343	7	94	101	265	3	0	9	0	4	1	2	0.628333	0.554963	0.902083	0.128125	555	4240	4795
6234	9/22/2011	3	0	9	7	0	4	1	2	0.6	0.5	1	0.1045	16	295	311	265	3	0	9	0	4	1	2	0.628333	0.554963	0.902083	0.128125	555	4240	4795
6235	9/22/2011	3	0	9	8	0	4	1	2	0.6	0.5	1	0.1642	26	389	415	265	3	0	9	0	4	1	2	0.628333	0.554963	0.902083	0.128125	555	4240	4795
6236	9/22/2011	3	0	9	9	0	4	1	2	0.62	0.5455	0.94	0.194	35	168	203	265	3	0	9	0	4	1	2	0.628333	0.554963	0.902083	0.128125	555	4240	4795
6237	9/22/2011	3	0	9	10	0	4	1	2	0.64	0.5758	0.89	0.2239	19	101	120	265	3	0	9	0	4	1	2	0.628333	0.554963	0.902083	0.128125	555	4240	4795
6238	9/22/2011	3	0	9	11	0	4	1	2	0.64	0.5758	0.89	0.194	23	142	165	265	3	0	9	0	4	1	2	0.628333	0.554963	0.902083	0.128125	555	4240	4795
6239	9/22/2011	3	0	9	12	0	4	1	2	0.66	0.6061	0.83	0.1642	25	151	176	265	3	0	9	0	4	1	2	0.628333	0.554963	0.902083	0.128125	555	4240	4795
6240	9/22/2011	3	0	9	13	0	4	1	2	0.66	0.6061	0.83	0.194	38	155	193	265	3	0	9	0	4	1	2	0.628333	0.554963	0.902083	0.128125	555	4240	4795
6241	9/22/2011	3	0	9	14	0	4	1	2	0.66	0.6061	0.83	0.2239	41	142	183	265	3	0	9	0	4	1	2	0.628333	0.554963	0.902083	0.128125	555	4240	4795
6242	9/22/2011	3	0	9	15	0	4	1	2	0.68	0.6364	0.79	0.1642	32	149	181	265	3	0	9	0	4	1	2	0.628333	0.554963	0.902083	0.128125	555	4240	4795
6243	9/22/2011	3	0	9	16	0	4	1	2	0.68	0.6364	0.74	0.1343	39	262	301	265	3	0	9	0	4	1	2	0.628333	0.554963	0.902083	0.128125	555	4240	4795
6244	9/22/2011	3	0	9	17	0	4	1	2	0.66	0.6061	0.78	0.0896	50	513	563	265	3	0	9	0	4	1	2	0.628333	0.554963	0.902083	0.128125	555	4240	4795
6245	9/22/2011	3	0	9	18	0	4	1	2	0.64	0.5758	0.83	0.1045	50	501	551	265	3	0	9	0	4	1	2	0.628333	0.554963	0.902083	0.128125	555	4240	4795
6246	9/22/2011	3	0	9	19	0	4	1	2	0.64	0.5758	0.89	0.0896	32	388	420	265	3	0	9	0	4	1	2	0.628333	0.554963	0.902083	0.128125	555	4240	4795
6247	9/22/2011	3	0	9	20	0	4	1	2	0.62	0.5455	0.94	0.1343	35	250	285	265	3	0	9	0	4	1	2	0.628333	0.554963	0.902083	0.128125	555	4240	4795
6248	9/22/2011	3	0	9	21	0	4	1	2	0.64	0.5758	0.89	0.0896	27	194	221	265	3	0	9	0	4	1	2	0.628333	0.554963	0.902083	0.128125	555	4240	4795
6249	9/22/2011	3	0	9	22	0	4	1	2	0.62	0.5152	1	0.0896	21	166	187	265	3	0	9	0	4	1	2	0.628333	0.554963	0.902083	0.128125	555	4240	4795
6250	9/22/2011	3	0	9	23	0	4	1	2	0.62	0.5455	0.94	0	14	99	113	265	3	0	9	0	4	1	2	0.628333	0.554963	0.902083	0.128125	555	4240	4795
6251	9/23/2011	4	0	9	0	0	5	1	2	0.62	0.5455	0.94	0.0896	11	41	52	266	4	0	9	0	5	1	2	0.609167	0.522125	0.9725	0.0783667	258	2137	2395
6252	9/23/2011	4	0	9	1	0	5	1	2	0.6	0.5	1	0	2	29	31	266	4	0	9	0	5	1	2	0.609167	0.522125	0.9725	0.0783667	258	2137	2395
6253	9/23/2011	4	0	9	2	0	5	1	2	0.6	0.5	1	0.1045	6	14	20	266	4	0	9	0	5	1	2	0.609167	0.522125	0.9725	0.0783667	258	2137	2395
6254	9/23/2011	4	0	9	3	0	5	1	2	0.6	0.5	1	0	3	5	8	266	4	0	9	0	5	1	2	0.609167	0.522125	0.9725	0.0783667	258	2137	2395
6255	9/23/2011	4	0	9	4	0	5	1	3	0.6	0.5	1	0	6	7	13	266	4	0	9	0	5	1	2	0.609167	0.522125	0.9725	0.0783667	258	2137	2395
6256	9/23/2011	4	0	9	5	0	5	1	2	0.62	0.5455	0.94	0	2	20	22	266	4	0	9	0	5	1	2	0.609167	0.522125	0.9725	0.0783667	258	2137	2395
6257	9/23/2011	4	0	9	6	0	5	1	2	0.62	0.5455	0.94	0.0896	5	99	104	266	4	0	9	0	5	1	2	0.609167	0.522125	0.9725	0.0783667	258	2137	2395
6258	9/23/2011	4	0	9	7	0	5	1	3	0.62	0.5455	0.94	0.1343	14	240	254	266	4	0	9	0	5	1	2	0.609167	0.522125	0.9725	0.0783667	258	2137	2395
6259	9/23/2011	4	0	9	8	0	5	1	3	0.62	0.5455	0.94	0.1343	20	297	317	266	4	0	9	0	5	1	2	0.609167	0.522125	0.9725	0.0783667	258	2137	2395
6260	9/23/2011	4	0	9	9	0	5	1	3	0.62	0.5152	1	0.1343	3	108	111	266	4	0	9	0	5	1	2	0.609167	0.522125	0.9725	0.0783667	258	2137	2395
6261	9/23/2011	4	0	9	10	0	5	1	3	0.62	0.5152	1	0.1045	7	28	35	266	4	0	9	0	5	1	2	0.609167	0.522125	0.9725	0.0783667	258	2137	2395
6262	9/23/2011	4	0	9	11	0	5	1	3	0.62	0.5152	1	0.1045	1	20	21	266	4	0	9	0	5	1	2	0.609167	0.522125	0.9725	0.0783667	258	2137	2395
6263	9/23/2011	4	0	9	12	0	5	1	3	0.62	0.5455	0.94	0.1045	1	28	29	266	4	0	9	0	5	1	2	0.609167	0.522125	0.9725	0.0783667	258	2137	2395
6264	9/23/2011	4	0	9	13	0	5	1	3	0.6	0.5	1	0.0896	7	27	34	266	4	0	9	0	5	1	2	0.609167	0.522125	0.9725	0.0783667	258	2137	2395
6265	9/23/2011	4	0	9	14	0	5	1	3	0.6	0.5	1	0.0896	3	21	24	266	4	0	9	0	5	1	2	0.609167	0.522125	0.9725	0.0783667	258	2137	2395
6266	9/23/2011	4	0	9	15	0	5	1	3	0.62	0.5455	0.94	0.1045	9	52	61	266	4	0	9	0	5	1	2	0.609167	0.522125	0.9725	0.0783667	258	2137	2395
6267	9/23/2011	4	0	9	16	0	5	1	3	0.62	0.5455	0.94	0	5	51	56	266	4	0	9	0	5	1	2	0.609167	0.522125	0.9725	0.0783667	258	2137	2395
6268	9/23/2011	4	0	9	17	0	5	1	2	0.6	0.5	1	0	13	86	99	266	4	0	9	0	5	1	2	0.609167	0.522125	0.9725	0.0783667	258	2137	2395
6269	9/23/2011	4	0	9	18	0	5	1	1	0.6	0.5	1	0	14	220	234	266	4	0	9	0	5	1	2	0.609167	0.522125	0.9725	0.0783667	258	2137	2395
6270	9/23/2011	4	0	9	19	0	5	1	1	0.62	0.5455	0.94	0.1343	16	232	248	266	4	0	9	0	5	1	2	0.609167	0.522125	0.9725	0.0783667	258	2137	2395
6271	9/23/2011	4	0	9	20	0	5	1	1	0.6	0.5152	0.94	0	21	158	179	266	4	0	9	0	5	1	2	0.609167	0.522125	0.9725	0.0783667	258	2137	2395
6272	9/23/2011	4	0	9	21	0	5	1	1	0.6	0.5	1	0.1642	17	121	138	266	4	0	9	0	5	1	2	0.609167	0.522125	0.9725	0.0783667	258	2137	2395
6273	9/23/2011	4	0	9	22	0	5	1	1	0.6	0.5152	0.94	0.1642	31	126	157	266	4	0	9	0	5	1	2	0.609167	0.522125	0.9725	0.0783667	258	2137	2395
6274	9/23/2011	4	0	9	23	0	5	1	2	0.58	0.5455	1	0.1343	41	107	148	266	4	0	9	0	5	1	2	0.609167	0.522125	0.9725	0.0783667	258	2137	2395
6275	9/24/2011	4	0	9	0	0	6	0	1	0.58	0.5455	1	0.0896	7	86	93	267	4	0	9	0	6	0	2	0.606667	0.564412	0.8625	0.0783833	1776	3647	5423
6276	9/24/2011	4	0	9	1	0	6	0	2	0.58	0.5455	0.94	0.0896	18	61	79	267	4	0	9	0	6	0	2	0.606667	0.564412	0.8625	0.0783833	1776	3647	5423
6277	9/24/2011	4	0	9	2	0	6	0	2	0.58	0.5455	0.94	0.0896	14	54	68	267	4	0	9	0	6	0	2	0.606667	0.564412	0.8625	0.0783833	1776	3647	5423
6278	9/24/2011	4	0	9	3	0	6	0	1	0.58	0.5455	0.94	0	4	27	31	267	4	0	9	0	6	0	2	0.606667	0.564412	0.8625	0.0783833	1776	3647	5423
6279	9/24/2011	4	0	9	4	0	6	0	1	0.56	0.5303	0.94	0.1045	1	7	8	267	4	0	9	0	6	0	2	0.606667	0.564412	0.8625	0.0783833	1776	3647	5423
6280	9/24/2011	4	0	9	5	0	6	0	2	0.56	0.5303	0.94	0.1045	2	3	5	267	4	0	9	0	6	0	2	0.606667	0.564412	0.8625	0.0783833	1776	3647	5423
6281	9/24/2011	4	0	9	6	0	6	0	2	0.56	0.5303	0.94	0.1045	6	12	18	267	4	0	9	0	6	0	2	0.606667	0.564412	0.8625	0.0783833	1776	3647	5423
6282	9/24/2011	4	0	9	7	0	6	0	2	0.56	0.5303	0.88	0.1045	12	34	46	267	4	0	9	0	6	0	2	0.606667	0.564412	0.8625	0.0783833	1776	3647	5423
6283	9/24/2011	4	0	9	8	0	6	0	2	0.58	0.5455	0.9	0.0896	19	102	121	267	4	0	9	0	6	0	2	0.606667	0.564412	0.8625	0.0783833	1776	3647	5423
6284	9/24/2011	4	0	9	9	0	6	0	2	0.6	0.5455	0.88	0.0896	41	134	175	267	4	0	9	0	6	0	2	0.606667	0.564412	0.8625	0.0783833	1776	3647	5423
6285	9/24/2011	4	0	9	10	0	6	0	2	0.6	0.5455	0.88	0.0896	90	203	293	267	4	0	9	0	6	0	2	0.606667	0.564412	0.8625	0.0783833	1776	3647	5423
6286	9/24/2011	4	0	9	11	0	6	0	2	0.62	0.5758	0.83	0.0896	118	268	386	267	4	0	9	0	6	0	2	0.606667	0.564412	0.8625	0.0783833	1776	3647	5423
6287	9/24/2011	4	0	9	12	0	6	0	2	0.62	0.5758	0.83	0.0896	141	266	407	267	4	0	9	0	6	0	2	0.606667	0.564412	0.8625	0.0783833	1776	3647	5423
6288	9/24/2011	4	0	9	13	0	6	0	1	0.64	0.5909	0.78	0	170	290	460	267	4	0	9	0	6	0	2	0.606667	0.564412	0.8625	0.0783833	1776	3647	5423
6289	9/24/2011	4	0	9	14	0	6	0	2	0.66	0.6212	0.74	0.1343	164	226	390	267	4	0	9	0	6	0	2	0.606667	0.564412	0.8625	0.0783833	1776	3647	5423
6290	9/24/2011	4	0	9	15	0	6	0	2	0.66	0.6212	0.74	0.1343	168	284	452	267	4	0	9	0	6	0	2	0.606667	0.564412	0.8625	0.0783833	1776	3647	5423
6291	9/24/2011	4	0	9	16	0	6	0	2	0.64	0.5909	0.78	0.0896	167	282	449	267	4	0	9	0	6	0	2	0.606667	0.564412	0.8625	0.0783833	1776	3647	5423
6292	9/24/2011	4	0	9	17	0	6	0	1	0.66	0.6212	0.74	0.1045	180	246	426	267	4	0	9	0	6	0	2	0.606667	0.564412	0.8625	0.0783833	1776	3647	5423
6293	9/24/2011	4	0	9	18	0	6	0	1	0.64	0.5909	0.78	0.1045	157	243	400	267	4	0	9	0	6	0	2	0.606667	0.564412	0.8625	0.0783833	1776	3647	5423
6294	9/24/2011	4	0	9	19	0	6	0	1	0.62	0.5606	0.88	0	77	231	308	267	4	0	9	0	6	0	2	0.606667	0.564412	0.8625	0.0783833	1776	3647	5423
6295	9/24/2011	4	0	9	20	0	6	0	1	0.62	0.5758	0.83	0	77	166	243	267	4	0	9	0	6	0	2	0.606667	0.564412	0.8625	0.0783833	1776	3647	5423
6296	9/24/2011	4	0	9	21	0	6	0	1	0.62	0.5758	0.83	0.0896	66	156	222	267	4	0	9	0	6	0	2	0.606667	0.564412	0.8625	0.0783833	1776	3647	5423
6297	9/24/2011	4	0	9	22	0	6	0	2	0.62	0.5606	0.88	0	50	143	193	267	4	0	9	0	6	0	2	0.606667	0.564412	0.8625	0.0783833	1776	3647	5423
6298	9/24/2011	4	0	9	23	0	6	0	2	0.6	0.5455	0.88	0.0896	27	123	150	267	4	0	9	0	6	0	2	0.606667	0.564412	0.8625	0.0783833	1776	3647	5423
6299	9/25/2011	4	0	9	0	0	0	0	2	0.6	0.5455	0.88	0	37	136	173	268	4	0	9	0	0	0	2	0.634167	0.572637	0.845	0.0503792	1544	3466	5010
6300	9/25/2011	4	0	9	1	0	0	0	2	0.6	0.5455	0.88	0.1045	31	93	124	268	4	0	9	0	0	0	2	0.634167	0.572637	0.845	0.0503792	1544	3466	5010
6301	9/25/2011	4	0	9	2	0	0	0	3	0.6	0.5152	0.94	0	27	79	106	268	4	0	9	0	0	0	2	0.634167	0.572637	0.845	0.0503792	1544	3466	5010
6302	9/25/2011	4	0	9	3	0	0	0	3	0.6	0.5152	0.94	0	20	39	59	268	4	0	9	0	0	0	2	0.634167	0.572637	0.845	0.0503792	1544	3466	5010
6303	9/25/2011	4	0	9	4	0	0	0	3	0.6	0.5152	0.94	0.1343	3	5	8	268	4	0	9	0	0	0	2	0.634167	0.572637	0.845	0.0503792	1544	3466	5010
6304	9/25/2011	4	0	9	5	0	0	0	1	0.6	0.5455	0.88	0.0896	1	2	3	268	4	0	9	0	0	0	2	0.634167	0.572637	0.845	0.0503792	1544	3466	5010
6305	9/25/2011	4	0	9	6	0	0	0	2	0.6	0.5455	0.88	0.1045	4	13	17	268	4	0	9	0	0	0	2	0.634167	0.572637	0.845	0.0503792	1544	3466	5010
6306	9/25/2011	4	0	9	7	0	0	0	2	0.6	0.5152	0.94	0.1343	15	23	38	268	4	0	9	0	0	0	2	0.634167	0.572637	0.845	0.0503792	1544	3466	5010
6307	9/25/2011	4	0	9	8	0	0	0	2	0.62	0.5606	0.88	0	27	59	86	268	4	0	9	0	0	0	2	0.634167	0.572637	0.845	0.0503792	1544	3466	5010
6308	9/25/2011	4	0	9	9	0	0	0	2	0.64	0.5758	0.83	0	55	100	155	268	4	0	9	0	0	0	2	0.634167	0.572637	0.845	0.0503792	1544	3466	5010
6309	9/25/2011	4	0	9	10	0	0	0	2	0.64	0.5758	0.83	0	85	190	275	268	4	0	9	0	0	0	2	0.634167	0.572637	0.845	0.0503792	1544	3466	5010
6310	9/25/2011	4	0	9	11	0	0	0	2	0.66	0.6061	0.78	0.1343	131	230	361	268	4	0	9	0	0	0	2	0.634167	0.572637	0.845	0.0503792	1544	3466	5010
6311	9/25/2011	4	0	9	12	0	0	0	2	0.66	0.6061	0.78	0	143	270	413	268	4	0	9	0	0	0	2	0.634167	0.572637	0.845	0.0503792	1544	3466	5010
6312	9/25/2011	4	0	9	13	0	0	0	2	0.68	0.6364	0.74	0	122	247	369	268	4	0	9	0	0	0	2	0.634167	0.572637	0.845	0.0503792	1544	3466	5010
6313	9/25/2011	4	0	9	14	0	0	0	2	0.66	0.6061	0.78	0	116	231	347	268	4	0	9	0	0	0	2	0.634167	0.572637	0.845	0.0503792	1544	3466	5010
6314	9/25/2011	4	0	9	15	0	0	0	2	0.66	0.6061	0.78	0	119	234	353	268	4	0	9	0	0	0	2	0.634167	0.572637	0.845	0.0503792	1544	3466	5010
6315	9/25/2011	4	0	9	16	0	0	0	1	0.7	0.6515	0.7	0	144	320	464	268	4	0	9	0	0	0	2	0.634167	0.572637	0.845	0.0503792	1544	3466	5010
6316	9/25/2011	4	0	9	17	0	0	0	1	0.68	0.6364	0.74	0	145	275	420	268	4	0	9	0	0	0	2	0.634167	0.572637	0.845	0.0503792	1544	3466	5010
6317	9/25/2011	4	0	9	18	0	0	0	1	0.68	0.6364	0.74	0	125	279	404	268	4	0	9	0	0	0	2	0.634167	0.572637	0.845	0.0503792	1544	3466	5010
6318	9/25/2011	4	0	9	19	0	0	0	1	0.64	0.5758	0.83	0.1343	87	242	329	268	4	0	9	0	0	0	2	0.634167	0.572637	0.845	0.0503792	1544	3466	5010
6319	9/25/2011	4	0	9	20	0	0	0	1	0.64	0.5758	0.83	0.0896	51	135	186	268	4	0	9	0	0	0	2	0.634167	0.572637	0.845	0.0503792	1544	3466	5010
6320	9/25/2011	4	0	9	21	0	0	0	1	0.62	0.5455	0.94	0.0896	24	113	137	268	4	0	9	0	0	0	2	0.634167	0.572637	0.845	0.0503792	1544	3466	5010
6321	9/25/2011	4	0	9	22	0	0	0	1	0.62	0.5606	0.88	0.0896	20	84	104	268	4	0	9	0	0	0	2	0.634167	0.572637	0.845	0.0503792	1544	3466	5010
6322	9/25/2011	4	0	9	23	0	0	0	2	0.62	0.5455	0.94	0.1045	12	67	79	268	4	0	9	0	0	0	2	0.634167	0.572637	0.845	0.0503792	1544	3466	5010
6323	9/26/2011	4	0	9	0	0	1	1	2	0.62	0.5455	0.94	0	6	23	29	269	4	0	9	0	1	1	2	0.649167	0.589042	0.848333	0.1107	684	3946	4630
6324	9/26/2011	4	0	9	1	0	1	1	2	0.62	0.5606	0.88	0.1045	3	14	17	269	4	0	9	0	1	1	2	0.649167	0.589042	0.848333	0.1107	684	3946	4630
6325	9/26/2011	4	0	9	2	0	1	1	2	0.62	0.5606	0.88	0.1045	4	4	8	269	4	0	9	0	1	1	2	0.649167	0.589042	0.848333	0.1107	684	3946	4630
6326	9/26/2011	4	0	9	3	0	1	1	2	0.62	0.5455	0.94	0	0	5	5	269	4	0	9	0	1	1	2	0.649167	0.589042	0.848333	0.1107	684	3946	4630
6327	9/26/2011	4	0	9	4	0	1	1	2	0.62	0.5455	0.94	0.0896	2	4	6	269	4	0	9	0	1	1	2	0.649167	0.589042	0.848333	0.1107	684	3946	4630
6328	9/26/2011	4	0	9	5	0	1	1	2	0.62	0.5606	0.88	0	0	25	25	269	4	0	9	0	1	1	2	0.649167	0.589042	0.848333	0.1107	684	3946	4630
6329	9/26/2011	4	0	9	6	0	1	1	2	0.62	0.5455	0.94	0.0896	6	107	113	269	4	0	9	0	1	1	2	0.649167	0.589042	0.848333	0.1107	684	3946	4630
6330	9/26/2011	4	0	9	7	0	1	1	2	0.62	0.5455	0.94	0	17	315	332	269	4	0	9	0	1	1	2	0.649167	0.589042	0.848333	0.1107	684	3946	4630
6331	9/26/2011	4	0	9	8	0	1	1	2	0.62	0.5455	0.94	0	29	326	355	269	4	0	9	0	1	1	2	0.649167	0.589042	0.848333	0.1107	684	3946	4630
6332	9/26/2011	4	0	9	9	0	1	1	2	0.64	0.5758	0.89	0.194	44	161	205	269	4	0	9	0	1	1	2	0.649167	0.589042	0.848333	0.1107	684	3946	4630
6333	9/26/2011	4	0	9	10	0	1	1	2	0.64	0.5758	0.89	0.194	37	117	154	269	4	0	9	0	1	1	2	0.649167	0.589042	0.848333	0.1107	684	3946	4630
6334	9/26/2011	4	0	9	11	0	1	1	1	0.68	0.6364	0.79	0.2239	43	116	159	269	4	0	9	0	1	1	2	0.649167	0.589042	0.848333	0.1107	684	3946	4630
6335	9/26/2011	4	0	9	12	0	1	1	2	0.68	0.6364	0.79	0.1642	48	161	209	269	4	0	9	0	1	1	2	0.649167	0.589042	0.848333	0.1107	684	3946	4630
6336	9/26/2011	4	0	9	13	0	1	1	2	0.7	0.6667	0.74	0.1642	48	139	187	269	4	0	9	0	1	1	2	0.649167	0.589042	0.848333	0.1107	684	3946	4630
6337	9/26/2011	4	0	9	14	0	1	1	1	0.7	0.6515	0.7	0.1642	44	110	154	269	4	0	9	0	1	1	2	0.649167	0.589042	0.848333	0.1107	684	3946	4630
6338	9/26/2011	4	0	9	15	0	1	1	1	0.72	0.6818	0.62	0.1343	52	157	209	269	4	0	9	0	1	1	2	0.649167	0.589042	0.848333	0.1107	684	3946	4630
6339	9/26/2011	4	0	9	16	0	1	1	1	0.7	0.6515	0.65	0.1642	74	239	313	269	4	0	9	0	1	1	2	0.649167	0.589042	0.848333	0.1107	684	3946	4630
6340	9/26/2011	4	0	9	17	0	1	1	1	0.7	0.6515	0.7	0.1343	61	509	570	269	4	0	9	0	1	1	2	0.649167	0.589042	0.848333	0.1107	684	3946	4630
6341	9/26/2011	4	0	9	18	0	1	1	1	0.66	0.6061	0.83	0.1045	63	490	553	269	4	0	9	0	1	1	2	0.649167	0.589042	0.848333	0.1107	684	3946	4630
6342	9/26/2011	4	0	9	19	0	1	1	1	0.66	0.6061	0.82	0.0896	36	347	383	269	4	0	9	0	1	1	2	0.649167	0.589042	0.848333	0.1107	684	3946	4630
6343	9/26/2011	4	0	9	20	0	1	1	1	0.64	0.5758	0.89	0.1343	24	227	251	269	4	0	9	0	1	1	2	0.649167	0.589042	0.848333	0.1107	684	3946	4630
6344	9/26/2011	4	0	9	21	0	1	1	1	0.64	0.5758	0.89	0.1343	18	164	182	269	4	0	9	0	1	1	2	0.649167	0.589042	0.848333	0.1107	684	3946	4630
6345	9/26/2011	4	0	9	22	0	1	1	1	0.62	0.5455	0.94	0.1343	14	122	136	269	4	0	9	0	1	1	2	0.649167	0.589042	0.848333	0.1107	684	3946	4630
6346	9/26/2011	4	0	9	23	0	1	1	1	0.62	0.5455	0.94	0.1343	11	64	75	269	4	0	9	0	1	1	2	0.649167	0.589042	0.848333	0.1107	684	3946	4630
6347	9/27/2011	4	0	9	0	0	2	1	1	0.62	0.5455	0.94	0.1343	9	28	37	270	4	0	9	0	2	1	2	0.636667	0.574525	0.885417	0.118171	477	3643	4120
6348	9/27/2011	4	0	9	1	0	2	1	1	0.62	0.5455	0.94	0.1642	4	6	10	270	4	0	9	0	2	1	2	0.636667	0.574525	0.885417	0.118171	477	3643	4120
6349	9/27/2011	4	0	9	2	0	2	1	1	0.62	0.5455	0.94	0.1045	7	4	11	270	4	0	9	0	2	1	2	0.636667	0.574525	0.885417	0.118171	477	3643	4120
6350	9/27/2011	4	0	9	3	0	2	1	2	0.62	0.5455	0.94	0	5	5	10	270	4	0	9	0	2	1	2	0.636667	0.574525	0.885417	0.118171	477	3643	4120
6351	9/27/2011	4	0	9	4	0	2	1	3	0.62	0.5455	0.94	0.0896	5	3	8	270	4	0	9	0	2	1	2	0.636667	0.574525	0.885417	0.118171	477	3643	4120
6352	9/27/2011	4	0	9	5	0	2	1	3	0.62	0.5455	0.94	0.0896	0	24	24	270	4	0	9	0	2	1	2	0.636667	0.574525	0.885417	0.118171	477	3643	4120
6353	9/27/2011	4	0	9	6	0	2	1	2	0.62	0.5455	0.94	0.1045	8	116	124	270	4	0	9	0	2	1	2	0.636667	0.574525	0.885417	0.118171	477	3643	4120
6354	9/27/2011	4	0	9	7	0	2	1	2	0.62	0.5455	0.94	0.1045	15	234	249	270	4	0	9	0	2	1	2	0.636667	0.574525	0.885417	0.118171	477	3643	4120
6355	9/27/2011	4	0	9	8	0	2	1	2	0.64	0.5758	0.89	0.1045	27	400	427	270	4	0	9	0	2	1	2	0.636667	0.574525	0.885417	0.118171	477	3643	4120
6356	9/27/2011	4	0	9	9	0	2	1	3	0.64	0.5758	0.89	0.194	20	173	193	270	4	0	9	0	2	1	2	0.636667	0.574525	0.885417	0.118171	477	3643	4120
6357	9/27/2011	4	0	9	10	0	2	1	3	0.64	0.5606	0.94	0.1642	21	101	122	270	4	0	9	0	2	1	2	0.636667	0.574525	0.885417	0.118171	477	3643	4120
6358	9/27/2011	4	0	9	11	0	2	1	2	0.66	0.5909	0.89	0.1045	26	97	123	270	4	0	9	0	2	1	2	0.636667	0.574525	0.885417	0.118171	477	3643	4120
6359	9/27/2011	4	0	9	12	0	2	1	2	0.66	0.5909	0.89	0.1343	33	129	162	270	4	0	9	0	2	1	2	0.636667	0.574525	0.885417	0.118171	477	3643	4120
6360	9/27/2011	4	0	9	13	0	2	1	2	0.7	0.6667	0.74	0.2239	29	122	151	270	4	0	9	0	2	1	2	0.636667	0.574525	0.885417	0.118171	477	3643	4120
6361	9/27/2011	4	0	9	14	0	2	1	2	0.68	0.6364	0.79	0.1045	29	123	152	270	4	0	9	0	2	1	2	0.636667	0.574525	0.885417	0.118171	477	3643	4120
6362	9/27/2011	4	0	9	15	0	2	1	2	0.68	0.6364	0.83	0.0896	35	170	205	270	4	0	9	0	2	1	2	0.636667	0.574525	0.885417	0.118171	477	3643	4120
6363	9/27/2011	4	0	9	16	0	2	1	2	0.66	0.6061	0.83	0.194	33	225	258	270	4	0	9	0	2	1	2	0.636667	0.574525	0.885417	0.118171	477	3643	4120
6364	9/27/2011	4	0	9	17	0	2	1	2	0.66	0.5909	0.89	0.194	50	480	530	270	4	0	9	0	2	1	2	0.636667	0.574525	0.885417	0.118171	477	3643	4120
6365	9/27/2011	4	0	9	18	0	2	1	2	0.64	0.5758	0.89	0.2239	31	325	356	270	4	0	9	0	2	1	2	0.636667	0.574525	0.885417	0.118171	477	3643	4120
6366	9/27/2011	4	0	9	19	0	2	1	2	0.64	0.5758	0.89	0.1343	26	294	320	270	4	0	9	0	2	1	2	0.636667	0.574525	0.885417	0.118171	477	3643	4120
6367	9/27/2011	4	0	9	20	0	2	1	1	0.62	0.5909	0.78	0	17	221	238	270	4	0	9	0	2	1	2	0.636667	0.574525	0.885417	0.118171	477	3643	4120
6368	9/27/2011	4	0	9	21	0	2	1	1	0.6	0.5606	0.83	0	17	179	196	270	4	0	9	0	2	1	2	0.636667	0.574525	0.885417	0.118171	477	3643	4120
6369	9/27/2011	4	0	9	22	0	2	1	1	0.6	0.5455	0.88	0.0896	19	102	121	270	4	0	9	0	2	1	2	0.636667	0.574525	0.885417	0.118171	477	3643	4120
6370	9/27/2011	4	0	9	23	0	2	1	1	0.6	0.5455	0.88	0.0896	11	82	93	270	4	0	9	0	2	1	2	0.636667	0.574525	0.885417	0.118171	477	3643	4120
6371	9/28/2011	4	0	9	0	0	3	1	1	0.6	0.5455	0.88	0	7	29	36	271	4	0	9	0	3	1	2	0.635	0.575158	0.84875	0.148629	480	3427	3907
6372	9/28/2011	4	0	9	1	0	3	1	1	0.6	0.5455	0.88	0	1	13	14	271	4	0	9	0	3	1	2	0.635	0.575158	0.84875	0.148629	480	3427	3907
6373	9/28/2011	4	0	9	2	0	3	1	1	0.6	0.5455	0.88	0.2537	0	9	9	271	4	0	9	0	3	1	2	0.635	0.575158	0.84875	0.148629	480	3427	3907
6374	9/28/2011	4	0	9	3	0	3	1	2	0.6	0.5152	0.94	0.0896	0	3	3	271	4	0	9	0	3	1	2	0.635	0.575158	0.84875	0.148629	480	3427	3907
6375	9/28/2011	4	0	9	4	0	3	1	1	0.6	0.5455	0.88	0	1	3	4	271	4	0	9	0	3	1	2	0.635	0.575158	0.84875	0.148629	480	3427	3907
6376	9/28/2011	4	0	9	5	0	3	1	2	0.6	0.5152	0.94	0	2	20	22	271	4	0	9	0	3	1	2	0.635	0.575158	0.84875	0.148629	480	3427	3907
6377	9/28/2011	4	0	9	6	0	3	1	3	0.6	0.5152	0.94	0.1642	3	111	114	271	4	0	9	0	3	1	2	0.635	0.575158	0.84875	0.148629	480	3427	3907
6378	9/28/2011	4	0	9	7	0	3	1	3	0.6	0.5152	0.94	0.1642	8	177	185	271	4	0	9	0	3	1	2	0.635	0.575158	0.84875	0.148629	480	3427	3907
6379	9/28/2011	4	0	9	8	0	3	1	3	0.62	0.5455	0.94	0.2239	17	270	287	271	4	0	9	0	3	1	2	0.635	0.575158	0.84875	0.148629	480	3427	3907
6380	9/28/2011	4	0	9	9	0	3	1	3	0.62	0.5455	0.94	0.2239	14	141	155	271	4	0	9	0	3	1	2	0.635	0.575158	0.84875	0.148629	480	3427	3907
6381	9/28/2011	4	0	9	10	0	3	1	2	0.62	0.5455	0.94	0	20	109	129	271	4	0	9	0	3	1	2	0.635	0.575158	0.84875	0.148629	480	3427	3907
6382	9/28/2011	4	0	9	11	0	3	1	2	0.66	0.6061	0.83	0.1045	24	127	151	271	4	0	9	0	3	1	2	0.635	0.575158	0.84875	0.148629	480	3427	3907
6383	9/28/2011	4	0	9	12	0	3	1	2	0.68	0.6364	0.79	0	25	159	184	271	4	0	9	0	3	1	2	0.635	0.575158	0.84875	0.148629	480	3427	3907
6384	9/28/2011	4	0	9	13	0	3	1	1	0.7	0.6667	0.74	0.2537	24	138	162	271	4	0	9	0	3	1	2	0.635	0.575158	0.84875	0.148629	480	3427	3907
6385	9/28/2011	4	0	9	14	0	3	1	1	0.72	0.6818	0.62	0.2537	25	145	170	271	4	0	9	0	3	1	2	0.635	0.575158	0.84875	0.148629	480	3427	3907
6386	9/28/2011	4	0	9	15	0	3	1	1	0.7	0.6515	0.7	0.1343	35	146	181	271	4	0	9	0	3	1	2	0.635	0.575158	0.84875	0.148629	480	3427	3907
6387	9/28/2011	4	0	9	16	0	3	1	1	0.7	0.6515	0.7	0.194	39	241	280	271	4	0	9	0	3	1	2	0.635	0.575158	0.84875	0.148629	480	3427	3907
6388	9/28/2011	4	0	9	17	0	3	1	1	0.7	0.6515	0.7	0.2239	64	527	591	271	4	0	9	0	3	1	2	0.635	0.575158	0.84875	0.148629	480	3427	3907
6389	9/28/2011	4	0	9	18	0	3	1	3	0.66	0.6061	0.83	0.2537	65	459	524	271	4	0	9	0	3	1	2	0.635	0.575158	0.84875	0.148629	480	3427	3907
6390	9/28/2011	4	0	9	19	0	3	1	3	0.66	0.6061	0.83	0.2537	57	315	372	271	4	0	9	0	3	1	2	0.635	0.575158	0.84875	0.148629	480	3427	3907
6391	9/28/2011	4	0	9	20	0	3	1	3	0.6	0.5606	0.83	0.2985	11	91	102	271	4	0	9	0	3	1	2	0.635	0.575158	0.84875	0.148629	480	3427	3907
6392	9/28/2011	4	0	9	21	0	3	1	3	0.6	0.5455	0.88	0.2537	7	67	74	271	4	0	9	0	3	1	2	0.635	0.575158	0.84875	0.148629	480	3427	3907
6393	9/28/2011	4	0	9	22	0	3	1	1	0.6	0.5455	0.88	0.0896	19	68	87	271	4	0	9	0	3	1	2	0.635	0.575158	0.84875	0.148629	480	3427	3907
6394	9/28/2011	4	0	9	23	0	3	1	1	0.6	0.5152	0.94	0.1343	12	59	71	271	4	0	9	0	3	1	2	0.635	0.575158	0.84875	0.148629	480	3427	3907
6395	9/29/2011	4	0	9	0	0	4	1	1	0.6	0.5152	0.94	0.194	7	33	40	272	4	0	9	0	4	1	1	0.616667	0.574512	0.699167	0.172883	653	4186	4839
6396	9/29/2011	4	0	9	1	0	4	1	2	0.6	0.5	1	0.194	3	20	23	272	4	0	9	0	4	1	1	0.616667	0.574512	0.699167	0.172883	653	4186	4839
6397	9/29/2011	4	0	9	2	0	4	1	2	0.6	0.5	1	0.194	0	2	2	272	4	0	9	0	4	1	1	0.616667	0.574512	0.699167	0.172883	653	4186	4839
6398	9/29/2011	4	0	9	3	0	4	1	2	0.6	0.5152	0.94	0.194	0	8	8	272	4	0	9	0	4	1	1	0.616667	0.574512	0.699167	0.172883	653	4186	4839
6399	9/29/2011	4	0	9	4	0	4	1	2	0.6	0.5455	0.88	0.194	2	5	7	272	4	0	9	0	4	1	1	0.616667	0.574512	0.699167	0.172883	653	4186	4839
6400	9/29/2011	4	0	9	5	0	4	1	2	0.6	0.5455	0.88	0.1045	0	22	22	272	4	0	9	0	4	1	1	0.616667	0.574512	0.699167	0.172883	653	4186	4839
6401	9/29/2011	4	0	9	6	0	4	1	2	0.6	0.5455	0.88	0.0896	5	106	111	272	4	0	9	0	4	1	1	0.616667	0.574512	0.699167	0.172883	653	4186	4839
6402	9/29/2011	4	0	9	7	0	4	1	1	0.6	0.5455	0.88	0.1343	14	269	283	272	4	0	9	0	4	1	1	0.616667	0.574512	0.699167	0.172883	653	4186	4839
6403	9/29/2011	4	0	9	8	0	4	1	1	0.6	0.5606	0.83	0	29	402	431	272	4	0	9	0	4	1	1	0.616667	0.574512	0.699167	0.172883	653	4186	4839
6404	9/29/2011	4	0	9	9	0	4	1	1	0.62	0.5909	0.78	0.2537	27	198	225	272	4	0	9	0	4	1	1	0.616667	0.574512	0.699167	0.172883	653	4186	4839
6405	9/29/2011	4	0	9	10	0	4	1	1	0.64	0.6061	0.65	0.194	24	103	127	272	4	0	9	0	4	1	1	0.616667	0.574512	0.699167	0.172883	653	4186	4839
6406	9/29/2011	4	0	9	11	0	4	1	1	0.62	0.6061	0.61	0.194	36	122	158	272	4	0	9	0	4	1	1	0.616667	0.574512	0.699167	0.172883	653	4186	4839
6407	9/29/2011	4	0	9	12	0	4	1	1	0.66	0.6212	0.61	0.1642	38	157	195	272	4	0	9	0	4	1	1	0.616667	0.574512	0.699167	0.172883	653	4186	4839
6408	9/29/2011	4	0	9	13	0	4	1	1	0.64	0.6212	0.61	0.194	36	175	211	272	4	0	9	0	4	1	1	0.616667	0.574512	0.699167	0.172883	653	4186	4839
6409	9/29/2011	4	0	9	14	0	4	1	1	0.68	0.6364	0.51	0.2985	33	134	167	272	4	0	9	0	4	1	1	0.616667	0.574512	0.699167	0.172883	653	4186	4839
6410	9/29/2011	4	0	9	15	0	4	1	1	0.68	0.6364	0.45	0.3881	42	185	227	272	4	0	9	0	4	1	1	0.616667	0.574512	0.699167	0.172883	653	4186	4839
6411	9/29/2011	4	0	9	16	0	4	1	1	0.68	0.6364	0.41	0.3582	64	227	291	272	4	0	9	0	4	1	1	0.616667	0.574512	0.699167	0.172883	653	4186	4839
6412	9/29/2011	4	0	9	17	0	4	1	1	0.66	0.6212	0.47	0.2985	62	527	589	272	4	0	9	0	4	1	1	0.616667	0.574512	0.699167	0.172883	653	4186	4839
6413	9/29/2011	4	0	9	18	0	4	1	1	0.64	0.6212	0.41	0.2239	84	500	584	272	4	0	9	0	4	1	1	0.616667	0.574512	0.699167	0.172883	653	4186	4839
6414	9/29/2011	4	0	9	19	0	4	1	1	0.62	0.6212	0.5	0.0896	36	348	384	272	4	0	9	0	4	1	1	0.616667	0.574512	0.699167	0.172883	653	4186	4839
6415	9/29/2011	4	0	9	20	0	4	1	1	0.6	0.6212	0.53	0.0896	39	234	273	272	4	0	9	0	4	1	1	0.616667	0.574512	0.699167	0.172883	653	4186	4839
6416	9/29/2011	4	0	9	21	0	4	1	1	0.58	0.5455	0.56	0	30	195	225	272	4	0	9	0	4	1	1	0.616667	0.574512	0.699167	0.172883	653	4186	4839
6417	9/29/2011	4	0	9	22	0	4	1	1	0.56	0.5303	0.68	0	25	150	175	272	4	0	9	0	4	1	1	0.616667	0.574512	0.699167	0.172883	653	4186	4839
6418	9/29/2011	4	0	9	23	0	4	1	1	0.52	0.5	0.77	0.1045	17	64	81	272	4	0	9	0	4	1	1	0.616667	0.574512	0.699167	0.172883	653	4186	4839
6419	9/30/2011	4	0	9	0	0	5	1	1	0.52	0.5	0.83	0.1045	7	53	60	273	4	0	9	0	5	1	1	0.564167	0.544829	0.6475	0.206475	830	4372	5202
6420	9/30/2011	4	0	9	1	0	5	1	1	0.52	0.5	0.77	0.0896	5	18	23	273	4	0	9	0	5	1	1	0.564167	0.544829	0.6475	0.206475	830	4372	5202
6421	9/30/2011	4	0	9	2	0	5	1	1	0.52	0.5	0.83	0.1045	6	9	15	273	4	0	9	0	5	1	1	0.564167	0.544829	0.6475	0.206475	830	4372	5202
6422	9/30/2011	4	0	9	3	0	5	1	1	0.52	0.5	0.83	0.1045	0	3	3	273	4	0	9	0	5	1	1	0.564167	0.544829	0.6475	0.206475	830	4372	5202
6423	9/30/2011	4	0	9	4	0	5	1	1	0.52	0.5	0.83	0.194	2	6	8	273	4	0	9	0	5	1	1	0.564167	0.544829	0.6475	0.206475	830	4372	5202
6424	9/30/2011	4	0	9	5	0	5	1	1	0.52	0.5	0.83	0.194	3	23	26	273	4	0	9	0	5	1	1	0.564167	0.544829	0.6475	0.206475	830	4372	5202
6425	9/30/2011	4	0	9	6	0	5	1	1	0.52	0.5	0.83	0.2239	0	98	98	273	4	0	9	0	5	1	1	0.564167	0.544829	0.6475	0.206475	830	4372	5202
6426	9/30/2011	4	0	9	7	0	5	1	1	0.52	0.5	0.83	0.2239	14	283	297	273	4	0	9	0	5	1	1	0.564167	0.544829	0.6475	0.206475	830	4372	5202
6427	9/30/2011	4	0	9	8	0	5	1	1	0.54	0.5152	0.77	0.1343	31	425	456	273	4	0	9	0	5	1	1	0.564167	0.544829	0.6475	0.206475	830	4372	5202
6428	9/30/2011	4	0	9	9	0	5	1	1	0.56	0.5303	0.73	0.194	23	214	237	273	4	0	9	0	5	1	1	0.564167	0.544829	0.6475	0.206475	830	4372	5202
6429	9/30/2011	4	0	9	10	0	5	1	1	0.6	0.6061	0.64	0	46	122	168	273	4	0	9	0	5	1	1	0.564167	0.544829	0.6475	0.206475	830	4372	5202
6430	9/30/2011	4	0	9	11	0	5	1	1	0.64	0.6212	0.57	0.0896	49	168	217	273	4	0	9	0	5	1	1	0.564167	0.544829	0.6475	0.206475	830	4372	5202
6431	9/30/2011	4	0	9	12	0	5	1	2	0.64	0.6212	0.57	0.194	59	195	254	273	4	0	9	0	5	1	1	0.564167	0.544829	0.6475	0.206475	830	4372	5202
6432	9/30/2011	4	0	9	13	0	5	1	2	0.66	0.6212	0.47	0.3284	72	194	266	273	4	0	9	0	5	1	1	0.564167	0.544829	0.6475	0.206475	830	4372	5202
6433	9/30/2011	4	0	9	14	0	5	1	2	0.64	0.6212	0.47	0.2985	93	173	266	273	4	0	9	0	5	1	1	0.564167	0.544829	0.6475	0.206475	830	4372	5202
6434	9/30/2011	4	0	9	15	0	5	1	1	0.64	0.6212	0.5	0.2836	52	193	245	273	4	0	9	0	5	1	1	0.564167	0.544829	0.6475	0.206475	830	4372	5202
6435	9/30/2011	4	0	9	16	0	5	1	1	0.62	0.6212	0.53	0.2239	62	298	360	273	4	0	9	0	5	1	1	0.564167	0.544829	0.6475	0.206475	830	4372	5202
6436	9/30/2011	4	0	9	17	0	5	1	1	0.62	0.6212	0.53	0.194	94	497	591	273	4	0	9	0	5	1	1	0.564167	0.544829	0.6475	0.206475	830	4372	5202
6437	9/30/2011	4	0	9	18	0	5	1	1	0.58	0.5455	0.49	0.3582	62	449	511	273	4	0	9	0	5	1	1	0.564167	0.544829	0.6475	0.206475	830	4372	5202
6438	9/30/2011	4	0	9	19	0	5	1	1	0.54	0.5152	0.52	0.2836	42	332	374	273	4	0	9	0	5	1	1	0.564167	0.544829	0.6475	0.206475	830	4372	5202
6439	9/30/2011	4	0	9	20	0	5	1	1	0.54	0.5152	0.52	0.2836	28	202	230	273	4	0	9	0	5	1	1	0.564167	0.544829	0.6475	0.206475	830	4372	5202
6440	9/30/2011	4	0	9	21	0	5	1	1	0.52	0.5	0.55	0.194	27	179	206	273	4	0	9	0	5	1	1	0.564167	0.544829	0.6475	0.206475	830	4372	5202
6441	9/30/2011	4	0	9	22	0	5	1	1	0.52	0.5	0.55	0.3284	30	129	159	273	4	0	9	0	5	1	1	0.564167	0.544829	0.6475	0.206475	830	4372	5202
6442	9/30/2011	4	0	9	23	0	5	1	1	0.52	0.5	0.55	0.3284	23	109	132	273	4	0	9	0	5	1	1	0.564167	0.544829	0.6475	0.206475	830	4372	5202
6443	10/1/2011	4	0	10	0	0	6	0	1	0.5	0.4848	0.63	0.3881	24	106	130	274	4	0	10	0	6	0	2	0.41	0.412863	0.75375	0.292296	480	1949	2429
6444	10/1/2011	4	0	10	1	0	6	0	1	0.48	0.4697	0.67	0.3284	11	47	58	274	4	0	10	0	6	0	2	0.41	0.412863	0.75375	0.292296	480	1949	2429
6445	10/1/2011	4	0	10	2	0	6	0	1	0.46	0.4545	0.63	0.4179	21	46	67	274	4	0	10	0	6	0	2	0.41	0.412863	0.75375	0.292296	480	1949	2429
6446	10/1/2011	4	0	10	3	0	6	0	1	0.46	0.4545	0.59	0.4179	8	17	25	274	4	0	10	0	6	0	2	0.41	0.412863	0.75375	0.292296	480	1949	2429
6447	10/1/2011	4	0	10	4	0	6	0	1	0.44	0.4394	0.58	0.4179	2	6	8	274	4	0	10	0	6	0	2	0.41	0.412863	0.75375	0.292296	480	1949	2429
6448	10/1/2011	4	0	10	5	0	6	0	2	0.44	0.4394	0.62	0.2985	1	4	5	274	4	0	10	0	6	0	2	0.41	0.412863	0.75375	0.292296	480	1949	2429
6449	10/1/2011	4	0	10	6	0	6	0	1	0.42	0.4242	0.67	0.3284	4	15	19	274	4	0	10	0	6	0	2	0.41	0.412863	0.75375	0.292296	480	1949	2429
6450	10/1/2011	4	0	10	7	0	6	0	3	0.42	0.4242	0.67	0.2537	6	30	36	274	4	0	10	0	6	0	2	0.41	0.412863	0.75375	0.292296	480	1949	2429
6451	10/1/2011	4	0	10	8	0	6	0	2	0.4	0.4091	0.76	0.3284	9	58	67	274	4	0	10	0	6	0	2	0.41	0.412863	0.75375	0.292296	480	1949	2429
6452	10/1/2011	4	0	10	9	0	6	0	3	0.4	0.4091	0.82	0.3582	17	112	129	274	4	0	10	0	6	0	2	0.41	0.412863	0.75375	0.292296	480	1949	2429
6453	10/1/2011	4	0	10	10	0	6	0	3	0.4	0.4091	0.76	0.3582	21	100	121	274	4	0	10	0	6	0	2	0.41	0.412863	0.75375	0.292296	480	1949	2429
6454	10/1/2011	4	0	10	11	0	6	0	3	0.38	0.3939	0.82	0.3284	30	102	132	274	4	0	10	0	6	0	2	0.41	0.412863	0.75375	0.292296	480	1949	2429
6455	10/1/2011	4	0	10	12	0	6	0	2	0.4	0.4091	0.82	0.2537	28	130	158	274	4	0	10	0	6	0	2	0.41	0.412863	0.75375	0.292296	480	1949	2429
6456	10/1/2011	4	0	10	13	0	6	0	2	0.4	0.4091	0.82	0.3284	27	98	125	274	4	0	10	0	6	0	2	0.41	0.412863	0.75375	0.292296	480	1949	2429
6457	10/1/2011	4	0	10	14	0	6	0	2	0.42	0.4242	0.71	0.3582	33	147	180	274	4	0	10	0	6	0	2	0.41	0.412863	0.75375	0.292296	480	1949	2429
6458	10/1/2011	4	0	10	15	0	6	0	2	0.42	0.4242	0.71	0.2836	41	154	195	274	4	0	10	0	6	0	2	0.41	0.412863	0.75375	0.292296	480	1949	2429
6459	10/1/2011	4	0	10	16	0	6	0	2	0.4	0.4091	0.76	0.2985	58	165	223	274	4	0	10	0	6	0	2	0.41	0.412863	0.75375	0.292296	480	1949	2429
6460	10/1/2011	4	0	10	17	0	6	0	3	0.4	0.4091	0.76	0.194	58	170	228	274	4	0	10	0	6	0	2	0.41	0.412863	0.75375	0.292296	480	1949	2429
6461	10/1/2011	4	0	10	18	0	6	0	3	0.38	0.3939	0.87	0.2239	23	117	140	274	4	0	10	0	6	0	2	0.41	0.412863	0.75375	0.292296	480	1949	2429
6462	10/1/2011	4	0	10	19	0	6	0	2	0.38	0.3939	0.82	0.194	27	99	126	274	4	0	10	0	6	0	2	0.41	0.412863	0.75375	0.292296	480	1949	2429
6463	10/1/2011	4	0	10	20	0	6	0	3	0.36	0.3636	0.87	0.1045	8	58	66	274	4	0	10	0	6	0	2	0.41	0.412863	0.75375	0.292296	480	1949	2429
6464	10/1/2011	4	0	10	21	0	6	0	3	0.36	0.3636	0.87	0.1045	3	53	56	274	4	0	10	0	6	0	2	0.41	0.412863	0.75375	0.292296	480	1949	2429
6465	10/1/2011	4	0	10	22	0	6	0	2	0.36	0.3485	0.93	0.2239	12	58	70	274	4	0	10	0	6	0	2	0.41	0.412863	0.75375	0.292296	480	1949	2429
6466	10/1/2011	4	0	10	23	0	6	0	3	0.36	0.3485	0.93	0.2239	8	57	65	274	4	0	10	0	6	0	2	0.41	0.412863	0.75375	0.292296	480	1949	2429
6467	10/2/2011	4	0	10	0	0	0	0	3	0.36	0.3333	0.93	0.2985	4	43	47	275	4	0	10	0	0	0	2	0.356667	0.345317	0.791667	0.222013	616	2302	2918
6468	10/2/2011	4	0	10	1	0	0	0	3	0.34	0.3182	0.87	0.2537	1	23	24	275	4	0	10	0	0	0	2	0.356667	0.345317	0.791667	0.222013	616	2302	2918
6469	10/2/2011	4	0	10	2	0	0	0	3	0.34	0.303	0.87	0.2985	3	27	30	275	4	0	10	0	0	0	2	0.356667	0.345317	0.791667	0.222013	616	2302	2918
6470	10/2/2011	4	0	10	3	0	0	0	3	0.34	0.3182	0.87	0.2836	4	5	9	275	4	0	10	0	0	0	2	0.356667	0.345317	0.791667	0.222013	616	2302	2918
6471	10/2/2011	4	0	10	4	0	0	0	2	0.34	0.3182	0.87	0.2537	4	3	7	275	4	0	10	0	0	0	2	0.356667	0.345317	0.791667	0.222013	616	2302	2918
6472	10/2/2011	4	0	10	5	0	0	0	1	0.32	0.303	0.87	0.2836	0	7	7	275	4	0	10	0	0	0	2	0.356667	0.345317	0.791667	0.222013	616	2302	2918
6473	10/2/2011	4	0	10	6	0	0	0	1	0.32	0.3182	0.81	0.1642	2	13	15	275	4	0	10	0	0	0	2	0.356667	0.345317	0.791667	0.222013	616	2302	2918
6474	10/2/2011	4	0	10	7	0	0	0	1	0.34	0.3333	0.76	0.194	5	24	29	275	4	0	10	0	0	0	2	0.356667	0.345317	0.791667	0.222013	616	2302	2918
6475	10/2/2011	4	0	10	8	0	0	0	2	0.34	0.3333	0.76	0.194	14	50	64	275	4	0	10	0	0	0	2	0.356667	0.345317	0.791667	0.222013	616	2302	2918
6476	10/2/2011	4	0	10	9	0	0	0	1	0.36	0.3333	0.76	0.3582	19	96	115	275	4	0	10	0	0	0	2	0.356667	0.345317	0.791667	0.222013	616	2302	2918
6477	10/2/2011	4	0	10	10	0	0	0	2	0.36	0.3333	0.71	0.2836	60	188	248	275	4	0	10	0	0	0	2	0.356667	0.345317	0.791667	0.222013	616	2302	2918
6478	10/2/2011	4	0	10	11	0	0	0	2	0.38	0.3939	0.66	0.2537	74	218	292	275	4	0	10	0	0	0	2	0.356667	0.345317	0.791667	0.222013	616	2302	2918
6479	10/2/2011	4	0	10	12	0	0	0	2	0.4	0.4091	0.62	0.194	78	243	321	275	4	0	10	0	0	0	2	0.356667	0.345317	0.791667	0.222013	616	2302	2918
6480	10/2/2011	4	0	10	13	0	0	0	3	0.4	0.4091	0.62	0.2239	84	224	308	275	4	0	10	0	0	0	2	0.356667	0.345317	0.791667	0.222013	616	2302	2918
6481	10/2/2011	4	0	10	14	0	0	0	3	0.36	0.3485	0.81	0.1642	61	195	256	275	4	0	10	0	0	0	2	0.356667	0.345317	0.791667	0.222013	616	2302	2918
6482	10/2/2011	4	0	10	15	0	0	0	3	0.36	0.3333	0.81	0.2537	29	144	173	275	4	0	10	0	0	0	2	0.356667	0.345317	0.791667	0.222013	616	2302	2918
6483	10/2/2011	4	0	10	16	0	0	0	3	0.36	0.3485	0.87	0.194	44	162	206	275	4	0	10	0	0	0	2	0.356667	0.345317	0.791667	0.222013	616	2302	2918
6484	10/2/2011	4	0	10	17	0	0	0	3	0.36	0.3485	0.87	0.1642	32	135	167	275	4	0	10	0	0	0	2	0.356667	0.345317	0.791667	0.222013	616	2302	2918
6485	10/2/2011	4	0	10	18	0	0	0	2	0.36	0.3485	0.81	0.194	16	158	174	275	4	0	10	0	0	0	2	0.356667	0.345317	0.791667	0.222013	616	2302	2918
6486	10/2/2011	4	0	10	19	0	0	0	2	0.38	0.3939	0.76	0.1642	34	128	162	275	4	0	10	0	0	0	2	0.356667	0.345317	0.791667	0.222013	616	2302	2918
6487	10/2/2011	4	0	10	20	0	0	0	2	0.36	0.3333	0.76	0.2537	16	71	87	275	4	0	10	0	0	0	2	0.356667	0.345317	0.791667	0.222013	616	2302	2918
6488	10/2/2011	4	0	10	21	0	0	0	1	0.36	0.3485	0.71	0.2239	17	71	88	275	4	0	10	0	0	0	2	0.356667	0.345317	0.791667	0.222013	616	2302	2918
6489	10/2/2011	4	0	10	22	0	0	0	3	0.36	0.3636	0.81	0.0896	9	55	64	275	4	0	10	0	0	0	2	0.356667	0.345317	0.791667	0.222013	616	2302	2918
6490	10/2/2011	4	0	10	23	0	0	0	1	0.36	0.3636	0.81	0.0896	6	19	25	275	4	0	10	0	0	0	2	0.356667	0.345317	0.791667	0.222013	616	2302	2918
6491	10/3/2011	4	0	10	0	0	1	1	1	0.34	0.3485	0.87	0.1045	3	13	16	276	4	0	10	0	1	1	2	0.384167	0.392046	0.760833	0.0833458	330	3240	3570
6492	10/3/2011	4	0	10	1	0	1	1	1	0.36	0.3636	0.81	0.0896	1	5	6	276	4	0	10	0	1	1	2	0.384167	0.392046	0.760833	0.0833458	330	3240	3570
6493	10/3/2011	4	0	10	2	0	1	1	1	0.36	0.3636	0.76	0.1045	0	4	4	276	4	0	10	0	1	1	2	0.384167	0.392046	0.760833	0.0833458	330	3240	3570
6494	10/3/2011	4	0	10	3	0	1	1	1	0.36	0.3788	0.81	0	1	6	7	276	4	0	10	0	1	1	2	0.384167	0.392046	0.760833	0.0833458	330	3240	3570
6495	10/3/2011	4	0	10	4	0	1	1	1	0.34	0.3485	0.87	0.1045	2	6	8	276	4	0	10	0	1	1	2	0.384167	0.392046	0.760833	0.0833458	330	3240	3570
6496	10/3/2011	4	0	10	5	0	1	1	2	0.36	0.3636	0.76	0.1045	4	17	21	276	4	0	10	0	1	1	2	0.384167	0.392046	0.760833	0.0833458	330	3240	3570
6497	10/3/2011	4	0	10	6	0	1	1	2	0.36	0.3788	0.71	0	3	91	94	276	4	0	10	0	1	1	2	0.384167	0.392046	0.760833	0.0833458	330	3240	3570
6498	10/3/2011	4	0	10	7	0	1	1	2	0.36	0.3485	0.71	0.1343	8	241	249	276	4	0	10	0	1	1	2	0.384167	0.392046	0.760833	0.0833458	330	3240	3570
6499	10/3/2011	4	0	10	8	0	1	1	2	0.36	0.3636	0.71	0.1045	13	359	372	276	4	0	10	0	1	1	2	0.384167	0.392046	0.760833	0.0833458	330	3240	3570
6500	10/3/2011	4	0	10	9	0	1	1	2	0.4	0.4091	0.66	0.0896	12	141	153	276	4	0	10	0	1	1	2	0.384167	0.392046	0.760833	0.0833458	330	3240	3570
6501	10/3/2011	4	0	10	10	0	1	1	2	0.4	0.4091	0.66	0.1045	19	82	101	276	4	0	10	0	1	1	2	0.384167	0.392046	0.760833	0.0833458	330	3240	3570
6502	10/3/2011	4	0	10	11	0	1	1	2	0.4	0.4091	0.71	0.2239	26	100	126	276	4	0	10	0	1	1	2	0.384167	0.392046	0.760833	0.0833458	330	3240	3570
6503	10/3/2011	4	0	10	12	0	1	1	2	0.4	0.4091	0.71	0.1343	29	118	147	276	4	0	10	0	1	1	2	0.384167	0.392046	0.760833	0.0833458	330	3240	3570
6504	10/3/2011	4	0	10	13	0	1	1	3	0.42	0.4242	0.67	0.1642	16	102	118	276	4	0	10	0	1	1	2	0.384167	0.392046	0.760833	0.0833458	330	3240	3570
6505	10/3/2011	4	0	10	14	0	1	1	3	0.4	0.4091	0.76	0	26	94	120	276	4	0	10	0	1	1	2	0.384167	0.392046	0.760833	0.0833458	330	3240	3570
6506	10/3/2011	4	0	10	15	0	1	1	3	0.4	0.4091	0.76	0	22	79	101	276	4	0	10	0	1	1	2	0.384167	0.392046	0.760833	0.0833458	330	3240	3570
6507	10/3/2011	4	0	10	16	0	1	1	2	0.4	0.4091	0.76	0.1045	16	202	218	276	4	0	10	0	1	1	2	0.384167	0.392046	0.760833	0.0833458	330	3240	3570
6508	10/3/2011	4	0	10	17	0	1	1	2	0.4	0.4091	0.76	0.1642	40	455	495	276	4	0	10	0	1	1	2	0.384167	0.392046	0.760833	0.0833458	330	3240	3570
6509	10/3/2011	4	0	10	18	0	1	1	2	0.4	0.4091	0.76	0.1642	28	384	412	276	4	0	10	0	1	1	2	0.384167	0.392046	0.760833	0.0833458	330	3240	3570
6510	10/3/2011	4	0	10	19	0	1	1	1	0.4	0.4091	0.76	0	15	300	315	276	4	0	10	0	1	1	2	0.384167	0.392046	0.760833	0.0833458	330	3240	3570
6511	10/3/2011	4	0	10	20	0	1	1	3	0.4	0.4091	0.82	0	13	191	204	276	4	0	10	0	1	1	2	0.384167	0.392046	0.760833	0.0833458	330	3240	3570
6512	10/3/2011	4	0	10	21	0	1	1	2	0.4	0.4091	0.82	0	10	128	138	276	4	0	10	0	1	1	2	0.384167	0.392046	0.760833	0.0833458	330	3240	3570
6513	10/3/2011	4	0	10	22	0	1	1	2	0.4	0.4091	0.82	0	12	79	91	276	4	0	10	0	1	1	2	0.384167	0.392046	0.760833	0.0833458	330	3240	3570
6514	10/3/2011	4	0	10	23	0	1	1	2	0.4	0.4091	0.82	0.1045	11	43	54	276	4	0	10	0	1	1	2	0.384167	0.392046	0.760833	0.0833458	330	3240	3570
6515	10/4/2011	4	0	10	0	0	2	1	2	0.4	0.4091	0.87	0.0896	5	22	27	277	4	0	10	0	2	1	1	0.484167	0.472858	0.71	0.205854	486	3970	4456
6516	10/4/2011	4	0	10	1	0	2	1	2	0.4	0.4091	0.87	0.1045	1	8	9	277	4	0	10	0	2	1	1	0.484167	0.472858	0.71	0.205854	486	3970	4456
6517	10/4/2011	4	0	10	2	0	2	1	2	0.4	0.4091	0.87	0	1	2	3	277	4	0	10	0	2	1	1	0.484167	0.472858	0.71	0.205854	486	3970	4456
6518	10/4/2011	4	0	10	3	0	2	1	1	0.4	0.4091	0.82	0.1045	3	3	6	277	4	0	10	0	2	1	1	0.484167	0.472858	0.71	0.205854	486	3970	4456
6519	10/4/2011	4	0	10	4	0	2	1	1	0.4	0.4091	0.82	0.0896	3	4	7	277	4	0	10	0	2	1	1	0.484167	0.472858	0.71	0.205854	486	3970	4456
6520	10/4/2011	4	0	10	5	0	2	1	1	0.4	0.4091	0.82	0.1343	2	25	27	277	4	0	10	0	2	1	1	0.484167	0.472858	0.71	0.205854	486	3970	4456
6521	10/4/2011	4	0	10	6	0	2	1	1	0.4	0.4091	0.82	0.1045	3	109	112	277	4	0	10	0	2	1	1	0.484167	0.472858	0.71	0.205854	486	3970	4456
6522	10/4/2011	4	0	10	7	0	2	1	1	0.42	0.4242	0.82	0.2836	11	298	309	277	4	0	10	0	2	1	1	0.484167	0.472858	0.71	0.205854	486	3970	4456
6523	10/4/2011	4	0	10	8	0	2	1	1	0.44	0.4394	0.77	0.2239	28	372	400	277	4	0	10	0	2	1	1	0.484167	0.472858	0.71	0.205854	486	3970	4456
6524	10/4/2011	4	0	10	9	0	2	1	1	0.46	0.4545	0.67	0.2537	19	168	187	277	4	0	10	0	2	1	1	0.484167	0.472858	0.71	0.205854	486	3970	4456
6525	10/4/2011	4	0	10	10	0	2	1	1	0.48	0.4697	0.67	0.2836	19	107	126	277	4	0	10	0	2	1	1	0.484167	0.472858	0.71	0.205854	486	3970	4456
6526	10/4/2011	4	0	10	11	0	2	1	1	0.54	0.5152	0.64	0.2836	22	102	124	277	4	0	10	0	2	1	1	0.484167	0.472858	0.71	0.205854	486	3970	4456
6527	10/4/2011	4	0	10	12	0	2	1	1	0.56	0.5303	0.56	0.2985	39	160	199	277	4	0	10	0	2	1	1	0.484167	0.472858	0.71	0.205854	486	3970	4456
6528	10/4/2011	4	0	10	13	0	2	1	1	0.56	0.5303	0.56	0.2985	20	153	173	277	4	0	10	0	2	1	1	0.484167	0.472858	0.71	0.205854	486	3970	4456
6529	10/4/2011	4	0	10	14	0	2	1	1	0.58	0.5455	0.53	0.2537	27	156	183	277	4	0	10	0	2	1	1	0.484167	0.472858	0.71	0.205854	486	3970	4456
6530	10/4/2011	4	0	10	15	0	2	1	1	0.58	0.5455	0.56	0.2836	28	166	194	277	4	0	10	0	2	1	1	0.484167	0.472858	0.71	0.205854	486	3970	4456
6531	10/4/2011	4	0	10	16	0	2	1	1	0.58	0.5455	0.56	0.3284	36	273	309	277	4	0	10	0	2	1	1	0.484167	0.472858	0.71	0.205854	486	3970	4456
6532	10/4/2011	4	0	10	17	0	2	1	1	0.56	0.5303	0.6	0.3881	55	530	585	277	4	0	10	0	2	1	1	0.484167	0.472858	0.71	0.205854	486	3970	4456
6533	10/4/2011	4	0	10	18	0	2	1	1	0.54	0.5152	0.64	0.2836	68	456	524	277	4	0	10	0	2	1	1	0.484167	0.472858	0.71	0.205854	486	3970	4456
6534	10/4/2011	4	0	10	19	0	2	1	1	0.52	0.5	0.68	0.2239	35	310	345	277	4	0	10	0	2	1	1	0.484167	0.472858	0.71	0.205854	486	3970	4456
6535	10/4/2011	4	0	10	20	0	2	1	1	0.52	0.5	0.68	0.2239	25	236	261	277	4	0	10	0	2	1	1	0.484167	0.472858	0.71	0.205854	486	3970	4456
6536	10/4/2011	4	0	10	21	0	2	1	1	0.5	0.4848	0.72	0.1343	22	144	166	277	4	0	10	0	2	1	1	0.484167	0.472858	0.71	0.205854	486	3970	4456
6537	10/4/2011	4	0	10	22	0	2	1	1	0.5	0.4848	0.72	0.1343	8	106	114	277	4	0	10	0	2	1	1	0.484167	0.472858	0.71	0.205854	486	3970	4456
6538	10/4/2011	4	0	10	23	0	2	1	1	0.48	0.4697	0.77	0.1343	6	60	66	277	4	0	10	0	2	1	1	0.484167	0.472858	0.71	0.205854	486	3970	4456
6539	10/5/2011	4	0	10	0	0	3	1	1	0.48	0.4697	0.77	0.1343	7	36	43	278	4	0	10	0	3	1	1	0.538333	0.527138	0.647917	0.17725	559	4267	4826
6540	10/5/2011	4	0	10	1	0	3	1	1	0.48	0.4697	0.77	0.1642	4	7	11	278	4	0	10	0	3	1	1	0.538333	0.527138	0.647917	0.17725	559	4267	4826
6541	10/5/2011	4	0	10	2	0	3	1	1	0.46	0.4545	0.82	0.1642	1	2	3	278	4	0	10	0	3	1	1	0.538333	0.527138	0.647917	0.17725	559	4267	4826
6542	10/5/2011	4	0	10	3	0	3	1	1	0.46	0.4545	0.82	0.1045	1	5	6	278	4	0	10	0	3	1	1	0.538333	0.527138	0.647917	0.17725	559	4267	4826
6543	10/5/2011	4	0	10	4	0	3	1	1	0.44	0.4394	0.88	0	1	4	5	278	4	0	10	0	3	1	1	0.538333	0.527138	0.647917	0.17725	559	4267	4826
6544	10/5/2011	4	0	10	5	0	3	1	1	0.44	0.4394	0.82	0.1343	3	29	32	278	4	0	10	0	3	1	1	0.538333	0.527138	0.647917	0.17725	559	4267	4826
6545	10/5/2011	4	0	10	6	0	3	1	1	0.44	0.4394	0.82	0.1045	5	112	117	278	4	0	10	0	3	1	1	0.538333	0.527138	0.647917	0.17725	559	4267	4826
6546	10/5/2011	4	0	10	7	0	3	1	1	0.46	0.4545	0.77	0.1045	9	292	301	278	4	0	10	0	3	1	1	0.538333	0.527138	0.647917	0.17725	559	4267	4826
6547	10/5/2011	4	0	10	8	0	3	1	1	0.52	0.5	0.63	0	26	441	467	278	4	0	10	0	3	1	1	0.538333	0.527138	0.647917	0.17725	559	4267	4826
6548	10/5/2011	4	0	10	9	0	3	1	1	0.54	0.5152	0.6	0.2985	32	187	219	278	4	0	10	0	3	1	1	0.538333	0.527138	0.647917	0.17725	559	4267	4826
6549	10/5/2011	4	0	10	10	0	3	1	1	0.56	0.5303	0.56	0.3881	30	103	133	278	4	0	10	0	3	1	1	0.538333	0.527138	0.647917	0.17725	559	4267	4826
6550	10/5/2011	4	0	10	11	0	3	1	1	0.6	0.6212	0.46	0.2836	32	138	170	278	4	0	10	0	3	1	1	0.538333	0.527138	0.647917	0.17725	559	4267	4826
6551	10/5/2011	4	0	10	12	0	3	1	1	0.62	0.6212	0.43	0.3284	34	180	214	278	4	0	10	0	3	1	1	0.538333	0.527138	0.647917	0.17725	559	4267	4826
6552	10/5/2011	4	0	10	13	0	3	1	1	0.64	0.6212	0.41	0.2239	30	189	219	278	4	0	10	0	3	1	1	0.538333	0.527138	0.647917	0.17725	559	4267	4826
6553	10/5/2011	4	0	10	14	0	3	1	1	0.64	0.6212	0.41	0.2836	34	156	190	278	4	0	10	0	3	1	1	0.538333	0.527138	0.647917	0.17725	559	4267	4826
6554	10/5/2011	4	0	10	15	0	3	1	1	0.64	0.6212	0.47	0.2836	35	147	182	278	4	0	10	0	3	1	1	0.538333	0.527138	0.647917	0.17725	559	4267	4826
6555	10/5/2011	4	0	10	16	0	3	1	1	0.64	0.6212	0.47	0.3284	37	245	282	278	4	0	10	0	3	1	1	0.538333	0.527138	0.647917	0.17725	559	4267	4826
6556	10/5/2011	4	0	10	17	0	3	1	1	0.64	0.6212	0.47	0.2537	66	525	591	278	4	0	10	0	3	1	1	0.538333	0.527138	0.647917	0.17725	559	4267	4826
6557	10/5/2011	4	0	10	18	0	3	1	1	0.6	0.6212	0.53	0.1642	57	536	593	278	4	0	10	0	3	1	1	0.538333	0.527138	0.647917	0.17725	559	4267	4826
6558	10/5/2011	4	0	10	19	0	3	1	1	0.58	0.5455	0.56	0.1343	40	334	374	278	4	0	10	0	3	1	1	0.538333	0.527138	0.647917	0.17725	559	4267	4826
6559	10/5/2011	4	0	10	20	0	3	1	1	0.52	0.5	0.77	0.1642	18	228	246	278	4	0	10	0	3	1	1	0.538333	0.527138	0.647917	0.17725	559	4267	4826
6560	10/5/2011	4	0	10	21	0	3	1	1	0.5	0.4848	0.82	0.1045	28	173	201	278	4	0	10	0	3	1	1	0.538333	0.527138	0.647917	0.17725	559	4267	4826
6561	10/5/2011	4	0	10	22	0	3	1	1	0.52	0.5	0.72	0	20	134	154	278	4	0	10	0	3	1	1	0.538333	0.527138	0.647917	0.17725	559	4267	4826
6562	10/5/2011	4	0	10	23	0	3	1	1	0.5	0.4848	0.77	0.1045	9	64	73	278	4	0	10	0	3	1	1	0.538333	0.527138	0.647917	0.17725	559	4267	4826
6563	10/6/2011	4	0	10	0	0	4	1	1	0.5	0.4848	0.72	0.194	6	34	40	279	4	0	10	0	4	1	1	0.494167	0.480425	0.620833	0.134954	639	4126	4765
6564	10/6/2011	4	0	10	1	0	4	1	1	0.48	0.4697	0.63	0.194	5	17	22	279	4	0	10	0	4	1	1	0.494167	0.480425	0.620833	0.134954	639	4126	4765
6565	10/6/2011	4	0	10	2	0	4	1	1	0.46	0.4545	0.67	0.194	2	8	10	279	4	0	10	0	4	1	1	0.494167	0.480425	0.620833	0.134954	639	4126	4765
6566	10/6/2011	4	0	10	3	0	4	1	1	0.44	0.4394	0.67	0.2239	1	4	5	279	4	0	10	0	4	1	1	0.494167	0.480425	0.620833	0.134954	639	4126	4765
6567	10/6/2011	4	0	10	4	0	4	1	1	0.44	0.4394	0.62	0.2836	0	5	5	279	4	0	10	0	4	1	1	0.494167	0.480425	0.620833	0.134954	639	4126	4765
6568	10/6/2011	4	0	10	5	0	4	1	1	0.42	0.4242	0.62	0.194	0	24	24	279	4	0	10	0	4	1	1	0.494167	0.480425	0.620833	0.134954	639	4126	4765
6569	10/6/2011	4	0	10	6	0	4	1	1	0.4	0.4091	0.66	0.194	4	110	114	279	4	0	10	0	4	1	1	0.494167	0.480425	0.620833	0.134954	639	4126	4765
6570	10/6/2011	4	0	10	7	0	4	1	1	0.42	0.4242	0.62	0.194	15	287	302	279	4	0	10	0	4	1	1	0.494167	0.480425	0.620833	0.134954	639	4126	4765
6571	10/6/2011	4	0	10	8	0	4	1	1	0.44	0.4394	0.62	0.1642	20	437	457	279	4	0	10	0	4	1	1	0.494167	0.480425	0.620833	0.134954	639	4126	4765
6572	10/6/2011	4	0	10	9	0	4	1	1	0.46	0.4545	0.63	0.194	20	188	208	279	4	0	10	0	4	1	1	0.494167	0.480425	0.620833	0.134954	639	4126	4765
6573	10/6/2011	4	0	10	10	0	4	1	1	0.52	0.5	0.52	0	24	105	129	279	4	0	10	0	4	1	1	0.494167	0.480425	0.620833	0.134954	639	4126	4765
6574	10/6/2011	4	0	10	11	0	4	1	1	0.54	0.5152	0.49	0	29	115	144	279	4	0	10	0	4	1	1	0.494167	0.480425	0.620833	0.134954	639	4126	4765
6575	10/6/2011	4	0	10	12	0	4	1	1	0.56	0.5303	0.49	0.0896	46	180	226	279	4	0	10	0	4	1	1	0.494167	0.480425	0.620833	0.134954	639	4126	4765
6576	10/6/2011	4	0	10	13	0	4	1	1	0.56	0.5303	0.46	0.0896	33	158	191	279	4	0	10	0	4	1	1	0.494167	0.480425	0.620833	0.134954	639	4126	4765
6577	10/6/2011	4	0	10	14	0	4	1	1	0.58	0.5455	0.43	0.0896	56	139	195	279	4	0	10	0	4	1	1	0.494167	0.480425	0.620833	0.134954	639	4126	4765
6578	10/6/2011	4	0	10	15	0	4	1	1	0.58	0.5455	0.46	0.1343	62	157	219	279	4	0	10	0	4	1	1	0.494167	0.480425	0.620833	0.134954	639	4126	4765
6579	10/6/2011	4	0	10	16	0	4	1	1	0.58	0.5455	0.49	0.194	51	272	323	279	4	0	10	0	4	1	1	0.494167	0.480425	0.620833	0.134954	639	4126	4765
6580	10/6/2011	4	0	10	17	0	4	1	1	0.56	0.5303	0.52	0.1343	63	505	568	279	4	0	10	0	4	1	1	0.494167	0.480425	0.620833	0.134954	639	4126	4765
6581	10/6/2011	4	0	10	18	0	4	1	1	0.54	0.5152	0.64	0.0896	59	479	538	279	4	0	10	0	4	1	1	0.494167	0.480425	0.620833	0.134954	639	4126	4765
6582	10/6/2011	4	0	10	19	0	4	1	1	0.52	0.5	0.59	0.1045	38	305	343	279	4	0	10	0	4	1	1	0.494167	0.480425	0.620833	0.134954	639	4126	4765
6583	10/6/2011	4	0	10	20	0	4	1	1	0.5	0.4848	0.77	0.1045	29	231	260	279	4	0	10	0	4	1	1	0.494167	0.480425	0.620833	0.134954	639	4126	4765
6584	10/6/2011	4	0	10	21	0	4	1	1	0.46	0.4545	0.88	0.0896	34	161	195	279	4	0	10	0	4	1	1	0.494167	0.480425	0.620833	0.134954	639	4126	4765
6585	10/6/2011	4	0	10	22	0	4	1	1	0.46	0.4545	0.82	0	24	124	148	279	4	0	10	0	4	1	1	0.494167	0.480425	0.620833	0.134954	639	4126	4765
6586	10/6/2011	4	0	10	23	0	4	1	1	0.44	0.4394	0.88	0.0896	18	81	99	279	4	0	10	0	4	1	1	0.494167	0.480425	0.620833	0.134954	639	4126	4765
6587	10/7/2011	4	0	10	0	0	5	1	1	0.44	0.4394	0.88	0	19	48	67	280	4	0	10	0	5	1	1	0.510833	0.504404	0.684167	0.0223917	949	4036	4985
6588	10/7/2011	4	0	10	1	0	5	1	1	0.44	0.4394	0.88	0	3	25	28	280	4	0	10	0	5	1	1	0.510833	0.504404	0.684167	0.0223917	949	4036	4985
6589	10/7/2011	4	0	10	2	0	5	1	1	0.42	0.4242	0.88	0	0	5	5	280	4	0	10	0	5	1	1	0.510833	0.504404	0.684167	0.0223917	949	4036	4985
6590	10/7/2011	4	0	10	3	0	5	1	1	0.4	0.4091	0.87	0	1	9	10	280	4	0	10	0	5	1	1	0.510833	0.504404	0.684167	0.0223917	949	4036	4985
6591	10/7/2011	4	0	10	4	0	5	1	1	0.4	0.4091	0.87	0.1045	0	5	5	280	4	0	10	0	5	1	1	0.510833	0.504404	0.684167	0.0223917	949	4036	4985
6592	10/7/2011	4	0	10	5	0	5	1	1	0.42	0.4242	0.82	0	3	24	27	280	4	0	10	0	5	1	1	0.510833	0.504404	0.684167	0.0223917	949	4036	4985
6593	10/7/2011	4	0	10	6	0	5	1	1	0.42	0.4242	0.88	0	3	84	87	280	4	0	10	0	5	1	1	0.510833	0.504404	0.684167	0.0223917	949	4036	4985
6594	10/7/2011	4	0	10	7	0	5	1	1	0.42	0.4242	0.94	0	5	237	242	280	4	0	10	0	5	1	1	0.510833	0.504404	0.684167	0.0223917	949	4036	4985
6595	10/7/2011	4	0	10	8	0	5	1	1	0.46	0.4545	0.82	0	31	386	417	280	4	0	10	0	5	1	1	0.510833	0.504404	0.684167	0.0223917	949	4036	4985
6596	10/7/2011	4	0	10	9	0	5	1	1	0.48	0.4697	0.77	0	34	207	241	280	4	0	10	0	5	1	1	0.510833	0.504404	0.684167	0.0223917	949	4036	4985
6597	10/7/2011	4	0	10	10	0	5	1	1	0.52	0.5	0.68	0.0896	48	126	174	280	4	0	10	0	5	1	1	0.510833	0.504404	0.684167	0.0223917	949	4036	4985
6598	10/7/2011	4	0	10	11	0	5	1	1	0.56	0.5303	0.63	0	80	150	230	280	4	0	10	0	5	1	1	0.510833	0.504404	0.684167	0.0223917	949	4036	4985
6599	10/7/2011	4	0	10	12	0	5	1	1	0.6	0.6212	0.53	0	61	174	235	280	4	0	10	0	5	1	1	0.510833	0.504404	0.684167	0.0223917	949	4036	4985
6600	10/7/2011	4	0	10	13	0	5	1	1	0.6	0.6212	0.46	0	95	210	305	280	4	0	10	0	5	1	1	0.510833	0.504404	0.684167	0.0223917	949	4036	4985
6601	10/7/2011	4	0	10	14	0	5	1	1	0.62	0.6212	0.5	0	77	179	256	280	4	0	10	0	5	1	1	0.510833	0.504404	0.684167	0.0223917	949	4036	4985
6602	10/7/2011	4	0	10	15	0	5	1	1	0.66	0.6212	0.41	0	68	202	270	280	4	0	10	0	5	1	1	0.510833	0.504404	0.684167	0.0223917	949	4036	4985
6603	10/7/2011	4	0	10	16	0	5	1	1	0.64	0.6212	0.44	0	73	346	419	280	4	0	10	0	5	1	1	0.510833	0.504404	0.684167	0.0223917	949	4036	4985
6604	10/7/2011	4	0	10	17	0	5	1	1	0.6	0.6212	0.56	0.2537	101	462	563	280	4	0	10	0	5	1	1	0.510833	0.504404	0.684167	0.0223917	949	4036	4985
6605	10/7/2011	4	0	10	18	0	5	1	1	0.56	0.5303	0.6	0.0896	94	371	465	280	4	0	10	0	5	1	1	0.510833	0.504404	0.684167	0.0223917	949	4036	4985
6606	10/7/2011	4	0	10	19	0	5	1	1	0.56	0.5303	0.52	0	51	243	294	280	4	0	10	0	5	1	1	0.510833	0.504404	0.684167	0.0223917	949	4036	4985
6607	10/7/2011	4	0	10	20	0	5	1	1	0.54	0.5152	0.49	0	30	167	197	280	4	0	10	0	5	1	1	0.510833	0.504404	0.684167	0.0223917	949	4036	4985
6608	10/7/2011	4	0	10	21	0	5	1	1	0.5	0.4848	0.68	0	22	144	166	280	4	0	10	0	5	1	1	0.510833	0.504404	0.684167	0.0223917	949	4036	4985
6609	10/7/2011	4	0	10	22	0	5	1	1	0.5	0.4848	0.68	0	27	119	146	280	4	0	10	0	5	1	1	0.510833	0.504404	0.684167	0.0223917	949	4036	4985
6610	10/7/2011	4	0	10	23	0	5	1	1	0.5	0.4848	0.63	0	23	113	136	280	4	0	10	0	5	1	1	0.510833	0.504404	0.684167	0.0223917	949	4036	4985
6611	10/8/2011	4	0	10	0	0	6	0	1	0.48	0.4697	0.72	0	17	72	89	281	4	0	10	0	6	0	1	0.521667	0.513242	0.70125	0.0454042	2235	3174	5409
6612	10/8/2011	4	0	10	1	0	6	0	1	0.46	0.4545	0.82	0	14	51	65	281	4	0	10	0	6	0	1	0.521667	0.513242	0.70125	0.0454042	2235	3174	5409
6613	10/8/2011	4	0	10	2	0	6	0	1	0.46	0.4545	0.82	0	4	41	45	281	4	0	10	0	6	0	1	0.521667	0.513242	0.70125	0.0454042	2235	3174	5409
6614	10/8/2011	4	0	10	3	0	6	0	1	0.44	0.4394	0.88	0	4	16	20	281	4	0	10	0	6	0	1	0.521667	0.513242	0.70125	0.0454042	2235	3174	5409
6615	10/8/2011	4	0	10	4	0	6	0	1	0.42	0.4242	0.94	0.1343	3	7	10	281	4	0	10	0	6	0	1	0.521667	0.513242	0.70125	0.0454042	2235	3174	5409
6616	10/8/2011	4	0	10	5	0	6	0	1	0.42	0.4242	0.88	0.1045	1	7	8	281	4	0	10	0	6	0	1	0.521667	0.513242	0.70125	0.0454042	2235	3174	5409
6617	10/8/2011	4	0	10	6	0	6	0	1	0.42	0.4242	0.94	0	6	16	22	281	4	0	10	0	6	0	1	0.521667	0.513242	0.70125	0.0454042	2235	3174	5409
6618	10/8/2011	4	0	10	7	0	6	0	1	0.42	0.4242	0.94	0.0896	27	46	73	281	4	0	10	0	6	0	1	0.521667	0.513242	0.70125	0.0454042	2235	3174	5409
6619	10/8/2011	4	0	10	8	0	6	0	1	0.46	0.4545	0.82	0	14	89	103	281	4	0	10	0	6	0	1	0.521667	0.513242	0.70125	0.0454042	2235	3174	5409
6620	10/8/2011	4	0	10	9	0	6	0	1	0.5	0.4848	0.77	0	54	163	217	281	4	0	10	0	6	0	1	0.521667	0.513242	0.70125	0.0454042	2235	3174	5409
6621	10/8/2011	4	0	10	10	0	6	0	1	0.52	0.5	0.77	0	120	217	337	281	4	0	10	0	6	0	1	0.521667	0.513242	0.70125	0.0454042	2235	3174	5409
6622	10/8/2011	4	0	10	11	0	6	0	1	0.58	0.5455	0.56	0	176	221	397	281	4	0	10	0	6	0	1	0.521667	0.513242	0.70125	0.0454042	2235	3174	5409
6623	10/8/2011	4	0	10	12	0	6	0	1	0.62	0.6212	0.35	0	191	255	446	281	4	0	10	0	6	0	1	0.521667	0.513242	0.70125	0.0454042	2235	3174	5409
6624	10/8/2011	4	0	10	13	0	6	0	1	0.62	0.6212	0.46	0.1045	256	229	485	281	4	0	10	0	6	0	1	0.521667	0.513242	0.70125	0.0454042	2235	3174	5409
6625	10/8/2011	4	0	10	14	0	6	0	1	0.62	0.6212	0.5	0.0896	251	214	465	281	4	0	10	0	6	0	1	0.521667	0.513242	0.70125	0.0454042	2235	3174	5409
6626	10/8/2011	4	0	10	15	0	6	0	1	0.66	0.6212	0.39	0	262	234	496	281	4	0	10	0	6	0	1	0.521667	0.513242	0.70125	0.0454042	2235	3174	5409
6627	10/8/2011	4	0	10	16	0	6	0	1	0.64	0.6212	0.44	0.0896	221	230	451	281	4	0	10	0	6	0	1	0.521667	0.513242	0.70125	0.0454042	2235	3174	5409
6628	10/8/2011	4	0	10	17	0	6	0	1	0.62	0.6212	0.5	0.1343	174	219	393	281	4	0	10	0	6	0	1	0.521667	0.513242	0.70125	0.0454042	2235	3174	5409
6629	10/8/2011	4	0	10	18	0	6	0	1	0.6	0.6212	0.46	0.1045	135	224	359	281	4	0	10	0	6	0	1	0.521667	0.513242	0.70125	0.0454042	2235	3174	5409
6630	10/8/2011	4	0	10	19	0	6	0	1	0.54	0.5152	0.68	0.1343	76	172	248	281	4	0	10	0	6	0	1	0.521667	0.513242	0.70125	0.0454042	2235	3174	5409
6631	10/8/2011	4	0	10	20	0	6	0	1	0.52	0.5	0.77	0.1045	78	124	202	281	4	0	10	0	6	0	1	0.521667	0.513242	0.70125	0.0454042	2235	3174	5409
6632	10/8/2011	4	0	10	21	0	6	0	1	0.52	0.5	0.77	0	54	133	187	281	4	0	10	0	6	0	1	0.521667	0.513242	0.70125	0.0454042	2235	3174	5409
6633	10/8/2011	4	0	10	22	0	6	0	1	0.5	0.4848	0.77	0	45	104	149	281	4	0	10	0	6	0	1	0.521667	0.513242	0.70125	0.0454042	2235	3174	5409
6634	10/8/2011	4	0	10	23	0	6	0	1	0.48	0.4697	0.88	0	52	90	142	281	4	0	10	0	6	0	1	0.521667	0.513242	0.70125	0.0454042	2235	3174	5409
6635	10/9/2011	4	0	10	0	0	0	0	1	0.46	0.4545	0.88	0.0896	46	83	129	282	4	0	10	0	0	0	1	0.540833	0.523983	0.7275	0.06345	2397	3114	5511
6636	10/9/2011	4	0	10	1	0	0	0	1	0.46	0.4545	0.88	0	15	63	78	282	4	0	10	0	0	0	1	0.540833	0.523983	0.7275	0.06345	2397	3114	5511
6637	10/9/2011	4	0	10	2	0	0	0	1	0.46	0.4545	0.88	0	20	35	55	282	4	0	10	0	0	0	1	0.540833	0.523983	0.7275	0.06345	2397	3114	5511
6638	10/9/2011	4	0	10	3	0	0	0	1	0.44	0.4394	0.88	0	10	20	30	282	4	0	10	0	0	0	1	0.540833	0.523983	0.7275	0.06345	2397	3114	5511
6639	10/9/2011	4	0	10	4	0	0	0	1	0.44	0.4394	0.88	0	7	7	14	282	4	0	10	0	0	0	1	0.540833	0.523983	0.7275	0.06345	2397	3114	5511
6640	10/9/2011	4	0	10	5	0	0	0	1	0.44	0.4394	0.88	0	1	14	15	282	4	0	10	0	0	0	1	0.540833	0.523983	0.7275	0.06345	2397	3114	5511
6641	10/9/2011	4	0	10	6	0	0	0	1	0.44	0.4394	0.88	0	7	14	21	282	4	0	10	0	0	0	1	0.540833	0.523983	0.7275	0.06345	2397	3114	5511
6642	10/9/2011	4	0	10	7	0	0	0	1	0.44	0.4394	0.86	0	18	26	44	282	4	0	10	0	0	0	1	0.540833	0.523983	0.7275	0.06345	2397	3114	5511
6643	10/9/2011	4	0	10	8	0	0	0	1	0.46	0.4545	0.88	0	25	82	107	282	4	0	10	0	0	0	1	0.540833	0.523983	0.7275	0.06345	2397	3114	5511
6644	10/9/2011	4	0	10	9	0	0	0	1	0.5	0.4848	0.77	0	66	119	185	282	4	0	10	0	0	0	1	0.540833	0.523983	0.7275	0.06345	2397	3114	5511
6645	10/9/2011	4	0	10	10	0	0	0	1	0.56	0.5303	0.68	0.0896	155	210	365	282	4	0	10	0	0	0	1	0.540833	0.523983	0.7275	0.06345	2397	3114	5511
6646	10/9/2011	4	0	10	11	0	0	0	1	0.62	0.6212	0.53	0.0896	189	234	423	282	4	0	10	0	0	0	1	0.540833	0.523983	0.7275	0.06345	2397	3114	5511
6647	10/9/2011	4	0	10	12	0	0	0	1	0.64	0.6212	0.44	0.0896	212	243	455	282	4	0	10	0	0	0	1	0.540833	0.523983	0.7275	0.06345	2397	3114	5511
6648	10/9/2011	4	0	10	13	0	0	0	1	0.66	0.6212	0.44	0.0896	225	193	418	282	4	0	10	0	0	0	1	0.540833	0.523983	0.7275	0.06345	2397	3114	5511
6649	10/9/2011	4	0	10	14	0	0	0	1	0.68	0.6364	0.47	0.1642	272	228	500	282	4	0	10	0	0	0	1	0.540833	0.523983	0.7275	0.06345	2397	3114	5511
6650	10/9/2011	4	0	10	15	0	0	0	1	0.68	0.6364	0.51	0.1642	198	209	407	282	4	0	10	0	0	0	1	0.540833	0.523983	0.7275	0.06345	2397	3114	5511
6651	10/9/2011	4	0	10	16	0	0	0	1	0.66	0.6212	0.5	0.1343	223	247	470	282	4	0	10	0	0	0	1	0.540833	0.523983	0.7275	0.06345	2397	3114	5511
6652	10/9/2011	4	0	10	17	0	0	0	1	0.62	0.6061	0.61	0.1045	208	230	438	282	4	0	10	0	0	0	1	0.540833	0.523983	0.7275	0.06345	2397	3114	5511
6653	10/9/2011	4	0	10	18	0	0	0	1	0.64	0.6212	0.5	0.1045	186	228	414	282	4	0	10	0	0	0	1	0.540833	0.523983	0.7275	0.06345	2397	3114	5511
6654	10/9/2011	4	0	10	19	0	0	0	1	0.56	0.5303	0.73	0.0896	116	186	302	282	4	0	10	0	0	0	1	0.540833	0.523983	0.7275	0.06345	2397	3114	5511
6655	10/9/2011	4	0	10	20	0	0	0	1	0.56	0.5303	0.73	0.1045	59	134	193	282	4	0	10	0	0	0	1	0.540833	0.523983	0.7275	0.06345	2397	3114	5511
6656	10/9/2011	4	0	10	21	0	0	0	1	0.54	0.5152	0.83	0.1045	53	120	173	282	4	0	10	0	0	0	1	0.540833	0.523983	0.7275	0.06345	2397	3114	5511
6657	10/9/2011	4	0	10	22	0	0	0	2	0.52	0.5	0.94	0	48	104	152	282	4	0	10	0	0	0	1	0.540833	0.523983	0.7275	0.06345	2397	3114	5511
6658	10/9/2011	4	0	10	23	0	0	0	1	0.5	0.4848	0.88	0.1045	38	85	123	282	4	0	10	0	0	0	1	0.540833	0.523983	0.7275	0.06345	2397	3114	5511
6659	10/10/2011	4	0	10	0	1	1	0	1	0.5	0.4848	0.94	0	11	42	53	283	4	0	10	1	1	0	1	0.570833	0.542925	0.73375	0.0423042	1514	3603	5117
6660	10/10/2011	4	0	10	1	1	1	0	1	0.48	0.4697	0.88	0	4	30	34	283	4	0	10	1	1	0	1	0.570833	0.542925	0.73375	0.0423042	1514	3603	5117
6661	10/10/2011	4	0	10	2	1	1	0	1	0.48	0.4697	0.88	0	4	15	19	283	4	0	10	1	1	0	1	0.570833	0.542925	0.73375	0.0423042	1514	3603	5117
6662	10/10/2011	4	0	10	3	1	1	0	1	0.46	0.4545	0.88	0	2	9	11	283	4	0	10	1	1	0	1	0.570833	0.542925	0.73375	0.0423042	1514	3603	5117
6663	10/10/2011	4	0	10	4	1	1	0	1	0.46	0.4545	0.94	0	2	4	6	283	4	0	10	1	1	0	1	0.570833	0.542925	0.73375	0.0423042	1514	3603	5117
6664	10/10/2011	4	0	10	5	1	1	0	1	0.46	0.4545	0.94	0	2	19	21	283	4	0	10	1	1	0	1	0.570833	0.542925	0.73375	0.0423042	1514	3603	5117
6665	10/10/2011	4	0	10	6	1	1	0	1	0.44	0.4394	0.94	0	5	39	44	283	4	0	10	1	1	0	1	0.570833	0.542925	0.73375	0.0423042	1514	3603	5117
6666	10/10/2011	4	0	10	7	1	1	0	1	0.46	0.4545	0.88	0	12	102	114	283	4	0	10	1	1	0	1	0.570833	0.542925	0.73375	0.0423042	1514	3603	5117
6667	10/10/2011	4	0	10	8	1	1	0	1	0.52	0.5	0.83	0	27	227	254	283	4	0	10	1	1	0	1	0.570833	0.542925	0.73375	0.0423042	1514	3603	5117
6668	10/10/2011	4	0	10	9	1	1	0	1	0.54	0.5152	0.77	0	58	161	219	283	4	0	10	1	1	0	1	0.570833	0.542925	0.73375	0.0423042	1514	3603	5117
6669	10/10/2011	4	0	10	10	1	1	0	1	0.56	0.5303	0.73	0.1642	107	158	265	283	4	0	10	1	1	0	1	0.570833	0.542925	0.73375	0.0423042	1514	3603	5117
6670	10/10/2011	4	0	10	11	1	1	0	1	0.62	0.6061	0.69	0.0896	139	183	322	283	4	0	10	1	1	0	1	0.570833	0.542925	0.73375	0.0423042	1514	3603	5117
6671	10/10/2011	4	0	10	12	1	1	0	2	0.7	0.6515	0.48	0.0896	164	201	365	283	4	0	10	1	1	0	1	0.570833	0.542925	0.73375	0.0423042	1514	3603	5117
6672	10/10/2011	4	0	10	13	1	1	0	1	0.72	0.6515	0.37	0	146	219	365	283	4	0	10	1	1	0	1	0.570833	0.542925	0.73375	0.0423042	1514	3603	5117
6673	10/10/2011	4	0	10	14	1	1	0	1	0.74	0.6515	0.37	0	147	223	370	283	4	0	10	1	1	0	1	0.570833	0.542925	0.73375	0.0423042	1514	3603	5117
6674	10/10/2011	4	0	10	15	1	1	0	2	0.72	0.6515	0.42	0.1045	130	254	384	283	4	0	10	1	1	0	1	0.570833	0.542925	0.73375	0.0423042	1514	3603	5117
6675	10/10/2011	4	0	10	16	1	1	0	2	0.7	0.6364	0.45	0.0896	154	248	402	283	4	0	10	1	1	0	1	0.570833	0.542925	0.73375	0.0423042	1514	3603	5117
6676	10/10/2011	4	0	10	17	1	1	0	2	0.66	0.6212	0.54	0.1045	125	334	459	283	4	0	10	1	1	0	1	0.570833	0.542925	0.73375	0.0423042	1514	3603	5117
6677	10/10/2011	4	0	10	18	1	1	0	2	0.64	0.6212	0.53	0	108	365	473	283	4	0	10	1	1	0	1	0.570833	0.542925	0.73375	0.0423042	1514	3603	5117
6678	10/10/2011	4	0	10	19	1	1	0	2	0.58	0.5455	0.78	0.0896	69	267	336	283	4	0	10	1	1	0	1	0.570833	0.542925	0.73375	0.0423042	1514	3603	5117
6679	10/10/2011	4	0	10	20	1	1	0	1	0.6	0.5909	0.73	0	37	188	225	283	4	0	10	1	1	0	1	0.570833	0.542925	0.73375	0.0423042	1514	3603	5117
6680	10/10/2011	4	0	10	21	1	1	0	1	0.56	0.5303	0.88	0.0896	27	148	175	283	4	0	10	1	1	0	1	0.570833	0.542925	0.73375	0.0423042	1514	3603	5117
6681	10/10/2011	4	0	10	22	1	1	0	1	0.56	0.5303	0.88	0.0896	22	104	126	283	4	0	10	1	1	0	1	0.570833	0.542925	0.73375	0.0423042	1514	3603	5117
6682	10/10/2011	4	0	10	23	1	1	0	2	0.54	0.5152	0.88	0.1045	12	63	75	283	4	0	10	1	1	0	1	0.570833	0.542925	0.73375	0.0423042	1514	3603	5117
6683	10/11/2011	4	0	10	0	0	2	1	2	0.54	0.5152	0.88	0	14	16	30	284	4	0	10	0	2	1	2	0.566667	0.546096	0.80875	0.143042	667	3896	4563
6684	10/11/2011	4	0	10	1	0	2	1	2	0.52	0.5	0.94	0.0896	2	9	11	284	4	0	10	0	2	1	2	0.566667	0.546096	0.80875	0.143042	667	3896	4563
6685	10/11/2011	4	0	10	2	0	2	1	2	0.52	0.5	0.94	0.1343	1	4	5	284	4	0	10	0	2	1	2	0.566667	0.546096	0.80875	0.143042	667	3896	4563
6686	10/11/2011	4	0	10	3	0	2	1	2	0.52	0.5	0.88	0.1045	2	1	3	284	4	0	10	0	2	1	2	0.566667	0.546096	0.80875	0.143042	667	3896	4563
6687	10/11/2011	4	0	10	4	0	2	1	2	0.52	0.5	0.88	0.1343	0	5	5	284	4	0	10	0	2	1	2	0.566667	0.546096	0.80875	0.143042	667	3896	4563
6688	10/11/2011	4	0	10	5	0	2	1	2	0.52	0.5	0.88	0	0	20	20	284	4	0	10	0	2	1	2	0.566667	0.546096	0.80875	0.143042	667	3896	4563
6689	10/11/2011	4	0	10	6	0	2	1	1	0.52	0.5	0.83	0.0896	9	114	123	284	4	0	10	0	2	1	2	0.566667	0.546096	0.80875	0.143042	667	3896	4563
6690	10/11/2011	4	0	10	7	0	2	1	2	0.52	0.5	0.88	0.0896	19	333	352	284	4	0	10	0	2	1	2	0.566667	0.546096	0.80875	0.143042	667	3896	4563
6691	10/11/2011	4	0	10	8	0	2	1	2	0.56	0.5303	0.83	0.1045	31	375	406	284	4	0	10	0	2	1	2	0.566667	0.546096	0.80875	0.143042	667	3896	4563
6692	10/11/2011	4	0	10	9	0	2	1	2	0.6	0.5909	0.69	0	40	195	235	284	4	0	10	0	2	1	2	0.566667	0.546096	0.80875	0.143042	667	3896	4563
6693	10/11/2011	4	0	10	10	0	2	1	2	0.6	0.5909	0.69	0.1343	38	111	149	284	4	0	10	0	2	1	2	0.566667	0.546096	0.80875	0.143042	667	3896	4563
6694	10/11/2011	4	0	10	11	0	2	1	2	0.6	0.5909	0.73	0.1642	31	92	123	284	4	0	10	0	2	1	2	0.566667	0.546096	0.80875	0.143042	667	3896	4563
6695	10/11/2011	4	0	10	12	0	2	1	2	0.6	0.5909	0.73	0.1642	51	130	181	284	4	0	10	0	2	1	2	0.566667	0.546096	0.80875	0.143042	667	3896	4563
6696	10/11/2011	4	0	10	13	0	2	1	2	0.6	0.5909	0.73	0.194	42	138	180	284	4	0	10	0	2	1	2	0.566667	0.546096	0.80875	0.143042	667	3896	4563
6697	10/11/2011	4	0	10	14	0	2	1	3	0.6	0.5909	0.73	0.1045	54	117	171	284	4	0	10	0	2	1	2	0.566667	0.546096	0.80875	0.143042	667	3896	4563
6698	10/11/2011	4	0	10	15	0	2	1	2	0.6	0.5758	0.78	0.1642	36	139	175	284	4	0	10	0	2	1	2	0.566667	0.546096	0.80875	0.143042	667	3896	4563
6699	10/11/2011	4	0	10	16	0	2	1	2	0.6	0.5909	0.73	0.1642	63	257	320	284	4	0	10	0	2	1	2	0.566667	0.546096	0.80875	0.143042	667	3896	4563
6700	10/11/2011	4	0	10	17	0	2	1	2	0.6	0.5758	0.78	0.2537	70	534	604	284	4	0	10	0	2	1	2	0.566667	0.546096	0.80875	0.143042	667	3896	4563
6701	10/11/2011	4	0	10	18	0	2	1	2	0.6	0.5758	0.78	0.2239	46	493	539	284	4	0	10	0	2	1	2	0.566667	0.546096	0.80875	0.143042	667	3896	4563
6702	10/11/2011	4	0	10	19	0	2	1	2	0.58	0.5455	0.83	0.2239	33	285	318	284	4	0	10	0	2	1	2	0.566667	0.546096	0.80875	0.143042	667	3896	4563
6703	10/11/2011	4	0	10	20	0	2	1	2	0.58	0.5455	0.83	0.2239	31	203	234	284	4	0	10	0	2	1	2	0.566667	0.546096	0.80875	0.143042	667	3896	4563
6704	10/11/2011	4	0	10	21	0	2	1	2	0.58	0.5455	0.78	0.194	17	158	175	284	4	0	10	0	2	1	2	0.566667	0.546096	0.80875	0.143042	667	3896	4563
6705	10/11/2011	4	0	10	22	0	2	1	2	0.56	0.5303	0.83	0.194	27	120	147	284	4	0	10	0	2	1	2	0.566667	0.546096	0.80875	0.143042	667	3896	4563
6706	10/11/2011	4	0	10	23	0	2	1	2	0.56	0.5303	0.83	0.2836	10	47	57	284	4	0	10	0	2	1	2	0.566667	0.546096	0.80875	0.143042	667	3896	4563
6707	10/12/2011	4	0	10	0	0	3	1	2	0.56	0.5303	0.83	0.1343	2	23	25	285	4	0	10	0	3	1	3	0.543333	0.517717	0.90625	0.24815	217	2199	2416
6708	10/12/2011	4	0	10	1	0	3	1	3	0.56	0.5303	0.83	0.1343	2	8	10	285	4	0	10	0	3	1	3	0.543333	0.517717	0.90625	0.24815	217	2199	2416
6709	10/12/2011	4	0	10	2	0	3	1	2	0.56	0.5303	0.83	0.2836	0	2	2	285	4	0	10	0	3	1	3	0.543333	0.517717	0.90625	0.24815	217	2199	2416
6710	10/12/2011	4	0	10	3	0	3	1	3	0.54	0.5152	0.94	0.2985	0	2	2	285	4	0	10	0	3	1	3	0.543333	0.517717	0.90625	0.24815	217	2199	2416
6711	10/12/2011	4	0	10	4	0	3	1	3	0.54	0.5152	0.94	0.3881	1	6	7	285	4	0	10	0	3	1	3	0.543333	0.517717	0.90625	0.24815	217	2199	2416
6712	10/12/2011	4	0	10	5	0	3	1	2	0.54	0.5152	0.88	0.3284	0	22	22	285	4	0	10	0	3	1	3	0.543333	0.517717	0.90625	0.24815	217	2199	2416
6713	10/12/2011	4	0	10	6	0	3	1	2	0.54	0.5152	0.88	0.2537	5	107	112	285	4	0	10	0	3	1	3	0.543333	0.517717	0.90625	0.24815	217	2199	2416
6714	10/12/2011	4	0	10	7	0	3	1	2	0.54	0.5152	0.88	0.3881	15	244	259	285	4	0	10	0	3	1	3	0.543333	0.517717	0.90625	0.24815	217	2199	2416
6715	10/12/2011	4	0	10	8	0	3	1	2	0.54	0.5152	0.88	0.3881	27	377	404	285	4	0	10	0	3	1	3	0.543333	0.517717	0.90625	0.24815	217	2199	2416
6716	10/12/2011	4	0	10	9	0	3	1	2	0.54	0.5152	0.88	0.4478	14	183	197	285	4	0	10	0	3	1	3	0.543333	0.517717	0.90625	0.24815	217	2199	2416
6717	10/12/2011	4	0	10	10	0	3	1	2	0.54	0.5152	0.88	0.3881	15	98	113	285	4	0	10	0	3	1	3	0.543333	0.517717	0.90625	0.24815	217	2199	2416
6718	10/12/2011	4	0	10	11	0	3	1	3	0.54	0.5152	0.94	0.3284	18	102	120	285	4	0	10	0	3	1	3	0.543333	0.517717	0.90625	0.24815	217	2199	2416
6719	10/12/2011	4	0	10	12	0	3	1	3	0.54	0.5152	0.88	0.3284	9	53	62	285	4	0	10	0	3	1	3	0.543333	0.517717	0.90625	0.24815	217	2199	2416
6720	10/12/2011	4	0	10	13	0	3	1	3	0.54	0.5152	0.88	0.2239	25	76	101	285	4	0	10	0	3	1	3	0.543333	0.517717	0.90625	0.24815	217	2199	2416
6721	10/12/2011	4	0	10	14	0	3	1	3	0.54	0.5152	0.94	0.2836	8	70	78	285	4	0	10	0	3	1	3	0.543333	0.517717	0.90625	0.24815	217	2199	2416
6722	10/12/2011	4	0	10	15	0	3	1	3	0.54	0.5152	0.94	0.2537	3	42	45	285	4	0	10	0	3	1	3	0.543333	0.517717	0.90625	0.24815	217	2199	2416
6723	10/12/2011	4	0	10	16	0	3	1	2	0.56	0.5303	0.88	0.2239	5	50	55	285	4	0	10	0	3	1	3	0.543333	0.517717	0.90625	0.24815	217	2199	2416
6724	10/12/2011	4	0	10	17	0	3	1	3	0.54	0.5152	0.94	0.2239	16	235	251	285	4	0	10	0	3	1	3	0.543333	0.517717	0.90625	0.24815	217	2199	2416
6725	10/12/2011	4	0	10	18	0	3	1	3	0.54	0.5152	0.94	0.1343	11	161	172	285	4	0	10	0	3	1	3	0.543333	0.517717	0.90625	0.24815	217	2199	2416
6726	10/12/2011	4	0	10	19	0	3	1	3	0.54	0.5152	0.94	0.1343	7	102	109	285	4	0	10	0	3	1	3	0.543333	0.517717	0.90625	0.24815	217	2199	2416
6727	10/12/2011	4	0	10	20	0	3	1	3	0.54	0.5152	0.94	0.1045	9	81	90	285	4	0	10	0	3	1	3	0.543333	0.517717	0.90625	0.24815	217	2199	2416
6728	10/12/2011	4	0	10	21	0	3	1	3	0.54	0.5152	1	0.1045	9	74	83	285	4	0	10	0	3	1	3	0.543333	0.517717	0.90625	0.24815	217	2199	2416
6729	10/12/2011	4	0	10	22	0	3	1	3	0.54	0.5152	0.94	0.0896	3	40	43	285	4	0	10	0	3	1	3	0.543333	0.517717	0.90625	0.24815	217	2199	2416
6730	10/12/2011	4	0	10	23	0	3	1	3	0.54	0.5152	0.94	0.0896	13	41	54	285	4	0	10	0	3	1	3	0.543333	0.517717	0.90625	0.24815	217	2199	2416
6731	10/13/2011	4	0	10	0	0	4	1	2	0.54	0.5152	0.94	0.1343	1	14	15	286	4	0	10	0	4	1	2	0.589167	0.551804	0.896667	0.141787	290	2623	2913
6732	10/13/2011	4	0	10	1	0	4	1	2	0.54	0.5152	0.94	0	3	9	12	286	4	0	10	0	4	1	2	0.589167	0.551804	0.896667	0.141787	290	2623	2913
6733	10/13/2011	4	0	10	2	0	4	1	2	0.54	0.5152	0.94	0	0	4	4	286	4	0	10	0	4	1	2	0.589167	0.551804	0.896667	0.141787	290	2623	2913
6734	10/13/2011	4	0	10	3	0	4	1	2	0.54	0.5152	1	0.194	2	4	6	286	4	0	10	0	4	1	2	0.589167	0.551804	0.896667	0.141787	290	2623	2913
6735	10/13/2011	4	0	10	4	0	4	1	2	0.54	0.5152	1	0.1045	2	5	7	286	4	0	10	0	4	1	2	0.589167	0.551804	0.896667	0.141787	290	2623	2913
6736	10/13/2011	4	0	10	5	0	4	1	2	0.54	0.5152	1	0.1045	1	16	17	286	4	0	10	0	4	1	2	0.589167	0.551804	0.896667	0.141787	290	2623	2913
6737	10/13/2011	4	0	10	6	0	4	1	3	0.54	0.5152	1	0.0896	1	51	52	286	4	0	10	0	4	1	2	0.589167	0.551804	0.896667	0.141787	290	2623	2913
6738	10/13/2011	4	0	10	7	0	4	1	3	0.54	0.5152	1	0.1343	5	76	81	286	4	0	10	0	4	1	2	0.589167	0.551804	0.896667	0.141787	290	2623	2913
6739	10/13/2011	4	0	10	8	0	4	1	3	0.54	0.5152	1	0.0896	10	199	209	286	4	0	10	0	4	1	2	0.589167	0.551804	0.896667	0.141787	290	2623	2913
6740	10/13/2011	4	0	10	9	0	4	1	3	0.56	0.5303	1	0.1045	3	106	109	286	4	0	10	0	4	1	2	0.589167	0.551804	0.896667	0.141787	290	2623	2913
6741	10/13/2011	4	0	10	10	0	4	1	3	0.56	0.5303	1	0.1343	16	53	69	286	4	0	10	0	4	1	2	0.589167	0.551804	0.896667	0.141787	290	2623	2913
6742	10/13/2011	4	0	10	11	0	4	1	2	0.62	0.5758	0.83	0	8	76	84	286	4	0	10	0	4	1	2	0.589167	0.551804	0.896667	0.141787	290	2623	2913
6743	10/13/2011	4	0	10	12	0	4	1	2	0.62	0.5606	0.88	0	10	95	105	286	4	0	10	0	4	1	2	0.589167	0.551804	0.896667	0.141787	290	2623	2913
6744	10/13/2011	4	0	10	13	0	4	1	2	0.64	0.5758	0.83	0.1642	20	142	162	286	4	0	10	0	4	1	2	0.589167	0.551804	0.896667	0.141787	290	2623	2913
6745	10/13/2011	4	0	10	14	0	4	1	1	0.66	0.6061	0.78	0.194	22	111	133	286	4	0	10	0	4	1	2	0.589167	0.551804	0.896667	0.141787	290	2623	2913
6746	10/13/2011	4	0	10	15	0	4	1	1	0.66	0.6061	0.78	0.194	27	128	155	286	4	0	10	0	4	1	2	0.589167	0.551804	0.896667	0.141787	290	2623	2913
6747	10/13/2011	4	0	10	16	0	4	1	1	0.66	0.6212	0.74	0.2239	36	240	276	286	4	0	10	0	4	1	2	0.589167	0.551804	0.896667	0.141787	290	2623	2913
6748	10/13/2011	4	0	10	17	0	4	1	3	0.62	0.5758	0.83	0.2537	47	432	479	286	4	0	10	0	4	1	2	0.589167	0.551804	0.896667	0.141787	290	2623	2913
6749	10/13/2011	4	0	10	18	0	4	1	3	0.62	0.5758	0.83	0.2537	20	248	268	286	4	0	10	0	4	1	2	0.589167	0.551804	0.896667	0.141787	290	2623	2913
6750	10/13/2011	4	0	10	19	0	4	1	2	0.62	0.5758	0.83	0.1642	18	187	205	286	4	0	10	0	4	1	2	0.589167	0.551804	0.896667	0.141787	290	2623	2913
6751	10/13/2011	4	0	10	20	0	4	1	1	0.62	0.5758	0.83	0.2836	15	166	181	286	4	0	10	0	4	1	2	0.589167	0.551804	0.896667	0.141787	290	2623	2913
6752	10/13/2011	4	0	10	21	0	4	1	1	0.62	0.5758	0.83	0.194	8	115	123	286	4	0	10	0	4	1	2	0.589167	0.551804	0.896667	0.141787	290	2623	2913
6753	10/13/2011	4	0	10	22	0	4	1	1	0.62	0.5758	0.83	0.194	13	101	114	286	4	0	10	0	4	1	2	0.589167	0.551804	0.896667	0.141787	290	2623	2913
6754	10/13/2011	4	0	10	23	0	4	1	2	0.58	0.5455	0.88	0.194	2	45	47	286	4	0	10	0	4	1	2	0.589167	0.551804	0.896667	0.141787	290	2623	2913
6755	10/14/2011	4	0	10	0	0	5	1	1	0.58	0.5455	0.94	0.0896	10	29	39	287	4	0	10	0	5	1	2	0.550833	0.529675	0.71625	0.223883	529	3115	3644
6756	10/14/2011	4	0	10	1	0	5	1	1	0.58	0.5455	0.94	0.1343	8	16	24	287	4	0	10	0	5	1	2	0.550833	0.529675	0.71625	0.223883	529	3115	3644
6757	10/14/2011	4	0	10	2	0	5	1	1	0.56	0.5303	0.94	0.1642	0	6	6	287	4	0	10	0	5	1	2	0.550833	0.529675	0.71625	0.223883	529	3115	3644
6758	10/14/2011	4	0	10	3	0	5	1	1	0.56	0.5303	0.94	0.1343	1	6	7	287	4	0	10	0	5	1	2	0.550833	0.529675	0.71625	0.223883	529	3115	3644
6759	10/14/2011	4	0	10	4	0	5	1	1	0.56	0.5303	0.94	0.194	0	8	8	287	4	0	10	0	5	1	2	0.550833	0.529675	0.71625	0.223883	529	3115	3644
6760	10/14/2011	4	0	10	5	0	5	1	2	0.56	0.5303	0.94	0.1642	0	17	17	287	4	0	10	0	5	1	2	0.550833	0.529675	0.71625	0.223883	529	3115	3644
6761	10/14/2011	4	0	10	6	0	5	1	3	0.56	0.5303	0.88	0.194	4	90	94	287	4	0	10	0	5	1	2	0.550833	0.529675	0.71625	0.223883	529	3115	3644
6762	10/14/2011	4	0	10	7	0	5	1	3	0.56	0.5303	0.88	0.194	10	137	147	287	4	0	10	0	5	1	2	0.550833	0.529675	0.71625	0.223883	529	3115	3644
6763	10/14/2011	4	0	10	8	0	5	1	2	0.56	0.5303	0.9	0.1642	23	186	209	287	4	0	10	0	5	1	2	0.550833	0.529675	0.71625	0.223883	529	3115	3644
6764	10/14/2011	4	0	10	9	0	5	1	2	0.56	0.5303	0.94	0.2239	16	164	180	287	4	0	10	0	5	1	2	0.550833	0.529675	0.71625	0.223883	529	3115	3644
6765	10/14/2011	4	0	10	10	0	5	1	3	0.54	0.5152	0.88	0.3582	17	108	125	287	4	0	10	0	5	1	2	0.550833	0.529675	0.71625	0.223883	529	3115	3644
6766	10/14/2011	4	0	10	11	0	5	1	3	0.52	0.5	0.88	0.1642	11	76	87	287	4	0	10	0	5	1	2	0.550833	0.529675	0.71625	0.223883	529	3115	3644
6767	10/14/2011	4	0	10	12	0	5	1	3	0.52	0.5	0.88	0.1642	13	62	75	287	4	0	10	0	5	1	2	0.550833	0.529675	0.71625	0.223883	529	3115	3644
6768	10/14/2011	4	0	10	13	0	5	1	1	0.56	0.5303	0.73	0.3582	18	114	132	287	4	0	10	0	5	1	2	0.550833	0.529675	0.71625	0.223883	529	3115	3644
6769	10/14/2011	4	0	10	14	0	5	1	1	0.62	0.6212	0.43	0.3582	37	119	156	287	4	0	10	0	5	1	2	0.550833	0.529675	0.71625	0.223883	529	3115	3644
6770	10/14/2011	4	0	10	15	0	5	1	1	0.62	0.6212	0.43	0.2836	61	169	230	287	4	0	10	0	5	1	2	0.550833	0.529675	0.71625	0.223883	529	3115	3644
6771	10/14/2011	4	0	10	16	0	5	1	1	0.6	0.6212	0.43	0.2239	80	264	344	287	4	0	10	0	5	1	2	0.550833	0.529675	0.71625	0.223883	529	3115	3644
6772	10/14/2011	4	0	10	17	0	5	1	1	0.58	0.5455	0.46	0.4179	55	426	481	287	4	0	10	0	5	1	2	0.550833	0.529675	0.71625	0.223883	529	3115	3644
6773	10/14/2011	4	0	10	18	0	5	1	1	0.54	0.5152	0.39	0.2836	62	361	423	287	4	0	10	0	5	1	2	0.550833	0.529675	0.71625	0.223883	529	3115	3644
6774	10/14/2011	4	0	10	19	0	5	1	1	0.54	0.5152	0.39	0.3284	27	221	248	287	4	0	10	0	5	1	2	0.550833	0.529675	0.71625	0.223883	529	3115	3644
6775	10/14/2011	4	0	10	20	0	5	1	1	0.52	0.5	0.42	0.194	19	177	196	287	4	0	10	0	5	1	2	0.550833	0.529675	0.71625	0.223883	529	3115	3644
6776	10/14/2011	4	0	10	21	0	5	1	1	0.5	0.4848	0.45	0.194	22	156	178	287	4	0	10	0	5	1	2	0.550833	0.529675	0.71625	0.223883	529	3115	3644
6777	10/14/2011	4	0	10	22	0	5	1	1	0.46	0.4545	0.59	0.2239	20	123	143	287	4	0	10	0	5	1	2	0.550833	0.529675	0.71625	0.223883	529	3115	3644
6778	10/14/2011	4	0	10	23	0	5	1	1	0.46	0.4545	0.59	0.1642	15	80	95	287	4	0	10	0	5	1	2	0.550833	0.529675	0.71625	0.223883	529	3115	3644
6779	10/15/2011	4	0	10	0	0	6	0	1	0.46	0.4545	0.55	0.1045	18	88	106	288	4	0	10	0	6	0	1	0.506667	0.498725	0.483333	0.258083	1899	3318	5217
6780	10/15/2011	4	0	10	1	0	6	0	1	0.46	0.4545	0.55	0.2537	9	64	73	288	4	0	10	0	6	0	1	0.506667	0.498725	0.483333	0.258083	1899	3318	5217
6781	10/15/2011	4	0	10	2	0	6	0	1	0.46	0.4545	0.59	0.194	17	39	56	288	4	0	10	0	6	0	1	0.506667	0.498725	0.483333	0.258083	1899	3318	5217
6782	10/15/2011	4	0	10	3	0	6	0	1	0.44	0.4394	0.62	0.194	5	18	23	288	4	0	10	0	6	0	1	0.506667	0.498725	0.483333	0.258083	1899	3318	5217
6783	10/15/2011	4	0	10	4	0	6	0	1	0.42	0.4242	0.67	0.1343	0	6	6	288	4	0	10	0	6	0	1	0.506667	0.498725	0.483333	0.258083	1899	3318	5217
6784	10/15/2011	4	0	10	5	0	6	0	1	0.42	0.4242	0.71	0.1642	1	6	7	288	4	0	10	0	6	0	1	0.506667	0.498725	0.483333	0.258083	1899	3318	5217
6785	10/15/2011	4	0	10	6	0	6	0	1	0.4	0.4091	0.71	0	5	15	20	288	4	0	10	0	6	0	1	0.506667	0.498725	0.483333	0.258083	1899	3318	5217
6786	10/15/2011	4	0	10	7	0	6	0	1	0.4	0.4091	0.76	0.1045	17	40	57	288	4	0	10	0	6	0	1	0.506667	0.498725	0.483333	0.258083	1899	3318	5217
6787	10/15/2011	4	0	10	8	0	6	0	1	0.46	0.4545	0.59	0.2836	24	101	125	288	4	0	10	0	6	0	1	0.506667	0.498725	0.483333	0.258083	1899	3318	5217
6788	10/15/2011	4	0	10	9	0	6	0	1	0.52	0.5	0.48	0.2985	50	157	207	288	4	0	10	0	6	0	1	0.506667	0.498725	0.483333	0.258083	1899	3318	5217
6789	10/15/2011	4	0	10	10	0	6	0	1	0.54	0.5152	0.45	0.4478	115	207	322	288	4	0	10	0	6	0	1	0.506667	0.498725	0.483333	0.258083	1899	3318	5217
6790	10/15/2011	4	0	10	11	0	6	0	1	0.56	0.5303	0.4	0.3881	153	221	374	288	4	0	10	0	6	0	1	0.506667	0.498725	0.483333	0.258083	1899	3318	5217
6791	10/15/2011	4	0	10	12	0	6	0	1	0.58	0.5455	0.35	0.5522	195	261	456	288	4	0	10	0	6	0	1	0.506667	0.498725	0.483333	0.258083	1899	3318	5217
6792	10/15/2011	4	0	10	13	0	6	0	1	0.6	0.6212	0.35	0.4627	171	223	394	288	4	0	10	0	6	0	1	0.506667	0.498725	0.483333	0.258083	1899	3318	5217
6793	10/15/2011	4	0	10	14	0	6	0	1	0.6	0.6212	0.33	0.4627	242	230	472	288	4	0	10	0	6	0	1	0.506667	0.498725	0.483333	0.258083	1899	3318	5217
6794	10/15/2011	4	0	10	15	0	6	0	1	0.62	0.6212	0.31	0.4925	166	211	377	288	4	0	10	0	6	0	1	0.506667	0.498725	0.483333	0.258083	1899	3318	5217
6795	10/15/2011	4	0	10	16	0	6	0	1	0.62	0.6212	0.29	0.3881	179	264	443	288	4	0	10	0	6	0	1	0.506667	0.498725	0.483333	0.258083	1899	3318	5217
6796	10/15/2011	4	0	10	17	0	6	0	1	0.58	0.5455	0.32	0.2836	177	264	441	288	4	0	10	0	6	0	1	0.506667	0.498725	0.483333	0.258083	1899	3318	5217
6797	10/15/2011	4	0	10	18	0	6	0	1	0.54	0.5152	0.39	0.194	121	251	372	288	4	0	10	0	6	0	1	0.506667	0.498725	0.483333	0.258083	1899	3318	5217
6798	10/15/2011	4	0	10	19	0	6	0	1	0.5	0.4848	0.51	0.1343	61	177	238	288	4	0	10	0	6	0	1	0.506667	0.498725	0.483333	0.258083	1899	3318	5217
6799	10/15/2011	4	0	10	20	0	6	0	1	0.5	0.4848	0.48	0.1343	42	137	179	288	4	0	10	0	6	0	1	0.506667	0.498725	0.483333	0.258083	1899	3318	5217
6800	10/15/2011	4	0	10	21	0	6	0	1	0.5	0.4848	0.42	0.2239	53	115	168	288	4	0	10	0	6	0	1	0.506667	0.498725	0.483333	0.258083	1899	3318	5217
6801	10/15/2011	4	0	10	22	0	6	0	1	0.5	0.4848	0.36	0.1343	45	121	166	288	4	0	10	0	6	0	1	0.506667	0.498725	0.483333	0.258083	1899	3318	5217
6802	10/15/2011	4	0	10	23	0	6	0	1	0.48	0.4697	0.41	0.1642	33	102	135	288	4	0	10	0	6	0	1	0.506667	0.498725	0.483333	0.258083	1899	3318	5217
6803	10/16/2011	4	0	10	0	0	0	0	1	0.46	0.4545	0.44	0.1343	22	85	107	289	4	0	10	0	0	0	1	0.511667	0.503154	0.486667	0.281717	1748	3293	5041
6804	10/16/2011	4	0	10	1	0	0	0	1	0.44	0.4394	0.47	0.1343	13	64	77	289	4	0	10	0	0	0	1	0.511667	0.503154	0.486667	0.281717	1748	3293	5041
6805	10/16/2011	4	0	10	2	0	0	0	1	0.42	0.4242	0.54	0.1343	13	52	65	289	4	0	10	0	0	0	1	0.511667	0.503154	0.486667	0.281717	1748	3293	5041
6806	10/16/2011	4	0	10	3	0	0	0	1	0.42	0.4242	0.54	0.1343	11	31	42	289	4	0	10	0	0	0	1	0.511667	0.503154	0.486667	0.281717	1748	3293	5041
6807	10/16/2011	4	0	10	4	0	0	0	1	0.42	0.4242	0.54	0.194	5	7	12	289	4	0	10	0	0	0	1	0.511667	0.503154	0.486667	0.281717	1748	3293	5041
6808	10/16/2011	4	0	10	5	0	0	0	1	0.42	0.4242	0.54	0.1642	1	6	7	289	4	0	10	0	0	0	1	0.511667	0.503154	0.486667	0.281717	1748	3293	5041
6809	10/16/2011	4	0	10	6	0	0	0	1	0.38	0.3939	0.66	0.1642	3	7	10	289	4	0	10	0	0	0	1	0.511667	0.503154	0.486667	0.281717	1748	3293	5041
6810	10/16/2011	4	0	10	7	0	0	0	1	0.4	0.4091	0.62	0.1343	9	39	48	289	4	0	10	0	0	0	1	0.511667	0.503154	0.486667	0.281717	1748	3293	5041
6811	10/16/2011	4	0	10	8	0	0	0	1	0.44	0.4394	0.62	0.194	28	71	99	289	4	0	10	0	0	0	1	0.511667	0.503154	0.486667	0.281717	1748	3293	5041
6812	10/16/2011	4	0	10	9	0	0	0	1	0.5	0.4848	0.45	0.2239	39	151	190	289	4	0	10	0	0	0	1	0.511667	0.503154	0.486667	0.281717	1748	3293	5041
6813	10/16/2011	4	0	10	10	0	0	0	1	0.54	0.5152	0.45	0.2537	121	226	347	289	4	0	10	0	0	0	1	0.511667	0.503154	0.486667	0.281717	1748	3293	5041
6814	10/16/2011	4	0	10	11	0	0	0	1	0.56	0.5303	0.35	0.2836	159	218	377	289	4	0	10	0	0	0	1	0.511667	0.503154	0.486667	0.281717	1748	3293	5041
6815	10/16/2011	4	0	10	12	0	0	0	1	0.58	0.5455	0.35	0.2537	167	277	444	289	4	0	10	0	0	0	1	0.511667	0.503154	0.486667	0.281717	1748	3293	5041
6816	10/16/2011	4	0	10	13	0	0	0	1	0.6	0.6212	0.35	0.2985	169	269	438	289	4	0	10	0	0	0	1	0.511667	0.503154	0.486667	0.281717	1748	3293	5041
6817	10/16/2011	4	0	10	14	0	0	0	1	0.6	0.6212	0.4	0.2985	204	258	462	289	4	0	10	0	0	0	1	0.511667	0.503154	0.486667	0.281717	1748	3293	5041
6818	10/16/2011	4	0	10	15	0	0	0	1	0.62	0.6212	0.35	0.3881	182	230	412	289	4	0	10	0	0	0	1	0.511667	0.503154	0.486667	0.281717	1748	3293	5041
6819	10/16/2011	4	0	10	16	0	0	0	1	0.6	0.6212	0.46	0.3881	177	289	466	289	4	0	10	0	0	0	1	0.511667	0.503154	0.486667	0.281717	1748	3293	5041
6820	10/16/2011	4	0	10	17	0	0	0	1	0.58	0.5455	0.49	0.4627	152	253	405	289	4	0	10	0	0	0	1	0.511667	0.503154	0.486667	0.281717	1748	3293	5041
6821	10/16/2011	4	0	10	18	0	0	0	1	0.56	0.5303	0.49	0.4478	102	226	328	289	4	0	10	0	0	0	1	0.511667	0.503154	0.486667	0.281717	1748	3293	5041
6822	10/16/2011	4	0	10	19	0	0	0	1	0.54	0.5152	0.52	0.3881	52	181	233	289	4	0	10	0	0	0	1	0.511667	0.503154	0.486667	0.281717	1748	3293	5041
6823	10/16/2011	4	0	10	20	0	0	0	1	0.54	0.5152	0.52	0.4627	49	129	178	289	4	0	10	0	0	0	1	0.511667	0.503154	0.486667	0.281717	1748	3293	5041
6824	10/16/2011	4	0	10	21	0	0	0	1	0.54	0.5152	0.52	0.3881	14	88	102	289	4	0	10	0	0	0	1	0.511667	0.503154	0.486667	0.281717	1748	3293	5041
6825	10/16/2011	4	0	10	22	0	0	0	1	0.56	0.5303	0.49	0.4179	42	88	130	289	4	0	10	0	0	0	1	0.511667	0.503154	0.486667	0.281717	1748	3293	5041
6826	10/16/2011	4	0	10	23	0	0	0	1	0.56	0.5303	0.52	0.4179	14	48	62	289	4	0	10	0	0	0	1	0.511667	0.503154	0.486667	0.281717	1748	3293	5041
6827	10/17/2011	4	0	10	0	0	1	1	1	0.54	0.5152	0.56	0.3284	12	25	37	290	4	0	10	0	1	1	1	0.534167	0.510725	0.579583	0.175379	713	3857	4570
6828	10/17/2011	4	0	10	1	0	1	1	1	0.56	0.5303	0.54	0.3881	2	15	17	290	4	0	10	0	1	1	1	0.534167	0.510725	0.579583	0.175379	713	3857	4570
6829	10/17/2011	4	0	10	2	0	1	1	1	0.56	0.5303	0.54	0.3881	4	3	7	290	4	0	10	0	1	1	1	0.534167	0.510725	0.579583	0.175379	713	3857	4570
6830	10/17/2011	4	0	10	3	0	1	1	1	0.56	0.5303	0.49	0.194	0	2	2	290	4	0	10	0	1	1	1	0.534167	0.510725	0.579583	0.175379	713	3857	4570
6831	10/17/2011	4	0	10	4	0	1	1	1	0.52	0.5	0.59	0.1642	2	3	5	290	4	0	10	0	1	1	1	0.534167	0.510725	0.579583	0.175379	713	3857	4570
6832	10/17/2011	4	0	10	5	0	1	1	1	0.5	0.4848	0.63	0.2985	1	28	29	290	4	0	10	0	1	1	1	0.534167	0.510725	0.579583	0.175379	713	3857	4570
6833	10/17/2011	4	0	10	6	0	1	1	1	0.5	0.4848	0.55	0.2537	7	107	114	290	4	0	10	0	1	1	1	0.534167	0.510725	0.579583	0.175379	713	3857	4570
6834	10/17/2011	4	0	10	7	0	1	1	2	0.5	0.4848	0.55	0.1642	10	299	309	290	4	0	10	0	1	1	1	0.534167	0.510725	0.579583	0.175379	713	3857	4570
6835	10/17/2011	4	0	10	8	0	1	1	2	0.5	0.4848	0.51	0.2537	33	381	414	290	4	0	10	0	1	1	1	0.534167	0.510725	0.579583	0.175379	713	3857	4570
6836	10/17/2011	4	0	10	9	0	1	1	2	0.5	0.4848	0.45	0.2836	26	180	206	290	4	0	10	0	1	1	1	0.534167	0.510725	0.579583	0.175379	713	3857	4570
6837	10/17/2011	4	0	10	10	0	1	1	1	0.52	0.5	0.45	0.1642	43	92	135	290	4	0	10	0	1	1	1	0.534167	0.510725	0.579583	0.175379	713	3857	4570
6838	10/17/2011	4	0	10	11	0	1	1	1	0.56	0.5303	0.43	0	35	131	166	290	4	0	10	0	1	1	1	0.534167	0.510725	0.579583	0.175379	713	3857	4570
6839	10/17/2011	4	0	10	12	0	1	1	1	0.56	0.5303	0.4	0.0896	39	166	205	290	4	0	10	0	1	1	1	0.534167	0.510725	0.579583	0.175379	713	3857	4570
6840	10/17/2011	4	0	10	13	0	1	1	1	0.56	0.5303	0.46	0.0896	49	156	205	290	4	0	10	0	1	1	1	0.534167	0.510725	0.579583	0.175379	713	3857	4570
6841	10/17/2011	4	0	10	14	0	1	1	1	0.58	0.5455	0.49	0.194	44	122	166	290	4	0	10	0	1	1	1	0.534167	0.510725	0.579583	0.175379	713	3857	4570
6842	10/17/2011	4	0	10	15	0	1	1	1	0.56	0.5303	0.6	0.2537	66	142	208	290	4	0	10	0	1	1	1	0.534167	0.510725	0.579583	0.175379	713	3857	4570
6843	10/17/2011	4	0	10	16	0	1	1	1	0.58	0.5455	0.56	0.2537	64	238	302	290	4	0	10	0	1	1	1	0.534167	0.510725	0.579583	0.175379	713	3857	4570
6844	10/17/2011	4	0	10	17	0	1	1	1	0.56	0.5303	0.64	0.1343	80	540	620	290	4	0	10	0	1	1	1	0.534167	0.510725	0.579583	0.175379	713	3857	4570
6845	10/17/2011	4	0	10	18	0	1	1	1	0.56	0.5303	0.6	0	49	469	518	290	4	0	10	0	1	1	1	0.534167	0.510725	0.579583	0.175379	713	3857	4570
6846	10/17/2011	4	0	10	19	0	1	1	1	0.54	0.5152	0.68	0.1045	45	288	333	290	4	0	10	0	1	1	1	0.534167	0.510725	0.579583	0.175379	713	3857	4570
6847	10/17/2011	4	0	10	20	0	1	1	1	0.52	0.5	0.77	0.1045	40	189	229	290	4	0	10	0	1	1	1	0.534167	0.510725	0.579583	0.175379	713	3857	4570
6848	10/17/2011	4	0	10	21	0	1	1	1	0.5	0.4848	0.77	0.1045	36	141	177	290	4	0	10	0	1	1	1	0.534167	0.510725	0.579583	0.175379	713	3857	4570
6849	10/17/2011	4	0	10	22	0	1	1	1	0.5	0.4848	0.77	0	16	88	104	290	4	0	10	0	1	1	1	0.534167	0.510725	0.579583	0.175379	713	3857	4570
6850	10/17/2011	4	0	10	23	0	1	1	2	0.48	0.4697	0.88	0	10	52	62	290	4	0	10	0	1	1	1	0.534167	0.510725	0.579583	0.175379	713	3857	4570
6851	10/18/2011	4	0	10	0	0	2	1	1	0.48	0.4697	0.82	0	8	23	31	291	4	0	10	0	2	1	2	0.5325	0.522721	0.701667	0.110087	637	4111	4748
6852	10/18/2011	4	0	10	1	0	2	1	2	0.46	0.4545	0.88	0	4	7	11	291	4	0	10	0	2	1	2	0.5325	0.522721	0.701667	0.110087	637	4111	4748
6853	10/18/2011	4	0	10	2	0	2	1	1	0.44	0.4394	0.94	0.0896	1	4	5	291	4	0	10	0	2	1	2	0.5325	0.522721	0.701667	0.110087	637	4111	4748
6854	10/18/2011	4	0	10	3	0	2	1	1	0.44	0.4394	0.94	0.0896	0	1	1	291	4	0	10	0	2	1	2	0.5325	0.522721	0.701667	0.110087	637	4111	4748
6855	10/18/2011	4	0	10	4	0	2	1	2	0.44	0.4394	0.94	0.1045	0	4	4	291	4	0	10	0	2	1	2	0.5325	0.522721	0.701667	0.110087	637	4111	4748
6856	10/18/2011	4	0	10	5	0	2	1	2	0.46	0.4545	0.88	0	2	19	21	291	4	0	10	0	2	1	2	0.5325	0.522721	0.701667	0.110087	637	4111	4748
6857	10/18/2011	4	0	10	6	0	2	1	1	0.46	0.4545	0.82	0.0896	4	105	109	291	4	0	10	0	2	1	2	0.5325	0.522721	0.701667	0.110087	637	4111	4748
6858	10/18/2011	4	0	10	7	0	2	1	1	0.46	0.4545	0.88	0.0896	15	326	341	291	4	0	10	0	2	1	2	0.5325	0.522721	0.701667	0.110087	637	4111	4748
6859	10/18/2011	4	0	10	8	0	2	1	1	0.5	0.4848	0.77	0.0896	25	474	499	291	4	0	10	0	2	1	2	0.5325	0.522721	0.701667	0.110087	637	4111	4748
6860	10/18/2011	4	0	10	9	0	2	1	2	0.52	0.5	0.77	0.0896	29	198	227	291	4	0	10	0	2	1	2	0.5325	0.522721	0.701667	0.110087	637	4111	4748
6861	10/18/2011	4	0	10	10	0	2	1	2	0.56	0.5303	0.68	0	27	75	102	291	4	0	10	0	2	1	2	0.5325	0.522721	0.701667	0.110087	637	4111	4748
6862	10/18/2011	4	0	10	11	0	2	1	2	0.6	0.6212	0.49	0.1045	35	112	147	291	4	0	10	0	2	1	2	0.5325	0.522721	0.701667	0.110087	637	4111	4748
6863	10/18/2011	4	0	10	12	0	2	1	2	0.62	0.6212	0.43	0.0896	42	159	201	291	4	0	10	0	2	1	2	0.5325	0.522721	0.701667	0.110087	637	4111	4748
6864	10/18/2011	4	0	10	13	0	2	1	2	0.64	0.6212	0.38	0.194	48	171	219	291	4	0	10	0	2	1	2	0.5325	0.522721	0.701667	0.110087	637	4111	4748
6865	10/18/2011	4	0	10	14	0	2	1	2	0.62	0.6212	0.41	0.1642	32	137	169	291	4	0	10	0	2	1	2	0.5325	0.522721	0.701667	0.110087	637	4111	4748
6866	10/18/2011	4	0	10	15	0	2	1	1	0.62	0.6212	0.5	0.194	66	139	205	291	4	0	10	0	2	1	2	0.5325	0.522721	0.701667	0.110087	637	4111	4748
6867	10/18/2011	4	0	10	16	0	2	1	1	0.62	0.6212	0.57	0.2537	58	246	304	291	4	0	10	0	2	1	2	0.5325	0.522721	0.701667	0.110087	637	4111	4748
6868	10/18/2011	4	0	10	17	0	2	1	1	0.6	0.6061	0.6	0.1343	72	553	625	291	4	0	10	0	2	1	2	0.5325	0.522721	0.701667	0.110087	637	4111	4748
6869	10/18/2011	4	0	10	18	0	2	1	1	0.56	0.5303	0.68	0.1045	58	512	570	291	4	0	10	0	2	1	2	0.5325	0.522721	0.701667	0.110087	637	4111	4748
6870	10/18/2011	4	0	10	19	0	2	1	1	0.56	0.5303	0.6	0.1045	31	286	317	291	4	0	10	0	2	1	2	0.5325	0.522721	0.701667	0.110087	637	4111	4748
6871	10/18/2011	4	0	10	20	0	2	1	1	0.54	0.5152	0.64	0.1642	23	204	227	291	4	0	10	0	2	1	2	0.5325	0.522721	0.701667	0.110087	637	4111	4748
6872	10/18/2011	4	0	10	21	0	2	1	2	0.54	0.5152	0.68	0.1343	28	178	206	291	4	0	10	0	2	1	2	0.5325	0.522721	0.701667	0.110087	637	4111	4748
6873	10/18/2011	4	0	10	22	0	2	1	2	0.52	0.5	0.77	0.1642	22	115	137	291	4	0	10	0	2	1	2	0.5325	0.522721	0.701667	0.110087	637	4111	4748
6874	10/18/2011	4	0	10	23	0	2	1	2	0.52	0.5	0.77	0.194	7	63	70	291	4	0	10	0	2	1	2	0.5325	0.522721	0.701667	0.110087	637	4111	4748
6875	10/19/2011	4	0	10	0	0	3	1	2	0.52	0.5	0.77	0.194	11	23	34	292	4	0	10	0	3	1	3	0.541739	0.513848	0.895217	0.243339	254	2170	2424
6876	10/19/2011	4	0	10	1	0	3	1	2	0.52	0.5	0.77	0.194	7	9	16	292	4	0	10	0	3	1	3	0.541739	0.513848	0.895217	0.243339	254	2170	2424
6877	10/19/2011	4	0	10	2	0	3	1	2	0.52	0.5	0.77	0.194	1	6	7	292	4	0	10	0	3	1	3	0.541739	0.513848	0.895217	0.243339	254	2170	2424
6878	10/19/2011	4	0	10	4	0	3	1	3	0.5	0.4848	0.94	0.194	0	3	3	292	4	0	10	0	3	1	3	0.541739	0.513848	0.895217	0.243339	254	2170	2424
6879	10/19/2011	4	0	10	5	0	3	1	3	0.5	0.4848	1	0.1045	0	3	3	292	4	0	10	0	3	1	3	0.541739	0.513848	0.895217	0.243339	254	2170	2424
6880	10/19/2011	4	0	10	6	0	3	1	3	0.52	0.5	0.83	0.2537	3	28	31	292	4	0	10	0	3	1	3	0.541739	0.513848	0.895217	0.243339	254	2170	2424
6881	10/19/2011	4	0	10	7	0	3	1	3	0.52	0.5	0.77	0.2537	1	67	68	292	4	0	10	0	3	1	3	0.541739	0.513848	0.895217	0.243339	254	2170	2424
6882	10/19/2011	4	0	10	8	0	3	1	3	0.54	0.5152	0.7	0.4925	10	200	210	292	4	0	10	0	3	1	3	0.541739	0.513848	0.895217	0.243339	254	2170	2424
6883	10/19/2011	4	0	10	9	0	3	1	3	0.52	0.5	0.88	0.4925	17	185	202	292	4	0	10	0	3	1	3	0.541739	0.513848	0.895217	0.243339	254	2170	2424
6884	10/19/2011	4	0	10	10	0	3	1	3	0.52	0.5	0.88	0.4925	14	109	123	292	4	0	10	0	3	1	3	0.541739	0.513848	0.895217	0.243339	254	2170	2424
6885	10/19/2011	4	0	10	11	0	3	1	3	0.52	0.5	0.94	0.2537	33	116	149	292	4	0	10	0	3	1	3	0.541739	0.513848	0.895217	0.243339	254	2170	2424
6886	10/19/2011	4	0	10	12	0	3	1	3	0.52	0.5	0.94	0.3284	13	117	130	292	4	0	10	0	3	1	3	0.541739	0.513848	0.895217	0.243339	254	2170	2424
6887	10/19/2011	4	0	10	13	0	3	1	2	0.54	0.5152	0.94	0.2836	20	86	106	292	4	0	10	0	3	1	3	0.541739	0.513848	0.895217	0.243339	254	2170	2424
6888	10/19/2011	4	0	10	14	0	3	1	3	0.54	0.5152	0.94	0.1642	17	80	97	292	4	0	10	0	3	1	3	0.541739	0.513848	0.895217	0.243339	254	2170	2424
6889	10/19/2011	4	0	10	15	0	3	1	3	0.54	0.5152	1	0.1343	21	99	120	292	4	0	10	0	3	1	3	0.541739	0.513848	0.895217	0.243339	254	2170	2424
6890	10/19/2011	4	0	10	16	0	3	1	3	0.56	0.5303	0.94	0.1642	21	180	201	292	4	0	10	0	3	1	3	0.541739	0.513848	0.895217	0.243339	254	2170	2424
6891	10/19/2011	4	0	10	17	0	3	1	3	0.56	0.5303	0.94	0.1642	11	170	181	292	4	0	10	0	3	1	3	0.541739	0.513848	0.895217	0.243339	254	2170	2424
6892	10/19/2011	4	0	10	18	0	3	1	3	0.56	0.5303	1	0.1642	8	132	140	292	4	0	10	0	3	1	3	0.541739	0.513848	0.895217	0.243339	254	2170	2424
6893	10/19/2011	4	0	10	19	0	3	1	2	0.6	0.5455	0.88	0.1343	8	189	197	292	4	0	10	0	3	1	3	0.541739	0.513848	0.895217	0.243339	254	2170	2424
6894	10/19/2011	4	0	10	20	0	3	1	3	0.6	0.5152	0.94	0.0896	5	140	145	292	4	0	10	0	3	1	3	0.541739	0.513848	0.895217	0.243339	254	2170	2424
6895	10/19/2011	4	0	10	21	0	3	1	2	0.58	0.5455	0.94	0.1343	6	79	85	292	4	0	10	0	3	1	3	0.541739	0.513848	0.895217	0.243339	254	2170	2424
6896	10/19/2011	4	0	10	22	0	3	1	2	0.58	0.5455	0.94	0.3582	13	94	107	292	4	0	10	0	3	1	3	0.541739	0.513848	0.895217	0.243339	254	2170	2424
6897	10/19/2011	4	0	10	23	0	3	1	2	0.58	0.5455	0.94	0.3582	14	55	69	292	4	0	10	0	3	1	3	0.541739	0.513848	0.895217	0.243339	254	2170	2424
6898	10/20/2011	4	0	10	0	0	4	1	1	0.56	0.5303	0.94	0.2985	4	22	26	293	4	0	10	0	4	1	1	0.475833	0.466525	0.63625	0.422275	471	3724	4195
6899	10/20/2011	4	0	10	1	0	4	1	1	0.56	0.5303	0.88	0.3582	4	11	15	293	4	0	10	0	4	1	1	0.475833	0.466525	0.63625	0.422275	471	3724	4195
6900	10/20/2011	4	0	10	2	0	4	1	1	0.56	0.5303	0.88	0.4478	0	4	4	293	4	0	10	0	4	1	1	0.475833	0.466525	0.63625	0.422275	471	3724	4195
6901	10/20/2011	4	0	10	3	0	4	1	1	0.5	0.4848	0.82	0.4627	0	1	1	293	4	0	10	0	4	1	1	0.475833	0.466525	0.63625	0.422275	471	3724	4195
6902	10/20/2011	4	0	10	4	0	4	1	1	0.5	0.4848	0.82	0.4627	2	6	8	293	4	0	10	0	4	1	1	0.475833	0.466525	0.63625	0.422275	471	3724	4195
6903	10/20/2011	4	0	10	5	0	4	1	1	0.48	0.4697	0.82	0.3582	2	24	26	293	4	0	10	0	4	1	1	0.475833	0.466525	0.63625	0.422275	471	3724	4195
6904	10/20/2011	4	0	10	6	0	4	1	1	0.44	0.4394	0.82	0.4179	5	87	92	293	4	0	10	0	4	1	1	0.475833	0.466525	0.63625	0.422275	471	3724	4195
6905	10/20/2011	4	0	10	7	0	4	1	1	0.42	0.4242	0.77	0.4478	15	303	318	293	4	0	10	0	4	1	1	0.475833	0.466525	0.63625	0.422275	471	3724	4195
6906	10/20/2011	4	0	10	8	0	4	1	1	0.44	0.4394	0.67	0.5224	17	409	426	293	4	0	10	0	4	1	1	0.475833	0.466525	0.63625	0.422275	471	3724	4195
6907	10/20/2011	4	0	10	9	0	4	1	1	0.44	0.4394	0.67	0.5821	26	197	223	293	4	0	10	0	4	1	1	0.475833	0.466525	0.63625	0.422275	471	3724	4195
6908	10/20/2011	4	0	10	10	0	4	1	1	0.46	0.4545	0.59	0.4478	25	105	130	293	4	0	10	0	4	1	1	0.475833	0.466525	0.63625	0.422275	471	3724	4195
6909	10/20/2011	4	0	10	11	0	4	1	1	0.48	0.4697	0.55	0.5224	30	99	129	293	4	0	10	0	4	1	1	0.475833	0.466525	0.63625	0.422275	471	3724	4195
6910	10/20/2011	4	0	10	12	0	4	1	1	0.48	0.4697	0.48	0.5224	28	171	199	293	4	0	10	0	4	1	1	0.475833	0.466525	0.63625	0.422275	471	3724	4195
6911	10/20/2011	4	0	10	13	0	4	1	1	0.5	0.4848	0.45	0.5821	28	136	164	293	4	0	10	0	4	1	1	0.475833	0.466525	0.63625	0.422275	471	3724	4195
6912	10/20/2011	4	0	10	14	0	4	1	2	0.48	0.4697	0.48	0.5522	38	117	155	293	4	0	10	0	4	1	1	0.475833	0.466525	0.63625	0.422275	471	3724	4195
6913	10/20/2011	4	0	10	15	0	4	1	2	0.48	0.4697	0.51	0.4478	22	138	160	293	4	0	10	0	4	1	1	0.475833	0.466525	0.63625	0.422275	471	3724	4195
6914	10/20/2011	4	0	10	16	0	4	1	2	0.48	0.4697	0.51	0.4478	31	203	234	293	4	0	10	0	4	1	1	0.475833	0.466525	0.63625	0.422275	471	3724	4195
6915	10/20/2011	4	0	10	17	0	4	1	2	0.48	0.4697	0.48	0.3881	56	438	494	293	4	0	10	0	4	1	1	0.475833	0.466525	0.63625	0.422275	471	3724	4195
6916	10/20/2011	4	0	10	18	0	4	1	2	0.46	0.4545	0.51	0.2985	39	430	469	293	4	0	10	0	4	1	1	0.475833	0.466525	0.63625	0.422275	471	3724	4195
6917	10/20/2011	4	0	10	19	0	4	1	1	0.46	0.4545	0.51	0.3582	20	278	298	293	4	0	10	0	4	1	1	0.475833	0.466525	0.63625	0.422275	471	3724	4195
6918	10/20/2011	4	0	10	20	0	4	1	2	0.46	0.4545	0.51	0.3284	34	207	241	293	4	0	10	0	4	1	1	0.475833	0.466525	0.63625	0.422275	471	3724	4195
6919	10/20/2011	4	0	10	21	0	4	1	1	0.44	0.4394	0.51	0.2985	16	149	165	293	4	0	10	0	4	1	1	0.475833	0.466525	0.63625	0.422275	471	3724	4195
6920	10/20/2011	4	0	10	22	0	4	1	1	0.44	0.4394	0.51	0.3284	22	106	128	293	4	0	10	0	4	1	1	0.475833	0.466525	0.63625	0.422275	471	3724	4195
6921	10/20/2011	4	0	10	23	0	4	1	1	0.42	0.4242	0.58	0.2537	7	83	90	293	4	0	10	0	4	1	1	0.475833	0.466525	0.63625	0.422275	471	3724	4195
6922	10/21/2011	4	0	10	0	0	5	1	1	0.4	0.4091	0.62	0.2537	8	42	50	294	4	0	10	0	5	1	1	0.4275	0.423596	0.574167	0.221396	676	3628	4304
6923	10/21/2011	4	0	10	1	0	5	1	1	0.4	0.4091	0.62	0.2239	7	19	26	294	4	0	10	0	5	1	1	0.4275	0.423596	0.574167	0.221396	676	3628	4304
6924	10/21/2011	4	0	10	2	0	5	1	1	0.38	0.3939	0.66	0.1642	6	12	18	294	4	0	10	0	5	1	1	0.4275	0.423596	0.574167	0.221396	676	3628	4304
6925	10/21/2011	4	0	10	3	0	5	1	1	0.36	0.3485	0.71	0.1343	0	7	7	294	4	0	10	0	5	1	1	0.4275	0.423596	0.574167	0.221396	676	3628	4304
6926	10/21/2011	4	0	10	4	0	5	1	1	0.36	0.3485	0.71	0.1642	0	6	6	294	4	0	10	0	5	1	1	0.4275	0.423596	0.574167	0.221396	676	3628	4304
6927	10/21/2011	4	0	10	5	0	5	1	1	0.34	0.3333	0.76	0.194	0	31	31	294	4	0	10	0	5	1	1	0.4275	0.423596	0.574167	0.221396	676	3628	4304
6928	10/21/2011	4	0	10	6	0	5	1	1	0.36	0.3485	0.71	0.1642	7	78	85	294	4	0	10	0	5	1	1	0.4275	0.423596	0.574167	0.221396	676	3628	4304
6929	10/21/2011	4	0	10	7	0	5	1	1	0.36	0.3485	0.71	0.1642	5	228	233	294	4	0	10	0	5	1	1	0.4275	0.423596	0.574167	0.221396	676	3628	4304
6930	10/21/2011	4	0	10	8	0	5	1	1	0.4	0.4091	0.62	0.194	16	386	402	294	4	0	10	0	5	1	1	0.4275	0.423596	0.574167	0.221396	676	3628	4304
6931	10/21/2011	4	0	10	9	0	5	1	2	0.42	0.4242	0.58	0.1343	33	189	222	294	4	0	10	0	5	1	1	0.4275	0.423596	0.574167	0.221396	676	3628	4304
6932	10/21/2011	4	0	10	10	0	5	1	1	0.46	0.4545	0.51	0.1642	32	106	138	294	4	0	10	0	5	1	1	0.4275	0.423596	0.574167	0.221396	676	3628	4304
6933	10/21/2011	4	0	10	11	0	5	1	1	0.5	0.4848	0.45	0.2239	39	135	174	294	4	0	10	0	5	1	1	0.4275	0.423596	0.574167	0.221396	676	3628	4304
6934	10/21/2011	4	0	10	12	0	5	1	1	0.5	0.4848	0.45	0.2985	47	193	240	294	4	0	10	0	5	1	1	0.4275	0.423596	0.574167	0.221396	676	3628	4304
6935	10/21/2011	4	0	10	13	0	5	1	1	0.48	0.4697	0.48	0.3284	43	163	206	294	4	0	10	0	5	1	1	0.4275	0.423596	0.574167	0.221396	676	3628	4304
6936	10/21/2011	4	0	10	14	0	5	1	1	0.52	0.5	0.42	0.2985	67	131	198	294	4	0	10	0	5	1	1	0.4275	0.423596	0.574167	0.221396	676	3628	4304
6937	10/21/2011	4	0	10	15	0	5	1	1	0.5	0.4848	0.45	0.2836	57	178	235	294	4	0	10	0	5	1	1	0.4275	0.423596	0.574167	0.221396	676	3628	4304
6938	10/21/2011	4	0	10	16	0	5	1	1	0.5	0.4848	0.45	0.2537	60	242	302	294	4	0	10	0	5	1	1	0.4275	0.423596	0.574167	0.221396	676	3628	4304
6939	10/21/2011	4	0	10	17	0	5	1	2	0.46	0.4545	0.51	0.2537	79	445	524	294	4	0	10	0	5	1	1	0.4275	0.423596	0.574167	0.221396	676	3628	4304
6940	10/21/2011	4	0	10	18	0	5	1	2	0.44	0.4394	0.54	0.2537	43	354	397	294	4	0	10	0	5	1	1	0.4275	0.423596	0.574167	0.221396	676	3628	4304
6941	10/21/2011	4	0	10	19	0	5	1	2	0.44	0.4394	0.54	0.3881	25	228	253	294	4	0	10	0	5	1	1	0.4275	0.423596	0.574167	0.221396	676	3628	4304
6942	10/21/2011	4	0	10	20	0	5	1	2	0.44	0.4394	0.54	0.2239	29	155	184	294	4	0	10	0	5	1	1	0.4275	0.423596	0.574167	0.221396	676	3628	4304
6943	10/21/2011	4	0	10	21	0	5	1	1	0.42	0.4242	0.58	0.1642	31	112	143	294	4	0	10	0	5	1	1	0.4275	0.423596	0.574167	0.221396	676	3628	4304
6944	10/21/2011	4	0	10	22	0	5	1	1	0.42	0.4242	0.54	0.1642	24	89	113	294	4	0	10	0	5	1	1	0.4275	0.423596	0.574167	0.221396	676	3628	4304
6945	10/21/2011	4	0	10	23	0	5	1	1	0.4	0.4091	0.62	0.2239	18	99	117	294	4	0	10	0	5	1	1	0.4275	0.423596	0.574167	0.221396	676	3628	4304
6946	10/22/2011	4	0	10	0	0	6	0	1	0.4	0.4091	0.62	0.194	16	80	96	295	4	0	10	0	6	0	1	0.4225	0.425492	0.629167	0.0926667	1499	2809	4308
6947	10/22/2011	4	0	10	1	0	6	0	1	0.4	0.4091	0.62	0.194	20	50	70	295	4	0	10	0	6	0	1	0.4225	0.425492	0.629167	0.0926667	1499	2809	4308
6948	10/22/2011	4	0	10	2	0	6	0	1	0.4	0.4091	0.62	0.2537	6	25	31	295	4	0	10	0	6	0	1	0.4225	0.425492	0.629167	0.0926667	1499	2809	4308
6949	10/22/2011	4	0	10	3	0	6	0	1	0.4	0.4091	0.62	0.1343	1	19	20	295	4	0	10	0	6	0	1	0.4225	0.425492	0.629167	0.0926667	1499	2809	4308
6950	10/22/2011	4	0	10	4	0	6	0	1	0.38	0.3939	0.66	0.0896	4	4	8	295	4	0	10	0	6	0	1	0.4225	0.425492	0.629167	0.0926667	1499	2809	4308
6951	10/22/2011	4	0	10	5	0	6	0	1	0.38	0.3939	0.66	0	1	7	8	295	4	0	10	0	6	0	1	0.4225	0.425492	0.629167	0.0926667	1499	2809	4308
6952	10/22/2011	4	0	10	6	0	6	0	1	0.36	0.3788	0.71	0	1	17	18	295	4	0	10	0	6	0	1	0.4225	0.425492	0.629167	0.0926667	1499	2809	4308
6953	10/22/2011	4	0	10	7	0	6	0	1	0.36	0.3636	0.76	0.1045	8	49	57	295	4	0	10	0	6	0	1	0.4225	0.425492	0.629167	0.0926667	1499	2809	4308
6954	10/22/2011	4	0	10	8	0	6	0	1	0.4	0.4091	0.71	0	26	88	114	295	4	0	10	0	6	0	1	0.4225	0.425492	0.629167	0.0926667	1499	2809	4308
6955	10/22/2011	4	0	10	9	0	6	0	1	0.42	0.4242	0.67	0.0896	47	122	169	295	4	0	10	0	6	0	1	0.4225	0.425492	0.629167	0.0926667	1499	2809	4308
6956	10/22/2011	4	0	10	10	0	6	0	2	0.44	0.4394	0.62	0.1045	87	149	236	295	4	0	10	0	6	0	1	0.4225	0.425492	0.629167	0.0926667	1499	2809	4308
6957	10/22/2011	4	0	10	11	0	6	0	2	0.44	0.4394	0.62	0.1045	110	172	282	295	4	0	10	0	6	0	1	0.4225	0.425492	0.629167	0.0926667	1499	2809	4308
6958	10/22/2011	4	0	10	12	0	6	0	1	0.46	0.4545	0.55	0.0896	132	211	343	295	4	0	10	0	6	0	1	0.4225	0.425492	0.629167	0.0926667	1499	2809	4308
6959	10/22/2011	4	0	10	13	0	6	0	1	0.5	0.4848	0.45	0	136	186	322	295	4	0	10	0	6	0	1	0.4225	0.425492	0.629167	0.0926667	1499	2809	4308
6960	10/22/2011	4	0	10	14	0	6	0	2	0.48	0.4697	0.48	0.2239	133	177	310	295	4	0	10	0	6	0	1	0.4225	0.425492	0.629167	0.0926667	1499	2809	4308
6961	10/22/2011	4	0	10	15	0	6	0	1	0.48	0.4697	0.51	0.2239	159	223	382	295	4	0	10	0	6	0	1	0.4225	0.425492	0.629167	0.0926667	1499	2809	4308
6962	10/22/2011	4	0	10	16	0	6	0	1	0.5	0.4848	0.45	0.194	169	190	359	295	4	0	10	0	6	0	1	0.4225	0.425492	0.629167	0.0926667	1499	2809	4308
6963	10/22/2011	4	0	10	17	0	6	0	1	0.46	0.4545	0.55	0.1343	143	217	360	295	4	0	10	0	6	0	1	0.4225	0.425492	0.629167	0.0926667	1499	2809	4308
6964	10/22/2011	4	0	10	18	0	6	0	1	0.44	0.4394	0.54	0.0896	111	224	335	295	4	0	10	0	6	0	1	0.4225	0.425492	0.629167	0.0926667	1499	2809	4308
6965	10/22/2011	4	0	10	19	0	6	0	1	0.44	0.4394	0.67	0	47	173	220	295	4	0	10	0	6	0	1	0.4225	0.425492	0.629167	0.0926667	1499	2809	4308
6966	10/22/2011	4	0	10	20	0	6	0	1	0.42	0.4242	0.67	0	48	111	159	295	4	0	10	0	6	0	1	0.4225	0.425492	0.629167	0.0926667	1499	2809	4308
6967	10/22/2011	4	0	10	21	0	6	0	1	0.4	0.4091	0.76	0	37	120	157	295	4	0	10	0	6	0	1	0.4225	0.425492	0.629167	0.0926667	1499	2809	4308
6968	10/22/2011	4	0	10	22	0	6	0	1	0.4	0.4091	0.76	0	30	114	144	295	4	0	10	0	6	0	1	0.4225	0.425492	0.629167	0.0926667	1499	2809	4308
6969	10/22/2011	4	0	10	23	0	6	0	1	0.38	0.3939	0.82	0	27	81	108	295	4	0	10	0	6	0	1	0.4225	0.425492	0.629167	0.0926667	1499	2809	4308
6970	10/23/2011	4	0	10	0	0	0	0	1	0.36	0.3788	0.87	0	24	64	88	296	4	0	10	0	0	0	1	0.421667	0.422333	0.74125	0.0995125	1619	2762	4381
6971	10/23/2011	4	0	10	1	0	0	0	1	0.36	0.3788	0.87	0	11	60	71	296	4	0	10	0	0	0	1	0.421667	0.422333	0.74125	0.0995125	1619	2762	4381
6972	10/23/2011	4	0	10	2	0	0	0	1	0.34	0.3485	0.87	0.0896	10	40	50	296	4	0	10	0	0	0	1	0.421667	0.422333	0.74125	0.0995125	1619	2762	4381
6973	10/23/2011	4	0	10	3	0	0	0	1	0.34	0.3636	0.87	0	15	31	46	296	4	0	10	0	0	0	1	0.421667	0.422333	0.74125	0.0995125	1619	2762	4381
6974	10/23/2011	4	0	10	4	0	0	0	1	0.34	0.3636	0.87	0	5	1	6	296	4	0	10	0	0	0	1	0.421667	0.422333	0.74125	0.0995125	1619	2762	4381
6975	10/23/2011	4	0	10	5	0	0	0	1	0.32	0.3485	0.87	0	1	2	3	296	4	0	10	0	0	0	1	0.421667	0.422333	0.74125	0.0995125	1619	2762	4381
6976	10/23/2011	4	0	10	6	0	0	0	1	0.32	0.3333	0.87	0.1045	0	12	12	296	4	0	10	0	0	0	1	0.421667	0.422333	0.74125	0.0995125	1619	2762	4381
6977	10/23/2011	4	0	10	7	0	0	0	1	0.34	0.3485	0.87	0.0896	3	18	21	296	4	0	10	0	0	0	1	0.421667	0.422333	0.74125	0.0995125	1619	2762	4381
6978	10/23/2011	4	0	10	8	0	0	0	1	0.36	0.3485	0.87	0.1343	32	56	88	296	4	0	10	0	0	0	1	0.421667	0.422333	0.74125	0.0995125	1619	2762	4381
6979	10/23/2011	4	0	10	9	0	0	0	1	0.4	0.4091	0.76	0	48	95	143	296	4	0	10	0	0	0	1	0.421667	0.422333	0.74125	0.0995125	1619	2762	4381
6980	10/23/2011	4	0	10	10	0	0	0	1	0.42	0.4242	0.71	0.0896	104	185	289	296	4	0	10	0	0	0	1	0.421667	0.422333	0.74125	0.0995125	1619	2762	4381
6981	10/23/2011	4	0	10	11	0	0	0	1	0.46	0.4545	0.72	0.1642	131	202	333	296	4	0	10	0	0	0	1	0.421667	0.422333	0.74125	0.0995125	1619	2762	4381
6982	10/23/2011	4	0	10	12	0	0	0	1	0.5	0.4848	0.59	0.2537	164	249	413	296	4	0	10	0	0	0	1	0.421667	0.422333	0.74125	0.0995125	1619	2762	4381
6983	10/23/2011	4	0	10	13	0	0	0	1	0.52	0.5	0.55	0.194	160	255	415	296	4	0	10	0	0	0	1	0.421667	0.422333	0.74125	0.0995125	1619	2762	4381
6984	10/23/2011	4	0	10	14	0	0	0	1	0.52	0.5	0.55	0.2239	192	216	408	296	4	0	10	0	0	0	1	0.421667	0.422333	0.74125	0.0995125	1619	2762	4381
6985	10/23/2011	4	0	10	15	0	0	0	1	0.52	0.5	0.52	0.1642	171	216	387	296	4	0	10	0	0	0	1	0.421667	0.422333	0.74125	0.0995125	1619	2762	4381
6986	10/23/2011	4	0	10	16	0	0	0	1	0.52	0.5	0.55	0.194	188	217	405	296	4	0	10	0	0	0	1	0.421667	0.422333	0.74125	0.0995125	1619	2762	4381
6987	10/23/2011	4	0	10	17	0	0	0	1	0.5	0.4848	0.63	0.1343	120	220	340	296	4	0	10	0	0	0	1	0.421667	0.422333	0.74125	0.0995125	1619	2762	4381
6988	10/23/2011	4	0	10	18	0	0	0	1	0.5	0.4848	0.63	0.1045	88	196	284	296	4	0	10	0	0	0	1	0.421667	0.422333	0.74125	0.0995125	1619	2762	4381
6989	10/23/2011	4	0	10	19	0	0	0	1	0.46	0.4545	0.77	0	53	140	193	296	4	0	10	0	0	0	1	0.421667	0.422333	0.74125	0.0995125	1619	2762	4381
6990	10/23/2011	4	0	10	20	0	0	0	1	0.44	0.4394	0.72	0.0896	32	112	144	296	4	0	10	0	0	0	1	0.421667	0.422333	0.74125	0.0995125	1619	2762	4381
6991	10/23/2011	4	0	10	21	0	0	0	1	0.44	0.4394	0.72	0.0896	24	75	99	296	4	0	10	0	0	0	1	0.421667	0.422333	0.74125	0.0995125	1619	2762	4381
6992	10/23/2011	4	0	10	22	0	0	0	1	0.42	0.4242	0.77	0.1045	25	69	94	296	4	0	10	0	0	0	1	0.421667	0.422333	0.74125	0.0995125	1619	2762	4381
6993	10/23/2011	4	0	10	23	0	0	0	1	0.42	0.4242	0.77	0.1642	18	31	49	296	4	0	10	0	0	0	1	0.421667	0.422333	0.74125	0.0995125	1619	2762	4381
6994	10/24/2011	4	0	10	0	0	1	1	1	0.42	0.4242	0.77	0	6	26	32	297	4	0	10	0	1	1	1	0.463333	0.457067	0.772083	0.118792	699	3488	4187
6995	10/24/2011	4	0	10	1	0	1	1	1	0.4	0.4091	0.82	0.1343	7	8	15	297	4	0	10	0	1	1	1	0.463333	0.457067	0.772083	0.118792	699	3488	4187
6996	10/24/2011	4	0	10	2	0	1	1	1	0.4	0.4091	0.87	0.1045	1	6	7	297	4	0	10	0	1	1	1	0.463333	0.457067	0.772083	0.118792	699	3488	4187
6997	10/24/2011	4	0	10	3	0	1	1	1	0.4	0.4091	0.82	0.0896	1	3	4	297	4	0	10	0	1	1	1	0.463333	0.457067	0.772083	0.118792	699	3488	4187
6998	10/24/2011	4	0	10	4	0	1	1	1	0.4	0.4091	0.82	0	1	5	6	297	4	0	10	0	1	1	1	0.463333	0.457067	0.772083	0.118792	699	3488	4187
6999	10/24/2011	4	0	10	5	0	1	1	1	0.38	0.3939	0.87	0	2	19	21	297	4	0	10	0	1	1	1	0.463333	0.457067	0.772083	0.118792	699	3488	4187
7000	10/24/2011	4	0	10	6	0	1	1	1	0.4	0.4091	0.87	0.1045	3	83	86	297	4	0	10	0	1	1	1	0.463333	0.457067	0.772083	0.118792	699	3488	4187
7001	10/24/2011	4	0	10	7	0	1	1	2	0.38	0.3939	0.94	0.1045	11	274	285	297	4	0	10	0	1	1	1	0.463333	0.457067	0.772083	0.118792	699	3488	4187
7002	10/24/2011	4	0	10	8	0	1	1	2	0.42	0.4242	0.88	0.1642	20	378	398	297	4	0	10	0	1	1	1	0.463333	0.457067	0.772083	0.118792	699	3488	4187
7003	10/24/2011	4	0	10	9	0	1	1	2	0.44	0.4394	0.82	0.1642	29	166	195	297	4	0	10	0	1	1	1	0.463333	0.457067	0.772083	0.118792	699	3488	4187
7004	10/24/2011	4	0	10	10	0	1	1	2	0.46	0.4545	0.82	0.2537	47	82	129	297	4	0	10	0	1	1	1	0.463333	0.457067	0.772083	0.118792	699	3488	4187
7005	10/24/2011	4	0	10	11	0	1	1	2	0.5	0.4848	0.72	0.1642	59	109	168	297	4	0	10	0	1	1	1	0.463333	0.457067	0.772083	0.118792	699	3488	4187
7006	10/24/2011	4	0	10	12	0	1	1	2	0.52	0.5	0.68	0.1045	64	156	220	297	4	0	10	0	1	1	1	0.463333	0.457067	0.772083	0.118792	699	3488	4187
7007	10/24/2011	4	0	10	13	0	1	1	2	0.54	0.5152	0.64	0.2239	60	138	198	297	4	0	10	0	1	1	1	0.463333	0.457067	0.772083	0.118792	699	3488	4187
7008	10/24/2011	4	0	10	14	0	1	1	2	0.54	0.5152	0.64	0.194	63	143	206	297	4	0	10	0	1	1	1	0.463333	0.457067	0.772083	0.118792	699	3488	4187
7009	10/24/2011	4	0	10	15	0	1	1	1	0.56	0.5303	0.6	0.1642	52	125	177	297	4	0	10	0	1	1	1	0.463333	0.457067	0.772083	0.118792	699	3488	4187
7010	10/24/2011	4	0	10	16	0	1	1	1	0.54	0.5152	0.64	0.194	68	242	310	297	4	0	10	0	1	1	1	0.463333	0.457067	0.772083	0.118792	699	3488	4187
7011	10/24/2011	4	0	10	17	0	1	1	1	0.52	0.5	0.68	0.1343	87	527	614	297	4	0	10	0	1	1	1	0.463333	0.457067	0.772083	0.118792	699	3488	4187
7012	10/24/2011	4	0	10	18	0	1	1	1	0.54	0.5152	0.6	0.0896	58	428	486	297	4	0	10	0	1	1	1	0.463333	0.457067	0.772083	0.118792	699	3488	4187
7013	10/24/2011	4	0	10	19	0	1	1	3	0.48	0.4697	0.82	0	25	212	237	297	4	0	10	0	1	1	1	0.463333	0.457067	0.772083	0.118792	699	3488	4187
7014	10/24/2011	4	0	10	20	0	1	1	1	0.48	0.4697	0.82	0.1045	11	118	129	297	4	0	10	0	1	1	1	0.463333	0.457067	0.772083	0.118792	699	3488	4187
7015	10/24/2011	4	0	10	21	0	1	1	1	0.46	0.4545	0.87	0.1045	12	114	126	297	4	0	10	0	1	1	1	0.463333	0.457067	0.772083	0.118792	699	3488	4187
7016	10/24/2011	4	0	10	22	0	1	1	1	0.48	0.4697	0.75	0.1642	3	76	79	297	4	0	10	0	1	1	1	0.463333	0.457067	0.772083	0.118792	699	3488	4187
7017	10/24/2011	4	0	10	23	0	1	1	1	0.46	0.4545	0.77	0.0896	9	50	59	297	4	0	10	0	1	1	1	0.463333	0.457067	0.772083	0.118792	699	3488	4187
7018	10/25/2011	4	0	10	0	0	2	1	1	0.44	0.4394	0.77	0.1343	4	26	30	298	4	0	10	0	2	1	1	0.471667	0.463375	0.622917	0.166658	695	3992	4687
7019	10/25/2011	4	0	10	1	0	2	1	1	0.44	0.4394	0.77	0.1343	5	6	11	298	4	0	10	0	2	1	1	0.471667	0.463375	0.622917	0.166658	695	3992	4687
7020	10/25/2011	4	0	10	2	0	2	1	1	0.42	0.4242	0.82	0.1343	2	3	5	298	4	0	10	0	2	1	1	0.471667	0.463375	0.622917	0.166658	695	3992	4687
7021	10/25/2011	4	0	10	3	0	2	1	1	0.4	0.4091	0.87	0	1	3	4	298	4	0	10	0	2	1	1	0.471667	0.463375	0.622917	0.166658	695	3992	4687
7022	10/25/2011	4	0	10	4	0	2	1	1	0.38	0.3939	0.87	0.1343	0	5	5	298	4	0	10	0	2	1	1	0.471667	0.463375	0.622917	0.166658	695	3992	4687
7023	10/25/2011	4	0	10	5	0	2	1	1	0.38	0.3939	0.87	0.1343	0	24	24	298	4	0	10	0	2	1	1	0.471667	0.463375	0.622917	0.166658	695	3992	4687
7024	10/25/2011	4	0	10	6	0	2	1	1	0.38	0.3939	0.82	0.1045	3	95	98	298	4	0	10	0	2	1	1	0.471667	0.463375	0.622917	0.166658	695	3992	4687
7025	10/25/2011	4	0	10	7	0	2	1	1	0.4	0.4091	0.76	0.194	15	299	314	298	4	0	10	0	2	1	1	0.471667	0.463375	0.622917	0.166658	695	3992	4687
7026	10/25/2011	4	0	10	8	0	2	1	1	0.44	0.4394	0.72	0	25	383	408	298	4	0	10	0	2	1	1	0.471667	0.463375	0.622917	0.166658	695	3992	4687
7027	10/25/2011	4	0	10	9	0	2	1	1	0.48	0.4697	0.55	0.2239	29	194	223	298	4	0	10	0	2	1	1	0.471667	0.463375	0.622917	0.166658	695	3992	4687
7028	10/25/2011	4	0	10	10	0	2	1	1	0.5	0.4848	0.51	0.2537	26	102	128	298	4	0	10	0	2	1	1	0.471667	0.463375	0.622917	0.166658	695	3992	4687
7029	10/25/2011	4	0	10	11	0	2	1	1	0.52	0.5	0.48	0.2836	46	120	166	298	4	0	10	0	2	1	1	0.471667	0.463375	0.622917	0.166658	695	3992	4687
7030	10/25/2011	4	0	10	12	0	2	1	1	0.54	0.5152	0.39	0.3582	35	165	200	298	4	0	10	0	2	1	1	0.471667	0.463375	0.622917	0.166658	695	3992	4687
7031	10/25/2011	4	0	10	13	0	2	1	1	0.56	0.5303	0.37	0.3881	37	161	198	298	4	0	10	0	2	1	1	0.471667	0.463375	0.622917	0.166658	695	3992	4687
7032	10/25/2011	4	0	10	14	0	2	1	1	0.56	0.5303	0.4	0.2537	66	134	200	298	4	0	10	0	2	1	1	0.471667	0.463375	0.622917	0.166658	695	3992	4687
7033	10/25/2011	4	0	10	15	0	2	1	1	0.56	0.5303	0.37	0.1045	63	171	234	298	4	0	10	0	2	1	1	0.471667	0.463375	0.622917	0.166658	695	3992	4687
7034	10/25/2011	4	0	10	16	0	2	1	1	0.56	0.5303	0.37	0.194	52	233	285	298	4	0	10	0	2	1	1	0.471667	0.463375	0.622917	0.166658	695	3992	4687
7035	10/25/2011	4	0	10	17	0	2	1	1	0.56	0.5303	0.37	0.1045	68	517	585	298	4	0	10	0	2	1	1	0.471667	0.463375	0.622917	0.166658	695	3992	4687
7036	10/25/2011	4	0	10	18	0	2	1	1	0.52	0.5	0.42	0.1045	65	453	518	298	4	0	10	0	2	1	1	0.471667	0.463375	0.622917	0.166658	695	3992	4687
7037	10/25/2011	4	0	10	19	0	2	1	1	0.48	0.4697	0.67	0.194	44	294	338	298	4	0	10	0	2	1	1	0.471667	0.463375	0.622917	0.166658	695	3992	4687
7038	10/25/2011	4	0	10	20	0	2	1	1	0.46	0.4545	0.67	0.1045	40	208	248	298	4	0	10	0	2	1	1	0.471667	0.463375	0.622917	0.166658	695	3992	4687
7039	10/25/2011	4	0	10	21	0	2	1	1	0.44	0.4394	0.72	0.1343	32	169	201	298	4	0	10	0	2	1	1	0.471667	0.463375	0.622917	0.166658	695	3992	4687
7040	10/25/2011	4	0	10	22	0	2	1	1	0.46	0.4545	0.67	0.194	22	148	170	298	4	0	10	0	2	1	1	0.471667	0.463375	0.622917	0.166658	695	3992	4687
7041	10/25/2011	4	0	10	23	0	2	1	1	0.44	0.4394	0.72	0.1343	15	79	94	298	4	0	10	0	2	1	1	0.471667	0.463375	0.622917	0.166658	695	3992	4687
7042	10/26/2011	4	0	10	0	0	3	1	1	0.44	0.4394	0.72	0.194	4	28	32	299	4	0	10	0	3	1	2	0.484167	0.472846	0.720417	0.148642	404	3490	3894
7043	10/26/2011	4	0	10	1	0	3	1	1	0.44	0.4394	0.67	0.2537	3	9	12	299	4	0	10	0	3	1	2	0.484167	0.472846	0.720417	0.148642	404	3490	3894
7044	10/26/2011	4	0	10	2	0	3	1	1	0.44	0.4394	0.67	0.1642	2	1	3	299	4	0	10	0	3	1	2	0.484167	0.472846	0.720417	0.148642	404	3490	3894
7045	10/26/2011	4	0	10	3	0	3	1	1	0.44	0.4394	0.67	0.2239	0	3	3	299	4	0	10	0	3	1	2	0.484167	0.472846	0.720417	0.148642	404	3490	3894
7046	10/26/2011	4	0	10	4	0	3	1	1	0.42	0.4242	0.71	0.2537	0	5	5	299	4	0	10	0	3	1	2	0.484167	0.472846	0.720417	0.148642	404	3490	3894
7047	10/26/2011	4	0	10	5	0	3	1	1	0.42	0.4242	0.71	0.2239	0	21	21	299	4	0	10	0	3	1	2	0.484167	0.472846	0.720417	0.148642	404	3490	3894
7048	10/26/2011	4	0	10	6	0	3	1	1	0.42	0.4242	0.71	0.2239	0	92	92	299	4	0	10	0	3	1	2	0.484167	0.472846	0.720417	0.148642	404	3490	3894
7049	10/26/2011	4	0	10	7	0	3	1	1	0.42	0.4242	0.71	0.1642	15	284	299	299	4	0	10	0	3	1	2	0.484167	0.472846	0.720417	0.148642	404	3490	3894
7050	10/26/2011	4	0	10	8	0	3	1	2	0.44	0.4394	0.67	0.194	26	438	464	299	4	0	10	0	3	1	2	0.484167	0.472846	0.720417	0.148642	404	3490	3894
7051	10/26/2011	4	0	10	9	0	3	1	2	0.48	0.4697	0.63	0.2239	14	226	240	299	4	0	10	0	3	1	2	0.484167	0.472846	0.720417	0.148642	404	3490	3894
7052	10/26/2011	4	0	10	10	0	3	1	2	0.52	0.5	0.62	0.2537	26	105	131	299	4	0	10	0	3	1	2	0.484167	0.472846	0.720417	0.148642	404	3490	3894
7053	10/26/2011	4	0	10	11	0	3	1	1	0.52	0.5	0.59	0.3284	23	132	155	299	4	0	10	0	3	1	2	0.484167	0.472846	0.720417	0.148642	404	3490	3894
7054	10/26/2011	4	0	10	12	0	3	1	3	0.58	0.5455	0.53	0.2239	39	155	194	299	4	0	10	0	3	1	2	0.484167	0.472846	0.720417	0.148642	404	3490	3894
7055	10/26/2011	4	0	10	13	0	3	1	3	0.56	0.5303	0.6	0.1045	20	62	82	299	4	0	10	0	3	1	2	0.484167	0.472846	0.720417	0.148642	404	3490	3894
7056	10/26/2011	4	0	10	14	0	3	1	2	0.52	0.5	0.77	0	14	52	66	299	4	0	10	0	3	1	2	0.484167	0.472846	0.720417	0.148642	404	3490	3894
7057	10/26/2011	4	0	10	15	0	3	1	2	0.52	0.5	0.77	0	11	59	70	299	4	0	10	0	3	1	2	0.484167	0.472846	0.720417	0.148642	404	3490	3894
7058	10/26/2011	4	0	10	16	0	3	1	2	0.52	0.5	0.77	0.0896	17	196	213	299	4	0	10	0	3	1	2	0.484167	0.472846	0.720417	0.148642	404	3490	3894
7059	10/26/2011	4	0	10	17	0	3	1	2	0.52	0.5	0.77	0.1045	40	414	454	299	4	0	10	0	3	1	2	0.484167	0.472846	0.720417	0.148642	404	3490	3894
7060	10/26/2011	4	0	10	18	0	3	1	1	0.52	0.5	0.77	0.1642	55	398	453	299	4	0	10	0	3	1	2	0.484167	0.472846	0.720417	0.148642	404	3490	3894
7061	10/26/2011	4	0	10	19	0	3	1	1	0.5	0.4848	0.82	0	25	306	331	299	4	0	10	0	3	1	2	0.484167	0.472846	0.720417	0.148642	404	3490	3894
7062	10/26/2011	4	0	10	20	0	3	1	1	0.5	0.4848	0.88	0	27	180	207	299	4	0	10	0	3	1	2	0.484167	0.472846	0.720417	0.148642	404	3490	3894
7063	10/26/2011	4	0	10	21	0	3	1	2	0.52	0.5	0.77	0	17	140	157	299	4	0	10	0	3	1	2	0.484167	0.472846	0.720417	0.148642	404	3490	3894
7064	10/26/2011	4	0	10	22	0	3	1	2	0.48	0.4697	0.88	0.0896	23	112	135	299	4	0	10	0	3	1	2	0.484167	0.472846	0.720417	0.148642	404	3490	3894
7065	10/26/2011	4	0	10	23	0	3	1	2	0.48	0.4697	0.88	0.0896	3	72	75	299	4	0	10	0	3	1	2	0.484167	0.472846	0.720417	0.148642	404	3490	3894
7066	10/27/2011	4	0	10	0	0	4	1	1	0.46	0.4545	0.94	0	3	23	26	300	4	0	10	0	4	1	2	0.47	0.457046	0.812917	0.197763	240	2419	2659
7067	10/27/2011	4	0	10	1	0	4	1	1	0.46	0.4545	0.94	0	2	9	11	300	4	0	10	0	4	1	2	0.47	0.457046	0.812917	0.197763	240	2419	2659
7068	10/27/2011	4	0	10	2	0	4	1	3	0.46	0.4545	0.94	0	3	5	8	300	4	0	10	0	4	1	2	0.47	0.457046	0.812917	0.197763	240	2419	2659
7069	10/27/2011	4	0	10	3	0	4	1	3	0.46	0.4545	0.94	0	1	3	4	300	4	0	10	0	4	1	2	0.47	0.457046	0.812917	0.197763	240	2419	2659
7070	10/27/2011	4	0	10	4	0	4	1	3	0.48	0.4697	0.88	0	1	3	4	300	4	0	10	0	4	1	2	0.47	0.457046	0.812917	0.197763	240	2419	2659
7071	10/27/2011	4	0	10	5	0	4	1	3	0.48	0.4697	0.88	0.0896	1	14	15	300	4	0	10	0	4	1	2	0.47	0.457046	0.812917	0.197763	240	2419	2659
7072	10/27/2011	4	0	10	6	0	4	1	3	0.5	0.4848	0.82	0	4	42	46	300	4	0	10	0	4	1	2	0.47	0.457046	0.812917	0.197763	240	2419	2659
7073	10/27/2011	4	0	10	7	0	4	1	2	0.46	0.4545	0.94	0.0896	9	128	137	300	4	0	10	0	4	1	2	0.47	0.457046	0.812917	0.197763	240	2419	2659
7074	10/27/2011	4	0	10	8	0	4	1	3	0.48	0.4697	0.88	0.194	12	304	316	300	4	0	10	0	4	1	2	0.47	0.457046	0.812917	0.197763	240	2419	2659
7075	10/27/2011	4	0	10	9	0	4	1	2	0.5	0.4848	0.82	0.1642	16	155	171	300	4	0	10	0	4	1	2	0.47	0.457046	0.812917	0.197763	240	2419	2659
7076	10/27/2011	4	0	10	10	0	4	1	3	0.5	0.4848	0.88	0.194	10	52	62	300	4	0	10	0	4	1	2	0.47	0.457046	0.812917	0.197763	240	2419	2659
7077	10/27/2011	4	0	10	11	0	4	1	3	0.5	0.4848	0.88	0.1343	8	44	52	300	4	0	10	0	4	1	2	0.47	0.457046	0.812917	0.197763	240	2419	2659
7078	10/27/2011	4	0	10	12	0	4	1	3	0.5	0.4848	0.88	0.1343	8	45	53	300	4	0	10	0	4	1	2	0.47	0.457046	0.812917	0.197763	240	2419	2659
7079	10/27/2011	4	0	10	13	0	4	1	2	0.5	0.4848	0.88	0.1642	10	64	74	300	4	0	10	0	4	1	2	0.47	0.457046	0.812917	0.197763	240	2419	2659
7080	10/27/2011	4	0	10	14	0	4	1	2	0.52	0.5	0.83	0	16	76	92	300	4	0	10	0	4	1	2	0.47	0.457046	0.812917	0.197763	240	2419	2659
7081	10/27/2011	4	0	10	15	0	4	1	2	0.52	0.5	0.83	0.1045	12	95	107	300	4	0	10	0	4	1	2	0.47	0.457046	0.812917	0.197763	240	2419	2659
7082	10/27/2011	4	0	10	16	0	4	1	2	0.56	0.5303	0.73	0.1642	14	193	207	300	4	0	10	0	4	1	2	0.47	0.457046	0.812917	0.197763	240	2419	2659
7083	10/27/2011	4	0	10	17	0	4	1	2	0.5	0.4848	0.72	0.4627	31	291	322	300	4	0	10	0	4	1	2	0.47	0.457046	0.812917	0.197763	240	2419	2659
7084	10/27/2011	4	0	10	18	0	4	1	2	0.48	0.4697	0.67	0.4627	14	226	240	300	4	0	10	0	4	1	2	0.47	0.457046	0.812917	0.197763	240	2419	2659
7085	10/27/2011	4	0	10	19	0	4	1	2	0.44	0.4394	0.67	0.4627	19	200	219	300	4	0	10	0	4	1	2	0.47	0.457046	0.812917	0.197763	240	2419	2659
7086	10/27/2011	4	0	10	20	0	4	1	1	0.42	0.4242	0.67	0.4925	11	171	182	300	4	0	10	0	4	1	2	0.47	0.457046	0.812917	0.197763	240	2419	2659
7087	10/27/2011	4	0	10	21	0	4	1	1	0.4	0.4091	0.62	0.5224	13	119	132	300	4	0	10	0	4	1	2	0.47	0.457046	0.812917	0.197763	240	2419	2659
7088	10/27/2011	4	0	10	22	0	4	1	1	0.36	0.3182	0.66	0.4925	14	97	111	300	4	0	10	0	4	1	2	0.47	0.457046	0.812917	0.197763	240	2419	2659
7089	10/27/2011	4	0	10	23	0	4	1	1	0.34	0.303	0.61	0.4179	8	60	68	300	4	0	10	0	4	1	2	0.47	0.457046	0.812917	0.197763	240	2419	2659
7090	10/28/2011	4	0	10	0	0	5	1	1	0.34	0.3182	0.66	0.2537	4	40	44	301	4	0	10	0	5	1	2	0.330833	0.318812	0.585833	0.229479	456	3291	3747
7091	10/28/2011	4	0	10	1	0	5	1	1	0.32	0.303	0.66	0.2537	7	9	16	301	4	0	10	0	5	1	2	0.330833	0.318812	0.585833	0.229479	456	3291	3747
7092	10/28/2011	4	0	10	2	0	5	1	1	0.32	0.303	0.66	0.2836	1	3	4	301	4	0	10	0	5	1	2	0.330833	0.318812	0.585833	0.229479	456	3291	3747
7093	10/28/2011	4	0	10	3	0	5	1	1	0.3	0.2879	0.7	0.2836	4	4	8	301	4	0	10	0	5	1	2	0.330833	0.318812	0.585833	0.229479	456	3291	3747
7094	10/28/2011	4	0	10	4	0	5	1	1	0.3	0.2879	0.65	0.2836	5	5	10	301	4	0	10	0	5	1	2	0.330833	0.318812	0.585833	0.229479	456	3291	3747
7095	10/28/2011	4	0	10	5	0	5	1	2	0.3	0.2879	0.61	0.2537	0	25	25	301	4	0	10	0	5	1	2	0.330833	0.318812	0.585833	0.229479	456	3291	3747
7096	10/28/2011	4	0	10	6	0	5	1	1	0.28	0.2727	0.65	0.2537	1	74	75	301	4	0	10	0	5	1	2	0.330833	0.318812	0.585833	0.229479	456	3291	3747
7097	10/28/2011	4	0	10	7	0	5	1	1	0.28	0.2727	0.65	0.2537	6	199	205	301	4	0	10	0	5	1	2	0.330833	0.318812	0.585833	0.229479	456	3291	3747
7098	10/28/2011	4	0	10	8	0	5	1	1	0.3	0.2879	0.61	0.2836	13	361	374	301	4	0	10	0	5	1	2	0.330833	0.318812	0.585833	0.229479	456	3291	3747
7099	10/28/2011	4	0	10	9	0	5	1	1	0.32	0.303	0.57	0.2239	19	210	229	301	4	0	10	0	5	1	2	0.330833	0.318812	0.585833	0.229479	456	3291	3747
7100	10/28/2011	4	0	10	10	0	5	1	1	0.34	0.3182	0.57	0.2239	28	102	130	301	4	0	10	0	5	1	2	0.330833	0.318812	0.585833	0.229479	456	3291	3747
7101	10/28/2011	4	0	10	11	0	5	1	1	0.36	0.3485	0.5	0.2239	40	128	168	301	4	0	10	0	5	1	2	0.330833	0.318812	0.585833	0.229479	456	3291	3747
7102	10/28/2011	4	0	10	12	0	5	1	2	0.38	0.3939	0.4	0.1642	46	167	213	301	4	0	10	0	5	1	2	0.330833	0.318812	0.585833	0.229479	456	3291	3747
7103	10/28/2011	4	0	10	13	0	5	1	2	0.38	0.3939	0.42	0.2239	43	185	228	301	4	0	10	0	5	1	2	0.330833	0.318812	0.585833	0.229479	456	3291	3747
7104	10/28/2011	4	0	10	14	0	5	1	2	0.36	0.3485	0.46	0.194	33	152	185	301	4	0	10	0	5	1	2	0.330833	0.318812	0.585833	0.229479	456	3291	3747
7105	10/28/2011	4	0	10	15	0	5	1	2	0.36	0.3333	0.43	0.2537	44	171	215	301	4	0	10	0	5	1	2	0.330833	0.318812	0.585833	0.229479	456	3291	3747
7106	10/28/2011	4	0	10	16	0	5	1	2	0.36	0.3485	0.46	0.1642	46	262	308	301	4	0	10	0	5	1	2	0.330833	0.318812	0.585833	0.229479	456	3291	3747
7107	10/28/2011	4	0	10	17	0	5	1	2	0.36	0.3485	0.5	0.1343	35	411	446	301	4	0	10	0	5	1	2	0.330833	0.318812	0.585833	0.229479	456	3291	3747
7108	10/28/2011	4	0	10	18	0	5	1	2	0.36	0.3485	0.53	0.1642	36	332	368	301	4	0	10	0	5	1	2	0.330833	0.318812	0.585833	0.229479	456	3291	3747
7109	10/28/2011	4	0	10	19	0	5	1	2	0.36	0.3485	0.5	0.1343	16	188	204	301	4	0	10	0	5	1	2	0.330833	0.318812	0.585833	0.229479	456	3291	3747
7110	10/28/2011	4	0	10	20	0	5	1	3	0.34	0.3182	0.61	0.2239	12	131	143	301	4	0	10	0	5	1	2	0.330833	0.318812	0.585833	0.229479	456	3291	3747
7111	10/28/2011	4	0	10	21	0	5	1	3	0.32	0.3182	0.7	0.1642	5	69	74	301	4	0	10	0	5	1	2	0.330833	0.318812	0.585833	0.229479	456	3291	3747
7112	10/28/2011	4	0	10	22	0	5	1	3	0.3	0.2879	0.75	0.2836	4	32	36	301	4	0	10	0	5	1	2	0.330833	0.318812	0.585833	0.229479	456	3291	3747
7113	10/28/2011	4	0	10	23	0	5	1	3	0.3	0.2727	0.81	0.3284	8	31	39	301	4	0	10	0	5	1	2	0.330833	0.318812	0.585833	0.229479	456	3291	3747
7114	10/29/2011	4	0	10	0	0	6	0	3	0.28	0.2576	0.87	0.2985	0	19	19	302	4	0	10	0	6	0	3	0.254167	0.227913	0.8825	0.351371	57	570	627
7115	10/29/2011	4	0	10	1	0	6	0	3	0.3	0.2727	0.87	0.2985	0	18	18	302	4	0	10	0	6	0	3	0.254167	0.227913	0.8825	0.351371	57	570	627
7116	10/29/2011	4	0	10	2	0	6	0	3	0.3	0.2727	0.87	0.2985	1	16	17	302	4	0	10	0	6	0	3	0.254167	0.227913	0.8825	0.351371	57	570	627
7117	10/29/2011	4	0	10	3	0	6	0	3	0.3	0.2727	0.81	0.4179	0	8	8	302	4	0	10	0	6	0	3	0.254167	0.227913	0.8825	0.351371	57	570	627
7118	10/29/2011	4	0	10	4	0	6	0	3	0.3	0.2727	0.81	0.4179	0	1	1	302	4	0	10	0	6	0	3	0.254167	0.227913	0.8825	0.351371	57	570	627
7119	10/29/2011	4	0	10	5	0	6	0	3	0.26	0.2273	0.93	0.3582	0	1	1	302	4	0	10	0	6	0	3	0.254167	0.227913	0.8825	0.351371	57	570	627
7120	10/29/2011	4	0	10	6	0	6	0	3	0.26	0.2273	0.87	0.3582	4	1	5	302	4	0	10	0	6	0	3	0.254167	0.227913	0.8825	0.351371	57	570	627
7121	10/29/2011	4	0	10	7	0	6	0	3	0.26	0.2273	0.87	0.3582	1	6	7	302	4	0	10	0	6	0	3	0.254167	0.227913	0.8825	0.351371	57	570	627
7122	10/29/2011	4	0	10	8	0	6	0	3	0.28	0.2576	0.87	0.3582	4	16	20	302	4	0	10	0	6	0	3	0.254167	0.227913	0.8825	0.351371	57	570	627
7123	10/29/2011	4	0	10	9	0	6	0	3	0.28	0.2576	0.87	0.3582	1	19	20	302	4	0	10	0	6	0	3	0.254167	0.227913	0.8825	0.351371	57	570	627
7124	10/29/2011	4	0	10	10	0	6	0	3	0.26	0.2273	0.93	0.3284	0	12	12	302	4	0	10	0	6	0	3	0.254167	0.227913	0.8825	0.351371	57	570	627
7125	10/29/2011	4	0	10	11	0	6	0	3	0.26	0.2273	0.93	0.3881	1	26	27	302	4	0	10	0	6	0	3	0.254167	0.227913	0.8825	0.351371	57	570	627
7126	10/29/2011	4	0	10	12	0	6	0	3	0.24	0.197	0.87	0.4925	6	44	50	302	4	0	10	0	6	0	3	0.254167	0.227913	0.8825	0.351371	57	570	627
7127	10/29/2011	4	0	10	13	0	6	0	3	0.24	0.197	0.87	0.5224	0	30	30	302	4	0	10	0	6	0	3	0.254167	0.227913	0.8825	0.351371	57	570	627
7128	10/29/2011	4	0	10	14	0	6	0	3	0.24	0.197	0.87	0.4478	0	29	29	302	4	0	10	0	6	0	3	0.254167	0.227913	0.8825	0.351371	57	570	627
7129	10/29/2011	4	0	10	15	0	6	0	3	0.22	0.2121	0.93	0.2537	3	38	41	302	4	0	10	0	6	0	3	0.254167	0.227913	0.8825	0.351371	57	570	627
7130	10/29/2011	4	0	10	16	0	6	0	3	0.22	0.197	0.93	0.3284	3	19	22	302	4	0	10	0	6	0	3	0.254167	0.227913	0.8825	0.351371	57	570	627
7131	10/29/2011	4	0	10	17	0	6	0	3	0.22	0.197	0.93	0.3284	3	28	31	302	4	0	10	0	6	0	3	0.254167	0.227913	0.8825	0.351371	57	570	627
7132	10/29/2011	4	0	10	18	0	6	0	3	0.22	0.197	0.93	0.3284	6	37	43	302	4	0	10	0	6	0	3	0.254167	0.227913	0.8825	0.351371	57	570	627
7133	10/29/2011	4	0	10	19	0	6	0	1	0.24	0.2121	0.87	0.3582	3	36	39	302	4	0	10	0	6	0	3	0.254167	0.227913	0.8825	0.351371	57	570	627
7134	10/29/2011	4	0	10	20	0	6	0	1	0.24	0.2121	0.87	0.3582	7	40	47	302	4	0	10	0	6	0	3	0.254167	0.227913	0.8825	0.351371	57	570	627
7135	10/29/2011	4	0	10	21	0	6	0	1	0.24	0.2121	0.87	0.3582	1	49	50	302	4	0	10	0	6	0	3	0.254167	0.227913	0.8825	0.351371	57	570	627
7136	10/29/2011	4	0	10	22	0	6	0	1	0.22	0.2121	0.87	0.2239	10	44	54	302	4	0	10	0	6	0	3	0.254167	0.227913	0.8825	0.351371	57	570	627
7137	10/29/2011	4	0	10	23	0	6	0	1	0.22	0.2273	0.87	0.194	3	33	36	302	4	0	10	0	6	0	3	0.254167	0.227913	0.8825	0.351371	57	570	627
7138	10/30/2011	4	0	10	0	0	0	0	1	0.22	0.2121	0.87	0.2239	7	47	54	303	4	0	10	0	0	0	1	0.319167	0.321329	0.62375	0.176617	885	2446	3331
7139	10/30/2011	4	0	10	1	0	0	0	1	0.22	0.2121	0.87	0.2537	9	34	43	303	4	0	10	0	0	0	1	0.319167	0.321329	0.62375	0.176617	885	2446	3331
7140	10/30/2011	4	0	10	2	0	0	0	1	0.22	0.2121	0.87	0.2836	7	43	50	303	4	0	10	0	0	0	1	0.319167	0.321329	0.62375	0.176617	885	2446	3331
7141	10/30/2011	4	0	10	3	0	0	0	1	0.24	0.2121	0.75	0.3582	7	26	33	303	4	0	10	0	0	0	1	0.319167	0.321329	0.62375	0.176617	885	2446	3331
7142	10/30/2011	4	0	10	4	0	0	0	1	0.22	0.197	0.8	0.3284	1	10	11	303	4	0	10	0	0	0	1	0.319167	0.321329	0.62375	0.176617	885	2446	3331
7143	10/30/2011	4	0	10	5	0	0	0	1	0.24	0.2121	0.75	0.2985	0	4	4	303	4	0	10	0	0	0	1	0.319167	0.321329	0.62375	0.176617	885	2446	3331
7144	10/30/2011	4	0	10	6	0	0	0	1	0.24	0.2273	0.75	0.2537	2	8	10	303	4	0	10	0	0	0	1	0.319167	0.321329	0.62375	0.176617	885	2446	3331
7145	10/30/2011	4	0	10	7	0	0	0	1	0.24	0.2879	0.75	0	7	15	22	303	4	0	10	0	0	0	1	0.319167	0.321329	0.62375	0.176617	885	2446	3331
7146	10/30/2011	4	0	10	8	0	0	0	1	0.26	0.2576	0.7	0.2239	20	60	80	303	4	0	10	0	0	0	1	0.319167	0.321329	0.62375	0.176617	885	2446	3331
7147	10/30/2011	4	0	10	9	0	0	0	1	0.3	0.2879	0.65	0.2537	55	92	147	303	4	0	10	0	0	0	1	0.319167	0.321329	0.62375	0.176617	885	2446	3331
7148	10/30/2011	4	0	10	10	0	0	0	1	0.32	0.3333	0.61	0.0896	53	125	178	303	4	0	10	0	0	0	1	0.319167	0.321329	0.62375	0.176617	885	2446	3331
7149	10/30/2011	4	0	10	11	0	0	0	1	0.36	0.3485	0.53	0.2239	58	182	240	303	4	0	10	0	0	0	1	0.319167	0.321329	0.62375	0.176617	885	2446	3331
7150	10/30/2011	4	0	10	12	0	0	0	1	0.38	0.3939	0.5	0.194	85	229	314	303	4	0	10	0	0	0	1	0.319167	0.321329	0.62375	0.176617	885	2446	3331
7151	10/30/2011	4	0	10	13	0	0	0	1	0.4	0.4091	0.43	0.2239	113	232	345	303	4	0	10	0	0	0	1	0.319167	0.321329	0.62375	0.176617	885	2446	3331
7152	10/30/2011	4	0	10	14	0	0	0	1	0.42	0.4242	0.38	0.194	91	209	300	303	4	0	10	0	0	0	1	0.319167	0.321329	0.62375	0.176617	885	2446	3331
7153	10/30/2011	4	0	10	15	0	0	0	1	0.42	0.4242	0.35	0.1642	88	202	290	303	4	0	10	0	0	0	1	0.319167	0.321329	0.62375	0.176617	885	2446	3331
7154	10/30/2011	4	0	10	16	0	0	0	1	0.42	0.4242	0.32	0.1343	107	213	320	303	4	0	10	0	0	0	1	0.319167	0.321329	0.62375	0.176617	885	2446	3331
7155	10/30/2011	4	0	10	17	0	0	0	1	0.4	0.4091	0.35	0.1045	54	191	245	303	4	0	10	0	0	0	1	0.319167	0.321329	0.62375	0.176617	885	2446	3331
7156	10/30/2011	4	0	10	18	0	0	0	1	0.36	0.3485	0.4	0.1343	51	162	213	303	4	0	10	0	0	0	1	0.319167	0.321329	0.62375	0.176617	885	2446	3331
7157	10/30/2011	4	0	10	19	0	0	0	1	0.56	0.5303	0.49	0.2985	28	125	153	303	4	0	10	0	0	0	1	0.319167	0.321329	0.62375	0.176617	885	2446	3331
7158	10/30/2011	4	0	10	20	0	0	0	1	0.34	0.3636	0.57	0	18	74	92	303	4	0	10	0	0	0	1	0.319167	0.321329	0.62375	0.176617	885	2446	3331
7159	10/30/2011	4	0	10	21	0	0	0	1	0.32	0.3485	0.66	0	4	75	79	303	4	0	10	0	0	0	1	0.319167	0.321329	0.62375	0.176617	885	2446	3331
7160	10/30/2011	4	0	10	22	0	0	0	1	0.3	0.3333	0.75	0	13	58	71	303	4	0	10	0	0	0	1	0.319167	0.321329	0.62375	0.176617	885	2446	3331
7161	10/30/2011	4	0	10	23	0	0	0	1	0.26	0.303	0.87	0	7	30	37	303	4	0	10	0	0	0	1	0.319167	0.321329	0.62375	0.176617	885	2446	3331
7162	10/31/2011	4	0	10	0	0	1	1	1	0.26	0.303	0.87	0	3	20	23	304	4	0	10	0	1	1	1	0.34	0.356063	0.703333	0.10635	362	3307	3669
7163	10/31/2011	4	0	10	1	0	1	1	1	0.26	0.303	0.81	0	5	8	13	304	4	0	10	0	1	1	1	0.34	0.356063	0.703333	0.10635	362	3307	3669
7164	10/31/2011	4	0	10	2	0	1	1	1	0.24	0.2879	0.87	0	0	3	3	304	4	0	10	0	1	1	1	0.34	0.356063	0.703333	0.10635	362	3307	3669
7165	10/31/2011	4	0	10	3	0	1	1	1	0.24	0.2576	0.87	0.1045	0	3	3	304	4	0	10	0	1	1	1	0.34	0.356063	0.703333	0.10635	362	3307	3669
7166	10/31/2011	4	0	10	4	0	1	1	1	0.24	0.2879	0.87	0	1	5	6	304	4	0	10	0	1	1	1	0.34	0.356063	0.703333	0.10635	362	3307	3669
7167	10/31/2011	4	0	10	5	0	1	1	1	0.22	0.2727	0.93	0	0	18	18	304	4	0	10	0	1	1	1	0.34	0.356063	0.703333	0.10635	362	3307	3669
7168	10/31/2011	4	0	10	6	0	1	1	1	0.24	0.2879	0.87	0	4	82	86	304	4	0	10	0	1	1	1	0.34	0.356063	0.703333	0.10635	362	3307	3669
7169	10/31/2011	4	0	10	7	0	1	1	1	0.24	0.2879	0.93	0	11	216	227	304	4	0	10	0	1	1	1	0.34	0.356063	0.703333	0.10635	362	3307	3669
7170	10/31/2011	4	0	10	8	0	1	1	2	0.28	0.3182	0.87	0	17	355	372	304	4	0	10	0	1	1	1	0.34	0.356063	0.703333	0.10635	362	3307	3669
7171	10/31/2011	4	0	10	9	0	1	1	2	0.32	0.3182	0.76	0.1642	14	197	211	304	4	0	10	0	1	1	1	0.34	0.356063	0.703333	0.10635	362	3307	3669
7172	10/31/2011	4	0	10	10	0	1	1	2	0.36	0.3485	0.57	0.1642	18	87	105	304	4	0	10	0	1	1	1	0.34	0.356063	0.703333	0.10635	362	3307	3669
7173	10/31/2011	4	0	10	11	0	1	1	1	0.4	0.4091	0.5	0.1343	31	97	128	304	4	0	10	0	1	1	1	0.34	0.356063	0.703333	0.10635	362	3307	3669
7174	10/31/2011	4	0	10	12	0	1	1	1	0.42	0.4242	0.44	0.2239	30	140	170	304	4	0	10	0	1	1	1	0.34	0.356063	0.703333	0.10635	362	3307	3669
7175	10/31/2011	4	0	10	13	0	1	1	2	0.44	0.4394	0.44	0.2239	24	128	152	304	4	0	10	0	1	1	1	0.34	0.356063	0.703333	0.10635	362	3307	3669
7176	10/31/2011	4	0	10	14	0	1	1	2	0.44	0.4394	0.47	0.2239	22	119	141	304	4	0	10	0	1	1	1	0.34	0.356063	0.703333	0.10635	362	3307	3669
7177	10/31/2011	4	0	10	15	0	1	1	1	0.44	0.4394	0.47	0.1642	27	141	168	304	4	0	10	0	1	1	1	0.34	0.356063	0.703333	0.10635	362	3307	3669
7178	10/31/2011	4	0	10	16	0	1	1	1	0.42	0.4242	0.54	0.1642	30	242	272	304	4	0	10	0	1	1	1	0.34	0.356063	0.703333	0.10635	362	3307	3669
7179	10/31/2011	4	0	10	17	0	1	1	1	0.42	0.4242	0.54	0.1343	44	442	486	304	4	0	10	0	1	1	1	0.34	0.356063	0.703333	0.10635	362	3307	3669
7180	10/31/2011	4	0	10	18	0	1	1	1	0.4	0.4091	0.66	0.0896	30	392	422	304	4	0	10	0	1	1	1	0.34	0.356063	0.703333	0.10635	362	3307	3669
7181	10/31/2011	4	0	10	19	0	1	1	1	0.4	0.4091	0.66	0.0896	12	226	238	304	4	0	10	0	1	1	1	0.34	0.356063	0.703333	0.10635	362	3307	3669
7182	10/31/2011	4	0	10	20	0	1	1	1	0.4	0.4091	0.66	0.0896	18	154	172	304	4	0	10	0	1	1	1	0.34	0.356063	0.703333	0.10635	362	3307	3669
7183	10/31/2011	4	0	10	21	0	1	1	2	0.36	0.3485	0.76	0.194	7	109	116	304	4	0	10	0	1	1	1	0.34	0.356063	0.703333	0.10635	362	3307	3669
7184	10/31/2011	4	0	10	22	0	1	1	2	0.36	0.3485	0.76	0.194	8	77	85	304	4	0	10	0	1	1	1	0.34	0.356063	0.703333	0.10635	362	3307	3669
7185	10/31/2011	4	0	10	23	0	1	1	2	0.36	0.3485	0.76	0.194	6	46	52	304	4	0	10	0	1	1	1	0.34	0.356063	0.703333	0.10635	362	3307	3669
7186	11/1/2011	4	0	11	0	0	2	1	2	0.36	0.3485	0.87	0.1642	3	18	21	305	4	0	11	0	2	1	1	0.400833	0.397088	0.68375	0.135571	410	3658	4068
7187	11/1/2011	4	0	11	1	0	2	1	1	0.36	0.3485	0.81	0.1343	3	8	11	305	4	0	11	0	2	1	1	0.400833	0.397088	0.68375	0.135571	410	3658	4068
7188	11/1/2011	4	0	11	2	0	2	1	2	0.36	0.3485	0.81	0.1642	1	3	4	305	4	0	11	0	2	1	1	0.400833	0.397088	0.68375	0.135571	410	3658	4068
7189	11/1/2011	4	0	11	3	0	2	1	2	0.36	0.3485	0.81	0.1343	1	5	6	305	4	0	11	0	2	1	1	0.400833	0.397088	0.68375	0.135571	410	3658	4068
7190	11/1/2011	4	0	11	4	0	2	1	1	0.34	0.3182	0.81	0.2239	1	7	8	305	4	0	11	0	2	1	1	0.400833	0.397088	0.68375	0.135571	410	3658	4068
7191	11/1/2011	4	0	11	5	0	2	1	1	0.32	0.3182	0.81	0.194	0	18	18	305	4	0	11	0	2	1	1	0.400833	0.397088	0.68375	0.135571	410	3658	4068
7192	11/1/2011	4	0	11	6	0	2	1	1	0.32	0.3182	0.81	0.194	3	90	93	305	4	0	11	0	2	1	1	0.400833	0.397088	0.68375	0.135571	410	3658	4068
7193	11/1/2011	4	0	11	7	0	2	1	1	0.34	0.3333	0.76	0.194	8	246	254	305	4	0	11	0	2	1	1	0.400833	0.397088	0.68375	0.135571	410	3658	4068
7194	11/1/2011	4	0	11	8	0	2	1	1	0.36	0.3333	0.71	0.2537	17	402	419	305	4	0	11	0	2	1	1	0.400833	0.397088	0.68375	0.135571	410	3658	4068
7195	11/1/2011	4	0	11	9	0	2	1	1	0.4	0.4091	0.66	0.1642	16	206	222	305	4	0	11	0	2	1	1	0.400833	0.397088	0.68375	0.135571	410	3658	4068
7196	11/1/2011	4	0	11	10	0	2	1	1	0.44	0.4394	0.62	0.1343	21	114	135	305	4	0	11	0	2	1	1	0.400833	0.397088	0.68375	0.135571	410	3658	4068
7197	11/1/2011	4	0	11	11	0	2	1	1	0.46	0.4545	0.63	0.1045	16	101	117	305	4	0	11	0	2	1	1	0.400833	0.397088	0.68375	0.135571	410	3658	4068
7198	11/1/2011	4	0	11	12	0	2	1	1	0.5	0.4848	0.48	0.0896	23	153	176	305	4	0	11	0	2	1	1	0.400833	0.397088	0.68375	0.135571	410	3658	4068
7199	11/1/2011	4	0	11	13	0	2	1	1	0.48	0.4697	0.55	0.194	20	147	167	305	4	0	11	0	2	1	1	0.400833	0.397088	0.68375	0.135571	410	3658	4068
7200	11/1/2011	4	0	11	14	0	2	1	1	0.5	0.4848	0.48	0.2537	32	118	150	305	4	0	11	0	2	1	1	0.400833	0.397088	0.68375	0.135571	410	3658	4068
7201	11/1/2011	4	0	11	15	0	2	1	1	0.5	0.4848	0.45	0.1343	38	148	186	305	4	0	11	0	2	1	1	0.400833	0.397088	0.68375	0.135571	410	3658	4068
7202	11/1/2011	4	0	11	16	0	2	1	1	0.48	0.4697	0.44	0.1642	46	252	298	305	4	0	11	0	2	1	1	0.400833	0.397088	0.68375	0.135571	410	3658	4068
7203	11/1/2011	4	0	11	17	0	2	1	1	0.44	0.4394	0.54	0.1642	36	470	506	305	4	0	11	0	2	1	1	0.400833	0.397088	0.68375	0.135571	410	3658	4068
7204	11/1/2011	4	0	11	18	0	2	1	1	0.42	0.4242	0.58	0.1045	39	421	460	305	4	0	11	0	2	1	1	0.400833	0.397088	0.68375	0.135571	410	3658	4068
7205	11/1/2011	4	0	11	19	0	2	1	1	0.42	0.4242	0.58	0.0896	39	274	313	305	4	0	11	0	2	1	1	0.400833	0.397088	0.68375	0.135571	410	3658	4068
7206	11/1/2011	4	0	11	20	0	2	1	1	0.4	0.4091	0.71	0	18	191	209	305	4	0	11	0	2	1	1	0.400833	0.397088	0.68375	0.135571	410	3658	4068
7207	11/1/2011	4	0	11	21	0	2	1	1	0.36	0.3788	0.81	0	13	114	127	305	4	0	11	0	2	1	1	0.400833	0.397088	0.68375	0.135571	410	3658	4068
7208	11/1/2011	4	0	11	22	0	2	1	1	0.36	0.3788	0.81	0	5	91	96	305	4	0	11	0	2	1	1	0.400833	0.397088	0.68375	0.135571	410	3658	4068
7209	11/1/2011	4	0	11	23	0	2	1	1	0.34	0.3636	0.87	0	11	61	72	305	4	0	11	0	2	1	1	0.400833	0.397088	0.68375	0.135571	410	3658	4068
7210	11/2/2011	4	0	11	0	0	3	1	1	0.32	0.3485	0.87	0	0	19	19	306	4	0	11	0	3	1	1	0.3775	0.390133	0.71875	0.0820917	370	3816	4186
7211	11/2/2011	4	0	11	1	0	3	1	1	0.3	0.3333	0.87	0	2	8	10	306	4	0	11	0	3	1	1	0.3775	0.390133	0.71875	0.0820917	370	3816	4186
7212	11/2/2011	4	0	11	2	0	3	1	1	0.3	0.3333	0.87	0	0	2	2	306	4	0	11	0	3	1	1	0.3775	0.390133	0.71875	0.0820917	370	3816	4186
7213	11/2/2011	4	0	11	3	0	3	1	1	0.3	0.3333	0.75	0	0	2	2	306	4	0	11	0	3	1	1	0.3775	0.390133	0.71875	0.0820917	370	3816	4186
7214	11/2/2011	4	0	11	4	0	3	1	1	0.3	0.3333	0.87	0	0	4	4	306	4	0	11	0	3	1	1	0.3775	0.390133	0.71875	0.0820917	370	3816	4186
7215	11/2/2011	4	0	11	5	0	3	1	1	0.3	0.3333	0.81	0	0	27	27	306	4	0	11	0	3	1	1	0.3775	0.390133	0.71875	0.0820917	370	3816	4186
7216	11/2/2011	4	0	11	6	0	3	1	1	0.3	0.3333	0.81	0	1	91	92	306	4	0	11	0	3	1	1	0.3775	0.390133	0.71875	0.0820917	370	3816	4186
7217	11/2/2011	4	0	11	7	0	3	1	1	0.3	0.3333	0.81	0	11	240	251	306	4	0	11	0	3	1	1	0.3775	0.390133	0.71875	0.0820917	370	3816	4186
7218	11/2/2011	4	0	11	8	0	3	1	1	0.32	0.3485	0.87	0	20	452	472	306	4	0	11	0	3	1	1	0.3775	0.390133	0.71875	0.0820917	370	3816	4186
7219	11/2/2011	4	0	11	9	0	3	1	1	0.34	0.3636	0.87	0	15	213	228	306	4	0	11	0	3	1	1	0.3775	0.390133	0.71875	0.0820917	370	3816	4186
7220	11/2/2011	4	0	11	10	0	3	1	1	0.4	0.4091	0.71	0.0896	25	108	133	306	4	0	11	0	3	1	1	0.3775	0.390133	0.71875	0.0820917	370	3816	4186
7221	11/2/2011	4	0	11	11	0	3	1	1	0.42	0.4242	0.71	0.1343	27	117	144	306	4	0	11	0	3	1	1	0.3775	0.390133	0.71875	0.0820917	370	3816	4186
7222	11/2/2011	4	0	11	12	0	3	1	1	0.46	0.4545	0.55	0.1642	32	157	189	306	4	0	11	0	3	1	1	0.3775	0.390133	0.71875	0.0820917	370	3816	4186
7223	11/2/2011	4	0	11	13	0	3	1	1	0.48	0.4697	0.48	0.1642	22	139	161	306	4	0	11	0	3	1	1	0.3775	0.390133	0.71875	0.0820917	370	3816	4186
7224	11/2/2011	4	0	11	14	0	3	1	1	0.5	0.4848	0.45	0.1642	40	132	172	306	4	0	11	0	3	1	1	0.3775	0.390133	0.71875	0.0820917	370	3816	4186
7225	11/2/2011	4	0	11	15	0	3	1	1	0.48	0.4697	0.51	0.1642	26	161	187	306	4	0	11	0	3	1	1	0.3775	0.390133	0.71875	0.0820917	370	3816	4186
7226	11/2/2011	4	0	11	16	0	3	1	1	0.48	0.4697	0.51	0.1045	35	231	266	306	4	0	11	0	3	1	1	0.3775	0.390133	0.71875	0.0820917	370	3816	4186
7227	11/2/2011	4	0	11	17	0	3	1	1	0.44	0.4394	0.62	0.194	30	523	553	306	4	0	11	0	3	1	1	0.3775	0.390133	0.71875	0.0820917	370	3816	4186
7228	11/2/2011	4	0	11	18	0	3	1	1	0.42	0.4242	0.71	0.1642	31	448	479	306	4	0	11	0	3	1	1	0.3775	0.390133	0.71875	0.0820917	370	3816	4186
7229	11/2/2011	4	0	11	19	0	3	1	1	0.4	0.4091	0.76	0.1343	25	257	282	306	4	0	11	0	3	1	1	0.3775	0.390133	0.71875	0.0820917	370	3816	4186
7230	11/2/2011	4	0	11	20	0	3	1	1	0.4	0.4091	0.66	0.1343	5	177	182	306	4	0	11	0	3	1	1	0.3775	0.390133	0.71875	0.0820917	370	3816	4186
7231	11/2/2011	4	0	11	21	0	3	1	1	0.38	0.3939	0.71	0.1343	13	155	168	306	4	0	11	0	3	1	1	0.3775	0.390133	0.71875	0.0820917	370	3816	4186
7232	11/2/2011	4	0	11	22	0	3	1	1	0.36	0.3485	0.71	0.1343	7	99	106	306	4	0	11	0	3	1	1	0.3775	0.390133	0.71875	0.0820917	370	3816	4186
7233	11/2/2011	4	0	11	23	0	3	1	1	0.36	0.3636	0.76	0.0896	3	54	57	306	4	0	11	0	3	1	1	0.3775	0.390133	0.71875	0.0820917	370	3816	4186
7234	11/3/2011	4	0	11	0	0	4	1	1	0.36	0.3636	0.76	0.0896	3	28	31	307	4	0	11	0	4	1	1	0.408333	0.405921	0.702083	0.136817	318	3656	3974
7235	11/3/2011	4	0	11	1	0	4	1	1	0.34	0.3333	0.81	0.1343	3	12	15	307	4	0	11	0	4	1	1	0.408333	0.405921	0.702083	0.136817	318	3656	3974
7236	11/3/2011	4	0	11	2	0	4	1	1	0.34	0.3333	0.76	0.1343	2	5	7	307	4	0	11	0	4	1	1	0.408333	0.405921	0.702083	0.136817	318	3656	3974
7237	11/3/2011	4	0	11	3	0	4	1	1	0.34	0.3333	0.81	0.1343	1	4	5	307	4	0	11	0	4	1	1	0.408333	0.405921	0.702083	0.136817	318	3656	3974
7238	11/3/2011	4	0	11	4	0	4	1	1	0.32	0.3333	0.81	0.0896	1	3	4	307	4	0	11	0	4	1	1	0.408333	0.405921	0.702083	0.136817	318	3656	3974
7239	11/3/2011	4	0	11	5	0	4	1	1	0.32	0.3333	0.81	0.1343	1	27	28	307	4	0	11	0	4	1	1	0.408333	0.405921	0.702083	0.136817	318	3656	3974
7240	11/3/2011	4	0	11	6	0	4	1	1	0.34	0.3333	0.76	0.194	3	96	99	307	4	0	11	0	4	1	1	0.408333	0.405921	0.702083	0.136817	318	3656	3974
7241	11/3/2011	4	0	11	7	0	4	1	2	0.32	0.3333	0.81	0.0896	12	280	292	307	4	0	11	0	4	1	1	0.408333	0.405921	0.702083	0.136817	318	3656	3974
7242	11/3/2011	4	0	11	8	0	4	1	2	0.34	0.3485	0.81	0.0896	8	394	402	307	4	0	11	0	4	1	1	0.408333	0.405921	0.702083	0.136817	318	3656	3974
7243	11/3/2011	4	0	11	9	0	4	1	2	0.36	0.3485	0.81	0.194	9	155	164	307	4	0	11	0	4	1	1	0.408333	0.405921	0.702083	0.136817	318	3656	3974
7244	11/3/2011	4	0	11	10	0	4	1	2	0.4	0.4091	0.76	0.194	12	98	110	307	4	0	11	0	4	1	1	0.408333	0.405921	0.702083	0.136817	318	3656	3974
7245	11/3/2011	4	0	11	11	0	4	1	1	0.44	0.4394	0.67	0.194	12	108	120	307	4	0	11	0	4	1	1	0.408333	0.405921	0.702083	0.136817	318	3656	3974
7246	11/3/2011	4	0	11	12	0	4	1	1	0.5	0.4848	0.51	0.194	17	162	179	307	4	0	11	0	4	1	1	0.408333	0.405921	0.702083	0.136817	318	3656	3974
7247	11/3/2011	4	0	11	13	0	4	1	2	0.52	0.5	0.48	0.2537	19	150	169	307	4	0	11	0	4	1	1	0.408333	0.405921	0.702083	0.136817	318	3656	3974
7248	11/3/2011	4	0	11	14	0	4	1	1	0.52	0.5	0.52	0.1642	32	120	152	307	4	0	11	0	4	1	1	0.408333	0.405921	0.702083	0.136817	318	3656	3974
7249	11/3/2011	4	0	11	15	0	4	1	1	0.52	0.5	0.52	0.1642	24	138	162	307	4	0	11	0	4	1	1	0.408333	0.405921	0.702083	0.136817	318	3656	3974
7250	11/3/2011	4	0	11	16	0	4	1	1	0.52	0.5	0.48	0.194	33	234	267	307	4	0	11	0	4	1	1	0.408333	0.405921	0.702083	0.136817	318	3656	3974
7251	11/3/2011	4	0	11	17	0	4	1	1	0.48	0.4697	0.55	0.0896	33	465	498	307	4	0	11	0	4	1	1	0.408333	0.405921	0.702083	0.136817	318	3656	3974
7252	11/3/2011	4	0	11	18	0	4	1	1	0.46	0.4545	0.63	0.1343	24	409	433	307	4	0	11	0	4	1	1	0.408333	0.405921	0.702083	0.136817	318	3656	3974
7253	11/3/2011	4	0	11	19	0	4	1	1	0.44	0.4394	0.67	0.0896	18	234	252	307	4	0	11	0	4	1	1	0.408333	0.405921	0.702083	0.136817	318	3656	3974
7254	11/3/2011	4	0	11	20	0	4	1	1	0.42	0.4242	0.71	0.1045	11	198	209	307	4	0	11	0	4	1	1	0.408333	0.405921	0.702083	0.136817	318	3656	3974
7255	11/3/2011	4	0	11	21	0	4	1	1	0.4	0.4091	0.76	0.1343	4	140	144	307	4	0	11	0	4	1	1	0.408333	0.405921	0.702083	0.136817	318	3656	3974
7256	11/3/2011	4	0	11	22	0	4	1	1	0.4	0.4091	0.82	0	21	116	137	307	4	0	11	0	4	1	1	0.408333	0.405921	0.702083	0.136817	318	3656	3974
7257	11/3/2011	4	0	11	23	0	4	1	1	0.4	0.4091	0.82	0.0896	15	80	95	307	4	0	11	0	4	1	1	0.408333	0.405921	0.702083	0.136817	318	3656	3974
7258	11/4/2011	4	0	11	0	0	5	1	2	0.4	0.4091	0.82	0	11	32	43	308	4	0	11	0	5	1	2	0.403333	0.403392	0.6225	0.271779	470	3576	4046
7259	11/4/2011	4	0	11	1	0	5	1	2	0.4	0.4091	0.82	0	1	16	17	308	4	0	11	0	5	1	2	0.403333	0.403392	0.6225	0.271779	470	3576	4046
7260	11/4/2011	4	0	11	2	0	5	1	2	0.4	0.4091	0.76	0	2	8	10	308	4	0	11	0	5	1	2	0.403333	0.403392	0.6225	0.271779	470	3576	4046
7261	11/4/2011	4	0	11	3	0	5	1	2	0.38	0.3939	0.87	0.1642	1	7	8	308	4	0	11	0	5	1	2	0.403333	0.403392	0.6225	0.271779	470	3576	4046
7262	11/4/2011	4	0	11	4	0	5	1	2	0.38	0.3939	0.87	0.0896	1	6	7	308	4	0	11	0	5	1	2	0.403333	0.403392	0.6225	0.271779	470	3576	4046
7263	11/4/2011	4	0	11	5	0	5	1	2	0.38	0.3939	0.87	0	0	23	23	308	4	0	11	0	5	1	2	0.403333	0.403392	0.6225	0.271779	470	3576	4046
7264	11/4/2011	4	0	11	6	0	5	1	2	0.38	0.3939	0.87	0.0896	2	64	66	308	4	0	11	0	5	1	2	0.403333	0.403392	0.6225	0.271779	470	3576	4046
7265	11/4/2011	4	0	11	7	0	5	1	2	0.4	0.4091	0.86	0.2239	10	235	245	308	4	0	11	0	5	1	2	0.403333	0.403392	0.6225	0.271779	470	3576	4046
7266	11/4/2011	4	0	11	8	0	5	1	2	0.4	0.4091	0.87	0.3582	8	387	395	308	4	0	11	0	5	1	2	0.403333	0.403392	0.6225	0.271779	470	3576	4046
7267	11/4/2011	4	0	11	9	0	5	1	2	0.42	0.4242	0.71	0.4627	15	239	254	308	4	0	11	0	5	1	2	0.403333	0.403392	0.6225	0.271779	470	3576	4046
7268	11/4/2011	4	0	11	10	0	5	1	2	0.42	0.4242	0.71	0.3284	19	115	134	308	4	0	11	0	5	1	2	0.403333	0.403392	0.6225	0.271779	470	3576	4046
7269	11/4/2011	4	0	11	11	0	5	1	2	0.44	0.4394	0.67	0.4478	34	128	162	308	4	0	11	0	5	1	2	0.403333	0.403392	0.6225	0.271779	470	3576	4046
7270	11/4/2011	4	0	11	12	0	5	1	2	0.48	0.4697	0.55	0.4925	44	153	197	308	4	0	11	0	5	1	2	0.403333	0.403392	0.6225	0.271779	470	3576	4046
7271	11/4/2011	4	0	11	13	0	5	1	1	0.44	0.4394	0.51	0.4179	33	161	194	308	4	0	11	0	5	1	2	0.403333	0.403392	0.6225	0.271779	470	3576	4046
7272	11/4/2011	4	0	11	14	0	5	1	1	0.44	0.4394	0.47	0.2985	54	147	201	308	4	0	11	0	5	1	2	0.403333	0.403392	0.6225	0.271779	470	3576	4046
7273	11/4/2011	4	0	11	15	0	5	1	1	0.46	0.4545	0.44	0.3881	45	192	237	308	4	0	11	0	5	1	2	0.403333	0.403392	0.6225	0.271779	470	3576	4046
7274	11/4/2011	4	0	11	16	0	5	1	1	0.46	0.4545	0.36	0.3881	53	237	290	308	4	0	11	0	5	1	2	0.403333	0.403392	0.6225	0.271779	470	3576	4046
7275	11/4/2011	4	0	11	17	0	5	1	1	0.42	0.4242	0.38	0.3582	42	438	480	308	4	0	11	0	5	1	2	0.403333	0.403392	0.6225	0.271779	470	3576	4046
7276	11/4/2011	4	0	11	18	0	5	1	1	0.42	0.4242	0.32	0.4627	35	339	374	308	4	0	11	0	5	1	2	0.403333	0.403392	0.6225	0.271779	470	3576	4046
7277	11/4/2011	4	0	11	19	0	5	1	1	0.4	0.4091	0.37	0.3582	14	182	196	308	4	0	11	0	5	1	2	0.403333	0.403392	0.6225	0.271779	470	3576	4046
7278	11/4/2011	4	0	11	20	0	5	1	1	0.36	0.3333	0.43	0.2836	15	171	186	308	4	0	11	0	5	1	2	0.403333	0.403392	0.6225	0.271779	470	3576	4046
7279	11/4/2011	4	0	11	21	0	5	1	1	0.34	0.3182	0.46	0.2537	8	115	123	308	4	0	11	0	5	1	2	0.403333	0.403392	0.6225	0.271779	470	3576	4046
7280	11/4/2011	4	0	11	22	0	5	1	1	0.34	0.303	0.46	0.3284	6	109	115	308	4	0	11	0	5	1	2	0.403333	0.403392	0.6225	0.271779	470	3576	4046
7281	11/4/2011	4	0	11	23	0	5	1	1	0.32	0.303	0.49	0.3284	17	72	89	308	4	0	11	0	5	1	2	0.403333	0.403392	0.6225	0.271779	470	3576	4046
7282	11/5/2011	4	0	11	0	0	6	0	1	0.32	0.2879	0.45	0.3582	4	48	52	309	4	0	11	0	6	0	1	0.326667	0.323854	0.519167	0.189062	1156	2770	3926
7283	11/5/2011	4	0	11	1	0	6	0	1	0.32	0.303	0.45	0.2985	5	57	62	309	4	0	11	0	6	0	1	0.326667	0.323854	0.519167	0.189062	1156	2770	3926
7284	11/5/2011	4	0	11	2	0	6	0	1	0.3	0.2727	0.52	0.3284	7	24	31	309	4	0	11	0	6	0	1	0.326667	0.323854	0.519167	0.189062	1156	2770	3926
7285	11/5/2011	4	0	11	3	0	6	0	1	0.3	0.2727	0.52	0.2985	0	8	8	309	4	0	11	0	6	0	1	0.326667	0.323854	0.519167	0.189062	1156	2770	3926
7286	11/5/2011	4	0	11	4	0	6	0	1	0.28	0.2576	0.56	0.3284	3	5	8	309	4	0	11	0	6	0	1	0.326667	0.323854	0.519167	0.189062	1156	2770	3926
7287	11/5/2011	4	0	11	5	0	6	0	1	0.26	0.2273	0.6	0.3284	0	2	2	309	4	0	11	0	6	0	1	0.326667	0.323854	0.519167	0.189062	1156	2770	3926
7288	11/5/2011	4	0	11	6	0	6	0	1	0.26	0.2424	0.6	0.2537	3	20	23	309	4	0	11	0	6	0	1	0.326667	0.323854	0.519167	0.189062	1156	2770	3926
7289	11/5/2011	4	0	11	7	0	6	0	1	0.26	0.2424	0.6	0.2836	3	31	34	309	4	0	11	0	6	0	1	0.326667	0.323854	0.519167	0.189062	1156	2770	3926
7290	11/5/2011	4	0	11	8	0	6	0	1	0.28	0.2576	0.56	0.3284	4	80	84	309	4	0	11	0	6	0	1	0.326667	0.323854	0.519167	0.189062	1156	2770	3926
7291	11/5/2011	4	0	11	9	0	6	0	1	0.3	0.2727	0.56	0.2985	30	111	141	309	4	0	11	0	6	0	1	0.326667	0.323854	0.519167	0.189062	1156	2770	3926
7292	11/5/2011	4	0	11	10	0	6	0	1	0.32	0.303	0.53	0.2537	56	171	227	309	4	0	11	0	6	0	1	0.326667	0.323854	0.519167	0.189062	1156	2770	3926
7293	11/5/2011	4	0	11	11	0	6	0	1	0.36	0.3636	0.46	0.1045	69	169	238	309	4	0	11	0	6	0	1	0.326667	0.323854	0.519167	0.189062	1156	2770	3926
7294	11/5/2011	4	0	11	12	0	6	0	1	0.36	0.3485	0.46	0.1642	137	235	372	309	4	0	11	0	6	0	1	0.326667	0.323854	0.519167	0.189062	1156	2770	3926
7295	11/5/2011	4	0	11	13	0	6	0	1	0.4	0.4091	0.37	0.1045	148	207	355	309	4	0	11	0	6	0	1	0.326667	0.323854	0.519167	0.189062	1156	2770	3926
7296	11/5/2011	4	0	11	14	0	6	0	1	0.42	0.4242	0.35	0.1343	159	227	386	309	4	0	11	0	6	0	1	0.326667	0.323854	0.519167	0.189062	1156	2770	3926
7297	11/5/2011	4	0	11	15	0	6	0	1	0.4	0.4091	0.37	0.194	141	202	343	309	4	0	11	0	6	0	1	0.326667	0.323854	0.519167	0.189062	1156	2770	3926
7298	11/5/2011	4	0	11	16	0	6	0	1	0.4	0.4091	0.4	0.2239	128	207	335	309	4	0	11	0	6	0	1	0.326667	0.323854	0.519167	0.189062	1156	2770	3926
7299	11/5/2011	4	0	11	17	0	6	0	1	0.38	0.3939	0.4	0.1642	100	234	334	309	4	0	11	0	6	0	1	0.326667	0.323854	0.519167	0.189062	1156	2770	3926
7300	11/5/2011	4	0	11	18	0	6	0	1	0.36	0.3636	0.5	0.0896	52	185	237	309	4	0	11	0	6	0	1	0.326667	0.323854	0.519167	0.189062	1156	2770	3926
7301	11/5/2011	4	0	11	19	0	6	0	1	0.34	0.3636	0.53	0	45	159	204	309	4	0	11	0	6	0	1	0.326667	0.323854	0.519167	0.189062	1156	2770	3926
7302	11/5/2011	4	0	11	20	0	6	0	1	0.32	0.3485	0.66	0	29	136	165	309	4	0	11	0	6	0	1	0.326667	0.323854	0.519167	0.189062	1156	2770	3926
7303	11/5/2011	4	0	11	21	0	6	0	1	0.32	0.3485	0.66	0	19	99	118	309	4	0	11	0	6	0	1	0.326667	0.323854	0.519167	0.189062	1156	2770	3926
7304	11/5/2011	4	0	11	22	0	6	0	1	0.3	0.3333	0.65	0	10	72	82	309	4	0	11	0	6	0	1	0.326667	0.323854	0.519167	0.189062	1156	2770	3926
7305	11/5/2011	4	0	11	23	0	6	0	1	0.28	0.3182	0.7	0	4	81	85	309	4	0	11	0	6	0	1	0.326667	0.323854	0.519167	0.189062	1156	2770	3926
7306	11/6/2011	4	0	11	0	0	0	0	1	0.28	0.3182	0.75	0	10	65	75	310	4	0	11	0	0	0	1	0.348333	0.362358	0.734583	0.0920542	952	2697	3649
7307	11/6/2011	4	0	11	1	0	0	0	1	0.26	0.303	0.81	0	11	104	115	310	4	0	11	0	0	0	1	0.348333	0.362358	0.734583	0.0920542	952	2697	3649
7308	11/6/2011	4	0	11	2	0	0	0	1	0.26	0.303	0.81	0	6	23	29	310	4	0	11	0	0	0	1	0.348333	0.362358	0.734583	0.0920542	952	2697	3649
7309	11/6/2011	4	0	11	3	0	0	0	1	0.24	0.2879	0.87	0	5	4	9	310	4	0	11	0	0	0	1	0.348333	0.362358	0.734583	0.0920542	952	2697	3649
7310	11/6/2011	4	0	11	4	0	0	0	1	0.24	0.2879	0.87	0	0	6	6	310	4	0	11	0	0	0	1	0.348333	0.362358	0.734583	0.0920542	952	2697	3649
7311	11/6/2011	4	0	11	5	0	0	0	1	0.24	0.2424	0.87	0.1343	0	5	5	310	4	0	11	0	0	0	1	0.348333	0.362358	0.734583	0.0920542	952	2697	3649
7312	11/6/2011	4	0	11	6	0	0	0	1	0.26	0.2879	0.81	0.0896	5	11	16	310	4	0	11	0	0	0	1	0.348333	0.362358	0.734583	0.0920542	952	2697	3649
7313	11/6/2011	4	0	11	7	0	0	0	1	0.26	0.2727	0.87	0.1045	4	24	28	310	4	0	11	0	0	0	1	0.348333	0.362358	0.734583	0.0920542	952	2697	3649
7314	11/6/2011	4	0	11	8	0	0	0	2	0.28	0.303	0.87	0.0896	19	71	90	310	4	0	11	0	0	0	1	0.348333	0.362358	0.734583	0.0920542	952	2697	3649
7315	11/6/2011	4	0	11	9	0	0	0	2	0.3	0.3182	0.75	0.0896	36	134	170	310	4	0	11	0	0	0	1	0.348333	0.362358	0.734583	0.0920542	952	2697	3649
7316	11/6/2011	4	0	11	10	0	0	0	1	0.36	0.3636	0.66	0.0896	76	186	262	310	4	0	11	0	0	0	1	0.348333	0.362358	0.734583	0.0920542	952	2697	3649
7317	11/6/2011	4	0	11	11	0	0	0	1	0.42	0.4242	0.58	0.0896	104	216	320	310	4	0	11	0	0	0	1	0.348333	0.362358	0.734583	0.0920542	952	2697	3649
7318	11/6/2011	4	0	11	12	0	0	0	1	0.44	0.4394	0.54	0	120	226	346	310	4	0	11	0	0	0	1	0.348333	0.362358	0.734583	0.0920542	952	2697	3649
7319	11/6/2011	4	0	11	13	0	0	0	1	0.46	0.4545	0.51	0.1642	105	209	314	310	4	0	11	0	0	0	1	0.348333	0.362358	0.734583	0.0920542	952	2697	3649
7320	11/6/2011	4	0	11	14	0	0	0	1	0.46	0.4545	0.55	0.194	101	219	320	310	4	0	11	0	0	0	1	0.348333	0.362358	0.734583	0.0920542	952	2697	3649
7321	11/6/2011	4	0	11	15	0	0	0	1	0.48	0.4697	0.51	0.194	96	210	306	310	4	0	11	0	0	0	1	0.348333	0.362358	0.734583	0.0920542	952	2697	3649
7322	11/6/2011	4	0	11	16	0	0	0	1	0.46	0.4545	0.55	0.2239	84	263	347	310	4	0	11	0	0	0	1	0.348333	0.362358	0.734583	0.0920542	952	2697	3649
7323	11/6/2011	4	0	11	17	0	0	0	1	0.44	0.4394	0.62	0.1642	71	185	256	310	4	0	11	0	0	0	1	0.348333	0.362358	0.734583	0.0920542	952	2697	3649
7324	11/6/2011	4	0	11	18	0	0	0	1	0.42	0.4242	0.71	0.1045	39	146	185	310	4	0	11	0	0	0	1	0.348333	0.362358	0.734583	0.0920542	952	2697	3649
7325	11/6/2011	4	0	11	19	0	0	0	1	0.38	0.3939	0.76	0.194	21	130	151	310	4	0	11	0	0	0	1	0.348333	0.362358	0.734583	0.0920542	952	2697	3649
7326	11/6/2011	4	0	11	20	0	0	0	1	0.36	0.3636	0.81	0.1045	16	100	116	310	4	0	11	0	0	0	1	0.348333	0.362358	0.734583	0.0920542	952	2697	3649
7327	11/6/2011	4	0	11	21	0	0	0	1	0.36	0.3636	0.81	0.0896	11	77	88	310	4	0	11	0	0	0	1	0.348333	0.362358	0.734583	0.0920542	952	2697	3649
7328	11/6/2011	4	0	11	22	0	0	0	1	0.36	0.3788	0.87	0	5	40	45	310	4	0	11	0	0	0	1	0.348333	0.362358	0.734583	0.0920542	952	2697	3649
7329	11/6/2011	4	0	11	23	0	0	0	1	0.34	0.3485	0.87	0.0896	7	43	50	310	4	0	11	0	0	0	1	0.348333	0.362358	0.734583	0.0920542	952	2697	3649
7330	11/7/2011	4	0	11	0	0	1	1	1	0.34	0.3636	0.87	0	1	14	15	311	4	0	11	0	1	1	1	0.395	0.400871	0.75875	0.057225	373	3662	4035
7331	11/7/2011	4	0	11	1	0	1	1	1	0.34	0.3636	0.87	0	2	6	8	311	4	0	11	0	1	1	1	0.395	0.400871	0.75875	0.057225	373	3662	4035
7332	11/7/2011	4	0	11	2	0	1	1	1	0.32	0.3485	0.93	0	0	2	2	311	4	0	11	0	1	1	1	0.395	0.400871	0.75875	0.057225	373	3662	4035
7333	11/7/2011	4	0	11	3	0	1	1	1	0.32	0.3485	0.93	0	0	3	3	311	4	0	11	0	1	1	1	0.395	0.400871	0.75875	0.057225	373	3662	4035
7334	11/7/2011	4	0	11	4	0	1	1	1	0.32	0.3485	0.93	0	2	4	6	311	4	0	11	0	1	1	1	0.395	0.400871	0.75875	0.057225	373	3662	4035
7335	11/7/2011	4	0	11	5	0	1	1	1	0.3	0.3333	0.93	0	1	25	26	311	4	0	11	0	1	1	1	0.395	0.400871	0.75875	0.057225	373	3662	4035
7336	11/7/2011	4	0	11	6	0	1	1	2	0.28	0.3182	0.93	0	2	97	99	311	4	0	11	0	1	1	1	0.395	0.400871	0.75875	0.057225	373	3662	4035
7337	11/7/2011	4	0	11	7	0	1	1	2	0.28	0.3182	0.93	0	6	305	311	311	4	0	11	0	1	1	1	0.395	0.400871	0.75875	0.057225	373	3662	4035
7338	11/7/2011	4	0	11	8	0	1	1	2	0.3	0.3182	1	0.0896	13	397	410	311	4	0	11	0	1	1	1	0.395	0.400871	0.75875	0.057225	373	3662	4035
7339	11/7/2011	4	0	11	9	0	1	1	2	0.34	0.3333	1	0.1343	18	156	174	311	4	0	11	0	1	1	1	0.395	0.400871	0.75875	0.057225	373	3662	4035
7340	11/7/2011	4	0	11	10	0	1	1	1	0.36	0.3485	0.93	0.1343	28	95	123	311	4	0	11	0	1	1	1	0.395	0.400871	0.75875	0.057225	373	3662	4035
7341	11/7/2011	4	0	11	11	0	1	1	1	0.42	0.4242	0.77	0.1045	28	100	128	311	4	0	11	0	1	1	1	0.395	0.400871	0.75875	0.057225	373	3662	4035
7342	11/7/2011	4	0	11	12	0	1	1	1	0.46	0.4545	0.67	0	21	158	179	311	4	0	11	0	1	1	1	0.395	0.400871	0.75875	0.057225	373	3662	4035
7343	11/7/2011	4	0	11	13	0	1	1	1	0.54	0.5152	0.49	0.0896	32	157	189	311	4	0	11	0	1	1	1	0.395	0.400871	0.75875	0.057225	373	3662	4035
7344	11/7/2011	4	0	11	14	0	1	1	1	0.56	0.5303	0.37	0.1642	30	115	145	311	4	0	11	0	1	1	1	0.395	0.400871	0.75875	0.057225	373	3662	4035
7345	11/7/2011	4	0	11	15	0	1	1	1	0.56	0.5303	0.37	0.1045	38	132	170	311	4	0	11	0	1	1	1	0.395	0.400871	0.75875	0.057225	373	3662	4035
7346	11/7/2011	4	0	11	16	0	1	1	1	0.52	0.5	0.45	0	40	255	295	311	4	0	11	0	1	1	1	0.395	0.400871	0.75875	0.057225	373	3662	4035
7347	11/7/2011	4	0	11	17	0	1	1	1	0.5	0.4848	0.45	0.1642	39	489	528	311	4	0	11	0	1	1	1	0.395	0.400871	0.75875	0.057225	373	3662	4035
7348	11/7/2011	4	0	11	18	0	1	1	1	0.46	0.4545	0.59	0.1045	18	407	425	311	4	0	11	0	1	1	1	0.395	0.400871	0.75875	0.057225	373	3662	4035
7349	11/7/2011	4	0	11	19	0	1	1	1	0.46	0.4545	0.59	0	20	280	300	311	4	0	11	0	1	1	1	0.395	0.400871	0.75875	0.057225	373	3662	4035
7350	11/7/2011	4	0	11	20	0	1	1	1	0.4	0.4091	0.71	0	17	187	204	311	4	0	11	0	1	1	1	0.395	0.400871	0.75875	0.057225	373	3662	4035
7351	11/7/2011	4	0	11	21	0	1	1	1	0.38	0.3939	0.82	0.1045	10	129	139	311	4	0	11	0	1	1	1	0.395	0.400871	0.75875	0.057225	373	3662	4035
7352	11/7/2011	4	0	11	22	0	1	1	1	0.36	0.3636	0.81	0.0896	6	102	108	311	4	0	11	0	1	1	1	0.395	0.400871	0.75875	0.057225	373	3662	4035
7353	11/7/2011	4	0	11	23	0	1	1	1	0.36	0.3636	0.87	0.0896	1	47	48	311	4	0	11	0	1	1	1	0.395	0.400871	0.75875	0.057225	373	3662	4035
7354	11/8/2011	4	0	11	0	0	2	1	1	0.34	0.3485	0.87	0.0896	0	18	18	312	4	0	11	0	2	1	1	0.408333	0.412246	0.721667	0.0690375	376	3829	4205
7355	11/8/2011	4	0	11	1	0	2	1	1	0.32	0.3333	0.93	0.1045	3	8	11	312	4	0	11	0	2	1	1	0.408333	0.412246	0.721667	0.0690375	376	3829	4205
7356	11/8/2011	4	0	11	2	0	2	1	1	0.32	0.3485	0.87	0	0	1	1	312	4	0	11	0	2	1	1	0.408333	0.412246	0.721667	0.0690375	376	3829	4205
7357	11/8/2011	4	0	11	3	0	2	1	1	0.32	0.3485	0.87	0	0	3	3	312	4	0	11	0	2	1	1	0.408333	0.412246	0.721667	0.0690375	376	3829	4205
7358	11/8/2011	4	0	11	4	0	2	1	1	0.3	0.3333	0.87	0	0	4	4	312	4	0	11	0	2	1	1	0.408333	0.412246	0.721667	0.0690375	376	3829	4205
7359	11/8/2011	4	0	11	5	0	2	1	1	0.3	0.3182	0.87	0.0896	1	17	18	312	4	0	11	0	2	1	1	0.408333	0.412246	0.721667	0.0690375	376	3829	4205
7360	11/8/2011	4	0	11	6	0	2	1	1	0.3	0.3333	0.87	0	3	96	99	312	4	0	11	0	2	1	1	0.408333	0.412246	0.721667	0.0690375	376	3829	4205
7361	11/8/2011	4	0	11	7	0	2	1	1	0.3	0.3182	0.87	0.1045	7	316	323	312	4	0	11	0	2	1	1	0.408333	0.412246	0.721667	0.0690375	376	3829	4205
7362	11/8/2011	4	0	11	8	0	2	1	1	0.32	0.3333	0.93	0.1045	11	455	466	312	4	0	11	0	2	1	1	0.408333	0.412246	0.721667	0.0690375	376	3829	4205
7363	11/8/2011	4	0	11	9	0	2	1	1	0.36	0.3788	0.87	0	14	177	191	312	4	0	11	0	2	1	1	0.408333	0.412246	0.721667	0.0690375	376	3829	4205
7364	11/8/2011	4	0	11	10	0	2	1	1	0.42	0.4242	0.71	0.0896	25	104	129	312	4	0	11	0	2	1	1	0.408333	0.412246	0.721667	0.0690375	376	3829	4205
7365	11/8/2011	4	0	11	11	0	2	1	1	0.46	0.4545	0.63	0.1343	21	126	147	312	4	0	11	0	2	1	1	0.408333	0.412246	0.721667	0.0690375	376	3829	4205
7366	11/8/2011	4	0	11	12	0	2	1	1	0.52	0.5	0.52	0.1343	28	175	203	312	4	0	11	0	2	1	1	0.408333	0.412246	0.721667	0.0690375	376	3829	4205
7367	11/8/2011	4	0	11	13	0	2	1	1	0.54	0.5152	0.49	0.1642	31	165	196	312	4	0	11	0	2	1	1	0.408333	0.412246	0.721667	0.0690375	376	3829	4205
7368	11/8/2011	4	0	11	14	0	2	1	1	0.56	0.5303	0.46	0.1045	32	129	161	312	4	0	11	0	2	1	1	0.408333	0.412246	0.721667	0.0690375	376	3829	4205
7369	11/8/2011	4	0	11	15	0	2	1	1	0.58	0.5455	0.46	0.1045	33	155	188	312	4	0	11	0	2	1	1	0.408333	0.412246	0.721667	0.0690375	376	3829	4205
7370	11/8/2011	4	0	11	16	0	2	1	1	0.56	0.5303	0.46	0.1343	39	250	289	312	4	0	11	0	2	1	1	0.408333	0.412246	0.721667	0.0690375	376	3829	4205
7371	11/8/2011	4	0	11	17	0	2	1	1	0.52	0.5	0.43	0.1642	40	459	499	312	4	0	11	0	2	1	1	0.408333	0.412246	0.721667	0.0690375	376	3829	4205
7372	11/8/2011	4	0	11	18	0	2	1	1	0.48	0.4697	0.55	0.1343	30	432	462	312	4	0	11	0	2	1	1	0.408333	0.412246	0.721667	0.0690375	376	3829	4205
7373	11/8/2011	4	0	11	19	0	2	1	1	0.46	0.4545	0.59	0	14	264	278	312	4	0	11	0	2	1	1	0.408333	0.412246	0.721667	0.0690375	376	3829	4205
7374	11/8/2011	4	0	11	20	0	2	1	1	0.4	0.4091	0.76	0	12	169	181	312	4	0	11	0	2	1	1	0.408333	0.412246	0.721667	0.0690375	376	3829	4205
7375	11/8/2011	4	0	11	21	0	2	1	1	0.4	0.4091	0.76	0	16	166	182	312	4	0	11	0	2	1	1	0.408333	0.412246	0.721667	0.0690375	376	3829	4205
7376	11/8/2011	4	0	11	22	0	2	1	1	0.36	0.3788	0.87	0	13	95	108	312	4	0	11	0	2	1	1	0.408333	0.412246	0.721667	0.0690375	376	3829	4205
7377	11/8/2011	4	0	11	23	0	2	1	1	0.36	0.3788	0.81	0	3	45	48	312	4	0	11	0	2	1	1	0.408333	0.412246	0.721667	0.0690375	376	3829	4205
7378	11/9/2011	4	0	11	0	0	3	1	1	0.36	0.3788	0.87	0	0	13	13	313	4	0	11	0	3	1	1	0.4	0.409079	0.758333	0.0621958	305	3804	4109
7379	11/9/2011	4	0	11	1	0	3	1	1	0.34	0.3636	0.87	0	0	10	10	313	4	0	11	0	3	1	1	0.4	0.409079	0.758333	0.0621958	305	3804	4109
7380	11/9/2011	4	0	11	2	0	3	1	1	0.32	0.3485	0.93	0	0	5	5	313	4	0	11	0	3	1	1	0.4	0.409079	0.758333	0.0621958	305	3804	4109
7381	11/9/2011	4	0	11	3	0	3	1	1	0.32	0.3485	0.93	0	0	4	4	313	4	0	11	0	3	1	1	0.4	0.409079	0.758333	0.0621958	305	3804	4109
7382	11/9/2011	4	0	11	4	0	3	1	1	0.32	0.3485	0.87	0	0	4	4	313	4	0	11	0	3	1	1	0.4	0.409079	0.758333	0.0621958	305	3804	4109
7383	11/9/2011	4	0	11	5	0	3	1	1	0.3	0.3333	0.87	0	0	28	28	313	4	0	11	0	3	1	1	0.4	0.409079	0.758333	0.0621958	305	3804	4109
7384	11/9/2011	4	0	11	6	0	3	1	1	0.3	0.3333	0.87	0	0	98	98	313	4	0	11	0	3	1	1	0.4	0.409079	0.758333	0.0621958	305	3804	4109
7385	11/9/2011	4	0	11	7	0	3	1	1	0.3	0.3333	0.87	0	0	300	300	313	4	0	11	0	3	1	1	0.4	0.409079	0.758333	0.0621958	305	3804	4109
7386	11/9/2011	4	0	11	8	0	3	1	1	0.32	0.3485	0.93	0	19	437	456	313	4	0	11	0	3	1	1	0.4	0.409079	0.758333	0.0621958	305	3804	4109
7387	11/9/2011	4	0	11	9	0	3	1	1	0.34	0.3636	0.93	0	22	197	219	313	4	0	11	0	3	1	1	0.4	0.409079	0.758333	0.0621958	305	3804	4109
7388	11/9/2011	4	0	11	10	0	3	1	1	0.4	0.4091	0.76	0.1045	16	89	105	313	4	0	11	0	3	1	1	0.4	0.409079	0.758333	0.0621958	305	3804	4109
7389	11/9/2011	4	0	11	11	0	3	1	1	0.46	0.4545	0.67	0.1642	21	131	152	313	4	0	11	0	3	1	1	0.4	0.409079	0.758333	0.0621958	305	3804	4109
7390	11/9/2011	4	0	11	12	0	3	1	1	0.5	0.4848	0.51	0.1642	24	156	180	313	4	0	11	0	3	1	1	0.4	0.409079	0.758333	0.0621958	305	3804	4109
7391	11/9/2011	4	0	11	13	0	3	1	1	0.5	0.4848	0.51	0.1642	31	136	167	313	4	0	11	0	3	1	1	0.4	0.409079	0.758333	0.0621958	305	3804	4109
7392	11/9/2011	4	0	11	14	0	3	1	1	0.52	0.5	0.48	0.1642	26	153	179	313	4	0	11	0	3	1	1	0.4	0.409079	0.758333	0.0621958	305	3804	4109
7393	11/9/2011	4	0	11	15	0	3	1	1	0.52	0.5	0.45	0.2239	21	130	151	313	4	0	11	0	3	1	1	0.4	0.409079	0.758333	0.0621958	305	3804	4109
7394	11/9/2011	4	0	11	16	0	3	1	1	0.52	0.5	0.48	0.194	24	257	281	313	4	0	11	0	3	1	1	0.4	0.409079	0.758333	0.0621958	305	3804	4109
7395	11/9/2011	4	0	11	17	0	3	1	1	0.46	0.4545	0.63	0.1045	27	458	485	313	4	0	11	0	3	1	1	0.4	0.409079	0.758333	0.0621958	305	3804	4109
7396	11/9/2011	4	0	11	18	0	3	1	1	0.44	0.4394	0.67	0.1045	21	387	408	313	4	0	11	0	3	1	1	0.4	0.409079	0.758333	0.0621958	305	3804	4109
7397	11/9/2011	4	0	11	19	0	3	1	1	0.44	0.4394	0.72	0.1045	12	292	304	313	4	0	11	0	3	1	1	0.4	0.409079	0.758333	0.0621958	305	3804	4109
7398	11/9/2011	4	0	11	20	0	3	1	1	0.44	0.4394	0.77	0	18	201	219	313	4	0	11	0	3	1	1	0.4	0.409079	0.758333	0.0621958	305	3804	4109
7399	11/9/2011	4	0	11	21	0	3	1	1	0.4	0.4091	0.87	0	9	152	161	313	4	0	11	0	3	1	1	0.4	0.409079	0.758333	0.0621958	305	3804	4109
7400	11/9/2011	4	0	11	22	0	3	1	1	0.4	0.4091	0.87	0	9	105	114	313	4	0	11	0	3	1	1	0.4	0.409079	0.758333	0.0621958	305	3804	4109
7401	11/9/2011	4	0	11	23	0	3	1	1	0.38	0.3939	0.87	0	5	61	66	313	4	0	11	0	3	1	1	0.4	0.409079	0.758333	0.0621958	305	3804	4109
7402	11/10/2011	4	0	11	0	0	4	1	1	0.4	0.4091	0.87	0	0	24	24	314	4	0	11	0	4	1	2	0.38	0.373721	0.813333	0.189067	190	2743	2933
7403	11/10/2011	4	0	11	1	0	4	1	2	0.4	0.4091	0.87	0	1	10	11	314	4	0	11	0	4	1	2	0.38	0.373721	0.813333	0.189067	190	2743	2933
7404	11/10/2011	4	0	11	2	0	4	1	2	0.38	0.3939	0.94	0	0	5	5	314	4	0	11	0	4	1	2	0.38	0.373721	0.813333	0.189067	190	2743	2933
7405	11/10/2011	4	0	11	3	0	4	1	1	0.38	0.3939	0.94	0.0896	0	11	11	314	4	0	11	0	4	1	2	0.38	0.373721	0.813333	0.189067	190	2743	2933
7406	11/10/2011	4	0	11	4	0	4	1	1	0.38	0.3939	0.94	0.0896	1	2	3	314	4	0	11	0	4	1	2	0.38	0.373721	0.813333	0.189067	190	2743	2933
7407	11/10/2011	4	0	11	5	0	4	1	2	0.36	0.3485	1	0.1343	1	22	23	314	4	0	11	0	4	1	2	0.38	0.373721	0.813333	0.189067	190	2743	2933
7408	11/10/2011	4	0	11	6	0	4	1	2	0.36	0.3485	1	0.1343	4	110	114	314	4	0	11	0	4	1	2	0.38	0.373721	0.813333	0.189067	190	2743	2933
7409	11/10/2011	4	0	11	7	0	4	1	2	0.38	0.3939	0.94	0.1642	6	266	272	314	4	0	11	0	4	1	2	0.38	0.373721	0.813333	0.189067	190	2743	2933
7410	11/10/2011	4	0	11	8	0	4	1	2	0.4	0.4091	0.94	0.0896	18	418	436	314	4	0	11	0	4	1	2	0.38	0.373721	0.813333	0.189067	190	2743	2933
7411	11/10/2011	4	0	11	9	0	4	1	2	0.42	0.4242	0.94	0.1045	23	188	211	314	4	0	11	0	4	1	2	0.38	0.373721	0.813333	0.189067	190	2743	2933
7412	11/10/2011	4	0	11	10	0	4	1	2	0.44	0.4394	0.88	0.2239	17	100	117	314	4	0	11	0	4	1	2	0.38	0.373721	0.813333	0.189067	190	2743	2933
7413	11/10/2011	4	0	11	11	0	4	1	2	0.46	0.4545	0.67	0.3881	9	99	108	314	4	0	11	0	4	1	2	0.38	0.373721	0.813333	0.189067	190	2743	2933
7414	11/10/2011	4	0	11	12	0	4	1	2	0.42	0.4242	0.67	0.3582	18	149	167	314	4	0	11	0	4	1	2	0.38	0.373721	0.813333	0.189067	190	2743	2933
7415	11/10/2011	4	0	11	13	0	4	1	3	0.36	0.3333	0.81	0.3582	9	87	96	314	4	0	11	0	4	1	2	0.38	0.373721	0.813333	0.189067	190	2743	2933
7416	11/10/2011	4	0	11	14	0	4	1	3	0.36	0.3333	0.87	0.2836	6	58	64	314	4	0	11	0	4	1	2	0.38	0.373721	0.813333	0.189067	190	2743	2933
7417	11/10/2011	4	0	11	15	0	4	1	3	0.36	0.3333	0.81	0.2985	5	57	62	314	4	0	11	0	4	1	2	0.38	0.373721	0.813333	0.189067	190	2743	2933
7418	11/10/2011	4	0	11	16	0	4	1	3	0.36	0.3485	0.81	0.2239	6	67	73	314	4	0	11	0	4	1	2	0.38	0.373721	0.813333	0.189067	190	2743	2933
7419	11/10/2011	4	0	11	17	0	4	1	3	0.36	0.3485	0.81	0.2239	9	168	177	314	4	0	11	0	4	1	2	0.38	0.373721	0.813333	0.189067	190	2743	2933
7420	11/10/2011	4	0	11	18	0	4	1	2	0.36	0.3485	0.81	0.1642	10	263	273	314	4	0	11	0	4	1	2	0.38	0.373721	0.813333	0.189067	190	2743	2933
7421	11/10/2011	4	0	11	19	0	4	1	2	0.36	0.3485	0.71	0.2239	19	192	211	314	4	0	11	0	4	1	2	0.38	0.373721	0.813333	0.189067	190	2743	2933
7422	11/10/2011	4	0	11	20	0	4	1	2	0.36	0.3333	0.62	0.2836	8	160	168	314	4	0	11	0	4	1	2	0.38	0.373721	0.813333	0.189067	190	2743	2933
7423	11/10/2011	4	0	11	21	0	4	1	1	0.36	0.3333	0.57	0.2537	6	130	136	314	4	0	11	0	4	1	2	0.38	0.373721	0.813333	0.189067	190	2743	2933
7424	11/10/2011	4	0	11	22	0	4	1	1	0.36	0.3333	0.53	0.2836	5	84	89	314	4	0	11	0	4	1	2	0.38	0.373721	0.813333	0.189067	190	2743	2933
7425	11/10/2011	4	0	11	23	0	4	1	2	0.34	0.3333	0.57	0.1642	9	73	82	314	4	0	11	0	4	1	2	0.38	0.373721	0.813333	0.189067	190	2743	2933
7426	11/11/2011	4	0	11	0	1	5	0	1	0.34	0.3182	0.53	0.2537	10	56	66	315	4	0	11	1	5	0	1	0.324167	0.306817	0.44625	0.314675	440	2928	3368
7427	11/11/2011	4	0	11	1	1	5	0	1	0.32	0.303	0.57	0.3284	3	16	19	315	4	0	11	1	5	0	1	0.324167	0.306817	0.44625	0.314675	440	2928	3368
7428	11/11/2011	4	0	11	2	1	5	0	1	0.32	0.2879	0.57	0.2836	1	10	11	315	4	0	11	1	5	0	1	0.324167	0.306817	0.44625	0.314675	440	2928	3368
7429	11/11/2011	4	0	11	3	1	5	0	1	0.3	0.2879	0.61	0.194	0	6	6	315	4	0	11	1	5	0	1	0.324167	0.306817	0.44625	0.314675	440	2928	3368
7430	11/11/2011	4	0	11	4	1	5	0	1	0.3	0.2879	0.61	0.194	0	8	8	315	4	0	11	1	5	0	1	0.324167	0.306817	0.44625	0.314675	440	2928	3368
7431	11/11/2011	4	0	11	5	1	5	0	1	0.3	0.2879	0.49	0.2537	0	13	13	315	4	0	11	1	5	0	1	0.324167	0.306817	0.44625	0.314675	440	2928	3368
7432	11/11/2011	4	0	11	6	1	5	0	1	0.28	0.2576	0.45	0.3284	0	46	46	315	4	0	11	1	5	0	1	0.324167	0.306817	0.44625	0.314675	440	2928	3368
7433	11/11/2011	4	0	11	7	1	5	0	1	0.28	0.2727	0.45	0.2537	5	116	121	315	4	0	11	1	5	0	1	0.324167	0.306817	0.44625	0.314675	440	2928	3368
7434	11/11/2011	4	0	11	8	1	5	0	1	0.3	0.2727	0.42	0.3582	9	249	258	315	4	0	11	1	5	0	1	0.324167	0.306817	0.44625	0.314675	440	2928	3368
7435	11/11/2011	4	0	11	9	1	5	0	1	0.32	0.2879	0.45	0.4478	15	186	201	315	4	0	11	1	5	0	1	0.324167	0.306817	0.44625	0.314675	440	2928	3368
7436	11/11/2011	4	0	11	10	1	5	0	1	0.32	0.2727	0.42	0.5522	38	162	200	315	4	0	11	1	5	0	1	0.324167	0.306817	0.44625	0.314675	440	2928	3368
7437	11/11/2011	4	0	11	11	1	5	0	1	0.34	0.2879	0.42	0.4925	20	150	170	315	4	0	11	1	5	0	1	0.324167	0.306817	0.44625	0.314675	440	2928	3368
7438	11/11/2011	4	0	11	12	1	5	0	1	0.34	0.2879	0.42	0.4627	41	198	239	315	4	0	11	1	5	0	1	0.324167	0.306817	0.44625	0.314675	440	2928	3368
7439	11/11/2011	4	0	11	13	1	5	0	1	0.38	0.3939	0.37	0.5522	57	179	236	315	4	0	11	1	5	0	1	0.324167	0.306817	0.44625	0.314675	440	2928	3368
7440	11/11/2011	4	0	11	14	1	5	0	1	0.38	0.3939	0.37	0.4627	64	183	247	315	4	0	11	1	5	0	1	0.324167	0.306817	0.44625	0.314675	440	2928	3368
7441	11/11/2011	4	0	11	15	1	5	0	1	0.36	0.3333	0.37	0.4179	29	187	216	315	4	0	11	1	5	0	1	0.324167	0.306817	0.44625	0.314675	440	2928	3368
7442	11/11/2011	4	0	11	16	1	5	0	1	0.36	0.3333	0.34	0.3284	49	189	238	315	4	0	11	1	5	0	1	0.324167	0.306817	0.44625	0.314675	440	2928	3368
7443	11/11/2011	4	0	11	17	1	5	0	1	0.34	0.303	0.39	0.3284	24	286	310	315	4	0	11	1	5	0	1	0.324167	0.306817	0.44625	0.314675	440	2928	3368
7444	11/11/2011	4	0	11	18	1	5	0	1	0.34	0.3182	0.39	0.2537	23	185	208	315	4	0	11	1	5	0	1	0.324167	0.306817	0.44625	0.314675	440	2928	3368
7445	11/11/2011	4	0	11	19	1	5	0	1	0.32	0.3182	0.39	0.1642	17	182	199	315	4	0	11	1	5	0	1	0.324167	0.306817	0.44625	0.314675	440	2928	3368
7446	11/11/2011	4	0	11	20	1	5	0	1	0.32	0.3182	0.39	0.194	12	97	109	315	4	0	11	1	5	0	1	0.324167	0.306817	0.44625	0.314675	440	2928	3368
7447	11/11/2011	4	0	11	21	1	5	0	1	0.3	0.303	0.45	0.1642	4	79	83	315	4	0	11	1	5	0	1	0.324167	0.306817	0.44625	0.314675	440	2928	3368
7448	11/11/2011	4	0	11	22	1	5	0	1	0.32	0.3182	0.39	0.194	13	78	91	315	4	0	11	1	5	0	1	0.324167	0.306817	0.44625	0.314675	440	2928	3368
7449	11/11/2011	4	0	11	23	1	5	0	1	0.3	0.3182	0.45	0.0896	6	67	73	315	4	0	11	1	5	0	1	0.324167	0.306817	0.44625	0.314675	440	2928	3368
7450	11/12/2011	4	0	11	0	0	6	0	1	0.24	0.2424	0.6	0.1343	12	52	64	316	4	0	11	0	6	0	1	0.356667	0.357942	0.552917	0.212062	1275	2792	4067
7451	11/12/2011	4	0	11	1	0	6	0	1	0.24	0.2424	0.6	0.1343	9	45	54	316	4	0	11	0	6	0	1	0.356667	0.357942	0.552917	0.212062	1275	2792	4067
7452	11/12/2011	4	0	11	2	0	6	0	1	0.24	0.2576	0.65	0.0896	7	39	46	316	4	0	11	0	6	0	1	0.356667	0.357942	0.552917	0.212062	1275	2792	4067
7453	11/12/2011	4	0	11	3	0	6	0	1	0.24	0.2424	0.7	0.1343	4	13	17	316	4	0	11	0	6	0	1	0.356667	0.357942	0.552917	0.212062	1275	2792	4067
7454	11/12/2011	4	0	11	4	0	6	0	1	0.2	0.2121	0.8	0.1343	0	7	7	316	4	0	11	0	6	0	1	0.356667	0.357942	0.552917	0.212062	1275	2792	4067
7455	11/12/2011	4	0	11	5	0	6	0	1	0.22	0.2576	0.75	0.0896	1	3	4	316	4	0	11	0	6	0	1	0.356667	0.357942	0.552917	0.212062	1275	2792	4067
7456	11/12/2011	4	0	11	6	0	6	0	1	0.22	0.2273	0.75	0.1642	0	7	7	316	4	0	11	0	6	0	1	0.356667	0.357942	0.552917	0.212062	1275	2792	4067
7457	11/12/2011	4	0	11	7	0	6	0	1	0.22	0.2273	0.75	0.194	3	24	27	316	4	0	11	0	6	0	1	0.356667	0.357942	0.552917	0.212062	1275	2792	4067
7458	11/12/2011	4	0	11	8	0	6	0	1	0.26	0.2576	0.7	0.194	14	87	101	316	4	0	11	0	6	0	1	0.356667	0.357942	0.552917	0.212062	1275	2792	4067
7459	11/12/2011	4	0	11	9	0	6	0	1	0.3	0.303	0.61	0.1642	18	142	160	316	4	0	11	0	6	0	1	0.356667	0.357942	0.552917	0.212062	1275	2792	4067
7460	11/12/2011	4	0	11	10	0	6	0	1	0.34	0.3182	0.61	0.2836	62	170	232	316	4	0	11	0	6	0	1	0.356667	0.357942	0.552917	0.212062	1275	2792	4067
7461	11/12/2011	4	0	11	11	0	6	0	1	0.38	0.3939	0.54	0.2836	102	213	315	316	4	0	11	0	6	0	1	0.356667	0.357942	0.552917	0.212062	1275	2792	4067
7462	11/12/2011	4	0	11	12	0	6	0	1	0.44	0.4394	0.44	0.2836	142	224	366	316	4	0	11	0	6	0	1	0.356667	0.357942	0.552917	0.212062	1275	2792	4067
7463	11/12/2011	4	0	11	13	0	6	0	1	0.48	0.4697	0.36	0.2836	128	225	353	316	4	0	11	0	6	0	1	0.356667	0.357942	0.552917	0.212062	1275	2792	4067
7464	11/12/2011	4	0	11	14	0	6	0	1	0.5	0.4848	0.36	0.2985	191	244	435	316	4	0	11	0	6	0	1	0.356667	0.357942	0.552917	0.212062	1275	2792	4067
7465	11/12/2011	4	0	11	15	0	6	0	1	0.52	0.5	0.29	0.2836	165	221	386	316	4	0	11	0	6	0	1	0.356667	0.357942	0.552917	0.212062	1275	2792	4067
7466	11/12/2011	4	0	11	16	0	6	0	1	0.52	0.5	0.32	0.2537	137	224	361	316	4	0	11	0	6	0	1	0.356667	0.357942	0.552917	0.212062	1275	2792	4067
7467	11/12/2011	4	0	11	17	0	6	0	1	0.5	0.4848	0.34	0.2537	92	193	285	316	4	0	11	0	6	0	1	0.356667	0.357942	0.552917	0.212062	1275	2792	4067
7468	11/12/2011	4	0	11	18	0	6	0	1	0.42	0.4242	0.58	0.194	53	150	203	316	4	0	11	0	6	0	1	0.356667	0.357942	0.552917	0.212062	1275	2792	4067
7469	11/12/2011	4	0	11	19	0	6	0	1	0.42	0.4242	0.5	0.2537	32	139	171	316	4	0	11	0	6	0	1	0.356667	0.357942	0.552917	0.212062	1275	2792	4067
7470	11/12/2011	4	0	11	20	0	6	0	1	0.42	0.4242	0.5	0.2836	31	101	132	316	4	0	11	0	6	0	1	0.356667	0.357942	0.552917	0.212062	1275	2792	4067
7471	11/12/2011	4	0	11	21	0	6	0	1	0.42	0.4242	0.47	0.2836	19	103	122	316	4	0	11	0	6	0	1	0.356667	0.357942	0.552917	0.212062	1275	2792	4067
7472	11/12/2011	4	0	11	22	0	6	0	1	0.42	0.4242	0.47	0.2537	30	88	118	316	4	0	11	0	6	0	1	0.356667	0.357942	0.552917	0.212062	1275	2792	4067
7473	11/12/2011	4	0	11	23	0	6	0	1	0.4	0.4091	0.58	0.1642	23	78	101	316	4	0	11	0	6	0	1	0.356667	0.357942	0.552917	0.212062	1275	2792	4067
7474	11/13/2011	4	0	11	0	0	0	0	2	0.4	0.4091	0.58	0.194	12	61	73	317	4	0	11	0	0	0	1	0.440833	0.43055	0.458333	0.281721	1004	2713	3717
7475	11/13/2011	4	0	11	1	0	0	0	2	0.36	0.3485	0.66	0.194	13	58	71	317	4	0	11	0	0	0	1	0.440833	0.43055	0.458333	0.281721	1004	2713	3717
7476	11/13/2011	4	0	11	2	0	0	0	1	0.36	0.3636	0.57	0.1045	9	48	57	317	4	0	11	0	0	0	1	0.440833	0.43055	0.458333	0.281721	1004	2713	3717
7477	11/13/2011	4	0	11	3	0	0	0	2	0.36	0.3485	0.62	0.1343	8	20	28	317	4	0	11	0	0	0	1	0.440833	0.43055	0.458333	0.281721	1004	2713	3717
7478	11/13/2011	4	0	11	4	0	0	0	2	0.36	0.3485	0.62	0.1343	1	5	6	317	4	0	11	0	0	0	1	0.440833	0.43055	0.458333	0.281721	1004	2713	3717
7479	11/13/2011	4	0	11	5	0	0	0	1	0.34	0.3333	0.61	0.1642	2	3	5	317	4	0	11	0	0	0	1	0.440833	0.43055	0.458333	0.281721	1004	2713	3717
7480	11/13/2011	4	0	11	6	0	0	0	1	0.34	0.3333	0.66	0.1343	5	18	23	317	4	0	11	0	0	0	1	0.440833	0.43055	0.458333	0.281721	1004	2713	3717
7481	11/13/2011	4	0	11	7	0	0	0	1	0.34	0.3182	0.66	0.2239	13	30	43	317	4	0	11	0	0	0	1	0.440833	0.43055	0.458333	0.281721	1004	2713	3717
7482	11/13/2011	4	0	11	8	0	0	0	1	0.34	0.3485	0.66	0.0896	24	55	79	317	4	0	11	0	0	0	1	0.440833	0.43055	0.458333	0.281721	1004	2713	3717
7483	11/13/2011	4	0	11	9	0	0	0	1	0.4	0.4091	0.54	0.2836	38	97	135	317	4	0	11	0	0	0	1	0.440833	0.43055	0.458333	0.281721	1004	2713	3717
7484	11/13/2011	4	0	11	10	0	0	0	1	0.44	0.4394	0.44	0.3284	63	178	241	317	4	0	11	0	0	0	1	0.440833	0.43055	0.458333	0.281721	1004	2713	3717
7485	11/13/2011	4	0	11	11	0	0	0	1	0.46	0.4545	0.4	0.4179	108	187	295	317	4	0	11	0	0	0	1	0.440833	0.43055	0.458333	0.281721	1004	2713	3717
7486	11/13/2011	4	0	11	12	0	0	0	2	0.52	0.5	0.29	0.4179	112	242	354	317	4	0	11	0	0	0	1	0.440833	0.43055	0.458333	0.281721	1004	2713	3717
7487	11/13/2011	4	0	11	13	0	0	0	2	0.52	0.5	0.29	0.4179	105	234	339	317	4	0	11	0	0	0	1	0.440833	0.43055	0.458333	0.281721	1004	2713	3717
7488	11/13/2011	4	0	11	14	0	0	0	2	0.54	0.5152	0.28	0.4925	108	263	371	317	4	0	11	0	0	0	1	0.440833	0.43055	0.458333	0.281721	1004	2713	3717
7489	11/13/2011	4	0	11	15	0	0	0	2	0.5	0.4848	0.42	0.3284	89	221	310	317	4	0	11	0	0	0	1	0.440833	0.43055	0.458333	0.281721	1004	2713	3717
7490	11/13/2011	4	0	11	16	0	0	0	2	0.54	0.5152	0.28	0.3881	93	226	319	317	4	0	11	0	0	0	1	0.440833	0.43055	0.458333	0.281721	1004	2713	3717
7491	11/13/2011	4	0	11	17	0	0	0	1	0.52	0.5	0.27	0.3284	44	187	231	317	4	0	11	0	0	0	1	0.440833	0.43055	0.458333	0.281721	1004	2713	3717
7492	11/13/2011	4	0	11	18	0	0	0	1	0.52	0.5	0.27	0.3284	35	155	190	317	4	0	11	0	0	0	1	0.440833	0.43055	0.458333	0.281721	1004	2713	3717
7493	11/13/2011	4	0	11	19	0	0	0	1	0.5	0.4848	0.29	0.3582	36	121	157	317	4	0	11	0	0	0	1	0.440833	0.43055	0.458333	0.281721	1004	2713	3717
7494	11/13/2011	4	0	11	20	0	0	0	1	0.5	0.4848	0.31	0.3582	24	115	139	317	4	0	11	0	0	0	1	0.440833	0.43055	0.458333	0.281721	1004	2713	3717
7495	11/13/2011	4	0	11	21	0	0	0	1	0.48	0.4697	0.36	0.2537	19	76	95	317	4	0	11	0	0	0	1	0.440833	0.43055	0.458333	0.281721	1004	2713	3717
7496	11/13/2011	4	0	11	22	0	0	0	1	0.48	0.4697	0.41	0.3881	25	64	89	317	4	0	11	0	0	0	1	0.440833	0.43055	0.458333	0.281721	1004	2713	3717
7497	11/13/2011	4	0	11	23	0	0	0	1	0.46	0.4545	0.51	0.2985	18	49	67	317	4	0	11	0	0	0	1	0.440833	0.43055	0.458333	0.281721	1004	2713	3717
7498	11/14/2011	4	0	11	0	0	1	1	1	0.46	0.4545	0.59	0.2836	8	22	30	318	4	0	11	0	1	1	1	0.53	0.524612	0.587083	0.306596	595	3891	4486
7499	11/14/2011	4	0	11	1	0	1	1	1	0.46	0.4545	0.63	0.2985	5	6	11	318	4	0	11	0	1	1	1	0.53	0.524612	0.587083	0.306596	595	3891	4486
7500	11/14/2011	4	0	11	2	0	1	1	1	0.46	0.4545	0.63	0.3582	7	10	17	318	4	0	11	0	1	1	1	0.53	0.524612	0.587083	0.306596	595	3891	4486
7501	11/14/2011	4	0	11	3	0	1	1	1	0.44	0.4394	0.67	0.2836	4	3	7	318	4	0	11	0	1	1	1	0.53	0.524612	0.587083	0.306596	595	3891	4486
7502	11/14/2011	4	0	11	4	0	1	1	1	0.44	0.4394	0.67	0.2239	0	5	5	318	4	0	11	0	1	1	1	0.53	0.524612	0.587083	0.306596	595	3891	4486
7503	11/14/2011	4	0	11	5	0	1	1	2	0.44	0.4394	0.67	0.2537	0	19	19	318	4	0	11	0	1	1	1	0.53	0.524612	0.587083	0.306596	595	3891	4486
7504	11/14/2011	4	0	11	6	0	1	1	2	0.44	0.4394	0.72	0.2239	10	104	114	318	4	0	11	0	1	1	1	0.53	0.524612	0.587083	0.306596	595	3891	4486
7505	11/14/2011	4	0	11	7	0	1	1	1	0.44	0.4394	0.72	0.2537	11	311	322	318	4	0	11	0	1	1	1	0.53	0.524612	0.587083	0.306596	595	3891	4486
7506	11/14/2011	4	0	11	8	0	1	1	2	0.46	0.4545	0.67	0.194	27	425	452	318	4	0	11	0	1	1	1	0.53	0.524612	0.587083	0.306596	595	3891	4486
7507	11/14/2011	4	0	11	9	0	1	1	2	0.48	0.4697	0.67	0.3284	29	204	233	318	4	0	11	0	1	1	1	0.53	0.524612	0.587083	0.306596	595	3891	4486
7508	11/14/2011	4	0	11	10	0	1	1	2	0.5	0.4848	0.63	0.2836	26	85	111	318	4	0	11	0	1	1	1	0.53	0.524612	0.587083	0.306596	595	3891	4486
7509	11/14/2011	4	0	11	11	0	1	1	2	0.54	0.5152	0.6	0.2836	22	106	128	318	4	0	11	0	1	1	1	0.53	0.524612	0.587083	0.306596	595	3891	4486
7510	11/14/2011	4	0	11	12	0	1	1	1	0.56	0.5303	0.56	0.2985	36	166	202	318	4	0	11	0	1	1	1	0.53	0.524612	0.587083	0.306596	595	3891	4486
7511	11/14/2011	4	0	11	13	0	1	1	1	0.6	0.6212	0.49	0.3881	50	153	203	318	4	0	11	0	1	1	1	0.53	0.524612	0.587083	0.306596	595	3891	4486
7512	11/14/2011	4	0	11	14	0	1	1	1	0.62	0.6212	0.46	0.4478	47	138	185	318	4	0	11	0	1	1	1	0.53	0.524612	0.587083	0.306596	595	3891	4486
7513	11/14/2011	4	0	11	15	0	1	1	1	0.64	0.6212	0.44	0.3284	53	142	195	318	4	0	11	0	1	1	1	0.53	0.524612	0.587083	0.306596	595	3891	4486
7514	11/14/2011	4	0	11	16	0	1	1	1	0.62	0.6212	0.46	0.4179	51	264	315	318	4	0	11	0	1	1	1	0.53	0.524612	0.587083	0.306596	595	3891	4486
7515	11/14/2011	4	0	11	17	0	1	1	1	0.62	0.6212	0.46	0.2537	55	464	519	318	4	0	11	0	1	1	1	0.53	0.524612	0.587083	0.306596	595	3891	4486
7516	11/14/2011	4	0	11	18	0	1	1	1	0.56	0.5303	0.56	0.2836	29	460	489	318	4	0	11	0	1	1	1	0.53	0.524612	0.587083	0.306596	595	3891	4486
7517	11/14/2011	4	0	11	19	0	1	1	1	0.6	0.6212	0.53	0.2985	28	274	302	318	4	0	11	0	1	1	1	0.53	0.524612	0.587083	0.306596	595	3891	4486
7518	11/14/2011	4	0	11	20	0	1	1	1	0.6	0.6212	0.53	0.3582	30	210	240	318	4	0	11	0	1	1	1	0.53	0.524612	0.587083	0.306596	595	3891	4486
7519	11/14/2011	4	0	11	21	0	1	1	1	0.6	0.6212	0.53	0.3582	37	176	213	318	4	0	11	0	1	1	1	0.53	0.524612	0.587083	0.306596	595	3891	4486
7520	11/14/2011	4	0	11	22	0	1	1	1	0.58	0.5455	0.56	0.3582	17	96	113	318	4	0	11	0	1	1	1	0.53	0.524612	0.587083	0.306596	595	3891	4486
7521	11/14/2011	4	0	11	23	0	1	1	1	0.56	0.5303	0.64	0.2985	13	48	61	318	4	0	11	0	1	1	1	0.53	0.524612	0.587083	0.306596	595	3891	4486
7522	11/15/2011	4	0	11	0	0	2	1	1	0.56	0.5303	0.64	0.3582	7	15	22	319	4	0	11	0	2	1	2	0.53	0.507579	0.68875	0.199633	449	3746	4195
7523	11/15/2011	4	0	11	1	0	2	1	1	0.56	0.5303	0.6	0.2985	5	5	10	319	4	0	11	0	2	1	2	0.53	0.507579	0.68875	0.199633	449	3746	4195
7524	11/15/2011	4	0	11	2	0	2	1	1	0.56	0.5303	0.64	0.2537	7	8	15	319	4	0	11	0	2	1	2	0.53	0.507579	0.68875	0.199633	449	3746	4195
7525	11/15/2011	4	0	11	3	0	2	1	2	0.54	0.5152	0.68	0.3284	0	4	4	319	4	0	11	0	2	1	2	0.53	0.507579	0.68875	0.199633	449	3746	4195
7526	11/15/2011	4	0	11	4	0	2	1	1	0.56	0.5303	0.64	0.2985	1	6	7	319	4	0	11	0	2	1	2	0.53	0.507579	0.68875	0.199633	449	3746	4195
7527	11/15/2011	4	0	11	5	0	2	1	1	0.54	0.5152	0.68	0.2836	2	26	28	319	4	0	11	0	2	1	2	0.53	0.507579	0.68875	0.199633	449	3746	4195
7528	11/15/2011	4	0	11	6	0	2	1	2	0.56	0.5303	0.64	0.0896	4	104	108	319	4	0	11	0	2	1	2	0.53	0.507579	0.68875	0.199633	449	3746	4195
7529	11/15/2011	4	0	11	7	0	2	1	2	0.54	0.5152	0.68	0.1642	21	298	319	319	4	0	11	0	2	1	2	0.53	0.507579	0.68875	0.199633	449	3746	4195
7530	11/15/2011	4	0	11	8	0	2	1	2	0.54	0.5152	0.68	0.1045	27	453	480	319	4	0	11	0	2	1	2	0.53	0.507579	0.68875	0.199633	449	3746	4195
7531	11/15/2011	4	0	11	9	0	2	1	2	0.56	0.5303	0.64	0.0896	26	174	200	319	4	0	11	0	2	1	2	0.53	0.507579	0.68875	0.199633	449	3746	4195
7532	11/15/2011	4	0	11	10	0	2	1	2	0.56	0.5303	0.64	0.2836	23	115	138	319	4	0	11	0	2	1	2	0.53	0.507579	0.68875	0.199633	449	3746	4195
7533	11/15/2011	4	0	11	11	0	2	1	2	0.56	0.5303	0.64	0.194	18	116	134	319	4	0	11	0	2	1	2	0.53	0.507579	0.68875	0.199633	449	3746	4195
7534	11/15/2011	4	0	11	12	0	2	1	2	0.54	0.5152	0.68	0	28	148	176	319	4	0	11	0	2	1	2	0.53	0.507579	0.68875	0.199633	449	3746	4195
7535	11/15/2011	4	0	11	13	0	2	1	3	0.54	0.5152	0.6	0.2239	21	132	153	319	4	0	11	0	2	1	2	0.53	0.507579	0.68875	0.199633	449	3746	4195
7536	11/15/2011	4	0	11	14	0	2	1	2	0.54	0.5152	0.6	0.2836	27	120	147	319	4	0	11	0	2	1	2	0.53	0.507579	0.68875	0.199633	449	3746	4195
7537	11/15/2011	4	0	11	15	0	2	1	2	0.54	0.5152	0.6	0.1343	36	155	191	319	4	0	11	0	2	1	2	0.53	0.507579	0.68875	0.199633	449	3746	4195
7538	11/15/2011	4	0	11	16	0	2	1	2	0.52	0.5	0.68	0.1343	31	240	271	319	4	0	11	0	2	1	2	0.53	0.507579	0.68875	0.199633	449	3746	4195
7539	11/15/2011	4	0	11	17	0	2	1	2	0.5	0.4848	0.72	0.194	29	422	451	319	4	0	11	0	2	1	2	0.53	0.507579	0.68875	0.199633	449	3746	4195
7540	11/15/2011	4	0	11	18	0	2	1	2	0.5	0.4848	0.72	0.2836	27	414	441	319	4	0	11	0	2	1	2	0.53	0.507579	0.68875	0.199633	449	3746	4195
7541	11/15/2011	4	0	11	19	0	2	1	2	0.5	0.4848	0.72	0.3582	27	259	286	319	4	0	11	0	2	1	2	0.53	0.507579	0.68875	0.199633	449	3746	4195
7542	11/15/2011	4	0	11	20	0	2	1	2	0.48	0.4697	0.82	0.1343	26	212	238	319	4	0	11	0	2	1	2	0.53	0.507579	0.68875	0.199633	449	3746	4195
7543	11/15/2011	4	0	11	21	0	2	1	2	0.5	0.4848	0.77	0.0896	23	145	168	319	4	0	11	0	2	1	2	0.53	0.507579	0.68875	0.199633	449	3746	4195
7544	11/15/2011	4	0	11	22	0	2	1	2	0.46	0.4545	0.88	0.1045	19	109	128	319	4	0	11	0	2	1	2	0.53	0.507579	0.68875	0.199633	449	3746	4195
7545	11/15/2011	4	0	11	23	0	2	1	2	0.46	0.4545	0.94	0.1045	14	66	80	319	4	0	11	0	2	1	2	0.53	0.507579	0.68875	0.199633	449	3746	4195
7546	11/16/2011	4	0	11	0	0	3	1	2	0.46	0.4545	0.94	0	5	26	31	320	4	0	11	0	3	1	3	0.456667	0.451988	0.93	0.136829	145	1672	1817
7547	11/16/2011	4	0	11	1	0	3	1	3	0.46	0.4545	0.94	0.0896	0	5	5	320	4	0	11	0	3	1	3	0.456667	0.451988	0.93	0.136829	145	1672	1817
7548	11/16/2011	4	0	11	2	0	3	1	2	0.46	0.4545	0.94	0.1045	4	6	10	320	4	0	11	0	3	1	3	0.456667	0.451988	0.93	0.136829	145	1672	1817
7549	11/16/2011	4	0	11	3	0	3	1	2	0.46	0.4545	0.94	0.1045	2	3	5	320	4	0	11	0	3	1	3	0.456667	0.451988	0.93	0.136829	145	1672	1817
7550	11/16/2011	4	0	11	4	0	3	1	2	0.44	0.4394	1	0.2239	1	3	4	320	4	0	11	0	3	1	3	0.456667	0.451988	0.93	0.136829	145	1672	1817
7551	11/16/2011	4	0	11	5	0	3	1	3	0.46	0.4545	0.94	0.1045	0	13	13	320	4	0	11	0	3	1	3	0.456667	0.451988	0.93	0.136829	145	1672	1817
7552	11/16/2011	4	0	11	6	0	3	1	2	0.46	0.4545	0.94	0.0896	4	52	56	320	4	0	11	0	3	1	3	0.456667	0.451988	0.93	0.136829	145	1672	1817
7553	11/16/2011	4	0	11	7	0	3	1	3	0.46	0.4545	0.94	0	7	130	137	320	4	0	11	0	3	1	3	0.456667	0.451988	0.93	0.136829	145	1672	1817
7554	11/16/2011	4	0	11	8	0	3	1	3	0.46	0.4545	0.94	0	9	223	232	320	4	0	11	0	3	1	3	0.456667	0.451988	0.93	0.136829	145	1672	1817
7555	11/16/2011	4	0	11	9	0	3	1	3	0.46	0.4545	0.94	0	5	77	82	320	4	0	11	0	3	1	3	0.456667	0.451988	0.93	0.136829	145	1672	1817
7556	11/16/2011	4	0	11	10	0	3	1	3	0.46	0.4545	0.94	0	4	32	36	320	4	0	11	0	3	1	3	0.456667	0.451988	0.93	0.136829	145	1672	1817
7557	11/16/2011	4	0	11	11	0	3	1	3	0.46	0.4545	0.94	0.0896	7	53	60	320	4	0	11	0	3	1	3	0.456667	0.451988	0.93	0.136829	145	1672	1817
7558	11/16/2011	4	0	11	12	0	3	1	3	0.46	0.4545	1	0	5	49	54	320	4	0	11	0	3	1	3	0.456667	0.451988	0.93	0.136829	145	1672	1817
7559	11/16/2011	4	0	11	13	0	3	1	3	0.46	0.4545	0.94	0.1343	6	52	58	320	4	0	11	0	3	1	3	0.456667	0.451988	0.93	0.136829	145	1672	1817
7560	11/16/2011	4	0	11	14	0	3	1	2	0.46	0.4545	1	0.1343	12	49	61	320	4	0	11	0	3	1	3	0.456667	0.451988	0.93	0.136829	145	1672	1817
7561	11/16/2011	4	0	11	15	0	3	1	3	0.48	0.4697	0.94	0.1045	16	50	66	320	4	0	11	0	3	1	3	0.456667	0.451988	0.93	0.136829	145	1672	1817
7562	11/16/2011	4	0	11	16	0	3	1	3	0.48	0.4697	0.94	0.1045	13	110	123	320	4	0	11	0	3	1	3	0.456667	0.451988	0.93	0.136829	145	1672	1817
7563	11/16/2011	4	0	11	17	0	3	1	2	0.48	0.4697	0.88	0.194	17	216	233	320	4	0	11	0	3	1	3	0.456667	0.451988	0.93	0.136829	145	1672	1817
7564	11/16/2011	4	0	11	18	0	3	1	3	0.46	0.4545	0.88	0.3881	13	176	189	320	4	0	11	0	3	1	3	0.456667	0.451988	0.93	0.136829	145	1672	1817
7565	11/16/2011	4	0	11	19	0	3	1	3	0.46	0.4545	0.88	0.3881	3	108	111	320	4	0	11	0	3	1	3	0.456667	0.451988	0.93	0.136829	145	1672	1817
7566	11/16/2011	4	0	11	20	0	3	1	3	0.44	0.4394	0.88	0.3881	5	94	99	320	4	0	11	0	3	1	3	0.456667	0.451988	0.93	0.136829	145	1672	1817
7567	11/16/2011	4	0	11	21	0	3	1	3	0.44	0.4394	0.88	0.2836	3	72	75	320	4	0	11	0	3	1	3	0.456667	0.451988	0.93	0.136829	145	1672	1817
7568	11/16/2011	4	0	11	22	0	3	1	3	0.42	0.4242	0.88	0.2239	1	45	46	320	4	0	11	0	3	1	3	0.456667	0.451988	0.93	0.136829	145	1672	1817
7569	11/16/2011	4	0	11	23	0	3	1	3	0.42	0.4242	0.88	0.1343	3	28	31	320	4	0	11	0	3	1	3	0.456667	0.451988	0.93	0.136829	145	1672	1817
7570	11/17/2011	4	0	11	0	0	4	1	2	0.42	0.4242	0.88	0.2537	2	22	24	321	4	0	11	0	4	1	2	0.341667	0.323221	0.575833	0.305362	139	2914	3053
7571	11/17/2011	4	0	11	1	0	4	1	2	0.42	0.4242	0.82	0.1642	0	5	5	321	4	0	11	0	4	1	2	0.341667	0.323221	0.575833	0.305362	139	2914	3053
7572	11/17/2011	4	0	11	2	0	4	1	2	0.42	0.4242	0.82	0.2239	0	5	5	321	4	0	11	0	4	1	2	0.341667	0.323221	0.575833	0.305362	139	2914	3053
7573	11/17/2011	4	0	11	3	0	4	1	2	0.42	0.4242	0.77	0.3284	0	3	3	321	4	0	11	0	4	1	2	0.341667	0.323221	0.575833	0.305362	139	2914	3053
7574	11/17/2011	4	0	11	4	0	4	1	2	0.4	0.4091	0.62	0.4179	1	3	4	321	4	0	11	0	4	1	2	0.341667	0.323221	0.575833	0.305362	139	2914	3053
7575	11/17/2011	4	0	11	5	0	4	1	3	0.34	0.303	0.71	0.3284	1	21	22	321	4	0	11	0	4	1	2	0.341667	0.323221	0.575833	0.305362	139	2914	3053
7576	11/17/2011	4	0	11	6	0	4	1	3	0.36	0.3485	0.57	0.2239	3	72	75	321	4	0	11	0	4	1	2	0.341667	0.323221	0.575833	0.305362	139	2914	3053
7577	11/17/2011	4	0	11	7	0	4	1	3	0.34	0.3182	0.61	0.2836	4	164	168	321	4	0	11	0	4	1	2	0.341667	0.323221	0.575833	0.305362	139	2914	3053
7578	11/17/2011	4	0	11	8	0	4	1	3	0.34	0.303	0.61	0.2985	12	343	355	321	4	0	11	0	4	1	2	0.341667	0.323221	0.575833	0.305362	139	2914	3053
7579	11/17/2011	4	0	11	9	0	4	1	2	0.34	0.303	0.61	0.3284	14	184	198	321	4	0	11	0	4	1	2	0.341667	0.323221	0.575833	0.305362	139	2914	3053
7580	11/17/2011	4	0	11	10	0	4	1	2	0.34	0.303	0.61	0.3284	7	74	81	321	4	0	11	0	4	1	2	0.341667	0.323221	0.575833	0.305362	139	2914	3053
7581	11/17/2011	4	0	11	11	0	4	1	3	0.32	0.303	0.66	0.3284	4	93	97	321	4	0	11	0	4	1	2	0.341667	0.323221	0.575833	0.305362	139	2914	3053
7582	11/17/2011	4	0	11	12	0	4	1	2	0.34	0.303	0.53	0.2985	6	115	121	321	4	0	11	0	4	1	2	0.341667	0.323221	0.575833	0.305362	139	2914	3053
7583	11/17/2011	4	0	11	13	0	4	1	2	0.34	0.303	0.49	0.4478	15	109	124	321	4	0	11	0	4	1	2	0.341667	0.323221	0.575833	0.305362	139	2914	3053
7584	11/17/2011	4	0	11	14	0	4	1	2	0.34	0.303	0.49	0.3881	5	105	110	321	4	0	11	0	4	1	2	0.341667	0.323221	0.575833	0.305362	139	2914	3053
7585	11/17/2011	4	0	11	15	0	4	1	2	0.34	0.303	0.49	0.4478	10	106	116	321	4	0	11	0	4	1	2	0.341667	0.323221	0.575833	0.305362	139	2914	3053
7586	11/17/2011	4	0	11	16	0	4	1	1	0.32	0.2879	0.39	0.4179	8	187	195	321	4	0	11	0	4	1	2	0.341667	0.323221	0.575833	0.305362	139	2914	3053
7587	11/17/2011	4	0	11	17	0	4	1	1	0.32	0.2879	0.42	0.3881	20	379	399	321	4	0	11	0	4	1	2	0.341667	0.323221	0.575833	0.305362	139	2914	3053
7588	11/17/2011	4	0	11	18	0	4	1	1	0.32	0.3182	0.39	0.194	9	298	307	321	4	0	11	0	4	1	2	0.341667	0.323221	0.575833	0.305362	139	2914	3053
7589	11/17/2011	4	0	11	19	0	4	1	1	0.3	0.2879	0.45	0.2239	7	210	217	321	4	0	11	0	4	1	2	0.341667	0.323221	0.575833	0.305362	139	2914	3053
7590	11/17/2011	4	0	11	20	0	4	1	1	0.3	0.2879	0.42	0.2836	7	162	169	321	4	0	11	0	4	1	2	0.341667	0.323221	0.575833	0.305362	139	2914	3053
7591	11/17/2011	4	0	11	21	0	4	1	1	0.3	0.2879	0.42	0.2537	3	113	116	321	4	0	11	0	4	1	2	0.341667	0.323221	0.575833	0.305362	139	2914	3053
7592	11/17/2011	4	0	11	22	0	4	1	1	0.26	0.2424	0.52	0.2537	1	83	84	321	4	0	11	0	4	1	2	0.341667	0.323221	0.575833	0.305362	139	2914	3053
7593	11/17/2011	4	0	11	23	0	4	1	1	0.26	0.2576	0.52	0.2239	0	58	58	321	4	0	11	0	4	1	2	0.341667	0.323221	0.575833	0.305362	139	2914	3053
7594	11/18/2011	4	0	11	0	0	5	1	1	0.26	0.2576	0.48	0.1642	2	28	30	322	4	0	11	0	5	1	1	0.274167	0.272721	0.41	0.168533	245	3147	3392
7595	11/18/2011	4	0	11	1	0	5	1	1	0.26	0.2273	0.44	0.3284	0	10	10	322	4	0	11	0	5	1	1	0.274167	0.272721	0.41	0.168533	245	3147	3392
7596	11/18/2011	4	0	11	2	0	5	1	1	0.24	0.2273	0.44	0.2239	2	8	10	322	4	0	11	0	5	1	1	0.274167	0.272721	0.41	0.168533	245	3147	3392
7597	11/18/2011	4	0	11	3	0	5	1	1	0.24	0.2121	0.41	0.2836	0	2	2	322	4	0	11	0	5	1	1	0.274167	0.272721	0.41	0.168533	245	3147	3392
7598	11/18/2011	4	0	11	4	0	5	1	1	0.22	0.2273	0.44	0.1642	0	5	5	322	4	0	11	0	5	1	1	0.274167	0.272721	0.41	0.168533	245	3147	3392
7599	11/18/2011	4	0	11	5	0	5	1	1	0.22	0.2273	0.44	0.1343	0	22	22	322	4	0	11	0	5	1	1	0.274167	0.272721	0.41	0.168533	245	3147	3392
7600	11/18/2011	4	0	11	6	0	5	1	1	0.22	0.2576	0.44	0.0896	1	70	71	322	4	0	11	0	5	1	1	0.274167	0.272721	0.41	0.168533	245	3147	3392
7601	11/18/2011	4	0	11	7	0	5	1	1	0.22	0.2273	0.44	0.1642	5	211	216	322	4	0	11	0	5	1	1	0.274167	0.272721	0.41	0.168533	245	3147	3392
7602	11/18/2011	4	0	11	8	0	5	1	1	0.22	0.2273	0.44	0.194	6	369	375	322	4	0	11	0	5	1	1	0.274167	0.272721	0.41	0.168533	245	3147	3392
7603	11/18/2011	4	0	11	9	0	5	1	1	0.26	0.2576	0.41	0.194	6	207	213	322	4	0	11	0	5	1	1	0.274167	0.272721	0.41	0.168533	245	3147	3392
7604	11/18/2011	4	0	11	10	0	5	1	1	0.26	0.2424	0.41	0.2836	10	105	115	322	4	0	11	0	5	1	1	0.274167	0.272721	0.41	0.168533	245	3147	3392
7605	11/18/2011	4	0	11	11	0	5	1	1	0.3	0.303	0.36	0.1343	18	122	140	322	4	0	11	0	5	1	1	0.274167	0.272721	0.41	0.168533	245	3147	3392
7606	11/18/2011	4	0	11	12	0	5	1	1	0.32	0.3333	0.33	0	22	143	165	322	4	0	11	0	5	1	1	0.274167	0.272721	0.41	0.168533	245	3147	3392
7607	11/18/2011	4	0	11	13	0	5	1	1	0.34	0.3182	0.31	0.2239	31	146	177	322	4	0	11	0	5	1	1	0.274167	0.272721	0.41	0.168533	245	3147	3392
7608	11/18/2011	4	0	11	14	0	5	1	1	0.34	0.3333	0.31	0.1343	31	123	154	322	4	0	11	0	5	1	1	0.274167	0.272721	0.41	0.168533	245	3147	3392
7609	11/18/2011	4	0	11	15	0	5	1	1	0.34	0.3333	0.29	0.1343	27	151	178	322	4	0	11	0	5	1	1	0.274167	0.272721	0.41	0.168533	245	3147	3392
7610	11/18/2011	4	0	11	16	0	5	1	1	0.34	0.3333	0.29	0.1343	19	190	209	322	4	0	11	0	5	1	1	0.274167	0.272721	0.41	0.168533	245	3147	3392
7611	11/18/2011	4	0	11	17	0	5	1	1	0.32	0.3333	0.31	0.1343	17	361	378	322	4	0	11	0	5	1	1	0.274167	0.272721	0.41	0.168533	245	3147	3392
7612	11/18/2011	4	0	11	18	0	5	1	1	0.3	0.303	0.36	0.1642	16	312	328	322	4	0	11	0	5	1	1	0.274167	0.272721	0.41	0.168533	245	3147	3392
7613	11/18/2011	4	0	11	19	0	5	1	1	0.28	0.2727	0.41	0.1642	7	183	190	322	4	0	11	0	5	1	1	0.274167	0.272721	0.41	0.168533	245	3147	3392
7614	11/18/2011	4	0	11	20	0	5	1	1	0.28	0.2727	0.48	0.194	8	129	137	322	4	0	11	0	5	1	1	0.274167	0.272721	0.41	0.168533	245	3147	3392
7615	11/18/2011	4	0	11	21	0	5	1	1	0.28	0.2727	0.48	0.1642	3	108	111	322	4	0	11	0	5	1	1	0.274167	0.272721	0.41	0.168533	245	3147	3392
7616	11/18/2011	4	0	11	22	0	5	1	1	0.26	0.2727	0.52	0.1045	9	88	97	322	4	0	11	0	5	1	1	0.274167	0.272721	0.41	0.168533	245	3147	3392
7617	11/18/2011	4	0	11	23	0	5	1	1	0.26	0.2727	0.6	0.1343	5	54	59	322	4	0	11	0	5	1	1	0.274167	0.272721	0.41	0.168533	245	3147	3392
7618	11/19/2011	4	0	11	0	0	6	0	1	0.26	0.2576	0.56	0.194	4	49	53	323	4	0	11	0	6	0	1	0.329167	0.324483	0.502083	0.224496	943	2720	3663
7619	11/19/2011	4	0	11	1	0	6	0	1	0.26	0.2273	0.52	0.2985	1	34	35	323	4	0	11	0	6	0	1	0.329167	0.324483	0.502083	0.224496	943	2720	3663
7620	11/19/2011	4	0	11	2	0	6	0	1	0.24	0.2424	0.56	0.1642	12	34	46	323	4	0	11	0	6	0	1	0.329167	0.324483	0.502083	0.224496	943	2720	3663
7621	11/19/2011	4	0	11	3	0	6	0	1	0.26	0.2424	0.48	0.2537	4	11	15	323	4	0	11	0	6	0	1	0.329167	0.324483	0.502083	0.224496	943	2720	3663
7622	11/19/2011	4	0	11	4	0	6	0	1	0.26	0.2273	0.48	0.3284	4	4	8	323	4	0	11	0	6	0	1	0.329167	0.324483	0.502083	0.224496	943	2720	3663
7623	11/19/2011	4	0	11	5	0	6	0	1	0.24	0.2273	0.56	0.2537	0	2	2	323	4	0	11	0	6	0	1	0.329167	0.324483	0.502083	0.224496	943	2720	3663
7624	11/19/2011	4	0	11	6	0	6	0	1	0.24	0.2121	0.6	0.3284	2	10	12	323	4	0	11	0	6	0	1	0.329167	0.324483	0.502083	0.224496	943	2720	3663
7625	11/19/2011	4	0	11	7	0	6	0	1	0.24	0.2273	0.6	0.2537	3	38	41	323	4	0	11	0	6	0	1	0.329167	0.324483	0.502083	0.224496	943	2720	3663
7626	11/19/2011	4	0	11	8	0	6	0	1	0.26	0.2424	0.56	0.2537	12	80	92	323	4	0	11	0	6	0	1	0.329167	0.324483	0.502083	0.224496	943	2720	3663
7627	11/19/2011	4	0	11	9	0	6	0	1	0.28	0.2576	0.52	0.2985	12	130	142	323	4	0	11	0	6	0	1	0.329167	0.324483	0.502083	0.224496	943	2720	3663
7628	11/19/2011	4	0	11	10	0	6	0	1	0.32	0.303	0.45	0.2537	35	165	200	323	4	0	11	0	6	0	1	0.329167	0.324483	0.502083	0.224496	943	2720	3663
7629	11/19/2011	4	0	11	11	0	6	0	1	0.36	0.3788	0.4	0	50	183	233	323	4	0	11	0	6	0	1	0.329167	0.324483	0.502083	0.224496	943	2720	3663
7630	11/19/2011	4	0	11	12	0	6	0	1	0.4	0.4091	0.35	0.2836	93	218	311	323	4	0	11	0	6	0	1	0.329167	0.324483	0.502083	0.224496	943	2720	3663
7631	11/19/2011	4	0	11	13	0	6	0	1	0.42	0.4242	0.3	0.2836	118	245	363	323	4	0	11	0	6	0	1	0.329167	0.324483	0.502083	0.224496	943	2720	3663
7632	11/19/2011	4	0	11	14	0	6	0	1	0.42	0.4242	0.32	0.2985	121	228	349	323	4	0	11	0	6	0	1	0.329167	0.324483	0.502083	0.224496	943	2720	3663
7633	11/19/2011	4	0	11	15	0	6	0	1	0.42	0.4242	0.41	0.194	120	262	382	323	4	0	11	0	6	0	1	0.329167	0.324483	0.502083	0.224496	943	2720	3663
7634	11/19/2011	4	0	11	16	0	6	0	1	0.42	0.4242	0.38	0.2985	99	188	287	323	4	0	11	0	6	0	1	0.329167	0.324483	0.502083	0.224496	943	2720	3663
7635	11/19/2011	4	0	11	17	0	6	0	1	0.4	0.4091	0.4	0.194	61	171	232	323	4	0	11	0	6	0	1	0.329167	0.324483	0.502083	0.224496	943	2720	3663
7636	11/19/2011	4	0	11	18	0	6	0	1	0.38	0.3939	0.46	0.1343	36	172	208	323	4	0	11	0	6	0	1	0.329167	0.324483	0.502083	0.224496	943	2720	3663
7637	11/19/2011	4	0	11	19	0	6	0	2	0.34	0.3333	0.71	0.1343	33	149	182	323	4	0	11	0	6	0	1	0.329167	0.324483	0.502083	0.224496	943	2720	3663
7638	11/19/2011	4	0	11	20	0	6	0	2	0.36	0.3636	0.57	0.1045	48	115	163	323	4	0	11	0	6	0	1	0.329167	0.324483	0.502083	0.224496	943	2720	3663
7639	11/19/2011	4	0	11	21	0	6	0	2	0.36	0.3485	0.62	0.194	29	79	108	323	4	0	11	0	6	0	1	0.329167	0.324483	0.502083	0.224496	943	2720	3663
7640	11/19/2011	4	0	11	22	0	6	0	2	0.38	0.3939	0.62	0.1642	26	80	106	323	4	0	11	0	6	0	1	0.329167	0.324483	0.502083	0.224496	943	2720	3663
7641	11/19/2011	4	0	11	23	0	6	0	1	0.38	0.3939	0.62	0.2239	20	73	93	323	4	0	11	0	6	0	1	0.329167	0.324483	0.502083	0.224496	943	2720	3663
7642	11/20/2011	4	0	11	0	0	0	0	1	0.38	0.3939	0.66	0.1642	14	79	93	324	4	0	11	0	0	0	2	0.463333	0.457058	0.684583	0.18595	787	2733	3520
7643	11/20/2011	4	0	11	1	0	0	0	1	0.4	0.4091	0.62	0.2537	11	73	84	324	4	0	11	0	0	0	2	0.463333	0.457058	0.684583	0.18595	787	2733	3520
7644	11/20/2011	4	0	11	2	0	0	0	1	0.4	0.4091	0.62	0.2836	12	44	56	324	4	0	11	0	0	0	2	0.463333	0.457058	0.684583	0.18595	787	2733	3520
7645	11/20/2011	4	0	11	3	0	0	0	2	0.4	0.4091	0.66	0.2836	6	31	37	324	4	0	11	0	0	0	2	0.463333	0.457058	0.684583	0.18595	787	2733	3520
7646	11/20/2011	4	0	11	4	0	0	0	2	0.4	0.4091	0.71	0.2836	2	10	12	324	4	0	11	0	0	0	2	0.463333	0.457058	0.684583	0.18595	787	2733	3520
7647	11/20/2011	4	0	11	5	0	0	0	2	0.42	0.4242	0.67	0.2836	0	4	4	324	4	0	11	0	0	0	2	0.463333	0.457058	0.684583	0.18595	787	2733	3520
7648	11/20/2011	4	0	11	6	0	0	0	2	0.42	0.4242	0.67	0.2537	3	6	9	324	4	0	11	0	0	0	2	0.463333	0.457058	0.684583	0.18595	787	2733	3520
7649	11/20/2011	4	0	11	7	0	0	0	1	0.42	0.4242	0.67	0.2239	4	19	23	324	4	0	11	0	0	0	2	0.463333	0.457058	0.684583	0.18595	787	2733	3520
7650	11/20/2011	4	0	11	8	0	0	0	2	0.42	0.4242	0.71	0.2836	13	52	65	324	4	0	11	0	0	0	2	0.463333	0.457058	0.684583	0.18595	787	2733	3520
7651	11/20/2011	4	0	11	9	0	0	0	1	0.44	0.4394	0.72	0.1642	29	109	138	324	4	0	11	0	0	0	2	0.463333	0.457058	0.684583	0.18595	787	2733	3520
7652	11/20/2011	4	0	11	10	0	0	0	2	0.44	0.4394	0.72	0.1045	46	183	229	324	4	0	11	0	0	0	2	0.463333	0.457058	0.684583	0.18595	787	2733	3520
7653	11/20/2011	4	0	11	11	0	0	0	2	0.5	0.4848	0.63	0.1045	74	212	286	324	4	0	11	0	0	0	2	0.463333	0.457058	0.684583	0.18595	787	2733	3520
7654	11/20/2011	4	0	11	12	0	0	0	2	0.5	0.4848	0.63	0.1343	70	234	304	324	4	0	11	0	0	0	2	0.463333	0.457058	0.684583	0.18595	787	2733	3520
7655	11/20/2011	4	0	11	13	0	0	0	2	0.54	0.5152	0.6	0.194	84	285	369	324	4	0	11	0	0	0	2	0.463333	0.457058	0.684583	0.18595	787	2733	3520
7656	11/20/2011	4	0	11	14	0	0	0	1	0.52	0.5	0.63	0.2537	113	250	363	324	4	0	11	0	0	0	2	0.463333	0.457058	0.684583	0.18595	787	2733	3520
7657	11/20/2011	4	0	11	15	0	0	0	2	0.52	0.5	0.68	0.194	109	242	351	324	4	0	11	0	0	0	2	0.463333	0.457058	0.684583	0.18595	787	2733	3520
7658	11/20/2011	4	0	11	16	0	0	0	2	0.52	0.5	0.63	0.1343	81	225	306	324	4	0	11	0	0	0	2	0.463333	0.457058	0.684583	0.18595	787	2733	3520
7659	11/20/2011	4	0	11	17	0	0	0	2	0.52	0.5	0.63	0.194	35	168	203	324	4	0	11	0	0	0	2	0.463333	0.457058	0.684583	0.18595	787	2733	3520
7660	11/20/2011	4	0	11	18	0	0	0	2	0.54	0.5152	0.64	0.194	22	123	145	324	4	0	11	0	0	0	2	0.463333	0.457058	0.684583	0.18595	787	2733	3520
7661	11/20/2011	4	0	11	19	0	0	0	2	0.5	0.4848	0.72	0.1045	17	140	157	324	4	0	11	0	0	0	2	0.463333	0.457058	0.684583	0.18595	787	2733	3520
7662	11/20/2011	4	0	11	20	0	0	0	2	0.52	0.5	0.68	0.1045	23	90	113	324	4	0	11	0	0	0	2	0.463333	0.457058	0.684583	0.18595	787	2733	3520
7663	11/20/2011	4	0	11	21	0	0	0	2	0.48	0.4697	0.77	0.0896	11	94	105	324	4	0	11	0	0	0	2	0.463333	0.457058	0.684583	0.18595	787	2733	3520
7664	11/20/2011	4	0	11	22	0	0	0	3	0.46	0.4545	0.88	0.0896	5	35	40	324	4	0	11	0	0	0	2	0.463333	0.457058	0.684583	0.18595	787	2733	3520
7665	11/20/2011	4	0	11	23	0	0	0	3	0.46	0.4545	0.88	0.0896	3	25	28	324	4	0	11	0	0	0	2	0.463333	0.457058	0.684583	0.18595	787	2733	3520
7666	11/21/2011	4	0	11	0	0	1	1	2	0.46	0.4545	0.94	0	4	13	17	325	4	0	11	0	1	1	3	0.4475	0.445062	0.91	0.138054	220	2545	2765
7667	11/21/2011	4	0	11	1	0	1	1	3	0.46	0.4545	0.94	0.194	4	8	12	325	4	0	11	0	1	1	3	0.4475	0.445062	0.91	0.138054	220	2545	2765
7668	11/21/2011	4	0	11	2	0	1	1	3	0.44	0.4394	1	0.194	1	2	3	325	4	0	11	0	1	1	3	0.4475	0.445062	0.91	0.138054	220	2545	2765
7669	11/21/2011	4	0	11	3	0	1	1	3	0.44	0.4394	1	0.1343	0	4	4	325	4	0	11	0	1	1	3	0.4475	0.445062	0.91	0.138054	220	2545	2765
7670	11/21/2011	4	0	11	4	0	1	1	3	0.44	0.4394	1	0.1343	0	5	5	325	4	0	11	0	1	1	3	0.4475	0.445062	0.91	0.138054	220	2545	2765
7671	11/21/2011	4	0	11	5	0	1	1	2	0.44	0.4394	1	0	0	20	20	325	4	0	11	0	1	1	3	0.4475	0.445062	0.91	0.138054	220	2545	2765
7672	11/21/2011	4	0	11	6	0	1	1	2	0.42	0.4242	1	0	0	76	76	325	4	0	11	0	1	1	3	0.4475	0.445062	0.91	0.138054	220	2545	2765
7673	11/21/2011	4	0	11	7	0	1	1	2	0.46	0.4545	0.94	0.1642	17	229	246	325	4	0	11	0	1	1	3	0.4475	0.445062	0.91	0.138054	220	2545	2765
7674	11/21/2011	4	0	11	8	0	1	1	2	0.46	0.4545	0.94	0	13	378	391	325	4	0	11	0	1	1	3	0.4475	0.445062	0.91	0.138054	220	2545	2765
7675	11/21/2011	4	0	11	9	0	1	1	2	0.48	0.4697	0.94	0.1045	15	222	237	325	4	0	11	0	1	1	3	0.4475	0.445062	0.91	0.138054	220	2545	2765
7676	11/21/2011	4	0	11	10	0	1	1	2	0.52	0.5	0.83	0	25	110	135	325	4	0	11	0	1	1	3	0.4475	0.445062	0.91	0.138054	220	2545	2765
7677	11/21/2011	4	0	11	11	0	1	1	2	0.52	0.5	0.83	0.1045	16	112	128	325	4	0	11	0	1	1	3	0.4475	0.445062	0.91	0.138054	220	2545	2765
7678	11/21/2011	4	0	11	12	0	1	1	2	0.5	0.4848	0.77	0.1343	24	138	162	325	4	0	11	0	1	1	3	0.4475	0.445062	0.91	0.138054	220	2545	2765
7679	11/21/2011	4	0	11	13	0	1	1	2	0.5	0.4848	0.77	0.1343	13	121	134	325	4	0	11	0	1	1	3	0.4475	0.445062	0.91	0.138054	220	2545	2765
7680	11/21/2011	4	0	11	14	0	1	1	2	0.48	0.4697	0.82	0.194	14	121	135	325	4	0	11	0	1	1	3	0.4475	0.445062	0.91	0.138054	220	2545	2765
7681	11/21/2011	4	0	11	15	0	1	1	3	0.44	0.4394	0.94	0.2239	15	93	108	325	4	0	11	0	1	1	3	0.4475	0.445062	0.91	0.138054	220	2545	2765
7682	11/21/2011	4	0	11	16	0	1	1	3	0.44	0.4394	0.94	0.2239	13	95	108	325	4	0	11	0	1	1	3	0.4475	0.445062	0.91	0.138054	220	2545	2765
7683	11/21/2011	4	0	11	17	0	1	1	3	0.42	0.4242	0.94	0.2985	10	200	210	325	4	0	11	0	1	1	3	0.4475	0.445062	0.91	0.138054	220	2545	2765
7684	11/21/2011	4	0	11	18	0	1	1	3	0.42	0.4242	0.88	0.194	8	184	192	325	4	0	11	0	1	1	3	0.4475	0.445062	0.91	0.138054	220	2545	2765
7685	11/21/2011	4	0	11	19	0	1	1	3	0.4	0.4091	0.94	0.194	2	135	137	325	4	0	11	0	1	1	3	0.4475	0.445062	0.91	0.138054	220	2545	2765
7686	11/21/2011	4	0	11	20	0	1	1	3	0.4	0.4091	0.87	0.2239	5	75	80	325	4	0	11	0	1	1	3	0.4475	0.445062	0.91	0.138054	220	2545	2765
7687	11/21/2011	4	0	11	21	0	1	1	3	0.4	0.4091	0.87	0.1642	11	103	114	325	4	0	11	0	1	1	3	0.4475	0.445062	0.91	0.138054	220	2545	2765
7688	11/21/2011	4	0	11	22	0	1	1	3	0.4	0.4091	0.87	0.1343	6	72	78	325	4	0	11	0	1	1	3	0.4475	0.445062	0.91	0.138054	220	2545	2765
7689	11/21/2011	4	0	11	23	0	1	1	3	0.4	0.4091	0.87	0.1642	4	29	33	325	4	0	11	0	1	1	3	0.4475	0.445062	0.91	0.138054	220	2545	2765
7690	11/22/2011	4	0	11	0	0	2	1	3	0.38	0.3939	0.94	0.1045	0	14	14	326	4	0	11	0	2	1	3	0.416667	0.421696	0.9625	0.118792	69	1538	1607
7691	11/22/2011	4	0	11	1	0	2	1	3	0.4	0.4091	0.94	0.1343	1	5	6	326	4	0	11	0	2	1	3	0.416667	0.421696	0.9625	0.118792	69	1538	1607
7692	11/22/2011	4	0	11	2	0	2	1	3	0.38	0.3939	1	0.1045	2	4	6	326	4	0	11	0	2	1	3	0.416667	0.421696	0.9625	0.118792	69	1538	1607
7693	11/22/2011	4	0	11	3	0	2	1	3	0.38	0.3939	1	0.1045	1	2	3	326	4	0	11	0	2	1	3	0.416667	0.421696	0.9625	0.118792	69	1538	1607
7694	11/22/2011	4	0	11	4	0	2	1	3	0.38	0.3939	0.94	0.1642	0	7	7	326	4	0	11	0	2	1	3	0.416667	0.421696	0.9625	0.118792	69	1538	1607
7695	11/22/2011	4	0	11	5	0	2	1	3	0.38	0.3939	0.94	0.1642	1	17	18	326	4	0	11	0	2	1	3	0.416667	0.421696	0.9625	0.118792	69	1538	1607
7696	11/22/2011	4	0	11	6	0	2	1	2	0.38	0.3939	0.94	0.1045	1	63	64	326	4	0	11	0	2	1	3	0.416667	0.421696	0.9625	0.118792	69	1538	1607
7697	11/22/2011	4	0	11	7	0	2	1	3	0.38	0.3939	0.94	0.2239	2	119	121	326	4	0	11	0	2	1	3	0.416667	0.421696	0.9625	0.118792	69	1538	1607
7698	11/22/2011	4	0	11	8	0	2	1	3	0.38	0.3939	0.94	0.2239	5	185	190	326	4	0	11	0	2	1	3	0.416667	0.421696	0.9625	0.118792	69	1538	1607
7699	11/22/2011	4	0	11	9	0	2	1	3	0.4	0.4091	0.94	0	2	147	149	326	4	0	11	0	2	1	3	0.416667	0.421696	0.9625	0.118792	69	1538	1607
7700	11/22/2011	4	0	11	10	0	2	1	3	0.4	0.4091	0.94	0	6	46	52	326	4	0	11	0	2	1	3	0.416667	0.421696	0.9625	0.118792	69	1538	1607
7701	11/22/2011	4	0	11	11	0	2	1	3	0.4	0.4091	0.94	0.1343	4	28	32	326	4	0	11	0	2	1	3	0.416667	0.421696	0.9625	0.118792	69	1538	1607
7702	11/22/2011	4	0	11	12	0	2	1	3	0.4	0.4091	1	0.0896	3	18	21	326	4	0	11	0	2	1	3	0.416667	0.421696	0.9625	0.118792	69	1538	1607
7703	11/22/2011	4	0	11	13	0	2	1	3	0.42	0.4242	1	0.0896	4	22	26	326	4	0	11	0	2	1	3	0.416667	0.421696	0.9625	0.118792	69	1538	1607
7704	11/22/2011	4	0	11	14	0	2	1	3	0.42	0.4242	1	0.0896	4	31	35	326	4	0	11	0	2	1	3	0.416667	0.421696	0.9625	0.118792	69	1538	1607
7705	11/22/2011	4	0	11	15	0	2	1	3	0.44	0.4394	0.94	0	2	32	34	326	4	0	11	0	2	1	3	0.416667	0.421696	0.9625	0.118792	69	1538	1607
7706	11/22/2011	4	0	11	16	0	2	1	3	0.44	0.4394	0.94	0	3	59	62	326	4	0	11	0	2	1	3	0.416667	0.421696	0.9625	0.118792	69	1538	1607
7707	11/22/2011	4	0	11	17	0	2	1	3	0.44	0.4394	1	0.0896	4	161	165	326	4	0	11	0	2	1	3	0.416667	0.421696	0.9625	0.118792	69	1538	1607
7708	11/22/2011	4	0	11	18	0	2	1	3	0.44	0.4394	1	0	0	148	148	326	4	0	11	0	2	1	3	0.416667	0.421696	0.9625	0.118792	69	1538	1607
7709	11/22/2011	4	0	11	19	0	2	1	3	0.46	0.4545	0.94	0.1045	5	106	111	326	4	0	11	0	2	1	3	0.416667	0.421696	0.9625	0.118792	69	1538	1607
7710	11/22/2011	4	0	11	20	0	2	1	2	0.46	0.4545	1	0.2239	6	121	127	326	4	0	11	0	2	1	3	0.416667	0.421696	0.9625	0.118792	69	1538	1607
7711	11/22/2011	4	0	11	21	0	2	1	2	0.46	0.4545	1	0.2537	4	86	90	326	4	0	11	0	2	1	3	0.416667	0.421696	0.9625	0.118792	69	1538	1607
7712	11/22/2011	4	0	11	22	0	2	1	2	0.5	0.4848	0.94	0.194	6	81	87	326	4	0	11	0	2	1	3	0.416667	0.421696	0.9625	0.118792	69	1538	1607
7713	11/22/2011	4	0	11	23	0	2	1	2	0.48	0.4697	0.94	0.2537	3	36	39	326	4	0	11	0	2	1	3	0.416667	0.421696	0.9625	0.118792	69	1538	1607
7714	11/23/2011	4	0	11	0	0	3	1	2	0.48	0.4697	0.94	0.2537	2	14	16	327	4	0	11	0	3	1	2	0.440833	0.430537	0.757917	0.335825	112	2454	2566
7715	11/23/2011	4	0	11	1	0	3	1	2	0.48	0.4697	0.94	0.2985	0	8	8	327	4	0	11	0	3	1	2	0.440833	0.430537	0.757917	0.335825	112	2454	2566
7716	11/23/2011	4	0	11	2	0	3	1	3	0.5	0.4848	0.94	0.3582	1	5	6	327	4	0	11	0	3	1	2	0.440833	0.430537	0.757917	0.335825	112	2454	2566
7717	11/23/2011	4	0	11	3	0	3	1	3	0.5	0.4848	0.94	0.3582	1	2	3	327	4	0	11	0	3	1	2	0.440833	0.430537	0.757917	0.335825	112	2454	2566
7718	11/23/2011	4	0	11	4	0	3	1	3	0.52	0.5	0.88	0.3582	0	5	5	327	4	0	11	0	3	1	2	0.440833	0.430537	0.757917	0.335825	112	2454	2566
7719	11/23/2011	4	0	11	5	0	3	1	2	0.46	0.4545	0.94	0.194	1	16	17	327	4	0	11	0	3	1	2	0.440833	0.430537	0.757917	0.335825	112	2454	2566
7720	11/23/2011	4	0	11	6	0	3	1	2	0.44	0.4394	1	0	1	68	69	327	4	0	11	0	3	1	2	0.440833	0.430537	0.757917	0.335825	112	2454	2566
7721	11/23/2011	4	0	11	7	0	3	1	2	0.46	0.4545	1	0.0896	2	154	156	327	4	0	11	0	3	1	2	0.440833	0.430537	0.757917	0.335825	112	2454	2566
7722	11/23/2011	4	0	11	8	0	3	1	2	0.48	0.4697	0.94	0.1045	7	316	323	327	4	0	11	0	3	1	2	0.440833	0.430537	0.757917	0.335825	112	2454	2566
7723	11/23/2011	4	0	11	9	0	3	1	2	0.52	0.5	0.94	0.194	3	164	167	327	4	0	11	0	3	1	2	0.440833	0.430537	0.757917	0.335825	112	2454	2566
7724	11/23/2011	4	0	11	10	0	3	1	2	0.52	0.5	0.94	0.194	6	70	76	327	4	0	11	0	3	1	2	0.440833	0.430537	0.757917	0.335825	112	2454	2566
7725	11/23/2011	4	0	11	11	0	3	1	2	0.5	0.4848	0.72	0.4179	9	107	116	327	4	0	11	0	3	1	2	0.440833	0.430537	0.757917	0.335825	112	2454	2566
7726	11/23/2011	4	0	11	12	0	3	1	1	0.48	0.4697	0.55	0.4179	9	151	160	327	4	0	11	0	3	1	2	0.440833	0.430537	0.757917	0.335825	112	2454	2566
7727	11/23/2011	4	0	11	13	0	3	1	2	0.44	0.4394	0.54	0.4925	12	162	174	327	4	0	11	0	3	1	2	0.440833	0.430537	0.757917	0.335825	112	2454	2566
7728	11/23/2011	4	0	11	14	0	3	1	1	0.42	0.4242	0.54	0.4627	13	200	213	327	4	0	11	0	3	1	2	0.440833	0.430537	0.757917	0.335825	112	2454	2566
7729	11/23/2011	4	0	11	15	0	3	1	2	0.42	0.4242	0.54	0.4478	13	194	207	327	4	0	11	0	3	1	2	0.440833	0.430537	0.757917	0.335825	112	2454	2566
7730	11/23/2011	4	0	11	16	0	3	1	2	0.4	0.4091	0.62	0.4627	4	169	173	327	4	0	11	0	3	1	2	0.440833	0.430537	0.757917	0.335825	112	2454	2566
7731	11/23/2011	4	0	11	17	0	3	1	3	0.38	0.3939	0.71	0.3881	7	156	163	327	4	0	11	0	3	1	2	0.440833	0.430537	0.757917	0.335825	112	2454	2566
7732	11/23/2011	4	0	11	18	0	3	1	2	0.4	0.4091	0.58	0.5224	7	138	145	327	4	0	11	0	3	1	2	0.440833	0.430537	0.757917	0.335825	112	2454	2566
7733	11/23/2011	4	0	11	19	0	3	1	1	0.38	0.3939	0.58	0.3881	6	116	122	327	4	0	11	0	3	1	2	0.440833	0.430537	0.757917	0.335825	112	2454	2566
7734	11/23/2011	4	0	11	20	0	3	1	1	0.36	0.3333	0.62	0.3881	1	67	68	327	4	0	11	0	3	1	2	0.440833	0.430537	0.757917	0.335825	112	2454	2566
7735	11/23/2011	4	0	11	21	0	3	1	1	0.36	0.3182	0.57	0.4627	0	66	66	327	4	0	11	0	3	1	2	0.440833	0.430537	0.757917	0.335825	112	2454	2566
7736	11/23/2011	4	0	11	22	0	3	1	1	0.34	0.303	0.61	0.4478	3	59	62	327	4	0	11	0	3	1	2	0.440833	0.430537	0.757917	0.335825	112	2454	2566
7737	11/23/2011	4	0	11	23	0	3	1	1	0.34	0.303	0.61	0.3582	4	47	51	327	4	0	11	0	3	1	2	0.440833	0.430537	0.757917	0.335825	112	2454	2566
7738	11/24/2011	4	0	11	0	1	4	0	1	0.32	0.303	0.57	0.2239	1	22	23	328	4	0	11	1	4	0	1	0.373333	0.372471	0.549167	0.167304	560	935	1495
7739	11/24/2011	4	0	11	1	1	4	0	1	0.32	0.2879	0.57	0.4179	1	23	24	328	4	0	11	1	4	0	1	0.373333	0.372471	0.549167	0.167304	560	935	1495
7740	11/24/2011	4	0	11	2	1	4	0	1	0.3	0.2879	0.61	0.2836	3	19	22	328	4	0	11	1	4	0	1	0.373333	0.372471	0.549167	0.167304	560	935	1495
7741	11/24/2011	4	0	11	3	1	4	0	1	0.28	0.2879	0.65	0.1343	1	4	5	328	4	0	11	1	4	0	1	0.373333	0.372471	0.549167	0.167304	560	935	1495
7742	11/24/2011	4	0	11	4	1	4	0	1	0.3	0.3182	0.61	0.0896	1	1	2	328	4	0	11	1	4	0	1	0.373333	0.372471	0.549167	0.167304	560	935	1495
7743	11/24/2011	4	0	11	5	1	4	0	1	0.3	0.3182	0.61	0.1045	1	10	11	328	4	0	11	1	4	0	1	0.373333	0.372471	0.549167	0.167304	560	935	1495
7744	11/24/2011	4	0	11	6	1	4	0	1	0.3	0.3182	0.61	0.0896	1	5	6	328	4	0	11	1	4	0	1	0.373333	0.372471	0.549167	0.167304	560	935	1495
7745	11/24/2011	4	0	11	7	1	4	0	1	0.26	0.2727	0.75	0.1045	9	31	40	328	4	0	11	1	4	0	1	0.373333	0.372471	0.549167	0.167304	560	935	1495
7746	11/24/2011	4	0	11	8	1	4	0	1	0.3	0.3182	0.65	0.0896	4	42	46	328	4	0	11	1	4	0	1	0.373333	0.372471	0.549167	0.167304	560	935	1495
7747	11/24/2011	4	0	11	9	1	4	0	1	0.34	0.3485	0.61	0	13	68	81	328	4	0	11	1	4	0	1	0.373333	0.372471	0.549167	0.167304	560	935	1495
7748	11/24/2011	4	0	11	10	1	4	0	1	0.36	0.3788	0.57	0	34	64	98	328	4	0	11	1	4	0	1	0.373333	0.372471	0.549167	0.167304	560	935	1495
7749	11/24/2011	4	0	11	11	1	4	0	1	0.42	0.4242	0.41	0.2985	52	90	142	328	4	0	11	1	4	0	1	0.373333	0.372471	0.549167	0.167304	560	935	1495
7750	11/24/2011	4	0	11	12	1	4	0	1	0.46	0.4545	0.36	0.2239	62	88	150	328	4	0	11	1	4	0	1	0.373333	0.372471	0.549167	0.167304	560	935	1495
7751	11/24/2011	4	0	11	13	1	4	0	1	0.48	0.4697	0.33	0.2239	84	91	175	328	4	0	11	1	4	0	1	0.373333	0.372471	0.549167	0.167304	560	935	1495
7752	11/24/2011	4	0	11	14	1	4	0	1	0.5	0.4848	0.31	0.2985	74	94	168	328	4	0	11	1	4	0	1	0.373333	0.372471	0.549167	0.167304	560	935	1495
7753	11/24/2011	4	0	11	15	1	4	0	1	0.5	0.4848	0.31	0.2537	78	71	149	328	4	0	11	1	4	0	1	0.373333	0.372471	0.549167	0.167304	560	935	1495
7754	11/24/2011	4	0	11	16	1	4	0	1	0.5	0.4848	0.34	0.2836	48	66	114	328	4	0	11	1	4	0	1	0.373333	0.372471	0.549167	0.167304	560	935	1495
7755	11/24/2011	4	0	11	17	1	4	0	1	0.48	0.4697	0.33	0.1045	34	40	74	328	4	0	11	1	4	0	1	0.373333	0.372471	0.549167	0.167304	560	935	1495
7756	11/24/2011	4	0	11	18	1	4	0	1	0.42	0.4242	0.5	0.0896	13	24	37	328	4	0	11	1	4	0	1	0.373333	0.372471	0.549167	0.167304	560	935	1495
7757	11/24/2011	4	0	11	19	1	4	0	1	0.4	0.4091	0.54	0.1045	15	13	28	328	4	0	11	1	4	0	1	0.373333	0.372471	0.549167	0.167304	560	935	1495
7758	11/24/2011	4	0	11	20	1	4	0	1	0.36	0.3485	0.76	0.1642	14	17	31	328	4	0	11	1	4	0	1	0.373333	0.372471	0.549167	0.167304	560	935	1495
7759	11/24/2011	4	0	11	21	1	4	0	1	0.36	0.3485	0.71	0.1642	7	19	26	328	4	0	11	1	4	0	1	0.373333	0.372471	0.549167	0.167304	560	935	1495
7760	11/24/2011	4	0	11	22	1	4	0	1	0.36	0.3485	0.71	0.1642	8	14	22	328	4	0	11	1	4	0	1	0.373333	0.372471	0.549167	0.167304	560	935	1495
7761	11/24/2011	4	0	11	23	1	4	0	1	0.34	0.3485	0.76	0.1045	2	19	21	328	4	0	11	1	4	0	1	0.373333	0.372471	0.549167	0.167304	560	935	1495
7762	11/25/2011	4	0	11	0	0	5	1	1	0.34	0.3333	0.76	0.1642	7	22	29	329	4	0	11	0	5	1	1	0.375	0.380671	0.64375	0.0988958	1095	1697	2792
7763	11/25/2011	4	0	11	1	0	5	1	1	0.34	0.3636	0.76	0	2	12	14	329	4	0	11	0	5	1	1	0.375	0.380671	0.64375	0.0988958	1095	1697	2792
7764	11/25/2011	4	0	11	2	0	5	1	1	0.28	0.2879	0.81	0.1045	4	6	10	329	4	0	11	0	5	1	1	0.375	0.380671	0.64375	0.0988958	1095	1697	2792
7765	11/25/2011	4	0	11	3	0	5	1	1	0.28	0.2879	0.75	0.1045	0	2	2	329	4	0	11	0	5	1	1	0.375	0.380671	0.64375	0.0988958	1095	1697	2792
7766	11/25/2011	4	0	11	4	0	5	1	1	0.3	0.3182	0.75	0.1045	4	3	7	329	4	0	11	0	5	1	1	0.375	0.380671	0.64375	0.0988958	1095	1697	2792
7767	11/25/2011	4	0	11	5	0	5	1	1	0.28	0.3182	0.75	0	2	3	5	329	4	0	11	0	5	1	1	0.375	0.380671	0.64375	0.0988958	1095	1697	2792
7768	11/25/2011	4	0	11	6	0	5	1	1	0.26	0.2727	0.81	0.1045	4	9	13	329	4	0	11	0	5	1	1	0.375	0.380671	0.64375	0.0988958	1095	1697	2792
7769	11/25/2011	4	0	11	7	0	5	1	1	0.26	0.303	0.81	0	4	31	35	329	4	0	11	0	5	1	1	0.375	0.380671	0.64375	0.0988958	1095	1697	2792
7770	11/25/2011	4	0	11	8	0	5	1	1	0.26	0.2727	0.81	0.1343	6	68	74	329	4	0	11	0	5	1	1	0.375	0.380671	0.64375	0.0988958	1095	1697	2792
7771	11/25/2011	4	0	11	9	0	5	1	1	0.32	0.3485	0.76	0	25	70	95	329	4	0	11	0	5	1	1	0.375	0.380671	0.64375	0.0988958	1095	1697	2792
7772	11/25/2011	4	0	11	10	0	5	1	1	0.36	0.3485	0.71	0.1642	60	82	142	329	4	0	11	0	5	1	1	0.375	0.380671	0.64375	0.0988958	1095	1697	2792
7773	11/25/2011	4	0	11	11	0	5	1	1	0.4	0.4091	0.66	0.1045	99	127	226	329	4	0	11	0	5	1	1	0.375	0.380671	0.64375	0.0988958	1095	1697	2792
7774	11/25/2011	4	0	11	12	0	5	1	1	0.46	0.4545	0.51	0.1045	126	146	272	329	4	0	11	0	5	1	1	0.375	0.380671	0.64375	0.0988958	1095	1697	2792
7775	11/25/2011	4	0	11	13	0	5	1	1	0.5	0.4848	0.45	0.2239	143	140	283	329	4	0	11	0	5	1	1	0.375	0.380671	0.64375	0.0988958	1095	1697	2792
7776	11/25/2011	4	0	11	14	0	5	1	1	0.52	0.5	0.39	0.2239	122	150	272	329	4	0	11	0	5	1	1	0.375	0.380671	0.64375	0.0988958	1095	1697	2792
7777	11/25/2011	4	0	11	15	0	5	1	1	0.52	0.5	0.36	0.194	165	145	310	329	4	0	11	0	5	1	1	0.375	0.380671	0.64375	0.0988958	1095	1697	2792
7778	11/25/2011	4	0	11	16	0	5	1	1	0.5	0.4848	0.39	0.1642	122	139	261	329	4	0	11	0	5	1	1	0.375	0.380671	0.64375	0.0988958	1095	1697	2792
7779	11/25/2011	4	0	11	17	0	5	1	1	0.5	0.4848	0.34	0.1045	57	127	184	329	4	0	11	0	5	1	1	0.375	0.380671	0.64375	0.0988958	1095	1697	2792
7780	11/25/2011	4	0	11	18	0	5	1	1	0.46	0.4545	0.44	0.0896	45	108	153	329	4	0	11	0	5	1	1	0.375	0.380671	0.64375	0.0988958	1095	1697	2792
7781	11/25/2011	4	0	11	19	0	5	1	1	0.42	0.4242	0.67	0	38	96	134	329	4	0	11	0	5	1	1	0.375	0.380671	0.64375	0.0988958	1095	1697	2792
7782	11/25/2011	4	0	11	20	0	5	1	1	0.4	0.4091	0.58	0.0896	19	76	95	329	4	0	11	0	5	1	1	0.375	0.380671	0.64375	0.0988958	1095	1697	2792
7783	11/25/2011	4	0	11	21	0	5	1	1	0.36	0.3788	0.71	0	24	61	85	329	4	0	11	0	5	1	1	0.375	0.380671	0.64375	0.0988958	1095	1697	2792
7784	11/25/2011	4	0	11	22	0	5	1	1	0.34	0.3485	0.71	0.0896	12	46	58	329	4	0	11	0	5	1	1	0.375	0.380671	0.64375	0.0988958	1095	1697	2792
7785	11/25/2011	4	0	11	23	0	5	1	1	0.34	0.3485	0.76	0.1045	5	28	33	329	4	0	11	0	5	1	1	0.375	0.380671	0.64375	0.0988958	1095	1697	2792
7786	11/26/2011	4	0	11	0	0	6	0	1	0.34	0.3485	0.76	0.1045	9	38	47	330	4	0	11	0	6	0	1	0.375833	0.385087	0.681667	0.0684208	1249	1819	3068
7787	11/26/2011	4	0	11	1	0	6	0	1	0.32	0.3333	0.76	0.0896	5	24	29	330	4	0	11	0	6	0	1	0.375833	0.385087	0.681667	0.0684208	1249	1819	3068
7788	11/26/2011	4	0	11	2	0	6	0	1	0.3	0.3182	0.81	0.1045	3	20	23	330	4	0	11	0	6	0	1	0.375833	0.385087	0.681667	0.0684208	1249	1819	3068
7789	11/26/2011	4	0	11	3	0	6	0	1	0.3	0.3333	0.81	0	8	9	17	330	4	0	11	0	6	0	1	0.375833	0.385087	0.681667	0.0684208	1249	1819	3068
7790	11/26/2011	4	0	11	4	0	6	0	1	0.3	0.3333	0.81	0	0	4	4	330	4	0	11	0	6	0	1	0.375833	0.385087	0.681667	0.0684208	1249	1819	3068
7791	11/26/2011	4	0	11	5	0	6	0	1	0.3	0.3182	0.75	0.1045	0	3	3	330	4	0	11	0	6	0	1	0.375833	0.385087	0.681667	0.0684208	1249	1819	3068
7792	11/26/2011	4	0	11	6	0	6	0	2	0.3	0.3182	0.75	0.0896	2	8	10	330	4	0	11	0	6	0	1	0.375833	0.385087	0.681667	0.0684208	1249	1819	3068
7793	11/26/2011	4	0	11	7	0	6	0	1	0.26	0.2727	0.87	0.1045	4	13	17	330	4	0	11	0	6	0	1	0.375833	0.385087	0.681667	0.0684208	1249	1819	3068
7794	11/26/2011	4	0	11	8	0	6	0	1	0.32	0.3333	0.76	0.0896	10	50	60	330	4	0	11	0	6	0	1	0.375833	0.385087	0.681667	0.0684208	1249	1819	3068
7795	11/26/2011	4	0	11	9	0	6	0	1	0.34	0.3485	0.76	0.0896	16	67	83	330	4	0	11	0	6	0	1	0.375833	0.385087	0.681667	0.0684208	1249	1819	3068
7796	11/26/2011	4	0	11	10	0	6	0	1	0.36	0.3788	0.81	0	57	84	141	330	4	0	11	0	6	0	1	0.375833	0.385087	0.681667	0.0684208	1249	1819	3068
7797	11/26/2011	4	0	11	11	0	6	0	1	0.4	0.4091	0.62	0.1045	107	123	230	330	4	0	11	0	6	0	1	0.375833	0.385087	0.681667	0.0684208	1249	1819	3068
7798	11/26/2011	4	0	11	12	0	6	0	1	0.44	0.4394	0.51	0	137	172	309	330	4	0	11	0	6	0	1	0.375833	0.385087	0.681667	0.0684208	1249	1819	3068
7799	11/26/2011	4	0	11	13	0	6	0	1	0.48	0.4697	0.44	0	177	148	325	330	4	0	11	0	6	0	1	0.375833	0.385087	0.681667	0.0684208	1249	1819	3068
7800	11/26/2011	4	0	11	14	0	6	0	2	0.48	0.4697	0.48	0.1343	141	158	299	330	4	0	11	0	6	0	1	0.375833	0.385087	0.681667	0.0684208	1249	1819	3068
7801	11/26/2011	4	0	11	15	0	6	0	2	0.5	0.4848	0.42	0.1045	154	160	314	330	4	0	11	0	6	0	1	0.375833	0.385087	0.681667	0.0684208	1249	1819	3068
7802	11/26/2011	4	0	11	16	0	6	0	2	0.46	0.4545	0.47	0.1343	137	138	275	330	4	0	11	0	6	0	1	0.375833	0.385087	0.681667	0.0684208	1249	1819	3068
7803	11/26/2011	4	0	11	17	0	6	0	2	0.46	0.4545	0.47	0.1343	62	122	184	330	4	0	11	0	6	0	1	0.375833	0.385087	0.681667	0.0684208	1249	1819	3068
7804	11/26/2011	4	0	11	18	0	6	0	2	0.42	0.4242	0.62	0.1642	67	118	185	330	4	0	11	0	6	0	1	0.375833	0.385087	0.681667	0.0684208	1249	1819	3068
7805	11/26/2011	4	0	11	19	0	6	0	2	0.4	0.4091	0.71	0.0896	46	100	146	330	4	0	11	0	6	0	1	0.375833	0.385087	0.681667	0.0684208	1249	1819	3068
7806	11/26/2011	4	0	11	20	0	6	0	2	0.42	0.4242	0.58	0	55	86	141	330	4	0	11	0	6	0	1	0.375833	0.385087	0.681667	0.0684208	1249	1819	3068
7807	11/26/2011	4	0	11	21	0	6	0	2	0.38	0.3939	0.82	0	20	72	92	330	4	0	11	0	6	0	1	0.375833	0.385087	0.681667	0.0684208	1249	1819	3068
7808	11/26/2011	4	0	11	22	0	6	0	2	0.38	0.3939	0.76	0	14	51	65	330	4	0	11	0	6	0	1	0.375833	0.385087	0.681667	0.0684208	1249	1819	3068
7809	11/26/2011	4	0	11	23	0	6	0	1	0.36	0.3788	0.81	0	18	51	69	330	4	0	11	0	6	0	1	0.375833	0.385087	0.681667	0.0684208	1249	1819	3068
7810	11/27/2011	4	0	11	0	0	0	0	1	0.36	0.3788	0.81	0	7	39	46	331	4	0	11	0	0	0	1	0.459167	0.4558	0.698333	0.208954	810	2261	3071
7811	11/27/2011	4	0	11	1	0	0	0	1	0.36	0.3788	0.81	0	9	35	44	331	4	0	11	0	0	0	1	0.459167	0.4558	0.698333	0.208954	810	2261	3071
7812	11/27/2011	4	0	11	2	0	0	0	1	0.34	0.3636	0.81	0	9	22	31	331	4	0	11	0	0	0	1	0.459167	0.4558	0.698333	0.208954	810	2261	3071
7813	11/27/2011	4	0	11	3	0	0	0	1	0.34	0.3636	0.87	0	9	8	17	331	4	0	11	0	0	0	1	0.459167	0.4558	0.698333	0.208954	810	2261	3071
7814	11/27/2011	4	0	11	4	0	0	0	1	0.34	0.3485	0.87	0.1045	0	4	4	331	4	0	11	0	0	0	1	0.459167	0.4558	0.698333	0.208954	810	2261	3071
7815	11/27/2011	4	0	11	5	0	0	0	1	0.36	0.3485	0.87	0.194	0	5	5	331	4	0	11	0	0	0	1	0.459167	0.4558	0.698333	0.208954	810	2261	3071
7816	11/27/2011	4	0	11	6	0	0	0	1	0.38	0.3939	0.82	0.1642	0	9	9	331	4	0	11	0	0	0	1	0.459167	0.4558	0.698333	0.208954	810	2261	3071
7817	11/27/2011	4	0	11	7	0	0	0	1	0.38	0.3939	0.87	0.2239	12	11	23	331	4	0	11	0	0	0	1	0.459167	0.4558	0.698333	0.208954	810	2261	3071
7818	11/27/2011	4	0	11	8	0	0	0	1	0.4	0.4091	0.82	0.2985	6	36	42	331	4	0	11	0	0	0	1	0.459167	0.4558	0.698333	0.208954	810	2261	3071
7819	11/27/2011	4	0	11	9	0	0	0	1	0.46	0.4545	0.72	0.2836	21	90	111	331	4	0	11	0	0	0	1	0.459167	0.4558	0.698333	0.208954	810	2261	3071
7820	11/27/2011	4	0	11	10	0	0	0	1	0.46	0.4545	0.72	0.2836	58	131	189	331	4	0	11	0	0	0	1	0.459167	0.4558	0.698333	0.208954	810	2261	3071
7821	11/27/2011	4	0	11	11	0	0	0	1	0.5	0.4848	0.63	0.3582	83	157	240	331	4	0	11	0	0	0	1	0.459167	0.4558	0.698333	0.208954	810	2261	3071
7822	11/27/2011	4	0	11	12	0	0	0	1	0.54	0.5152	0.56	0.2836	63	193	256	331	4	0	11	0	0	0	1	0.459167	0.4558	0.698333	0.208954	810	2261	3071
7823	11/27/2011	4	0	11	13	0	0	0	1	0.54	0.5152	0.6	0.194	97	216	313	331	4	0	11	0	0	0	1	0.459167	0.4558	0.698333	0.208954	810	2261	3071
7824	11/27/2011	4	0	11	14	0	0	0	1	0.62	0.6212	0.43	0.4627	113	200	313	331	4	0	11	0	0	0	1	0.459167	0.4558	0.698333	0.208954	810	2261	3071
7825	11/27/2011	4	0	11	15	0	0	0	1	0.62	0.6212	0.43	0.2836	96	221	317	331	4	0	11	0	0	0	1	0.459167	0.4558	0.698333	0.208954	810	2261	3071
7826	11/27/2011	4	0	11	16	0	0	0	1	0.56	0.5303	0.52	0.2537	94	229	323	331	4	0	11	0	0	0	1	0.459167	0.4558	0.698333	0.208954	810	2261	3071
7827	11/27/2011	4	0	11	17	0	0	0	1	0.54	0.5152	0.56	0.194	37	167	204	331	4	0	11	0	0	0	1	0.459167	0.4558	0.698333	0.208954	810	2261	3071
7828	11/27/2011	4	0	11	18	0	0	0	1	0.5	0.4848	0.63	0.1642	25	130	155	331	4	0	11	0	0	0	1	0.459167	0.4558	0.698333	0.208954	810	2261	3071
7829	11/27/2011	4	0	11	19	0	0	0	1	0.48	0.4697	0.67	0.2239	30	109	139	331	4	0	11	0	0	0	1	0.459167	0.4558	0.698333	0.208954	810	2261	3071
7830	11/27/2011	4	0	11	20	0	0	0	1	0.5	0.4848	0.63	0.2537	10	94	104	331	4	0	11	0	0	0	1	0.459167	0.4558	0.698333	0.208954	810	2261	3071
7831	11/27/2011	4	0	11	21	0	0	0	1	0.48	0.4697	0.67	0.2836	13	75	88	331	4	0	11	0	0	0	1	0.459167	0.4558	0.698333	0.208954	810	2261	3071
7832	11/27/2011	4	0	11	22	0	0	0	1	0.48	0.4697	0.72	0.2537	13	53	66	331	4	0	11	0	0	0	1	0.459167	0.4558	0.698333	0.208954	810	2261	3071
7833	11/27/2011	4	0	11	23	0	0	0	1	0.48	0.4697	0.72	0.2537	5	27	32	331	4	0	11	0	0	0	1	0.459167	0.4558	0.698333	0.208954	810	2261	3071
7834	11/28/2011	4	0	11	0	0	1	1	1	0.46	0.4545	0.77	0.2836	6	10	16	332	4	0	11	0	1	1	1	0.503478	0.490122	0.743043	0.142122	253	3614	3867
7835	11/28/2011	4	0	11	1	0	1	1	1	0.46	0.4545	0.77	0.2985	1	12	13	332	4	0	11	0	1	1	1	0.503478	0.490122	0.743043	0.142122	253	3614	3867
7836	11/28/2011	4	0	11	3	0	1	1	1	0.44	0.4394	0.88	0.2239	1	4	5	332	4	0	11	0	1	1	1	0.503478	0.490122	0.743043	0.142122	253	3614	3867
7837	11/28/2011	4	0	11	4	0	1	1	1	0.44	0.4394	0.82	0.0896	0	4	4	332	4	0	11	0	1	1	1	0.503478	0.490122	0.743043	0.142122	253	3614	3867
7838	11/28/2011	4	0	11	5	0	1	1	1	0.4	0.4091	0.87	0	0	34	34	332	4	0	11	0	1	1	1	0.503478	0.490122	0.743043	0.142122	253	3614	3867
7839	11/28/2011	4	0	11	6	0	1	1	1	0.42	0.4242	0.82	0.0896	6	98	104	332	4	0	11	0	1	1	1	0.503478	0.490122	0.743043	0.142122	253	3614	3867
7840	11/28/2011	4	0	11	7	0	1	1	1	0.42	0.4242	0.88	0	7	270	277	332	4	0	11	0	1	1	1	0.503478	0.490122	0.743043	0.142122	253	3614	3867
7841	11/28/2011	4	0	11	8	0	1	1	2	0.42	0.4242	0.94	0	13	394	407	332	4	0	11	0	1	1	1	0.503478	0.490122	0.743043	0.142122	253	3614	3867
7842	11/28/2011	4	0	11	9	0	1	1	2	0.44	0.4394	0.88	0.2239	17	191	208	332	4	0	11	0	1	1	1	0.503478	0.490122	0.743043	0.142122	253	3614	3867
7843	11/28/2011	4	0	11	10	0	1	1	2	0.48	0.4697	0.77	0.1343	21	86	107	332	4	0	11	0	1	1	1	0.503478	0.490122	0.743043	0.142122	253	3614	3867
7844	11/28/2011	4	0	11	11	0	1	1	2	0.52	0.5	0.68	0.1045	11	107	118	332	4	0	11	0	1	1	1	0.503478	0.490122	0.743043	0.142122	253	3614	3867
7845	11/28/2011	4	0	11	12	0	1	1	1	0.56	0.5303	0.6	0.1045	13	165	178	332	4	0	11	0	1	1	1	0.503478	0.490122	0.743043	0.142122	253	3614	3867
7846	11/28/2011	4	0	11	13	0	1	1	2	0.58	0.5455	0.56	0	25	137	162	332	4	0	11	0	1	1	1	0.503478	0.490122	0.743043	0.142122	253	3614	3867
7847	11/28/2011	4	0	11	14	0	1	1	1	0.6	0.6212	0.56	0	14	129	143	332	4	0	11	0	1	1	1	0.503478	0.490122	0.743043	0.142122	253	3614	3867
7848	11/28/2011	4	0	11	15	0	1	1	1	0.58	0.5455	0.6	0.1642	18	132	150	332	4	0	11	0	1	1	1	0.503478	0.490122	0.743043	0.142122	253	3614	3867
7849	11/28/2011	4	0	11	16	0	1	1	1	0.56	0.5303	0.6	0.194	24	240	264	332	4	0	11	0	1	1	1	0.503478	0.490122	0.743043	0.142122	253	3614	3867
7850	11/28/2011	4	0	11	17	0	1	1	1	0.58	0.5455	0.56	0.194	24	444	468	332	4	0	11	0	1	1	1	0.503478	0.490122	0.743043	0.142122	253	3614	3867
7851	11/28/2011	4	0	11	18	0	1	1	1	0.56	0.5303	0.64	0.2239	20	396	416	332	4	0	11	0	1	1	1	0.503478	0.490122	0.743043	0.142122	253	3614	3867
7852	11/28/2011	4	0	11	19	0	1	1	1	0.54	0.5152	0.73	0.2239	4	260	264	332	4	0	11	0	1	1	1	0.503478	0.490122	0.743043	0.142122	253	3614	3867
7853	11/28/2011	4	0	11	20	0	1	1	2	0.54	0.5152	0.73	0.2537	12	206	218	332	4	0	11	0	1	1	1	0.503478	0.490122	0.743043	0.142122	253	3614	3867
7854	11/28/2011	4	0	11	21	0	1	1	2	0.54	0.5152	0.77	0.2239	4	152	156	332	4	0	11	0	1	1	1	0.503478	0.490122	0.743043	0.142122	253	3614	3867
7855	11/28/2011	4	0	11	22	0	1	1	2	0.52	0.5	0.83	0.1045	7	102	109	332	4	0	11	0	1	1	1	0.503478	0.490122	0.743043	0.142122	253	3614	3867
7856	11/28/2011	4	0	11	23	0	1	1	2	0.52	0.5	0.83	0.1343	5	41	46	332	4	0	11	0	1	1	1	0.503478	0.490122	0.743043	0.142122	253	3614	3867
7857	11/29/2011	4	0	11	0	0	2	1	1	0.52	0.5	0.83	0	4	18	22	333	4	0	11	0	2	1	2	0.458333	0.451375	0.830833	0.258092	96	2818	2914
7858	11/29/2011	4	0	11	1	0	2	1	1	0.52	0.5	0.83	0.0896	1	16	17	333	4	0	11	0	2	1	2	0.458333	0.451375	0.830833	0.258092	96	2818	2914
7859	11/29/2011	4	0	11	2	0	2	1	2	0.5	0.4848	0.88	0	0	5	5	333	4	0	11	0	2	1	2	0.458333	0.451375	0.830833	0.258092	96	2818	2914
7860	11/29/2011	4	0	11	3	0	2	1	2	0.5	0.4848	0.88	0	0	2	2	333	4	0	11	0	2	1	2	0.458333	0.451375	0.830833	0.258092	96	2818	2914
7861	11/29/2011	4	0	11	4	0	2	1	2	0.52	0.5	0.83	0.3284	1	5	6	333	4	0	11	0	2	1	2	0.458333	0.451375	0.830833	0.258092	96	2818	2914
7862	11/29/2011	4	0	11	5	0	2	1	1	0.5	0.4848	0.88	0.2836	1	21	22	333	4	0	11	0	2	1	2	0.458333	0.451375	0.830833	0.258092	96	2818	2914
7863	11/29/2011	4	0	11	6	0	2	1	1	0.52	0.5	0.83	0.2836	1	88	89	333	4	0	11	0	2	1	2	0.458333	0.451375	0.830833	0.258092	96	2818	2914
7864	11/29/2011	4	0	11	7	0	2	1	1	0.52	0.5	0.77	0.2239	12	330	342	333	4	0	11	0	2	1	2	0.458333	0.451375	0.830833	0.258092	96	2818	2914
7865	11/29/2011	4	0	11	8	0	2	1	1	0.54	0.5152	0.77	0.2836	9	440	449	333	4	0	11	0	2	1	2	0.458333	0.451375	0.830833	0.258092	96	2818	2914
7866	11/29/2011	4	0	11	9	0	2	1	3	0.56	0.5303	0.73	0.4179	5	197	202	333	4	0	11	0	2	1	2	0.458333	0.451375	0.830833	0.258092	96	2818	2914
7867	11/29/2011	4	0	11	10	0	2	1	3	0.56	0.5303	0.73	0.4179	2	34	36	333	4	0	11	0	2	1	2	0.458333	0.451375	0.830833	0.258092	96	2818	2914
7868	11/29/2011	4	0	11	11	0	2	1	3	0.5	0.4848	0.88	0.2985	1	10	11	333	4	0	11	0	2	1	2	0.458333	0.451375	0.830833	0.258092	96	2818	2914
7869	11/29/2011	4	0	11	12	0	2	1	3	0.42	0.4242	0.82	0.4179	1	17	18	333	4	0	11	0	2	1	2	0.458333	0.451375	0.830833	0.258092	96	2818	2914
7870	11/29/2011	4	0	11	13	0	2	1	3	0.42	0.4242	0.77	0.2836	0	22	22	333	4	0	11	0	2	1	2	0.458333	0.451375	0.830833	0.258092	96	2818	2914
7871	11/29/2011	4	0	11	14	0	2	1	3	0.4	0.4091	0.94	0.194	1	35	36	333	4	0	11	0	2	1	2	0.458333	0.451375	0.830833	0.258092	96	2818	2914
7872	11/29/2011	4	0	11	15	0	2	1	3	0.4	0.4091	0.87	0.3284	5	60	65	333	4	0	11	0	2	1	2	0.458333	0.451375	0.830833	0.258092	96	2818	2914
7873	11/29/2011	4	0	11	16	0	2	1	3	0.4	0.4091	0.87	0.2239	5	146	151	333	4	0	11	0	2	1	2	0.458333	0.451375	0.830833	0.258092	96	2818	2914
7874	11/29/2011	4	0	11	17	0	2	1	2	0.4	0.4091	0.87	0.2985	8	346	354	333	4	0	11	0	2	1	2	0.458333	0.451375	0.830833	0.258092	96	2818	2914
7875	11/29/2011	4	0	11	18	0	2	1	2	0.4	0.4091	0.82	0.2985	11	347	358	333	4	0	11	0	2	1	2	0.458333	0.451375	0.830833	0.258092	96	2818	2914
7876	11/29/2011	4	0	11	19	0	2	1	2	0.4	0.4091	0.82	0.3284	6	244	250	333	4	0	11	0	2	1	2	0.458333	0.451375	0.830833	0.258092	96	2818	2914
7877	11/29/2011	4	0	11	20	0	2	1	2	0.38	0.3939	0.87	0.2537	8	176	184	333	4	0	11	0	2	1	2	0.458333	0.451375	0.830833	0.258092	96	2818	2914
7878	11/29/2011	4	0	11	21	0	2	1	2	0.38	0.3939	0.87	0.2537	9	116	125	333	4	0	11	0	2	1	2	0.458333	0.451375	0.830833	0.258092	96	2818	2914
7879	11/29/2011	4	0	11	22	0	2	1	1	0.38	0.3939	0.82	0.2985	5	90	95	333	4	0	11	0	2	1	2	0.458333	0.451375	0.830833	0.258092	96	2818	2914
7880	11/29/2011	4	0	11	23	0	2	1	1	0.36	0.3333	0.76	0.3881	0	53	53	333	4	0	11	0	2	1	2	0.458333	0.451375	0.830833	0.258092	96	2818	2914
7881	11/30/2011	4	0	11	0	0	3	1	1	0.36	0.3333	0.62	0.4179	1	23	24	334	4	0	11	0	3	1	1	0.325	0.311221	0.613333	0.271158	188	3425	3613
7882	11/30/2011	4	0	11	1	0	3	1	1	0.34	0.303	0.66	0.3284	0	8	8	334	4	0	11	0	3	1	1	0.325	0.311221	0.613333	0.271158	188	3425	3613
7883	11/30/2011	4	0	11	2	0	3	1	1	0.32	0.3182	0.7	0.1642	0	5	5	334	4	0	11	0	3	1	1	0.325	0.311221	0.613333	0.271158	188	3425	3613
7884	11/30/2011	4	0	11	3	0	3	1	1	0.32	0.3182	0.7	0.1642	0	1	1	334	4	0	11	0	3	1	1	0.325	0.311221	0.613333	0.271158	188	3425	3613
7885	11/30/2011	4	0	11	4	0	3	1	1	0.3	0.2879	0.75	0.2239	0	5	5	334	4	0	11	0	3	1	1	0.325	0.311221	0.613333	0.271158	188	3425	3613
7886	11/30/2011	4	0	11	5	0	3	1	1	0.28	0.2727	0.81	0.194	1	21	22	334	4	0	11	0	3	1	1	0.325	0.311221	0.613333	0.271158	188	3425	3613
7887	11/30/2011	4	0	11	6	0	3	1	1	0.26	0.2727	0.87	0.1045	3	100	103	334	4	0	11	0	3	1	1	0.325	0.311221	0.613333	0.271158	188	3425	3613
7888	11/30/2011	4	0	11	7	0	3	1	1	0.26	0.2727	0.81	0.1045	9	276	285	334	4	0	11	0	3	1	1	0.325	0.311221	0.613333	0.271158	188	3425	3613
7889	11/30/2011	4	0	11	8	0	3	1	1	0.28	0.2727	0.81	0.194	13	465	478	334	4	0	11	0	3	1	1	0.325	0.311221	0.613333	0.271158	188	3425	3613
7890	11/30/2011	4	0	11	9	0	3	1	1	0.3	0.2879	0.75	0.2836	7	186	193	334	4	0	11	0	3	1	1	0.325	0.311221	0.613333	0.271158	188	3425	3613
7891	11/30/2011	4	0	11	10	0	3	1	1	0.34	0.3182	0.66	0.2239	15	95	110	334	4	0	11	0	3	1	1	0.325	0.311221	0.613333	0.271158	188	3425	3613
7892	11/30/2011	4	0	11	11	0	3	1	1	0.38	0.3939	0.54	0.2985	10	112	122	334	4	0	11	0	3	1	1	0.325	0.311221	0.613333	0.271158	188	3425	3613
7893	11/30/2011	4	0	11	12	0	3	1	2	0.36	0.3333	0.53	0.2836	12	148	160	334	4	0	11	0	3	1	1	0.325	0.311221	0.613333	0.271158	188	3425	3613
7894	11/30/2011	4	0	11	13	0	3	1	2	0.38	0.3939	0.43	0.3582	16	131	147	334	4	0	11	0	3	1	1	0.325	0.311221	0.613333	0.271158	188	3425	3613
7895	11/30/2011	4	0	11	14	0	3	1	2	0.38	0.3939	0.43	0.3582	13	99	112	334	4	0	11	0	3	1	1	0.325	0.311221	0.613333	0.271158	188	3425	3613
7896	11/30/2011	4	0	11	15	0	3	1	1	0.36	0.3333	0.46	0.3284	11	104	115	334	4	0	11	0	3	1	1	0.325	0.311221	0.613333	0.271158	188	3425	3613
7897	11/30/2011	4	0	11	16	0	3	1	1	0.36	0.3333	0.46	0.2836	27	199	226	334	4	0	11	0	3	1	1	0.325	0.311221	0.613333	0.271158	188	3425	3613
7898	11/30/2011	4	0	11	17	0	3	1	2	0.34	0.303	0.49	0.3284	15	365	380	334	4	0	11	0	3	1	1	0.325	0.311221	0.613333	0.271158	188	3425	3613
7899	11/30/2011	4	0	11	18	0	3	1	1	0.34	0.303	0.49	0.3284	7	369	376	334	4	0	11	0	3	1	1	0.325	0.311221	0.613333	0.271158	188	3425	3613
7900	11/30/2011	4	0	11	19	0	3	1	2	0.32	0.303	0.57	0.2836	6	273	279	334	4	0	11	0	3	1	1	0.325	0.311221	0.613333	0.271158	188	3425	3613
7901	11/30/2011	4	0	11	20	0	3	1	2	0.32	0.303	0.57	0.2836	6	184	190	334	4	0	11	0	3	1	1	0.325	0.311221	0.613333	0.271158	188	3425	3613
7902	11/30/2011	4	0	11	21	0	3	1	1	0.32	0.2879	0.53	0.3881	7	128	135	334	4	0	11	0	3	1	1	0.325	0.311221	0.613333	0.271158	188	3425	3613
7903	11/30/2011	4	0	11	22	0	3	1	1	0.3	0.2727	0.56	0.2985	5	82	87	334	4	0	11	0	3	1	1	0.325	0.311221	0.613333	0.271158	188	3425	3613
7904	11/30/2011	4	0	11	23	0	3	1	1	0.28	0.2576	0.52	0.2836	4	46	50	334	4	0	11	0	3	1	1	0.325	0.311221	0.613333	0.271158	188	3425	3613
7905	12/1/2011	4	0	12	0	0	4	1	1	0.28	0.2576	0.52	0.3284	1	19	20	335	4	0	12	0	4	1	1	0.3125	0.305554	0.524583	0.220158	182	3545	3727
7906	12/1/2011	4	0	12	1	0	4	1	1	0.26	0.2424	0.6	0.2836	1	9	10	335	4	0	12	0	4	1	1	0.3125	0.305554	0.524583	0.220158	182	3545	3727
7907	12/1/2011	4	0	12	2	0	4	1	1	0.26	0.2273	0.56	0.2985	1	8	9	335	4	0	12	0	4	1	1	0.3125	0.305554	0.524583	0.220158	182	3545	3727
7908	12/1/2011	4	0	12	3	0	4	1	1	0.26	0.2424	0.56	0.2537	1	6	7	335	4	0	12	0	4	1	1	0.3125	0.305554	0.524583	0.220158	182	3545	3727
7909	12/1/2011	4	0	12	4	0	4	1	1	0.26	0.2424	0.56	0.2836	0	1	1	335	4	0	12	0	4	1	1	0.3125	0.305554	0.524583	0.220158	182	3545	3727
7910	12/1/2011	4	0	12	5	0	4	1	1	0.26	0.2424	0.56	0.2537	1	23	24	335	4	0	12	0	4	1	1	0.3125	0.305554	0.524583	0.220158	182	3545	3727
7911	12/1/2011	4	0	12	6	0	4	1	1	0.24	0.2121	0.65	0.2836	5	92	97	335	4	0	12	0	4	1	1	0.3125	0.305554	0.524583	0.220158	182	3545	3727
7912	12/1/2011	4	0	12	7	0	4	1	1	0.24	0.2121	0.65	0.3582	11	265	276	335	4	0	12	0	4	1	1	0.3125	0.305554	0.524583	0.220158	182	3545	3727
7913	12/1/2011	4	0	12	8	0	4	1	1	0.26	0.2273	0.6	0.3284	15	462	477	335	4	0	12	0	4	1	1	0.3125	0.305554	0.524583	0.220158	182	3545	3727
7914	12/1/2011	4	0	12	9	0	4	1	1	0.3	0.2727	0.52	0.3284	9	215	224	335	4	0	12	0	4	1	1	0.3125	0.305554	0.524583	0.220158	182	3545	3727
7915	12/1/2011	4	0	12	10	0	4	1	1	0.32	0.303	0.53	0.2985	7	86	93	335	4	0	12	0	4	1	1	0.3125	0.305554	0.524583	0.220158	182	3545	3727
7916	12/1/2011	4	0	12	11	0	4	1	1	0.34	0.3182	0.49	0.2537	7	95	102	335	4	0	12	0	4	1	1	0.3125	0.305554	0.524583	0.220158	182	3545	3727
7917	12/1/2011	4	0	12	12	0	4	1	1	0.36	0.3485	0.46	0.2239	9	139	148	335	4	0	12	0	4	1	1	0.3125	0.305554	0.524583	0.220158	182	3545	3727
7918	12/1/2011	4	0	12	13	0	4	1	1	0.4	0.4091	0.4	0.2239	17	137	154	335	4	0	12	0	4	1	1	0.3125	0.305554	0.524583	0.220158	182	3545	3727
7919	12/1/2011	4	0	12	14	0	4	1	1	0.4	0.4091	0.4	0.2239	20	130	150	335	4	0	12	0	4	1	1	0.3125	0.305554	0.524583	0.220158	182	3545	3727
7920	12/1/2011	4	0	12	15	0	4	1	1	0.4	0.4091	0.4	0.2239	10	144	154	335	4	0	12	0	4	1	1	0.3125	0.305554	0.524583	0.220158	182	3545	3727
7921	12/1/2011	4	0	12	16	0	4	1	1	0.4	0.4091	0.4	0.194	9	192	201	335	4	0	12	0	4	1	1	0.3125	0.305554	0.524583	0.220158	182	3545	3727
7922	12/1/2011	4	0	12	17	0	4	1	1	0.36	0.3485	0.46	0.1343	9	409	418	335	4	0	12	0	4	1	1	0.3125	0.305554	0.524583	0.220158	182	3545	3727
7923	12/1/2011	4	0	12	18	0	4	1	1	0.36	0.3636	0.43	0.1045	12	393	405	335	4	0	12	0	4	1	1	0.3125	0.305554	0.524583	0.220158	182	3545	3727
7924	12/1/2011	4	0	12	19	0	4	1	1	0.34	0.3485	0.46	0.1045	9	219	228	335	4	0	12	0	4	1	1	0.3125	0.305554	0.524583	0.220158	182	3545	3727
7925	12/1/2011	4	0	12	20	0	4	1	1	0.34	0.3485	0.46	0.1045	12	178	190	335	4	0	12	0	4	1	1	0.3125	0.305554	0.524583	0.220158	182	3545	3727
7926	12/1/2011	4	0	12	21	0	4	1	1	0.3	0.3182	0.61	0.1045	8	154	162	335	4	0	12	0	4	1	1	0.3125	0.305554	0.524583	0.220158	182	3545	3727
7927	12/1/2011	4	0	12	22	0	4	1	1	0.3	0.3333	0.61	0	5	99	104	335	4	0	12	0	4	1	1	0.3125	0.305554	0.524583	0.220158	182	3545	3727
7928	12/1/2011	4	0	12	23	0	4	1	1	0.26	0.2879	0.7	0.0896	3	70	73	335	4	0	12	0	4	1	1	0.3125	0.305554	0.524583	0.220158	182	3545	3727
7929	12/2/2011	4	0	12	0	0	5	1	1	0.26	0.2879	0.7	0.0896	6	32	38	336	4	0	12	0	5	1	1	0.314167	0.331433	0.625833	0.100754	268	3672	3940
7930	12/2/2011	4	0	12	1	0	5	1	1	0.24	0.2879	0.75	0	1	14	15	336	4	0	12	0	5	1	1	0.314167	0.331433	0.625833	0.100754	268	3672	3940
7931	12/2/2011	4	0	12	2	0	5	1	1	0.24	0.2879	0.75	0	0	10	10	336	4	0	12	0	5	1	1	0.314167	0.331433	0.625833	0.100754	268	3672	3940
7932	12/2/2011	4	0	12	3	0	5	1	1	0.22	0.2727	0.8	0	0	1	1	336	4	0	12	0	5	1	1	0.314167	0.331433	0.625833	0.100754	268	3672	3940
7933	12/2/2011	4	0	12	4	0	5	1	1	0.22	0.2727	0.8	0	0	3	3	336	4	0	12	0	5	1	1	0.314167	0.331433	0.625833	0.100754	268	3672	3940
7934	12/2/2011	4	0	12	5	0	5	1	1	0.22	0.2576	0.8	0.0896	0	23	23	336	4	0	12	0	5	1	1	0.314167	0.331433	0.625833	0.100754	268	3672	3940
7935	12/2/2011	4	0	12	6	0	5	1	1	0.22	0.2727	0.8	0	3	84	87	336	4	0	12	0	5	1	1	0.314167	0.331433	0.625833	0.100754	268	3672	3940
7936	12/2/2011	4	0	12	7	0	5	1	1	0.22	0.2576	0.87	0.0896	6	199	205	336	4	0	12	0	5	1	1	0.314167	0.331433	0.625833	0.100754	268	3672	3940
7937	12/2/2011	4	0	12	8	0	5	1	1	0.24	0.2879	0.87	0	13	432	445	336	4	0	12	0	5	1	1	0.314167	0.331433	0.625833	0.100754	268	3672	3940
7938	12/2/2011	4	0	12	9	0	5	1	1	0.28	0.3182	0.81	0	12	234	246	336	4	0	12	0	5	1	1	0.314167	0.331433	0.625833	0.100754	268	3672	3940
7939	12/2/2011	4	0	12	10	0	5	1	1	0.3	0.2879	0.75	0.2239	16	89	105	336	4	0	12	0	5	1	1	0.314167	0.331433	0.625833	0.100754	268	3672	3940
7940	12/2/2011	4	0	12	11	0	5	1	1	0.34	0.3333	0.66	0.1642	18	142	160	336	4	0	12	0	5	1	1	0.314167	0.331433	0.625833	0.100754	268	3672	3940
7941	12/2/2011	4	0	12	12	0	5	1	1	0.36	0.3485	0.57	0.1343	18	186	204	336	4	0	12	0	5	1	1	0.314167	0.331433	0.625833	0.100754	268	3672	3940
7942	12/2/2011	4	0	12	13	0	5	1	1	0.4	0.4091	0.47	0.1343	19	188	207	336	4	0	12	0	5	1	1	0.314167	0.331433	0.625833	0.100754	268	3672	3940
7943	12/2/2011	4	0	12	14	0	5	1	1	0.42	0.4242	0.44	0.1045	25	145	170	336	4	0	12	0	5	1	1	0.314167	0.331433	0.625833	0.100754	268	3672	3940
7944	12/2/2011	4	0	12	15	0	5	1	1	0.42	0.4242	0.41	0.0896	24	175	199	336	4	0	12	0	5	1	1	0.314167	0.331433	0.625833	0.100754	268	3672	3940
7945	12/2/2011	4	0	12	16	0	5	1	1	0.42	0.4242	0.41	0.0896	22	254	276	336	4	0	12	0	5	1	1	0.314167	0.331433	0.625833	0.100754	268	3672	3940
7946	12/2/2011	4	0	12	17	0	5	1	1	0.42	0.4242	0.38	0	20	391	411	336	4	0	12	0	5	1	1	0.314167	0.331433	0.625833	0.100754	268	3672	3940
7947	12/2/2011	4	0	12	18	0	5	1	1	0.4	0.4091	0.5	0	10	362	372	336	4	0	12	0	5	1	1	0.314167	0.331433	0.625833	0.100754	268	3672	3940
7948	12/2/2011	4	0	12	19	0	5	1	1	0.34	0.3182	0.53	0.2537	13	252	265	336	4	0	12	0	5	1	1	0.314167	0.331433	0.625833	0.100754	268	3672	3940
7949	12/2/2011	4	0	12	20	0	5	1	1	0.38	0.3939	0.4	0.2836	12	178	190	336	4	0	12	0	5	1	1	0.314167	0.331433	0.625833	0.100754	268	3672	3940
7950	12/2/2011	4	0	12	21	0	5	1	1	0.34	0.3333	0.49	0.194	9	102	111	336	4	0	12	0	5	1	1	0.314167	0.331433	0.625833	0.100754	268	3672	3940
7951	12/2/2011	4	0	12	22	0	5	1	1	0.32	0.3182	0.53	0.194	7	95	102	336	4	0	12	0	5	1	1	0.314167	0.331433	0.625833	0.100754	268	3672	3940
7952	12/2/2011	4	0	12	23	0	5	1	1	0.32	0.303	0.53	0.2836	14	81	95	336	4	0	12	0	5	1	1	0.314167	0.331433	0.625833	0.100754	268	3672	3940
7953	12/3/2011	4	0	12	0	0	6	0	1	0.3	0.2879	0.56	0.2537	10	65	75	337	4	0	12	0	6	0	1	0.299167	0.310604	0.612917	0.0957833	706	2908	3614
7954	12/3/2011	4	0	12	1	0	6	0	1	0.26	0.2576	0.65	0.194	9	62	71	337	4	0	12	0	6	0	1	0.299167	0.310604	0.612917	0.0957833	706	2908	3614
7955	12/3/2011	4	0	12	2	0	6	0	1	0.26	0.2576	0.65	0.1642	9	41	50	337	4	0	12	0	6	0	1	0.299167	0.310604	0.612917	0.0957833	706	2908	3614
7956	12/3/2011	4	0	12	3	0	6	0	1	0.24	0.2424	0.7	0.1343	4	5	9	337	4	0	12	0	6	0	1	0.299167	0.310604	0.612917	0.0957833	706	2908	3614
7957	12/3/2011	4	0	12	4	0	6	0	1	0.22	0.2273	0.75	0.1343	1	7	8	337	4	0	12	0	6	0	1	0.299167	0.310604	0.612917	0.0957833	706	2908	3614
7958	12/3/2011	4	0	12	5	0	6	0	1	0.24	0.2576	0.7	0.0896	0	6	6	337	4	0	12	0	6	0	1	0.299167	0.310604	0.612917	0.0957833	706	2908	3614
7959	12/3/2011	4	0	12	6	0	6	0	1	0.24	0.2576	0.65	0.1045	1	10	11	337	4	0	12	0	6	0	1	0.299167	0.310604	0.612917	0.0957833	706	2908	3614
7960	12/3/2011	4	0	12	7	0	6	0	1	0.22	0.2576	0.75	0.0896	2	24	26	337	4	0	12	0	6	0	1	0.299167	0.310604	0.612917	0.0957833	706	2908	3614
7961	12/3/2011	4	0	12	8	0	6	0	1	0.24	0.2576	0.75	0.0896	1	62	63	337	4	0	12	0	6	0	1	0.299167	0.310604	0.612917	0.0957833	706	2908	3614
7962	12/3/2011	4	0	12	9	0	6	0	1	0.26	0.2727	0.7	0.1045	25	99	124	337	4	0	12	0	6	0	1	0.299167	0.310604	0.612917	0.0957833	706	2908	3614
7963	12/3/2011	4	0	12	10	0	6	0	1	0.32	0.3333	0.61	0.1343	22	173	195	337	4	0	12	0	6	0	1	0.299167	0.310604	0.612917	0.0957833	706	2908	3614
7964	12/3/2011	4	0	12	11	0	6	0	1	0.32	0.3333	0.57	0.0896	48	227	275	337	4	0	12	0	6	0	1	0.299167	0.310604	0.612917	0.0957833	706	2908	3614
7965	12/3/2011	4	0	12	12	0	6	0	1	0.36	0.3788	0.5	0	78	280	358	337	4	0	12	0	6	0	1	0.299167	0.310604	0.612917	0.0957833	706	2908	3614
7966	12/3/2011	4	0	12	13	0	6	0	1	0.36	0.3636	0.5	0.0896	70	222	292	337	4	0	12	0	6	0	1	0.299167	0.310604	0.612917	0.0957833	706	2908	3614
7967	12/3/2011	4	0	12	14	0	6	0	1	0.36	0.3788	0.46	0	92	251	343	337	4	0	12	0	6	0	1	0.299167	0.310604	0.612917	0.0957833	706	2908	3614
7968	12/3/2011	4	0	12	15	0	6	0	1	0.38	0.3939	0.46	0	100	237	337	337	4	0	12	0	6	0	1	0.299167	0.310604	0.612917	0.0957833	706	2908	3614
7969	12/3/2011	4	0	12	16	0	6	0	1	0.38	0.3939	0.46	0	75	230	305	337	4	0	12	0	6	0	1	0.299167	0.310604	0.612917	0.0957833	706	2908	3614
7970	12/3/2011	4	0	12	17	0	6	0	1	0.36	0.3788	0.62	0	46	186	232	337	4	0	12	0	6	0	1	0.299167	0.310604	0.612917	0.0957833	706	2908	3614
7971	12/3/2011	4	0	12	18	0	6	0	1	0.34	0.3333	0.53	0.1343	31	193	224	337	4	0	12	0	6	0	1	0.299167	0.310604	0.612917	0.0957833	706	2908	3614
7972	12/3/2011	4	0	12	19	0	6	0	1	0.3	0.3182	0.61	0.0896	31	144	175	337	4	0	12	0	6	0	1	0.299167	0.310604	0.612917	0.0957833	706	2908	3614
7973	12/3/2011	4	0	12	20	0	6	0	1	0.3	0.3182	0.61	0.0896	17	110	127	337	4	0	12	0	6	0	1	0.299167	0.310604	0.612917	0.0957833	706	2908	3614
7974	12/3/2011	4	0	12	21	0	6	0	2	0.3	0.3182	0.61	0.0896	5	104	109	337	4	0	12	0	6	0	1	0.299167	0.310604	0.612917	0.0957833	706	2908	3614
7975	12/3/2011	4	0	12	22	0	6	0	2	0.32	0.3333	0.61	0.0896	17	97	114	337	4	0	12	0	6	0	1	0.299167	0.310604	0.612917	0.0957833	706	2908	3614
7976	12/3/2011	4	0	12	23	0	6	0	1	0.3	0.303	0.7	0.1343	12	73	85	337	4	0	12	0	6	0	1	0.299167	0.310604	0.612917	0.0957833	706	2908	3614
7977	12/4/2011	4	0	12	0	0	0	0	1	0.3	0.3182	0.7	0.1045	19	64	83	338	4	0	12	0	0	0	1	0.330833	0.3491	0.775833	0.0839583	634	2851	3485
7978	12/4/2011	4	0	12	1	0	0	0	1	0.3	0.3182	0.75	0.0896	20	54	74	338	4	0	12	0	0	0	1	0.330833	0.3491	0.775833	0.0839583	634	2851	3485
7979	12/4/2011	4	0	12	2	0	0	0	1	0.26	0.303	0.81	0	11	51	62	338	4	0	12	0	0	0	1	0.330833	0.3491	0.775833	0.0839583	634	2851	3485
7980	12/4/2011	4	0	12	3	0	0	0	1	0.28	0.3182	0.75	0	7	34	41	338	4	0	12	0	0	0	1	0.330833	0.3491	0.775833	0.0839583	634	2851	3485
7981	12/4/2011	4	0	12	4	0	0	0	1	0.26	0.303	0.87	0	2	9	11	338	4	0	12	0	0	0	1	0.330833	0.3491	0.775833	0.0839583	634	2851	3485
7982	12/4/2011	4	0	12	5	0	0	0	1	0.26	0.303	0.81	0	2	2	4	338	4	0	12	0	0	0	1	0.330833	0.3491	0.775833	0.0839583	634	2851	3485
7983	12/4/2011	4	0	12	6	0	0	0	1	0.24	0.2879	0.93	0	1	3	4	338	4	0	12	0	0	0	1	0.330833	0.3491	0.775833	0.0839583	634	2851	3485
7984	12/4/2011	4	0	12	7	0	0	0	1	0.26	0.303	0.87	0	3	23	26	338	4	0	12	0	0	0	1	0.330833	0.3491	0.775833	0.0839583	634	2851	3485
7985	12/4/2011	4	0	12	8	0	0	0	1	0.26	0.303	0.87	0	7	48	55	338	4	0	12	0	0	0	1	0.330833	0.3491	0.775833	0.0839583	634	2851	3485
7986	12/4/2011	4	0	12	9	0	0	0	1	0.3	0.3333	0.81	0	12	114	126	338	4	0	12	0	0	0	1	0.330833	0.3491	0.775833	0.0839583	634	2851	3485
7987	12/4/2011	4	0	12	10	0	0	0	1	0.32	0.3333	0.81	0.1343	36	180	216	338	4	0	12	0	0	0	1	0.330833	0.3491	0.775833	0.0839583	634	2851	3485
7988	12/4/2011	4	0	12	11	0	0	0	1	0.34	0.3333	0.81	0.1642	48	206	254	338	4	0	12	0	0	0	1	0.330833	0.3491	0.775833	0.0839583	634	2851	3485
7989	12/4/2011	4	0	12	12	0	0	0	1	0.36	0.3485	0.81	0.1642	82	247	329	338	4	0	12	0	0	0	1	0.330833	0.3491	0.775833	0.0839583	634	2851	3485
7990	12/4/2011	4	0	12	13	0	0	0	1	0.4	0.4091	0.66	0.2239	88	269	357	338	4	0	12	0	0	0	1	0.330833	0.3491	0.775833	0.0839583	634	2851	3485
7991	12/4/2011	4	0	12	14	0	0	0	1	0.42	0.4242	0.62	0.1343	77	246	323	338	4	0	12	0	0	0	1	0.330833	0.3491	0.775833	0.0839583	634	2851	3485
7992	12/4/2011	4	0	12	15	0	0	0	1	0.42	0.4242	0.62	0.194	69	227	296	338	4	0	12	0	0	0	1	0.330833	0.3491	0.775833	0.0839583	634	2851	3485
7993	12/4/2011	4	0	12	16	0	0	0	1	0.42	0.4242	0.58	0.2239	64	266	330	338	4	0	12	0	0	0	1	0.330833	0.3491	0.775833	0.0839583	634	2851	3485
7994	12/4/2011	4	0	12	17	0	0	0	1	0.38	0.3939	0.76	0.1343	38	207	245	338	4	0	12	0	0	0	1	0.330833	0.3491	0.775833	0.0839583	634	2851	3485
7995	12/4/2011	4	0	12	18	0	0	0	1	0.38	0.3939	0.71	0	10	161	171	338	4	0	12	0	0	0	1	0.330833	0.3491	0.775833	0.0839583	634	2851	3485
7996	12/4/2011	4	0	12	19	0	0	0	1	0.38	0.3939	0.76	0	15	158	173	338	4	0	12	0	0	0	1	0.330833	0.3491	0.775833	0.0839583	634	2851	3485
7997	12/4/2011	4	0	12	20	0	0	0	1	0.36	0.3485	0.76	0.1343	8	116	124	338	4	0	12	0	0	0	1	0.330833	0.3491	0.775833	0.0839583	634	2851	3485
7998	12/4/2011	4	0	12	21	0	0	0	1	0.36	0.3636	0.81	0.1045	7	65	72	338	4	0	12	0	0	0	1	0.330833	0.3491	0.775833	0.0839583	634	2851	3485
7999	12/4/2011	4	0	12	22	0	0	0	1	0.34	0.3485	0.87	0.1045	5	59	64	338	4	0	12	0	0	0	1	0.330833	0.3491	0.775833	0.0839583	634	2851	3485
8000	12/4/2011	4	0	12	23	0	0	0	1	0.34	0.3485	0.87	0.1045	3	42	45	338	4	0	12	0	0	0	1	0.330833	0.3491	0.775833	0.0839583	634	2851	3485
8001	12/5/2011	4	0	12	0	0	1	1	1	0.32	0.3333	0.87	0.0896	3	21	24	339	4	0	12	0	1	1	2	0.385833	0.393925	0.827083	0.0622083	233	3578	3811
8002	12/5/2011	4	0	12	1	0	1	1	1	0.32	0.3485	0.87	0	2	10	12	339	4	0	12	0	1	1	2	0.385833	0.393925	0.827083	0.0622083	233	3578	3811
8003	12/5/2011	4	0	12	2	0	1	1	1	0.32	0.3485	0.87	0	0	8	8	339	4	0	12	0	1	1	2	0.385833	0.393925	0.827083	0.0622083	233	3578	3811
8004	12/5/2011	4	0	12	3	0	1	1	1	0.32	0.3485	0.87	0	0	2	2	339	4	0	12	0	1	1	2	0.385833	0.393925	0.827083	0.0622083	233	3578	3811
8005	12/5/2011	4	0	12	4	0	1	1	1	0.3	0.3182	0.87	0.1045	0	7	7	339	4	0	12	0	1	1	2	0.385833	0.393925	0.827083	0.0622083	233	3578	3811
8006	12/5/2011	4	0	12	5	0	1	1	1	0.3	0.3182	0.87	0.1045	1	24	25	339	4	0	12	0	1	1	2	0.385833	0.393925	0.827083	0.0622083	233	3578	3811
8007	12/5/2011	4	0	12	6	0	1	1	1	0.3	0.3182	0.93	0.0896	1	89	90	339	4	0	12	0	1	1	2	0.385833	0.393925	0.827083	0.0622083	233	3578	3811
8008	12/5/2011	4	0	12	7	0	1	1	1	0.32	0.3485	0.9	0	9	274	283	339	4	0	12	0	1	1	2	0.385833	0.393925	0.827083	0.0622083	233	3578	3811
8009	12/5/2011	4	0	12	8	0	1	1	1	0.32	0.3485	0.93	0	12	392	404	339	4	0	12	0	1	1	2	0.385833	0.393925	0.827083	0.0622083	233	3578	3811
8010	12/5/2011	4	0	12	9	0	1	1	2	0.36	0.3636	0.87	0.0896	12	178	190	339	4	0	12	0	1	1	2	0.385833	0.393925	0.827083	0.0622083	233	3578	3811
8011	12/5/2011	4	0	12	10	0	1	1	2	0.36	0.3636	0.87	0.0896	9	78	87	339	4	0	12	0	1	1	2	0.385833	0.393925	0.827083	0.0622083	233	3578	3811
8012	12/5/2011	4	0	12	11	0	1	1	2	0.36	0.3636	0.87	0.0896	17	106	123	339	4	0	12	0	1	1	2	0.385833	0.393925	0.827083	0.0622083	233	3578	3811
8013	12/5/2011	4	0	12	12	0	1	1	2	0.4	0.4091	0.76	0.1045	29	125	154	339	4	0	12	0	1	1	2	0.385833	0.393925	0.827083	0.0622083	233	3578	3811
8014	12/5/2011	4	0	12	13	0	1	1	2	0.42	0.4242	0.71	0.0896	18	153	171	339	4	0	12	0	1	1	2	0.385833	0.393925	0.827083	0.0622083	233	3578	3811
8015	12/5/2011	4	0	12	14	0	1	1	2	0.46	0.4545	0.67	0	7	126	133	339	4	0	12	0	1	1	2	0.385833	0.393925	0.827083	0.0622083	233	3578	3811
8016	12/5/2011	4	0	12	15	0	1	1	2	0.46	0.4545	0.72	0.0896	16	132	148	339	4	0	12	0	1	1	2	0.385833	0.393925	0.827083	0.0622083	233	3578	3811
8017	12/5/2011	4	0	12	16	0	1	1	1	0.5	0.4848	0.63	0.0896	10	238	248	339	4	0	12	0	1	1	2	0.385833	0.393925	0.827083	0.0622083	233	3578	3811
8018	12/5/2011	4	0	12	17	0	1	1	1	0.42	0.4242	0.77	0	16	430	446	339	4	0	12	0	1	1	2	0.385833	0.393925	0.827083	0.0622083	233	3578	3811
8019	12/5/2011	4	0	12	18	0	1	1	1	0.44	0.4394	0.77	0	13	386	399	339	4	0	12	0	1	1	2	0.385833	0.393925	0.827083	0.0622083	233	3578	3811
8020	12/5/2011	4	0	12	19	0	1	1	2	0.46	0.4545	0.77	0	13	295	308	339	4	0	12	0	1	1	2	0.385833	0.393925	0.827083	0.0622083	233	3578	3811
8021	12/5/2011	4	0	12	20	0	1	1	2	0.46	0.4545	0.82	0.1045	15	190	205	339	4	0	12	0	1	1	2	0.385833	0.393925	0.827083	0.0622083	233	3578	3811
8022	12/5/2011	4	0	12	21	0	1	1	2	0.44	0.4394	0.88	0.0896	10	166	176	339	4	0	12	0	1	1	2	0.385833	0.393925	0.827083	0.0622083	233	3578	3811
8023	12/5/2011	4	0	12	22	0	1	1	2	0.44	0.4394	0.88	0.1343	12	94	106	339	4	0	12	0	1	1	2	0.385833	0.393925	0.827083	0.0622083	233	3578	3811
8024	12/5/2011	4	0	12	23	0	1	1	2	0.46	0.4545	0.88	0.1343	8	54	62	339	4	0	12	0	1	1	2	0.385833	0.393925	0.827083	0.0622083	233	3578	3811
8025	12/6/2011	4	0	12	0	0	2	1	2	0.5	0.4848	0.77	0.2985	3	25	28	340	4	0	12	0	2	1	3	0.4625	0.4564	0.949583	0.232583	126	2468	2594
8026	12/6/2011	4	0	12	1	0	2	1	2	0.46	0.4545	0.88	0.2985	2	14	16	340	4	0	12	0	2	1	3	0.4625	0.4564	0.949583	0.232583	126	2468	2594
8027	12/6/2011	4	0	12	2	0	2	1	2	0.46	0.4545	0.87	0.194	0	3	3	340	4	0	12	0	2	1	3	0.4625	0.4564	0.949583	0.232583	126	2468	2594
8028	12/6/2011	4	0	12	3	0	2	1	2	0.46	0.4545	0.87	0.194	0	3	3	340	4	0	12	0	2	1	3	0.4625	0.4564	0.949583	0.232583	126	2468	2594
8029	12/6/2011	4	0	12	4	0	2	1	3	0.46	0.4545	0.88	0.2239	0	7	7	340	4	0	12	0	2	1	3	0.4625	0.4564	0.949583	0.232583	126	2468	2594
8030	12/6/2011	4	0	12	5	0	2	1	3	0.46	0.4545	0.88	0.2239	0	20	20	340	4	0	12	0	2	1	3	0.4625	0.4564	0.949583	0.232583	126	2468	2594
8031	12/6/2011	4	0	12	6	0	2	1	2	0.44	0.4394	0.94	0.2836	5	81	86	340	4	0	12	0	2	1	3	0.4625	0.4564	0.949583	0.232583	126	2468	2594
8032	12/6/2011	4	0	12	7	0	2	1	2	0.46	0.4545	0.94	0.194	7	227	234	340	4	0	12	0	2	1	3	0.4625	0.4564	0.949583	0.232583	126	2468	2594
8033	12/6/2011	4	0	12	8	0	2	1	2	0.46	0.4545	0.94	0.194	13	401	414	340	4	0	12	0	2	1	3	0.4625	0.4564	0.949583	0.232583	126	2468	2594
8034	12/6/2011	4	0	12	9	0	2	1	2	0.46	0.4545	0.94	0.2239	4	200	204	340	4	0	12	0	2	1	3	0.4625	0.4564	0.949583	0.232583	126	2468	2594
8035	12/6/2011	4	0	12	10	0	2	1	3	0.46	0.4545	0.94	0.2836	6	44	50	340	4	0	12	0	2	1	3	0.4625	0.4564	0.949583	0.232583	126	2468	2594
8036	12/6/2011	4	0	12	11	0	2	1	3	0.46	0.4545	0.94	0.2537	4	28	32	340	4	0	12	0	2	1	3	0.4625	0.4564	0.949583	0.232583	126	2468	2594
8037	12/6/2011	4	0	12	12	0	2	1	3	0.46	0.4545	1	0.2239	5	50	55	340	4	0	12	0	2	1	3	0.4625	0.4564	0.949583	0.232583	126	2468	2594
8038	12/6/2011	4	0	12	13	0	2	1	3	0.46	0.4545	1	0.194	6	65	71	340	4	0	12	0	2	1	3	0.4625	0.4564	0.949583	0.232583	126	2468	2594
8039	12/6/2011	4	0	12	14	0	2	1	3	0.48	0.4697	1	0.2239	6	69	75	340	4	0	12	0	2	1	3	0.4625	0.4564	0.949583	0.232583	126	2468	2594
8040	12/6/2011	4	0	12	15	0	2	1	3	0.5	0.4848	1	0.194	2	43	45	340	4	0	12	0	2	1	3	0.4625	0.4564	0.949583	0.232583	126	2468	2594
8041	12/6/2011	4	0	12	16	0	2	1	3	0.46	0.4545	1	0.2537	4	84	88	340	4	0	12	0	2	1	3	0.4625	0.4564	0.949583	0.232583	126	2468	2594
8042	12/6/2011	4	0	12	17	0	2	1	2	0.46	0.4545	1	0.2239	13	249	262	340	4	0	12	0	2	1	3	0.4625	0.4564	0.949583	0.232583	126	2468	2594
8043	12/6/2011	4	0	12	18	0	2	1	2	0.46	0.4545	1	0.2836	17	287	304	340	4	0	12	0	2	1	3	0.4625	0.4564	0.949583	0.232583	126	2468	2594
8044	12/6/2011	4	0	12	19	0	2	1	3	0.46	0.4545	1	0.2985	10	223	233	340	4	0	12	0	2	1	3	0.4625	0.4564	0.949583	0.232583	126	2468	2594
8045	12/6/2011	4	0	12	20	0	2	1	3	0.46	0.4545	1	0.2985	3	107	110	340	4	0	12	0	2	1	3	0.4625	0.4564	0.949583	0.232583	126	2468	2594
8046	12/6/2011	4	0	12	21	0	2	1	2	0.44	0.4394	1	0.194	6	108	114	340	4	0	12	0	2	1	3	0.4625	0.4564	0.949583	0.232583	126	2468	2594
8047	12/6/2011	4	0	12	22	0	2	1	3	0.46	0.4545	1	0.1642	5	82	87	340	4	0	12	0	2	1	3	0.4625	0.4564	0.949583	0.232583	126	2468	2594
8048	12/6/2011	4	0	12	23	0	2	1	3	0.46	0.4545	1	0.1642	5	48	53	340	4	0	12	0	2	1	3	0.4625	0.4564	0.949583	0.232583	126	2468	2594
8049	12/7/2011	4	0	12	0	0	3	1	1	0.44	0.4394	1	0.194	3	30	33	341	4	0	12	0	3	1	3	0.41	0.400246	0.970417	0.266175	50	655	705
8050	12/7/2011	4	0	12	1	0	3	1	2	0.46	0.4545	1	0.2537	4	9	13	341	4	0	12	0	3	1	3	0.41	0.400246	0.970417	0.266175	50	655	705
8051	12/7/2011	4	0	12	2	0	3	1	3	0.46	0.4545	1	0.2239	2	4	6	341	4	0	12	0	3	1	3	0.41	0.400246	0.970417	0.266175	50	655	705
8052	12/7/2011	4	0	12	3	0	3	1	3	0.46	0.4545	1	0.2239	0	3	3	341	4	0	12	0	3	1	3	0.41	0.400246	0.970417	0.266175	50	655	705
8053	12/7/2011	4	0	12	4	0	3	1	3	0.46	0.4545	1	0.1642	0	1	1	341	4	0	12	0	3	1	3	0.41	0.400246	0.970417	0.266175	50	655	705
8054	12/7/2011	4	0	12	5	0	3	1	3	0.46	0.4545	1	0.1642	0	3	3	341	4	0	12	0	3	1	3	0.41	0.400246	0.970417	0.266175	50	655	705
8055	12/7/2011	4	0	12	6	0	3	1	3	0.48	0.4697	1	0.4179	0	18	18	341	4	0	12	0	3	1	3	0.41	0.400246	0.970417	0.266175	50	655	705
8056	12/7/2011	4	0	12	7	0	3	1	3	0.44	0.4394	1	0.1045	3	43	46	341	4	0	12	0	3	1	3	0.41	0.400246	0.970417	0.266175	50	655	705
8057	12/7/2011	4	0	12	8	0	3	1	3	0.44	0.4394	1	0	6	80	86	341	4	0	12	0	3	1	3	0.41	0.400246	0.970417	0.266175	50	655	705
8058	12/7/2011	4	0	12	9	0	3	1	3	0.44	0.4394	1	0.2537	0	64	64	341	4	0	12	0	3	1	3	0.41	0.400246	0.970417	0.266175	50	655	705
8059	12/7/2011	4	0	12	10	0	3	1	3	0.44	0.4394	1	0.0896	1	32	33	341	4	0	12	0	3	1	3	0.41	0.400246	0.970417	0.266175	50	655	705
8060	12/7/2011	4	0	12	11	0	3	1	3	0.44	0.4394	1	0.0896	3	47	50	341	4	0	12	0	3	1	3	0.41	0.400246	0.970417	0.266175	50	655	705
8061	12/7/2011	4	0	12	12	0	3	1	3	0.44	0.4394	1	0.1343	4	29	33	341	4	0	12	0	3	1	3	0.41	0.400246	0.970417	0.266175	50	655	705
8062	12/7/2011	4	0	12	13	0	3	1	3	0.44	0.4394	1	0.194	5	28	33	341	4	0	12	0	3	1	3	0.41	0.400246	0.970417	0.266175	50	655	705
8063	12/7/2011	4	0	12	14	0	3	1	3	0.44	0.4394	1	0.194	1	24	25	341	4	0	12	0	3	1	3	0.41	0.400246	0.970417	0.266175	50	655	705
8064	12/7/2011	4	0	12	15	0	3	1	3	0.42	0.4242	0.94	0.2239	5	25	30	341	4	0	12	0	3	1	3	0.41	0.400246	0.970417	0.266175	50	655	705
8065	12/7/2011	4	0	12	16	0	3	1	3	0.42	0.4242	0.94	0.194	3	28	31	341	4	0	12	0	3	1	3	0.41	0.400246	0.970417	0.266175	50	655	705
8066	12/7/2011	4	0	12	17	0	3	1	3	0.4	0.4091	1	0.3284	4	48	52	341	4	0	12	0	3	1	3	0.41	0.400246	0.970417	0.266175	50	655	705
8067	12/7/2011	4	0	12	18	0	3	1	3	0.4	0.4091	0.94	0.2985	3	48	51	341	4	0	12	0	3	1	3	0.41	0.400246	0.970417	0.266175	50	655	705
8068	12/7/2011	4	0	12	19	0	3	1	3	0.34	0.2879	0.87	0.6418	2	31	33	341	4	0	12	0	3	1	3	0.41	0.400246	0.970417	0.266175	50	655	705
8069	12/7/2011	4	0	12	20	0	3	1	3	0.34	0.2879	0.87	0.6418	1	25	26	341	4	0	12	0	3	1	3	0.41	0.400246	0.970417	0.266175	50	655	705
8070	12/7/2011	4	0	12	21	0	3	1	3	0.3	0.2576	0.87	0.5224	0	6	6	341	4	0	12	0	3	1	3	0.41	0.400246	0.970417	0.266175	50	655	705
8071	12/7/2011	4	0	12	22	0	3	1	3	0.24	0.197	0.93	0.4478	0	13	13	341	4	0	12	0	3	1	3	0.41	0.400246	0.970417	0.266175	50	655	705
8072	12/7/2011	4	0	12	23	0	3	1	1	0.24	0.2121	0.93	0.3881	0	16	16	341	4	0	12	0	3	1	3	0.41	0.400246	0.970417	0.266175	50	655	705
8073	12/8/2011	4	0	12	0	0	4	1	2	0.26	0.2273	0.87	0.2985	0	21	21	342	4	0	12	0	4	1	1	0.265833	0.256938	0.58	0.240058	150	3172	3322
8074	12/8/2011	4	0	12	1	0	4	1	1	0.26	0.2273	0.81	0.3582	1	6	7	342	4	0	12	0	4	1	1	0.265833	0.256938	0.58	0.240058	150	3172	3322
8075	12/8/2011	4	0	12	2	0	4	1	1	0.28	0.2727	0.65	0.2239	0	4	4	342	4	0	12	0	4	1	1	0.265833	0.256938	0.58	0.240058	150	3172	3322
8076	12/8/2011	4	0	12	3	0	4	1	1	0.26	0.2273	0.6	0.2985	0	1	1	342	4	0	12	0	4	1	1	0.265833	0.256938	0.58	0.240058	150	3172	3322
8077	12/8/2011	4	0	12	4	0	4	1	2	0.24	0.197	0.6	0.4627	0	2	2	342	4	0	12	0	4	1	1	0.265833	0.256938	0.58	0.240058	150	3172	3322
8078	12/8/2011	4	0	12	5	0	4	1	1	0.22	0.2121	0.64	0.2239	0	12	12	342	4	0	12	0	4	1	1	0.265833	0.256938	0.58	0.240058	150	3172	3322
8079	12/8/2011	4	0	12	6	0	4	1	1	0.22	0.2121	0.55	0.2836	0	71	71	342	4	0	12	0	4	1	1	0.265833	0.256938	0.58	0.240058	150	3172	3322
8080	12/8/2011	4	0	12	7	0	4	1	1	0.22	0.2121	0.6	0.2239	11	233	244	342	4	0	12	0	4	1	1	0.265833	0.256938	0.58	0.240058	150	3172	3322
8081	12/8/2011	4	0	12	8	0	4	1	1	0.22	0.2121	0.55	0.2836	11	418	429	342	4	0	12	0	4	1	1	0.265833	0.256938	0.58	0.240058	150	3172	3322
8082	12/8/2011	4	0	12	9	0	4	1	1	0.24	0.2121	0.52	0.3881	7	218	225	342	4	0	12	0	4	1	1	0.265833	0.256938	0.58	0.240058	150	3172	3322
8083	12/8/2011	4	0	12	10	0	4	1	1	0.26	0.2273	0.52	0.3284	1	109	110	342	4	0	12	0	4	1	1	0.265833	0.256938	0.58	0.240058	150	3172	3322
8084	12/8/2011	4	0	12	11	0	4	1	1	0.28	0.2727	0.52	0.2537	6	100	106	342	4	0	12	0	4	1	1	0.265833	0.256938	0.58	0.240058	150	3172	3322
8085	12/8/2011	4	0	12	12	0	4	1	1	0.28	0.2576	0.52	0.3284	8	148	156	342	4	0	12	0	4	1	1	0.265833	0.256938	0.58	0.240058	150	3172	3322
8086	12/8/2011	4	0	12	13	0	4	1	1	0.3	0.2727	0.49	0.3582	9	115	124	342	4	0	12	0	4	1	1	0.265833	0.256938	0.58	0.240058	150	3172	3322
8087	12/8/2011	4	0	12	14	0	4	1	1	0.32	0.303	0.45	0.2537	16	121	137	342	4	0	12	0	4	1	1	0.265833	0.256938	0.58	0.240058	150	3172	3322
8088	12/8/2011	4	0	12	15	0	4	1	1	0.32	0.3333	0.45	0.1343	19	98	117	342	4	0	12	0	4	1	1	0.265833	0.256938	0.58	0.240058	150	3172	3322
8089	12/8/2011	4	0	12	16	0	4	1	1	0.32	0.3182	0.45	0.194	7	201	208	342	4	0	12	0	4	1	1	0.265833	0.256938	0.58	0.240058	150	3172	3322
8090	12/8/2011	4	0	12	17	0	4	1	1	0.3	0.3182	0.49	0.1045	10	321	331	342	4	0	12	0	4	1	1	0.265833	0.256938	0.58	0.240058	150	3172	3322
8091	12/8/2011	4	0	12	18	0	4	1	1	0.28	0.2727	0.52	0.2239	12	306	318	342	4	0	12	0	4	1	1	0.265833	0.256938	0.58	0.240058	150	3172	3322
8092	12/8/2011	4	0	12	19	0	4	1	1	0.26	0.2727	0.56	0.1045	12	220	232	342	4	0	12	0	4	1	1	0.265833	0.256938	0.58	0.240058	150	3172	3322
8093	12/8/2011	4	0	12	20	0	4	1	1	0.26	0.2727	0.6	0.1045	5	170	175	342	4	0	12	0	4	1	1	0.265833	0.256938	0.58	0.240058	150	3172	3322
8094	12/8/2011	4	0	12	21	0	4	1	1	0.28	0.303	0.61	0.0896	4	135	139	342	4	0	12	0	4	1	1	0.265833	0.256938	0.58	0.240058	150	3172	3322
8095	12/8/2011	4	0	12	22	0	4	1	1	0.26	0.2727	0.65	0.1343	8	84	92	342	4	0	12	0	4	1	1	0.265833	0.256938	0.58	0.240058	150	3172	3322
8096	12/8/2011	4	0	12	23	0	4	1	1	0.24	0.2576	0.7	0.1045	3	58	61	342	4	0	12	0	4	1	1	0.265833	0.256938	0.58	0.240058	150	3172	3322
8097	12/9/2011	4	0	12	0	0	5	1	1	0.24	0.2879	0.65	0	8	26	34	343	4	0	12	0	5	1	1	0.290833	0.317542	0.695833	0.0827167	261	3359	3620
8098	12/9/2011	4	0	12	1	0	5	1	1	0.24	0.2879	0.65	0	2	12	14	343	4	0	12	0	5	1	1	0.290833	0.317542	0.695833	0.0827167	261	3359	3620
8099	12/9/2011	4	0	12	2	0	5	1	1	0.24	0.2879	0.7	0	2	10	12	343	4	0	12	0	5	1	1	0.290833	0.317542	0.695833	0.0827167	261	3359	3620
8100	12/9/2011	4	0	12	3	0	5	1	1	0.22	0.2727	0.8	0	1	5	6	343	4	0	12	0	5	1	1	0.290833	0.317542	0.695833	0.0827167	261	3359	3620
8101	12/9/2011	4	0	12	4	0	5	1	1	0.22	0.2727	0.8	0	1	1	2	343	4	0	12	0	5	1	1	0.290833	0.317542	0.695833	0.0827167	261	3359	3620
8102	12/9/2011	4	0	12	5	0	5	1	1	0.22	0.2727	0.8	0	0	20	20	343	4	0	12	0	5	1	1	0.290833	0.317542	0.695833	0.0827167	261	3359	3620
8103	12/9/2011	4	0	12	6	0	5	1	1	0.22	0.2576	0.8	0.0896	1	62	63	343	4	0	12	0	5	1	1	0.290833	0.317542	0.695833	0.0827167	261	3359	3620
8104	12/9/2011	4	0	12	7	0	5	1	1	0.22	0.2576	0.75	0.0896	4	195	199	343	4	0	12	0	5	1	1	0.290833	0.317542	0.695833	0.0827167	261	3359	3620
8105	12/9/2011	4	0	12	8	0	5	1	1	0.24	0.2879	0.81	0	7	378	385	343	4	0	12	0	5	1	1	0.290833	0.317542	0.695833	0.0827167	261	3359	3620
8106	12/9/2011	4	0	12	9	0	5	1	1	0.26	0.2879	0.81	0.0896	8	256	264	343	4	0	12	0	5	1	1	0.290833	0.317542	0.695833	0.0827167	261	3359	3620
8107	12/9/2011	4	0	12	10	0	5	1	2	0.3	0.303	0.7	0.1642	11	115	126	343	4	0	12	0	5	1	1	0.290833	0.317542	0.695833	0.0827167	261	3359	3620
8108	12/9/2011	4	0	12	11	0	5	1	1	0.32	0.303	0.7	0.2537	15	121	136	343	4	0	12	0	5	1	1	0.290833	0.317542	0.695833	0.0827167	261	3359	3620
8109	12/9/2011	4	0	12	12	0	5	1	1	0.36	0.3333	0.57	0.2985	27	146	173	343	4	0	12	0	5	1	1	0.290833	0.317542	0.695833	0.0827167	261	3359	3620
8110	12/9/2011	4	0	12	13	0	5	1	1	0.38	0.3939	0.5	0.194	27	141	168	343	4	0	12	0	5	1	1	0.290833	0.317542	0.695833	0.0827167	261	3359	3620
8111	12/9/2011	4	0	12	14	0	5	1	1	0.38	0.3939	0.46	0.2836	24	163	187	343	4	0	12	0	5	1	1	0.290833	0.317542	0.695833	0.0827167	261	3359	3620
8112	12/9/2011	4	0	12	15	0	5	1	1	0.38	0.3939	0.46	0.2836	29	160	189	343	4	0	12	0	5	1	1	0.290833	0.317542	0.695833	0.0827167	261	3359	3620
8113	12/9/2011	4	0	12	16	0	5	1	1	0.36	0.3485	0.62	0.1343	24	226	250	343	4	0	12	0	5	1	1	0.290833	0.317542	0.695833	0.0827167	261	3359	3620
8114	12/9/2011	4	0	12	17	0	5	1	1	0.34	0.3485	0.66	0.1045	10	352	362	343	4	0	12	0	5	1	1	0.290833	0.317542	0.695833	0.0827167	261	3359	3620
8115	12/9/2011	4	0	12	18	0	5	1	1	0.34	0.3636	0.61	0	10	308	318	343	4	0	12	0	5	1	1	0.290833	0.317542	0.695833	0.0827167	261	3359	3620
8116	12/9/2011	4	0	12	19	0	5	1	1	0.34	0.3636	0.61	0	10	189	199	343	4	0	12	0	5	1	1	0.290833	0.317542	0.695833	0.0827167	261	3359	3620
8117	12/9/2011	4	0	12	20	0	5	1	1	0.3	0.3333	0.81	0	10	140	150	343	4	0	12	0	5	1	1	0.290833	0.317542	0.695833	0.0827167	261	3359	3620
8118	12/9/2011	4	0	12	21	0	5	1	1	0.3	0.3333	0.75	0	9	131	140	343	4	0	12	0	5	1	1	0.290833	0.317542	0.695833	0.0827167	261	3359	3620
8119	12/9/2011	4	0	12	22	0	5	1	1	0.28	0.3182	0.87	0	15	114	129	343	4	0	12	0	5	1	1	0.290833	0.317542	0.695833	0.0827167	261	3359	3620
8120	12/9/2011	4	0	12	23	0	5	1	1	0.28	0.3182	0.81	0	6	88	94	343	4	0	12	0	5	1	1	0.290833	0.317542	0.695833	0.0827167	261	3359	3620
8121	12/10/2011	4	0	12	0	0	6	0	2	0.26	0.2727	0.81	0.1045	11	66	77	344	4	0	12	0	6	0	1	0.275	0.266412	0.5075	0.233221	502	2688	3190
8122	12/10/2011	4	0	12	1	0	6	0	2	0.26	0.2576	0.7	0.1642	11	55	66	344	4	0	12	0	6	0	1	0.275	0.266412	0.5075	0.233221	502	2688	3190
8123	12/10/2011	4	0	12	2	0	6	0	2	0.28	0.303	0.61	0.0896	12	48	60	344	4	0	12	0	6	0	1	0.275	0.266412	0.5075	0.233221	502	2688	3190
8124	12/10/2011	4	0	12	3	0	6	0	2	0.28	0.303	0.61	0.0896	5	20	25	344	4	0	12	0	6	0	1	0.275	0.266412	0.5075	0.233221	502	2688	3190
8125	12/10/2011	4	0	12	4	0	6	0	2	0.26	0.2727	0.65	0.1045	0	3	3	344	4	0	12	0	6	0	1	0.275	0.266412	0.5075	0.233221	502	2688	3190
8126	12/10/2011	4	0	12	5	0	6	0	1	0.26	0.2576	0.6	0.1642	0	6	6	344	4	0	12	0	6	0	1	0.275	0.266412	0.5075	0.233221	502	2688	3190
8127	12/10/2011	4	0	12	6	0	6	0	1	0.24	0.2576	0.65	0.1045	1	10	11	344	4	0	12	0	6	0	1	0.275	0.266412	0.5075	0.233221	502	2688	3190
8128	12/10/2011	4	0	12	7	0	6	0	1	0.24	0.2273	0.65	0.194	0	11	11	344	4	0	12	0	6	0	1	0.275	0.266412	0.5075	0.233221	502	2688	3190
8129	12/10/2011	4	0	12	8	0	6	0	1	0.26	0.2727	0.65	0.1343	5	68	73	344	4	0	12	0	6	0	1	0.275	0.266412	0.5075	0.233221	502	2688	3190
8130	12/10/2011	4	0	12	9	0	6	0	1	0.28	0.2576	0.61	0.2836	15	134	149	344	4	0	12	0	6	0	1	0.275	0.266412	0.5075	0.233221	502	2688	3190
8131	12/10/2011	4	0	12	10	0	6	0	1	0.32	0.303	0.57	0.2537	31	161	192	344	4	0	12	0	6	0	1	0.275	0.266412	0.5075	0.233221	502	2688	3190
8132	12/10/2011	4	0	12	11	0	6	0	1	0.32	0.2879	0.53	0.4179	44	192	236	344	4	0	12	0	6	0	1	0.275	0.266412	0.5075	0.233221	502	2688	3190
8133	12/10/2011	4	0	12	12	0	6	0	1	0.32	0.2879	0.45	0.4179	48	235	283	344	4	0	12	0	6	0	1	0.275	0.266412	0.5075	0.233221	502	2688	3190
8134	12/10/2011	4	0	12	13	0	6	0	1	0.34	0.303	0.34	0.4179	47	239	286	344	4	0	12	0	6	0	1	0.275	0.266412	0.5075	0.233221	502	2688	3190
8135	12/10/2011	4	0	12	14	0	6	0	1	0.34	0.303	0.31	0.3284	51	242	293	344	4	0	12	0	6	0	1	0.275	0.266412	0.5075	0.233221	502	2688	3190
8136	12/10/2011	4	0	12	15	0	6	0	1	0.34	0.303	0.34	0.3582	60	239	299	344	4	0	12	0	6	0	1	0.275	0.266412	0.5075	0.233221	502	2688	3190
8137	12/10/2011	4	0	12	16	0	6	0	1	0.32	0.2879	0.31	0.3881	58	183	241	344	4	0	12	0	6	0	1	0.275	0.266412	0.5075	0.233221	502	2688	3190
8138	12/10/2011	4	0	12	17	0	6	0	1	0.28	0.2576	0.36	0.3284	34	151	185	344	4	0	12	0	6	0	1	0.275	0.266412	0.5075	0.233221	502	2688	3190
8139	12/10/2011	4	0	12	18	0	6	0	1	0.26	0.2576	0.38	0.2239	28	144	172	344	4	0	12	0	6	0	1	0.275	0.266412	0.5075	0.233221	502	2688	3190
8140	12/10/2011	4	0	12	19	0	6	0	1	0.26	0.2424	0.38	0.2836	15	139	154	344	4	0	12	0	6	0	1	0.275	0.266412	0.5075	0.233221	502	2688	3190
8141	12/10/2011	4	0	12	20	0	6	0	1	0.24	0.2273	0.35	0.2239	10	114	124	344	4	0	12	0	6	0	1	0.275	0.266412	0.5075	0.233221	502	2688	3190
8142	12/10/2011	4	0	12	21	0	6	0	1	0.22	0.2121	0.44	0.2239	4	79	83	344	4	0	12	0	6	0	1	0.275	0.266412	0.5075	0.233221	502	2688	3190
8143	12/10/2011	4	0	12	22	0	6	0	1	0.22	0.2273	0.41	0.1343	7	88	95	344	4	0	12	0	6	0	1	0.275	0.266412	0.5075	0.233221	502	2688	3190
8144	12/10/2011	4	0	12	23	0	6	0	1	0.2	0.2121	0.47	0.1642	5	61	66	344	4	0	12	0	6	0	1	0.275	0.266412	0.5075	0.233221	502	2688	3190
8145	12/11/2011	4	0	12	0	0	0	0	1	0.2	0.197	0.51	0.2239	5	69	74	345	4	0	12	0	0	0	1	0.220833	0.253154	0.49	0.0665417	377	2366	2743
8146	12/11/2011	4	0	12	1	0	0	0	1	0.16	0.1515	0.59	0.2239	8	54	62	345	4	0	12	0	0	0	1	0.220833	0.253154	0.49	0.0665417	377	2366	2743
8147	12/11/2011	4	0	12	2	0	0	0	1	0.18	0.1667	0.55	0.2537	5	47	52	345	4	0	12	0	0	0	1	0.220833	0.253154	0.49	0.0665417	377	2366	2743
8148	12/11/2011	4	0	12	3	0	0	0	1	0.16	0.1818	0.59	0.1343	2	17	19	345	4	0	12	0	0	0	1	0.220833	0.253154	0.49	0.0665417	377	2366	2743
8149	12/11/2011	4	0	12	4	0	0	0	1	0.16	0.1667	0.59	0.1642	0	5	5	345	4	0	12	0	0	0	1	0.220833	0.253154	0.49	0.0665417	377	2366	2743
8150	12/11/2011	4	0	12	5	0	0	0	1	0.18	0.2121	0.59	0.1045	0	6	6	345	4	0	12	0	0	0	1	0.220833	0.253154	0.49	0.0665417	377	2366	2743
8151	12/11/2011	4	0	12	6	0	0	0	1	0.16	0.2273	0.59	0	0	10	10	345	4	0	12	0	0	0	1	0.220833	0.253154	0.49	0.0665417	377	2366	2743
8152	12/11/2011	4	0	12	7	0	0	0	1	0.18	0.2424	0.55	0	1	30	31	345	4	0	12	0	0	0	1	0.220833	0.253154	0.49	0.0665417	377	2366	2743
8153	12/11/2011	4	0	12	8	0	0	0	1	0.16	0.2273	0.69	0	4	68	72	345	4	0	12	0	0	0	1	0.220833	0.253154	0.49	0.0665417	377	2366	2743
8154	12/11/2011	4	0	12	9	0	0	0	1	0.2	0.2576	0.59	0	19	88	107	345	4	0	12	0	0	0	1	0.220833	0.253154	0.49	0.0665417	377	2366	2743
8155	12/11/2011	4	0	12	10	0	0	0	1	0.24	0.2879	0.44	0	30	164	194	345	4	0	12	0	0	0	1	0.220833	0.253154	0.49	0.0665417	377	2366	2743
8156	12/11/2011	4	0	12	11	0	0	0	1	0.26	0.303	0.35	0	31	166	197	345	4	0	12	0	0	0	1	0.220833	0.253154	0.49	0.0665417	377	2366	2743
8157	12/11/2011	4	0	12	12	0	0	0	1	0.26	0.303	0.35	0	42	246	288	345	4	0	12	0	0	0	1	0.220833	0.253154	0.49	0.0665417	377	2366	2743
8158	12/11/2011	4	0	12	13	0	0	0	1	0.3	0.3333	0.31	0	44	224	268	345	4	0	12	0	0	0	1	0.220833	0.253154	0.49	0.0665417	377	2366	2743
8159	12/11/2011	4	0	12	14	0	0	0	1	0.3	0.3333	0.28	0	44	198	242	345	4	0	12	0	0	0	1	0.220833	0.253154	0.49	0.0665417	377	2366	2743
8160	12/11/2011	4	0	12	15	0	0	0	1	0.3	0.3333	0.26	0	47	219	266	345	4	0	12	0	0	0	1	0.220833	0.253154	0.49	0.0665417	377	2366	2743
8161	12/11/2011	4	0	12	16	0	0	0	1	0.3	0.3333	0.26	0	32	174	206	345	4	0	12	0	0	0	1	0.220833	0.253154	0.49	0.0665417	377	2366	2743
8162	12/11/2011	4	0	12	17	0	0	0	1	0.28	0.3182	0.3	0	13	150	163	345	4	0	12	0	0	0	1	0.220833	0.253154	0.49	0.0665417	377	2366	2743
8163	12/11/2011	4	0	12	18	0	0	0	1	0.24	0.2273	0.48	0.194	12	151	163	345	4	0	12	0	0	0	1	0.220833	0.253154	0.49	0.0665417	377	2366	2743
8164	12/11/2011	4	0	12	19	0	0	0	1	0.22	0.2273	0.55	0.194	7	98	105	345	4	0	12	0	0	0	1	0.220833	0.253154	0.49	0.0665417	377	2366	2743
8165	12/11/2011	4	0	12	20	0	0	0	1	0.22	0.2424	0.55	0.1045	10	62	72	345	4	0	12	0	0	0	1	0.220833	0.253154	0.49	0.0665417	377	2366	2743
8166	12/11/2011	4	0	12	21	0	0	0	1	0.22	0.2727	0.55	0	10	53	63	345	4	0	12	0	0	0	1	0.220833	0.253154	0.49	0.0665417	377	2366	2743
8167	12/11/2011	4	0	12	22	0	0	0	1	0.22	0.2727	0.55	0	7	36	43	345	4	0	12	0	0	0	1	0.220833	0.253154	0.49	0.0665417	377	2366	2743
8168	12/11/2011	4	0	12	23	0	0	0	1	0.2	0.2576	0.69	0	4	31	35	345	4	0	12	0	0	0	1	0.220833	0.253154	0.49	0.0665417	377	2366	2743
8169	12/12/2011	4	0	12	0	0	1	1	1	0.2	0.2273	0.69	0.0896	4	16	20	346	4	0	12	0	1	1	1	0.238333	0.270196	0.670833	0.06345	143	3167	3310
8170	12/12/2011	4	0	12	1	0	1	1	1	0.2	0.2576	0.69	0	0	9	9	346	4	0	12	0	1	1	1	0.238333	0.270196	0.670833	0.06345	143	3167	3310
8171	12/12/2011	4	0	12	2	0	1	1	1	0.2	0.2576	0.69	0	0	4	4	346	4	0	12	0	1	1	1	0.238333	0.270196	0.670833	0.06345	143	3167	3310
8172	12/12/2011	4	0	12	3	0	1	1	1	0.18	0.2424	0.74	0	0	2	2	346	4	0	12	0	1	1	1	0.238333	0.270196	0.670833	0.06345	143	3167	3310
8173	12/12/2011	4	0	12	4	0	1	1	1	0.18	0.2424	0.74	0	0	3	3	346	4	0	12	0	1	1	1	0.238333	0.270196	0.670833	0.06345	143	3167	3310
8174	12/12/2011	4	0	12	5	0	1	1	1	0.16	0.2273	0.8	0	0	21	21	346	4	0	12	0	1	1	1	0.238333	0.270196	0.670833	0.06345	143	3167	3310
8175	12/12/2011	4	0	12	6	0	1	1	1	0.16	0.1818	0.8	0.1045	1	63	64	346	4	0	12	0	1	1	1	0.238333	0.270196	0.670833	0.06345	143	3167	3310
8176	12/12/2011	4	0	12	7	0	1	1	1	0.14	0.1515	0.86	0.1343	4	231	235	346	4	0	12	0	1	1	1	0.238333	0.270196	0.670833	0.06345	143	3167	3310
8177	12/12/2011	4	0	12	8	0	1	1	2	0.16	0.1818	0.8	0.1045	7	378	385	346	4	0	12	0	1	1	1	0.238333	0.270196	0.670833	0.06345	143	3167	3310
8178	12/12/2011	4	0	12	9	0	1	1	2	0.18	0.2121	0.74	0.0896	12	208	220	346	4	0	12	0	1	1	1	0.238333	0.270196	0.670833	0.06345	143	3167	3310
8179	12/12/2011	4	0	12	10	0	1	1	2	0.22	0.2424	0.69	0.1045	14	91	105	346	4	0	12	0	1	1	1	0.238333	0.270196	0.670833	0.06345	143	3167	3310
8180	12/12/2011	4	0	12	11	0	1	1	2	0.26	0.2879	0.6	0.0896	15	100	115	346	4	0	12	0	1	1	1	0.238333	0.270196	0.670833	0.06345	143	3167	3310
8181	12/12/2011	4	0	12	12	0	1	1	1	0.28	0.2879	0.52	0.1045	7	138	145	346	4	0	12	0	1	1	1	0.238333	0.270196	0.670833	0.06345	143	3167	3310
8182	12/12/2011	4	0	12	13	0	1	1	2	0.3	0.3182	0.52	0.1045	13	153	166	346	4	0	12	0	1	1	1	0.238333	0.270196	0.670833	0.06345	143	3167	3310
8183	12/12/2011	4	0	12	14	0	1	1	2	0.32	0.3333	0.53	0.1343	16	95	111	346	4	0	12	0	1	1	1	0.238333	0.270196	0.670833	0.06345	143	3167	3310
8184	12/12/2011	4	0	12	15	0	1	1	2	0.32	0.3333	0.57	0.1045	8	124	132	346	4	0	12	0	1	1	1	0.238333	0.270196	0.670833	0.06345	143	3167	3310
8185	12/12/2011	4	0	12	16	0	1	1	2	0.32	0.3333	0.57	0.0896	5	209	214	346	4	0	12	0	1	1	1	0.238333	0.270196	0.670833	0.06345	143	3167	3310
8186	12/12/2011	4	0	12	17	0	1	1	2	0.3	0.3333	0.56	0	7	352	359	346	4	0	12	0	1	1	1	0.238333	0.270196	0.670833	0.06345	143	3167	3310
8187	12/12/2011	4	0	12	18	0	1	1	1	0.3	0.3182	0.56	0.0896	8	349	357	346	4	0	12	0	1	1	1	0.238333	0.270196	0.670833	0.06345	143	3167	3310
8188	12/12/2011	4	0	12	19	0	1	1	1	0.28	0.303	0.61	0.0896	9	232	241	346	4	0	12	0	1	1	1	0.238333	0.270196	0.670833	0.06345	143	3167	3310
8189	12/12/2011	4	0	12	20	0	1	1	1	0.3	0.3182	0.56	0.0896	8	157	165	346	4	0	12	0	1	1	1	0.238333	0.270196	0.670833	0.06345	143	3167	3310
8190	12/12/2011	4	0	12	21	0	1	1	1	0.26	0.303	0.81	0	2	119	121	346	4	0	12	0	1	1	1	0.238333	0.270196	0.670833	0.06345	143	3167	3310
8191	12/12/2011	4	0	12	22	0	1	1	1	0.26	0.303	0.7	0	0	71	71	346	4	0	12	0	1	1	1	0.238333	0.270196	0.670833	0.06345	143	3167	3310
8192	12/12/2011	4	0	12	23	0	1	1	1	0.24	0.2879	0.75	0	3	42	45	346	4	0	12	0	1	1	1	0.238333	0.270196	0.670833	0.06345	143	3167	3310
8193	12/13/2011	4	0	12	0	0	2	1	1	0.22	0.2727	0.8	0	1	16	17	347	4	0	12	0	2	1	1	0.2825	0.301138	0.59	0.14055	155	3368	3523
8194	12/13/2011	4	0	12	1	0	2	1	1	0.2	0.2576	0.8	0	0	4	4	347	4	0	12	0	2	1	1	0.2825	0.301138	0.59	0.14055	155	3368	3523
8195	12/13/2011	4	0	12	2	0	2	1	1	0.2	0.2576	0.8	0	1	1	2	347	4	0	12	0	2	1	1	0.2825	0.301138	0.59	0.14055	155	3368	3523
8196	12/13/2011	4	0	12	3	0	2	1	1	0.18	0.2424	0.8	0	0	3	3	347	4	0	12	0	2	1	1	0.2825	0.301138	0.59	0.14055	155	3368	3523
8197	12/13/2011	4	0	12	4	0	2	1	1	0.2	0.2576	0.8	0	0	4	4	347	4	0	12	0	2	1	1	0.2825	0.301138	0.59	0.14055	155	3368	3523
8198	12/13/2011	4	0	12	5	0	2	1	1	0.18	0.2424	0.86	0	0	20	20	347	4	0	12	0	2	1	1	0.2825	0.301138	0.59	0.14055	155	3368	3523
8199	12/13/2011	4	0	12	6	0	2	1	1	0.2	0.2576	0.8	0	0	92	92	347	4	0	12	0	2	1	1	0.2825	0.301138	0.59	0.14055	155	3368	3523
8200	12/13/2011	4	0	12	7	0	2	1	1	0.16	0.1667	0.8	0.1642	2	221	223	347	4	0	12	0	2	1	1	0.2825	0.301138	0.59	0.14055	155	3368	3523
8201	12/13/2011	4	0	12	8	0	2	1	1	0.2	0.2273	0.69	0.1045	9	391	400	347	4	0	12	0	2	1	1	0.2825	0.301138	0.59	0.14055	155	3368	3523
8202	12/13/2011	4	0	12	9	0	2	1	1	0.26	0.2576	0.6	0.1642	10	223	233	347	4	0	12	0	2	1	1	0.2825	0.301138	0.59	0.14055	155	3368	3523
8203	12/13/2011	4	0	12	10	0	2	1	1	0.3	0.303	0.52	0.1642	3	99	102	347	4	0	12	0	2	1	1	0.2825	0.301138	0.59	0.14055	155	3368	3523
8204	12/13/2011	4	0	12	11	0	2	1	1	0.34	0.3182	0.46	0.2537	9	115	124	347	4	0	12	0	2	1	1	0.2825	0.301138	0.59	0.14055	155	3368	3523
8205	12/13/2011	4	0	12	12	0	2	1	1	0.36	0.3333	0.43	0.3582	20	147	167	347	4	0	12	0	2	1	1	0.2825	0.301138	0.59	0.14055	155	3368	3523
8206	12/13/2011	4	0	12	13	0	2	1	1	0.4	0.4091	0.37	0.3284	7	120	127	347	4	0	12	0	2	1	1	0.2825	0.301138	0.59	0.14055	155	3368	3523
8207	12/13/2011	4	0	12	14	0	2	1	1	0.4	0.4091	0.37	0.2537	18	116	134	347	4	0	12	0	2	1	1	0.2825	0.301138	0.59	0.14055	155	3368	3523
8208	12/13/2011	4	0	12	15	0	2	1	1	0.4	0.4091	0.35	0.2537	7	144	151	347	4	0	12	0	2	1	1	0.2825	0.301138	0.59	0.14055	155	3368	3523
8209	12/13/2011	4	0	12	16	0	2	1	1	0.38	0.3939	0.37	0.2537	13	194	207	347	4	0	12	0	2	1	1	0.2825	0.301138	0.59	0.14055	155	3368	3523
8210	12/13/2011	4	0	12	17	0	2	1	1	0.36	0.3485	0.4	0.194	17	381	398	347	4	0	12	0	2	1	1	0.2825	0.301138	0.59	0.14055	155	3368	3523
8211	12/13/2011	4	0	12	18	0	2	1	1	0.34	0.3182	0.42	0.2239	12	370	382	347	4	0	12	0	2	1	1	0.2825	0.301138	0.59	0.14055	155	3368	3523
8212	12/13/2011	4	0	12	19	0	2	1	1	0.32	0.3182	0.49	0.1642	5	262	267	347	4	0	12	0	2	1	1	0.2825	0.301138	0.59	0.14055	155	3368	3523
8213	12/13/2011	4	0	12	20	0	2	1	1	0.32	0.3182	0.49	0.1642	7	154	161	347	4	0	12	0	2	1	1	0.2825	0.301138	0.59	0.14055	155	3368	3523
8214	12/13/2011	4	0	12	21	0	2	1	1	0.3	0.303	0.52	0.1642	5	134	139	347	4	0	12	0	2	1	1	0.2825	0.301138	0.59	0.14055	155	3368	3523
8215	12/13/2011	4	0	12	22	0	2	1	1	0.3	0.303	0.52	0.1642	5	102	107	347	4	0	12	0	2	1	1	0.2825	0.301138	0.59	0.14055	155	3368	3523
8216	12/13/2011	4	0	12	23	0	2	1	1	0.26	0.303	0.7	0	4	55	59	347	4	0	12	0	2	1	1	0.2825	0.301138	0.59	0.14055	155	3368	3523
8217	12/14/2011	4	0	12	0	0	3	1	1	0.26	0.303	0.75	0	0	22	22	348	4	0	12	0	3	1	2	0.3175	0.338362	0.66375	0.0609583	178	3562	3740
8218	12/14/2011	4	0	12	1	0	3	1	1	0.26	0.303	0.75	0	0	8	8	348	4	0	12	0	3	1	2	0.3175	0.338362	0.66375	0.0609583	178	3562	3740
8219	12/14/2011	4	0	12	2	0	3	1	1	0.26	0.303	0.75	0	0	2	2	348	4	0	12	0	3	1	2	0.3175	0.338362	0.66375	0.0609583	178	3562	3740
8220	12/14/2011	4	0	12	3	0	3	1	1	0.28	0.3182	0.65	0	0	3	3	348	4	0	12	0	3	1	2	0.3175	0.338362	0.66375	0.0609583	178	3562	3740
8221	12/14/2011	4	0	12	4	0	3	1	1	0.26	0.303	0.75	0	0	4	4	348	4	0	12	0	3	1	2	0.3175	0.338362	0.66375	0.0609583	178	3562	3740
8222	12/14/2011	4	0	12	5	0	3	1	2	0.26	0.303	0.81	0	0	26	26	348	4	0	12	0	3	1	2	0.3175	0.338362	0.66375	0.0609583	178	3562	3740
8223	12/14/2011	4	0	12	6	0	3	1	2	0.26	0.303	0.87	0	0	87	87	348	4	0	12	0	3	1	2	0.3175	0.338362	0.66375	0.0609583	178	3562	3740
8224	12/14/2011	4	0	12	7	0	3	1	1	0.28	0.3182	0.75	0	4	243	247	348	4	0	12	0	3	1	2	0.3175	0.338362	0.66375	0.0609583	178	3562	3740
8225	12/14/2011	4	0	12	8	0	3	1	2	0.26	0.303	0.87	0	9	458	467	348	4	0	12	0	3	1	2	0.3175	0.338362	0.66375	0.0609583	178	3562	3740
8226	12/14/2011	4	0	12	9	0	3	1	2	0.3	0.3333	0.61	0	9	230	239	348	4	0	12	0	3	1	2	0.3175	0.338362	0.66375	0.0609583	178	3562	3740
8227	12/14/2011	4	0	12	10	0	3	1	2	0.32	0.3485	0.57	0	9	133	142	348	4	0	12	0	3	1	2	0.3175	0.338362	0.66375	0.0609583	178	3562	3740
8228	12/14/2011	4	0	12	11	0	3	1	2	0.34	0.3636	0.55	0	12	103	115	348	4	0	12	0	3	1	2	0.3175	0.338362	0.66375	0.0609583	178	3562	3740
8229	12/14/2011	4	0	12	12	0	3	1	2	0.36	0.3636	0.57	0.0896	6	138	144	348	4	0	12	0	3	1	2	0.3175	0.338362	0.66375	0.0609583	178	3562	3740
8230	12/14/2011	4	0	12	13	0	3	1	2	0.36	0.3636	0.57	0.1045	14	119	133	348	4	0	12	0	3	1	2	0.3175	0.338362	0.66375	0.0609583	178	3562	3740
8231	12/14/2011	4	0	12	14	0	3	1	2	0.38	0.3939	0.54	0.0896	17	134	151	348	4	0	12	0	3	1	2	0.3175	0.338362	0.66375	0.0609583	178	3562	3740
8232	12/14/2011	4	0	12	15	0	3	1	2	0.38	0.3939	0.54	0.1045	24	143	167	348	4	0	12	0	3	1	2	0.3175	0.338362	0.66375	0.0609583	178	3562	3740
8233	12/14/2011	4	0	12	16	0	3	1	2	0.38	0.3939	0.54	0.1045	12	233	245	348	4	0	12	0	3	1	2	0.3175	0.338362	0.66375	0.0609583	178	3562	3740
8234	12/14/2011	4	0	12	17	0	3	1	2	0.36	0.3636	0.57	0.1045	19	377	396	348	4	0	12	0	3	1	2	0.3175	0.338362	0.66375	0.0609583	178	3562	3740
8235	12/14/2011	4	0	12	18	0	3	1	2	0.36	0.3485	0.62	0.1642	11	379	390	348	4	0	12	0	3	1	2	0.3175	0.338362	0.66375	0.0609583	178	3562	3740
8236	12/14/2011	4	0	12	19	0	3	1	2	0.36	0.3636	0.62	0.1045	9	259	268	348	4	0	12	0	3	1	2	0.3175	0.338362	0.66375	0.0609583	178	3562	3740
8237	12/14/2011	4	0	12	20	0	3	1	2	0.34	0.3485	0.66	0.1045	6	169	175	348	4	0	12	0	3	1	2	0.3175	0.338362	0.66375	0.0609583	178	3562	3740
8238	12/14/2011	4	0	12	21	0	3	1	2	0.34	0.3333	0.66	0.1642	9	145	154	348	4	0	12	0	3	1	2	0.3175	0.338362	0.66375	0.0609583	178	3562	3740
8239	12/14/2011	4	0	12	22	0	3	1	1	0.34	0.3333	0.66	0.1642	5	99	104	348	4	0	12	0	3	1	2	0.3175	0.338362	0.66375	0.0609583	178	3562	3740
8240	12/14/2011	4	0	12	23	0	3	1	1	0.32	0.3182	0.7	0.1642	3	48	51	348	4	0	12	0	3	1	2	0.3175	0.338362	0.66375	0.0609583	178	3562	3740
8241	12/15/2011	4	0	12	0	0	4	1	1	0.32	0.3182	0.7	0.1642	5	45	50	349	4	0	12	0	4	1	2	0.4225	0.412237	0.634167	0.268042	181	3528	3709
8242	12/15/2011	4	0	12	1	0	4	1	2	0.32	0.3182	0.7	0.1642	5	15	20	349	4	0	12	0	4	1	2	0.4225	0.412237	0.634167	0.268042	181	3528	3709
8243	12/15/2011	4	0	12	2	0	4	1	2	0.32	0.3333	0.7	0.1343	2	5	7	349	4	0	12	0	4	1	2	0.4225	0.412237	0.634167	0.268042	181	3528	3709
8244	12/15/2011	4	0	12	3	0	4	1	2	0.32	0.3333	0.7	0.1343	1	2	3	349	4	0	12	0	4	1	2	0.4225	0.412237	0.634167	0.268042	181	3528	3709
8245	12/15/2011	4	0	12	4	0	4	1	2	0.32	0.303	0.7	0.2239	0	6	6	349	4	0	12	0	4	1	2	0.4225	0.412237	0.634167	0.268042	181	3528	3709
8246	12/15/2011	4	0	12	5	0	4	1	2	0.32	0.303	0.7	0.2836	0	24	24	349	4	0	12	0	4	1	2	0.4225	0.412237	0.634167	0.268042	181	3528	3709
8247	12/15/2011	4	0	12	6	0	4	1	1	0.32	0.3182	0.66	0.194	2	90	92	349	4	0	12	0	4	1	2	0.4225	0.412237	0.634167	0.268042	181	3528	3709
8248	12/15/2011	4	0	12	7	0	4	1	1	0.32	0.3182	0.7	0.194	6	252	258	349	4	0	12	0	4	1	2	0.4225	0.412237	0.634167	0.268042	181	3528	3709
8249	12/15/2011	4	0	12	8	0	4	1	2	0.34	0.3182	0.66	0.2239	8	449	457	349	4	0	12	0	4	1	2	0.4225	0.412237	0.634167	0.268042	181	3528	3709
8250	12/15/2011	4	0	12	9	0	4	1	2	0.36	0.3333	0.62	0.2836	6	274	280	349	4	0	12	0	4	1	2	0.4225	0.412237	0.634167	0.268042	181	3528	3709
8251	12/15/2011	4	0	12	10	0	4	1	2	0.4	0.4091	0.58	0.2985	4	105	109	349	4	0	12	0	4	1	2	0.4225	0.412237	0.634167	0.268042	181	3528	3709
8252	12/15/2011	4	0	12	11	0	4	1	2	0.4	0.4091	0.62	0.4179	9	126	135	349	4	0	12	0	4	1	2	0.4225	0.412237	0.634167	0.268042	181	3528	3709
8253	12/15/2011	4	0	12	12	0	4	1	2	0.46	0.4545	0.59	0.4925	17	140	157	349	4	0	12	0	4	1	2	0.4225	0.412237	0.634167	0.268042	181	3528	3709
8254	12/15/2011	4	0	12	13	0	4	1	2	0.5	0.4848	0.55	0.3582	14	150	164	349	4	0	12	0	4	1	2	0.4225	0.412237	0.634167	0.268042	181	3528	3709
8255	12/15/2011	4	0	12	14	0	4	1	2	0.52	0.5	0.52	0.3284	8	124	132	349	4	0	12	0	4	1	2	0.4225	0.412237	0.634167	0.268042	181	3528	3709
8256	12/15/2011	4	0	12	15	0	4	1	3	0.52	0.5	0.55	0.2239	6	76	82	349	4	0	12	0	4	1	2	0.4225	0.412237	0.634167	0.268042	181	3528	3709
8257	12/15/2011	4	0	12	16	0	4	1	3	0.46	0.4545	0.72	0.1642	7	124	131	349	4	0	12	0	4	1	2	0.4225	0.412237	0.634167	0.268042	181	3528	3709
8258	12/15/2011	4	0	12	17	0	4	1	2	0.52	0.5	0.59	0.2836	14	310	324	349	4	0	12	0	4	1	2	0.4225	0.412237	0.634167	0.268042	181	3528	3709
8259	12/15/2011	4	0	12	18	0	4	1	2	0.52	0.5	0.59	0.2985	14	363	377	349	4	0	12	0	4	1	2	0.4225	0.412237	0.634167	0.268042	181	3528	3709
8260	12/15/2011	4	0	12	19	0	4	1	2	0.52	0.5	0.59	0.2836	13	274	287	349	4	0	12	0	4	1	2	0.4225	0.412237	0.634167	0.268042	181	3528	3709
8261	12/15/2011	4	0	12	20	0	4	1	1	0.52	0.5	0.59	0.3284	12	209	221	349	4	0	12	0	4	1	2	0.4225	0.412237	0.634167	0.268042	181	3528	3709
8262	12/15/2011	4	0	12	21	0	4	1	1	0.5	0.4848	0.63	0.2985	10	145	155	349	4	0	12	0	4	1	2	0.4225	0.412237	0.634167	0.268042	181	3528	3709
8263	12/15/2011	4	0	12	22	0	4	1	1	0.52	0.5	0.63	0.3284	8	116	124	349	4	0	12	0	4	1	2	0.4225	0.412237	0.634167	0.268042	181	3528	3709
8264	12/15/2011	4	0	12	23	0	4	1	1	0.52	0.5	0.63	0.3284	10	104	114	349	4	0	12	0	4	1	2	0.4225	0.412237	0.634167	0.268042	181	3528	3709
8265	12/16/2011	4	0	12	0	0	5	1	1	0.5	0.4848	0.72	0.3284	12	60	72	350	4	0	12	0	5	1	2	0.375	0.359825	0.500417	0.260575	178	3399	3577
8266	12/16/2011	4	0	12	1	0	5	1	1	0.5	0.4848	0.72	0.2239	3	28	31	350	4	0	12	0	5	1	2	0.375	0.359825	0.500417	0.260575	178	3399	3577
8267	12/16/2011	4	0	12	2	0	5	1	1	0.48	0.4697	0.77	0.1045	0	23	23	350	4	0	12	0	5	1	2	0.375	0.359825	0.500417	0.260575	178	3399	3577
8268	12/16/2011	4	0	12	3	0	5	1	1	0.46	0.4545	0.82	0.1343	2	3	5	350	4	0	12	0	5	1	2	0.375	0.359825	0.500417	0.260575	178	3399	3577
8269	12/16/2011	4	0	12	4	0	5	1	2	0.5	0.4848	0.59	0.194	1	4	5	350	4	0	12	0	5	1	2	0.375	0.359825	0.500417	0.260575	178	3399	3577
8270	12/16/2011	4	0	12	5	0	5	1	1	0.48	0.4697	0.44	0.3881	0	26	26	350	4	0	12	0	5	1	2	0.375	0.359825	0.500417	0.260575	178	3399	3577
8271	12/16/2011	4	0	12	6	0	5	1	2	0.44	0.4394	0.33	0.2985	2	80	82	350	4	0	12	0	5	1	2	0.375	0.359825	0.500417	0.260575	178	3399	3577
8272	12/16/2011	4	0	12	7	0	5	1	2	0.38	0.3939	0.46	0.2985	5	226	231	350	4	0	12	0	5	1	2	0.375	0.359825	0.500417	0.260575	178	3399	3577
8273	12/16/2011	4	0	12	8	0	5	1	1	0.36	0.3333	0.46	0.4179	10	449	459	350	4	0	12	0	5	1	2	0.375	0.359825	0.500417	0.260575	178	3399	3577
8274	12/16/2011	4	0	12	9	0	5	1	1	0.36	0.3333	0.46	0.3881	8	235	243	350	4	0	12	0	5	1	2	0.375	0.359825	0.500417	0.260575	178	3399	3577
8275	12/16/2011	4	0	12	10	0	5	1	1	0.34	0.303	0.46	0.2985	10	122	132	350	4	0	12	0	5	1	2	0.375	0.359825	0.500417	0.260575	178	3399	3577
8276	12/16/2011	4	0	12	11	0	5	1	2	0.34	0.303	0.42	0.2985	9	135	144	350	4	0	12	0	5	1	2	0.375	0.359825	0.500417	0.260575	178	3399	3577
8277	12/16/2011	4	0	12	12	0	5	1	2	0.34	0.303	0.42	0.3582	10	163	173	350	4	0	12	0	5	1	2	0.375	0.359825	0.500417	0.260575	178	3399	3577
8278	12/16/2011	4	0	12	13	0	5	1	2	0.34	0.303	0.39	0.3582	12	125	137	350	4	0	12	0	5	1	2	0.375	0.359825	0.500417	0.260575	178	3399	3577
8279	12/16/2011	4	0	12	14	0	5	1	2	0.34	0.3182	0.42	0.2239	13	115	128	350	4	0	12	0	5	1	2	0.375	0.359825	0.500417	0.260575	178	3399	3577
8280	12/16/2011	4	0	12	15	0	5	1	2	0.32	0.303	0.45	0.2985	12	141	153	350	4	0	12	0	5	1	2	0.375	0.359825	0.500417	0.260575	178	3399	3577
8281	12/16/2011	4	0	12	16	0	5	1	2	0.32	0.303	0.45	0.2239	12	212	224	350	4	0	12	0	5	1	2	0.375	0.359825	0.500417	0.260575	178	3399	3577
8282	12/16/2011	4	0	12	17	0	5	1	2	0.32	0.303	0.45	0.2836	13	352	365	350	4	0	12	0	5	1	2	0.375	0.359825	0.500417	0.260575	178	3399	3577
8283	12/16/2011	4	0	12	18	0	5	1	2	0.32	0.303	0.45	0.2537	10	285	295	350	4	0	12	0	5	1	2	0.375	0.359825	0.500417	0.260575	178	3399	3577
8284	12/16/2011	4	0	12	19	0	5	1	2	0.32	0.303	0.45	0.2239	11	203	214	350	4	0	12	0	5	1	2	0.375	0.359825	0.500417	0.260575	178	3399	3577
8285	12/16/2011	4	0	12	20	0	5	1	2	0.32	0.3182	0.45	0.194	6	146	152	350	4	0	12	0	5	1	2	0.375	0.359825	0.500417	0.260575	178	3399	3577
8286	12/16/2011	4	0	12	21	0	5	1	2	0.32	0.3182	0.45	0.1642	7	95	102	350	4	0	12	0	5	1	2	0.375	0.359825	0.500417	0.260575	178	3399	3577
8287	12/16/2011	4	0	12	22	0	5	1	2	0.3	0.303	0.49	0.1642	6	100	106	350	4	0	12	0	5	1	2	0.375	0.359825	0.500417	0.260575	178	3399	3577
8288	12/16/2011	4	0	12	23	0	5	1	2	0.3	0.303	0.49	0.1343	4	71	75	350	4	0	12	0	5	1	2	0.375	0.359825	0.500417	0.260575	178	3399	3577
8289	12/17/2011	4	0	12	0	0	6	0	1	0.3	0.2879	0.49	0.2836	3	59	62	351	4	0	12	0	6	0	2	0.258333	0.249371	0.560833	0.243167	275	2464	2739
8290	12/17/2011	4	0	12	1	0	6	0	2	0.3	0.2879	0.52	0.2537	4	39	43	351	4	0	12	0	6	0	2	0.258333	0.249371	0.560833	0.243167	275	2464	2739
8291	12/17/2011	4	0	12	2	0	6	0	2	0.28	0.2727	0.56	0.2239	11	47	58	351	4	0	12	0	6	0	2	0.258333	0.249371	0.560833	0.243167	275	2464	2739
8292	12/17/2011	4	0	12	3	0	6	0	1	0.26	0.2576	0.6	0.194	4	22	26	351	4	0	12	0	6	0	2	0.258333	0.249371	0.560833	0.243167	275	2464	2739
8293	12/17/2011	4	0	12	4	0	6	0	1	0.24	0.2424	0.65	0.1642	0	9	9	351	4	0	12	0	6	0	2	0.258333	0.249371	0.560833	0.243167	275	2464	2739
8294	12/17/2011	4	0	12	5	0	6	0	2	0.26	0.2576	0.6	0.194	2	7	9	351	4	0	12	0	6	0	2	0.258333	0.249371	0.560833	0.243167	275	2464	2739
8295	12/17/2011	4	0	12	6	0	6	0	2	0.26	0.2424	0.56	0.2836	0	17	17	351	4	0	12	0	6	0	2	0.258333	0.249371	0.560833	0.243167	275	2464	2739
8296	12/17/2011	4	0	12	7	0	6	0	2	0.26	0.2576	0.56	0.2239	0	20	20	351	4	0	12	0	6	0	2	0.258333	0.249371	0.560833	0.243167	275	2464	2739
8297	12/17/2011	4	0	12	8	0	6	0	2	0.26	0.2576	0.56	0.2239	4	55	59	351	4	0	12	0	6	0	2	0.258333	0.249371	0.560833	0.243167	275	2464	2739
8298	12/17/2011	4	0	12	9	0	6	0	2	0.26	0.2424	0.56	0.2537	5	95	100	351	4	0	12	0	6	0	2	0.258333	0.249371	0.560833	0.243167	275	2464	2739
8299	12/17/2011	4	0	12	10	0	6	0	2	0.26	0.2424	0.52	0.2836	10	171	181	351	4	0	12	0	6	0	2	0.258333	0.249371	0.560833	0.243167	275	2464	2739
8300	12/17/2011	4	0	12	11	0	6	0	2	0.28	0.2576	0.45	0.3284	21	188	209	351	4	0	12	0	6	0	2	0.258333	0.249371	0.560833	0.243167	275	2464	2739
8301	12/17/2011	4	0	12	12	0	6	0	2	0.28	0.2576	0.45	0.2836	28	216	244	351	4	0	12	0	6	0	2	0.258333	0.249371	0.560833	0.243167	275	2464	2739
8302	12/17/2011	4	0	12	13	0	6	0	2	0.28	0.2727	0.48	0.2537	32	204	236	351	4	0	12	0	6	0	2	0.258333	0.249371	0.560833	0.243167	275	2464	2739
8303	12/17/2011	4	0	12	14	0	6	0	1	0.28	0.2576	0.45	0.3582	30	207	237	351	4	0	12	0	6	0	2	0.258333	0.249371	0.560833	0.243167	275	2464	2739
8304	12/17/2011	4	0	12	15	0	6	0	1	0.28	0.2576	0.45	0.2836	33	195	228	351	4	0	12	0	6	0	2	0.258333	0.249371	0.560833	0.243167	275	2464	2739
8305	12/17/2011	4	0	12	16	0	6	0	1	0.28	0.2727	0.45	0.2239	30	192	222	351	4	0	12	0	6	0	2	0.258333	0.249371	0.560833	0.243167	275	2464	2739
8306	12/17/2011	4	0	12	17	0	6	0	1	0.26	0.2576	0.48	0.2239	12	153	165	351	4	0	12	0	6	0	2	0.258333	0.249371	0.560833	0.243167	275	2464	2739
8307	12/17/2011	4	0	12	18	0	6	0	1	0.26	0.2273	0.48	0.3881	7	150	157	351	4	0	12	0	6	0	2	0.258333	0.249371	0.560833	0.243167	275	2464	2739
8308	12/17/2011	4	0	12	19	0	6	0	3	0.24	0.2121	0.65	0.3284	11	95	106	351	4	0	12	0	6	0	2	0.258333	0.249371	0.560833	0.243167	275	2464	2739
8309	12/17/2011	4	0	12	20	0	6	0	1	0.22	0.2121	0.69	0.2537	7	99	106	351	4	0	12	0	6	0	2	0.258333	0.249371	0.560833	0.243167	275	2464	2739
8310	12/17/2011	4	0	12	21	0	6	0	1	0.2	0.2121	0.75	0.1642	8	88	96	351	4	0	12	0	6	0	2	0.258333	0.249371	0.560833	0.243167	275	2464	2739
8311	12/17/2011	4	0	12	22	0	6	0	1	0.2	0.2121	0.75	0.1642	7	73	80	351	4	0	12	0	6	0	2	0.258333	0.249371	0.560833	0.243167	275	2464	2739
8312	12/17/2011	4	0	12	23	0	6	0	1	0.2	0.2273	0.75	0	6	63	69	351	4	0	12	0	6	0	2	0.258333	0.249371	0.560833	0.243167	275	2464	2739
8313	12/18/2011	4	0	12	0	0	0	0	1	0.2	0.2121	0.75	0.1343	7	64	71	352	4	0	12	0	0	0	1	0.238333	0.245579	0.58625	0.169779	220	2211	2431
8314	12/18/2011	4	0	12	1	0	0	0	1	0.2	0.2273	0.69	0.1045	3	43	46	352	4	0	12	0	0	0	1	0.238333	0.245579	0.58625	0.169779	220	2211	2431
8315	12/18/2011	4	0	12	2	0	0	0	1	0.22	0.2424	0.55	0.1045	2	39	41	352	4	0	12	0	0	0	1	0.238333	0.245579	0.58625	0.169779	220	2211	2431
8316	12/18/2011	4	0	12	3	0	0	0	1	0.22	0.2121	0.55	0.2239	2	16	18	352	4	0	12	0	0	0	1	0.238333	0.245579	0.58625	0.169779	220	2211	2431
8317	12/18/2011	4	0	12	4	0	0	0	1	0.22	0.2121	0.55	0.2239	0	1	1	352	4	0	12	0	0	0	1	0.238333	0.245579	0.58625	0.169779	220	2211	2431
8318	12/18/2011	4	0	12	5	0	0	0	1	0.2	0.2273	0.59	0.1045	1	4	5	352	4	0	12	0	0	0	1	0.238333	0.245579	0.58625	0.169779	220	2211	2431
8319	12/18/2011	4	0	12	6	0	0	0	1	0.2	0.2121	0.59	0.1343	0	3	3	352	4	0	12	0	0	0	1	0.238333	0.245579	0.58625	0.169779	220	2211	2431
8320	12/18/2011	4	0	12	7	0	0	0	1	0.2	0.2121	0.59	0.1642	1	11	12	352	4	0	12	0	0	0	1	0.238333	0.245579	0.58625	0.169779	220	2211	2431
8321	12/18/2011	4	0	12	8	0	0	0	1	0.2	0.2576	0.69	0	1	31	32	352	4	0	12	0	0	0	1	0.238333	0.245579	0.58625	0.169779	220	2211	2431
8322	12/18/2011	4	0	12	9	0	0	0	1	0.22	0.2273	0.64	0.1642	6	75	81	352	4	0	12	0	0	0	1	0.238333	0.245579	0.58625	0.169779	220	2211	2431
8323	12/18/2011	4	0	12	10	0	0	0	1	0.24	0.2273	0.6	0.2537	7	122	129	352	4	0	12	0	0	0	1	0.238333	0.245579	0.58625	0.169779	220	2211	2431
8324	12/18/2011	4	0	12	11	0	0	0	2	0.24	0.2273	0.6	0.2239	20	168	188	352	4	0	12	0	0	0	1	0.238333	0.245579	0.58625	0.169779	220	2211	2431
8325	12/18/2011	4	0	12	12	0	0	0	1	0.26	0.2576	0.6	0.2239	26	202	228	352	4	0	12	0	0	0	1	0.238333	0.245579	0.58625	0.169779	220	2211	2431
8326	12/18/2011	4	0	12	13	0	0	0	1	0.3	0.2727	0.49	0.2985	18	210	228	352	4	0	12	0	0	0	1	0.238333	0.245579	0.58625	0.169779	220	2211	2431
8327	12/18/2011	4	0	12	14	0	0	0	1	0.3	0.2879	0.49	0.2836	19	200	219	352	4	0	12	0	0	0	1	0.238333	0.245579	0.58625	0.169779	220	2211	2431
8328	12/18/2011	4	0	12	15	0	0	0	1	0.32	0.303	0.45	0.2836	23	184	207	352	4	0	12	0	0	0	1	0.238333	0.245579	0.58625	0.169779	220	2211	2431
8329	12/18/2011	4	0	12	16	0	0	0	1	0.28	0.2727	0.48	0.2537	27	207	234	352	4	0	12	0	0	0	1	0.238333	0.245579	0.58625	0.169779	220	2211	2431
8330	12/18/2011	4	0	12	17	0	0	0	1	0.28	0.2727	0.46	0.1642	10	126	136	352	4	0	12	0	0	0	1	0.238333	0.245579	0.58625	0.169779	220	2211	2431
8331	12/18/2011	4	0	12	18	0	0	0	1	0.28	0.2727	0.45	0.194	15	123	138	352	4	0	12	0	0	0	1	0.238333	0.245579	0.58625	0.169779	220	2211	2431
8332	12/18/2011	4	0	12	19	0	0	0	1	0.26	0.2727	0.52	0.1343	5	130	135	352	4	0	12	0	0	0	1	0.238333	0.245579	0.58625	0.169779	220	2211	2431
8333	12/18/2011	4	0	12	20	0	0	0	1	0.24	0.2576	0.6	0.1045	10	94	104	352	4	0	12	0	0	0	1	0.238333	0.245579	0.58625	0.169779	220	2211	2431
8334	12/18/2011	4	0	12	21	0	0	0	1	0.22	0.2727	0.64	0	9	80	89	352	4	0	12	0	0	0	1	0.238333	0.245579	0.58625	0.169779	220	2211	2431
8335	12/18/2011	4	0	12	22	0	0	0	1	0.22	0.2273	0.75	0.194	2	47	49	352	4	0	12	0	0	0	1	0.238333	0.245579	0.58625	0.169779	220	2211	2431
8336	12/18/2011	4	0	12	23	0	0	0	1	0.2	0.2273	0.75	0.1045	6	31	37	352	4	0	12	0	0	0	1	0.238333	0.245579	0.58625	0.169779	220	2211	2431
8337	12/19/2011	4	0	12	0	0	1	1	1	0.2	0.2273	0.75	0.0896	3	14	17	353	4	0	12	0	1	1	1	0.276667	0.280933	0.6375	0.172896	260	3143	3403
8338	12/19/2011	4	0	12	1	0	1	1	1	0.18	0.2121	0.8	0.0896	3	8	11	353	4	0	12	0	1	1	1	0.276667	0.280933	0.6375	0.172896	260	3143	3403
8339	12/19/2011	4	0	12	2	0	1	1	1	0.18	0.2121	0.8	0.0896	0	3	3	353	4	0	12	0	1	1	1	0.276667	0.280933	0.6375	0.172896	260	3143	3403
8340	12/19/2011	4	0	12	3	0	1	1	1	0.16	0.197	0.86	0.0896	0	3	3	353	4	0	12	0	1	1	1	0.276667	0.280933	0.6375	0.172896	260	3143	3403
8341	12/19/2011	4	0	12	4	0	1	1	1	0.16	0.1818	0.86	0.1343	0	4	4	353	4	0	12	0	1	1	1	0.276667	0.280933	0.6375	0.172896	260	3143	3403
8342	12/19/2011	4	0	12	5	0	1	1	1	0.14	0.1667	0.93	0.1045	0	21	21	353	4	0	12	0	1	1	1	0.276667	0.280933	0.6375	0.172896	260	3143	3403
8343	12/19/2011	4	0	12	6	0	1	1	1	0.16	0.1818	0.86	0.1045	0	68	68	353	4	0	12	0	1	1	1	0.276667	0.280933	0.6375	0.172896	260	3143	3403
8344	12/19/2011	4	0	12	7	0	1	1	1	0.18	0.2121	0.74	0.1045	4	187	191	353	4	0	12	0	1	1	1	0.276667	0.280933	0.6375	0.172896	260	3143	3403
8345	12/19/2011	4	0	12	8	0	1	1	1	0.2	0.197	0.75	0.194	8	389	397	353	4	0	12	0	1	1	1	0.276667	0.280933	0.6375	0.172896	260	3143	3403
8346	12/19/2011	4	0	12	9	0	1	1	1	0.22	0.2121	0.69	0.2239	17	166	183	353	4	0	12	0	1	1	1	0.276667	0.280933	0.6375	0.172896	260	3143	3403
8347	12/19/2011	4	0	12	10	0	1	1	1	0.24	0.2273	0.67	0.194	12	96	108	353	4	0	12	0	1	1	1	0.276667	0.280933	0.6375	0.172896	260	3143	3403
8348	12/19/2011	4	0	12	11	0	1	1	1	0.26	0.2424	0.65	0.2537	22	105	127	353	4	0	12	0	1	1	1	0.276667	0.280933	0.6375	0.172896	260	3143	3403
8349	12/19/2011	4	0	12	12	0	1	1	1	0.3	0.2727	0.61	0.3284	13	128	141	353	4	0	12	0	1	1	1	0.276667	0.280933	0.6375	0.172896	260	3143	3403
8350	12/19/2011	4	0	12	13	0	1	1	1	0.34	0.303	0.49	0.3284	15	127	142	353	4	0	12	0	1	1	1	0.276667	0.280933	0.6375	0.172896	260	3143	3403
8351	12/19/2011	4	0	12	14	0	1	1	1	0.36	0.3485	0.46	0.2239	30	107	137	353	4	0	12	0	1	1	1	0.276667	0.280933	0.6375	0.172896	260	3143	3403
8352	12/19/2011	4	0	12	15	0	1	1	1	0.38	0.3939	0.46	0.1642	24	135	159	353	4	0	12	0	1	1	1	0.276667	0.280933	0.6375	0.172896	260	3143	3403
8353	12/19/2011	4	0	12	16	0	1	1	1	0.4	0.4091	0.4	0.2537	19	189	208	353	4	0	12	0	1	1	1	0.276667	0.280933	0.6375	0.172896	260	3143	3403
8354	12/19/2011	4	0	12	17	0	1	1	1	0.38	0.3939	0.46	0.194	16	362	378	353	4	0	12	0	1	1	1	0.276667	0.280933	0.6375	0.172896	260	3143	3403
8355	12/19/2011	4	0	12	18	0	1	1	1	0.36	0.3485	0.5	0.194	11	343	354	353	4	0	12	0	1	1	1	0.276667	0.280933	0.6375	0.172896	260	3143	3403
8356	12/19/2011	4	0	12	19	0	1	1	2	0.36	0.3485	0.53	0.1642	17	234	251	353	4	0	12	0	1	1	1	0.276667	0.280933	0.6375	0.172896	260	3143	3403
8357	12/19/2011	4	0	12	20	0	1	1	1	0.4	0.4091	0.4	0.1642	9	197	206	353	4	0	12	0	1	1	1	0.276667	0.280933	0.6375	0.172896	260	3143	3403
8358	12/19/2011	4	0	12	21	0	1	1	2	0.36	0.3485	0.53	0.1343	15	112	127	353	4	0	12	0	1	1	1	0.276667	0.280933	0.6375	0.172896	260	3143	3403
8359	12/19/2011	4	0	12	22	0	1	1	2	0.36	0.3485	0.57	0.1642	12	95	107	353	4	0	12	0	1	1	1	0.276667	0.280933	0.6375	0.172896	260	3143	3403
8360	12/19/2011	4	0	12	23	0	1	1	1	0.36	0.3485	0.53	0.1642	10	50	60	353	4	0	12	0	1	1	1	0.276667	0.280933	0.6375	0.172896	260	3143	3403
8361	12/20/2011	4	0	12	0	0	2	1	1	0.36	0.3636	0.57	0.1045	0	21	21	354	4	0	12	0	2	1	2	0.385833	0.396454	0.595417	0.0615708	216	3534	3750
8362	12/20/2011	4	0	12	1	0	2	1	1	0.36	0.3788	0.53	0	0	6	6	354	4	0	12	0	2	1	2	0.385833	0.396454	0.595417	0.0615708	216	3534	3750
8363	12/20/2011	4	0	12	2	0	2	1	2	0.34	0.3636	0.61	0	1	10	11	354	4	0	12	0	2	1	2	0.385833	0.396454	0.595417	0.0615708	216	3534	3750
8364	12/20/2011	4	0	12	3	0	2	1	2	0.34	0.3636	0.61	0	1	1	2	354	4	0	12	0	2	1	2	0.385833	0.396454	0.595417	0.0615708	216	3534	3750
8365	12/20/2011	4	0	12	4	0	2	1	2	0.36	0.3636	0.53	0.1045	0	4	4	354	4	0	12	0	2	1	2	0.385833	0.396454	0.595417	0.0615708	216	3534	3750
8366	12/20/2011	4	0	12	5	0	2	1	2	0.36	0.3788	0.57	0	0	15	15	354	4	0	12	0	2	1	2	0.385833	0.396454	0.595417	0.0615708	216	3534	3750
8367	12/20/2011	4	0	12	6	0	2	1	2	0.36	0.3788	0.57	0	1	71	72	354	4	0	12	0	2	1	2	0.385833	0.396454	0.595417	0.0615708	216	3534	3750
8368	12/20/2011	4	0	12	7	0	2	1	2	0.36	0.3788	0.62	0	7	261	268	354	4	0	12	0	2	1	2	0.385833	0.396454	0.595417	0.0615708	216	3534	3750
8369	12/20/2011	4	0	12	8	0	2	1	2	0.42	0.4242	0.54	0.0896	10	422	432	354	4	0	12	0	2	1	2	0.385833	0.396454	0.595417	0.0615708	216	3534	3750
8370	12/20/2011	4	0	12	9	0	2	1	2	0.36	0.3788	0.66	0	14	245	259	354	4	0	12	0	2	1	2	0.385833	0.396454	0.595417	0.0615708	216	3534	3750
8371	12/20/2011	4	0	12	10	0	2	1	2	0.42	0.4242	0.58	0.194	20	109	129	354	4	0	12	0	2	1	2	0.385833	0.396454	0.595417	0.0615708	216	3534	3750
8372	12/20/2011	4	0	12	11	0	2	1	2	0.4	0.4091	0.62	0.1642	13	116	129	354	4	0	12	0	2	1	2	0.385833	0.396454	0.595417	0.0615708	216	3534	3750
8373	12/20/2011	4	0	12	12	0	2	1	2	0.44	0.4394	0.54	0.1343	16	159	175	354	4	0	12	0	2	1	2	0.385833	0.396454	0.595417	0.0615708	216	3534	3750
8374	12/20/2011	4	0	12	13	0	2	1	2	0.44	0.4394	0.54	0.1343	18	163	181	354	4	0	12	0	2	1	2	0.385833	0.396454	0.595417	0.0615708	216	3534	3750
8375	12/20/2011	4	0	12	14	0	2	1	2	0.44	0.4394	0.58	0.1045	11	127	138	354	4	0	12	0	2	1	2	0.385833	0.396454	0.595417	0.0615708	216	3534	3750
8376	12/20/2011	4	0	12	15	0	2	1	2	0.44	0.4394	0.54	0	15	139	154	354	4	0	12	0	2	1	2	0.385833	0.396454	0.595417	0.0615708	216	3534	3750
8377	12/20/2011	4	0	12	16	0	2	1	1	0.44	0.4394	0.54	0	20	218	238	354	4	0	12	0	2	1	2	0.385833	0.396454	0.595417	0.0615708	216	3534	3750
8378	12/20/2011	4	0	12	17	0	2	1	1	0.4	0.4091	0.62	0.1642	14	417	431	354	4	0	12	0	2	1	2	0.385833	0.396454	0.595417	0.0615708	216	3534	3750
8379	12/20/2011	4	0	12	18	0	2	1	1	0.38	0.3939	0.66	0.194	26	385	411	354	4	0	12	0	2	1	2	0.385833	0.396454	0.595417	0.0615708	216	3534	3750
8380	12/20/2011	4	0	12	19	0	2	1	1	0.38	0.3939	0.66	0	6	218	224	354	4	0	12	0	2	1	2	0.385833	0.396454	0.595417	0.0615708	216	3534	3750
8381	12/20/2011	4	0	12	20	0	2	1	1	0.36	0.3788	0.66	0	3	144	147	354	4	0	12	0	2	1	2	0.385833	0.396454	0.595417	0.0615708	216	3534	3750
8382	12/20/2011	4	0	12	21	0	2	1	1	0.36	0.3636	0.66	0.0896	4	139	143	354	4	0	12	0	2	1	2	0.385833	0.396454	0.595417	0.0615708	216	3534	3750
8383	12/20/2011	4	0	12	22	0	2	1	2	0.36	0.3788	0.66	0	3	104	107	354	4	0	12	0	2	1	2	0.385833	0.396454	0.595417	0.0615708	216	3534	3750
8384	12/20/2011	4	0	12	23	0	2	1	2	0.38	0.3939	0.62	0	13	40	53	354	4	0	12	0	2	1	2	0.385833	0.396454	0.595417	0.0615708	216	3534	3750
8385	12/21/2011	1	0	12	0	0	3	1	2	0.34	0.3333	0.71	0.1343	7	18	25	355	1	0	12	0	3	1	2	0.428333	0.428017	0.858333	0.2214	107	2553	2660
8386	12/21/2011	1	0	12	1	0	3	1	2	0.36	0.3636	0.66	0.1045	1	10	11	355	1	0	12	0	3	1	2	0.428333	0.428017	0.858333	0.2214	107	2553	2660
8387	12/21/2011	1	0	12	2	0	3	1	2	0.36	0.3788	0.71	0	0	4	4	355	1	0	12	0	3	1	2	0.428333	0.428017	0.858333	0.2214	107	2553	2660
8388	12/21/2011	1	0	12	3	0	3	1	2	0.36	0.3788	0.71	0	0	2	2	355	1	0	12	0	3	1	2	0.428333	0.428017	0.858333	0.2214	107	2553	2660
8389	12/21/2011	1	0	12	4	0	3	1	2	0.36	0.3788	0.71	0	0	2	2	355	1	0	12	0	3	1	2	0.428333	0.428017	0.858333	0.2214	107	2553	2660
8390	12/21/2011	1	0	12	5	0	3	1	2	0.38	0.3939	0.82	0.1045	0	28	28	355	1	0	12	0	3	1	2	0.428333	0.428017	0.858333	0.2214	107	2553	2660
8391	12/21/2011	1	0	12	6	0	3	1	2	0.36	0.3788	0.87	0	1	75	76	355	1	0	12	0	3	1	2	0.428333	0.428017	0.858333	0.2214	107	2553	2660
8392	12/21/2011	1	0	12	7	0	3	1	2	0.36	0.3636	0.87	0.1045	5	224	229	355	1	0	12	0	3	1	2	0.428333	0.428017	0.858333	0.2214	107	2553	2660
8393	12/21/2011	1	0	12	8	0	3	1	3	0.36	0.3788	0.93	0	12	393	405	355	1	0	12	0	3	1	2	0.428333	0.428017	0.858333	0.2214	107	2553	2660
8394	12/21/2011	1	0	12	9	0	3	1	2	0.4	0.4091	0.87	0.2239	14	220	234	355	1	0	12	0	3	1	2	0.428333	0.428017	0.858333	0.2214	107	2553	2660
8395	12/21/2011	1	0	12	10	0	3	1	2	0.48	0.4697	0.82	0.4179	6	83	89	355	1	0	12	0	3	1	2	0.428333	0.428017	0.858333	0.2214	107	2553	2660
8396	12/21/2011	1	0	12	11	0	3	1	2	0.48	0.4697	0.82	0.4179	3	53	56	355	1	0	12	0	3	1	2	0.428333	0.428017	0.858333	0.2214	107	2553	2660
8397	12/21/2011	1	0	12	12	0	3	1	3	0.46	0.4545	0.88	0.3881	3	58	61	355	1	0	12	0	3	1	2	0.428333	0.428017	0.858333	0.2214	107	2553	2660
8398	12/21/2011	1	0	12	13	0	3	1	3	0.44	0.4394	0.94	0.2985	3	55	58	355	1	0	12	0	3	1	2	0.428333	0.428017	0.858333	0.2214	107	2553	2660
8399	12/21/2011	1	0	12	14	0	3	1	2	0.48	0.4697	0.88	0.3582	11	40	51	355	1	0	12	0	3	1	2	0.428333	0.428017	0.858333	0.2214	107	2553	2660
8400	12/21/2011	1	0	12	15	0	3	1	2	0.48	0.4697	0.88	0.3881	4	57	61	355	1	0	12	0	3	1	2	0.428333	0.428017	0.858333	0.2214	107	2553	2660
8401	12/21/2011	1	0	12	16	0	3	1	3	0.44	0.4394	1	0.3284	6	95	101	355	1	0	12	0	3	1	2	0.428333	0.428017	0.858333	0.2214	107	2553	2660
8402	12/21/2011	1	0	12	17	0	3	1	3	0.44	0.4394	1	0.3284	3	226	229	355	1	0	12	0	3	1	2	0.428333	0.428017	0.858333	0.2214	107	2553	2660
8403	12/21/2011	1	0	12	18	0	3	1	2	0.44	0.4394	1	0.2985	2	278	280	355	1	0	12	0	3	1	2	0.428333	0.428017	0.858333	0.2214	107	2553	2660
8404	12/21/2011	1	0	12	19	0	3	1	2	0.5	0.4848	0.94	0.3284	9	200	209	355	1	0	12	0	3	1	2	0.428333	0.428017	0.858333	0.2214	107	2553	2660
8405	12/21/2011	1	0	12	20	0	3	1	2	0.5	0.4848	0.94	0.3582	5	162	167	355	1	0	12	0	3	1	2	0.428333	0.428017	0.858333	0.2214	107	2553	2660
8406	12/21/2011	1	0	12	21	0	3	1	1	0.5	0.4848	0.88	0.2836	9	114	123	355	1	0	12	0	3	1	2	0.428333	0.428017	0.858333	0.2214	107	2553	2660
8407	12/21/2011	1	0	12	22	0	3	1	1	0.5	0.4848	0.88	0.2537	3	102	105	355	1	0	12	0	3	1	2	0.428333	0.428017	0.858333	0.2214	107	2553	2660
8408	12/21/2011	1	0	12	23	0	3	1	1	0.5	0.4848	0.88	0.194	0	54	54	355	1	0	12	0	3	1	2	0.428333	0.428017	0.858333	0.2214	107	2553	2660
8409	12/22/2011	1	0	12	0	0	4	1	2	0.5	0.4848	0.82	0.1045	3	24	27	356	1	0	12	0	4	1	2	0.423333	0.426121	0.7575	0.047275	227	2841	3068
8410	12/22/2011	1	0	12	1	0	4	1	1	0.44	0.4394	0.94	0.0896	0	15	15	356	1	0	12	0	4	1	2	0.423333	0.426121	0.7575	0.047275	227	2841	3068
8411	12/22/2011	1	0	12	2	0	4	1	1	0.48	0.4697	0.82	0.1045	1	10	11	356	1	0	12	0	4	1	2	0.423333	0.426121	0.7575	0.047275	227	2841	3068
8412	12/22/2011	1	0	12	3	0	4	1	1	0.44	0.4394	0.67	0.1642	0	6	6	356	1	0	12	0	4	1	2	0.423333	0.426121	0.7575	0.047275	227	2841	3068
8413	12/22/2011	1	0	12	4	0	4	1	1	0.38	0.3939	0.82	0.1343	0	3	3	356	1	0	12	0	4	1	2	0.423333	0.426121	0.7575	0.047275	227	2841	3068
8414	12/22/2011	1	0	12	5	0	4	1	1	0.38	0.3939	0.82	0	1	15	16	356	1	0	12	0	4	1	2	0.423333	0.426121	0.7575	0.047275	227	2841	3068
8415	12/22/2011	1	0	12	6	0	4	1	1	0.36	0.3788	0.87	0	1	63	64	356	1	0	12	0	4	1	2	0.423333	0.426121	0.7575	0.047275	227	2841	3068
8416	12/22/2011	1	0	12	7	0	4	1	1	0.34	0.3636	0.93	0	4	182	186	356	1	0	12	0	4	1	2	0.423333	0.426121	0.7575	0.047275	227	2841	3068
8417	12/22/2011	1	0	12	8	0	4	1	2	0.36	0.3788	0.87	0	10	333	343	356	1	0	12	0	4	1	2	0.423333	0.426121	0.7575	0.047275	227	2841	3068
8418	12/22/2011	1	0	12	9	0	4	1	2	0.38	0.3939	0.87	0.0896	10	218	228	356	1	0	12	0	4	1	2	0.423333	0.426121	0.7575	0.047275	227	2841	3068
8419	12/22/2011	1	0	12	10	0	4	1	2	0.4	0.4091	0.82	0.0896	13	128	141	356	1	0	12	0	4	1	2	0.423333	0.426121	0.7575	0.047275	227	2841	3068
8420	12/22/2011	1	0	12	11	0	4	1	2	0.44	0.4394	0.77	0	10	135	145	356	1	0	12	0	4	1	2	0.423333	0.426121	0.7575	0.047275	227	2841	3068
8421	12/22/2011	1	0	12	12	0	4	1	2	0.48	0.4697	0.55	0	22	180	202	356	1	0	12	0	4	1	2	0.423333	0.426121	0.7575	0.047275	227	2841	3068
8422	12/22/2011	1	0	12	13	0	4	1	2	0.46	0.4545	0.63	0	21	167	188	356	1	0	12	0	4	1	2	0.423333	0.426121	0.7575	0.047275	227	2841	3068
8423	12/22/2011	1	0	12	14	0	4	1	2	0.46	0.4545	0.63	0	23	136	159	356	1	0	12	0	4	1	2	0.423333	0.426121	0.7575	0.047275	227	2841	3068
8424	12/22/2011	1	0	12	15	0	4	1	2	0.48	0.4697	0.59	0	28	186	214	356	1	0	12	0	4	1	2	0.423333	0.426121	0.7575	0.047275	227	2841	3068
8425	12/22/2011	1	0	12	16	0	4	1	2	0.46	0.4545	0.63	0	30	226	256	356	1	0	12	0	4	1	2	0.423333	0.426121	0.7575	0.047275	227	2841	3068
8426	12/22/2011	1	0	12	17	0	4	1	2	0.44	0.4394	0.67	0.1642	24	332	356	356	1	0	12	0	4	1	2	0.423333	0.426121	0.7575	0.047275	227	2841	3068
8427	12/22/2011	1	0	12	18	0	4	1	2	0.44	0.4394	0.62	0.0896	11	277	288	356	1	0	12	0	4	1	2	0.423333	0.426121	0.7575	0.047275	227	2841	3068
8428	12/22/2011	1	0	12	19	0	4	1	2	0.44	0.4394	0.62	0	12	130	142	356	1	0	12	0	4	1	2	0.423333	0.426121	0.7575	0.047275	227	2841	3068
8429	12/22/2011	1	0	12	20	0	4	1	3	0.42	0.4242	0.71	0	0	33	33	356	1	0	12	0	4	1	2	0.423333	0.426121	0.7575	0.047275	227	2841	3068
8430	12/22/2011	1	0	12	21	0	4	1	3	0.42	0.4242	0.71	0	2	15	17	356	1	0	12	0	4	1	2	0.423333	0.426121	0.7575	0.047275	227	2841	3068
8431	12/22/2011	1	0	12	22	0	4	1	3	0.36	0.3636	0.93	0.1045	0	17	17	356	1	0	12	0	4	1	2	0.423333	0.426121	0.7575	0.047275	227	2841	3068
8432	12/22/2011	1	0	12	23	0	4	1	3	0.4	0.4091	0.87	0	1	10	11	356	1	0	12	0	4	1	2	0.423333	0.426121	0.7575	0.047275	227	2841	3068
8433	12/23/2011	1	0	12	0	0	5	1	3	0.4	0.4091	0.87	0.194	2	7	9	357	1	0	12	0	5	1	1	0.373333	0.377513	0.68625	0.274246	163	2046	2209
8434	12/23/2011	1	0	12	1	0	5	1	3	0.4	0.4091	0.87	0.194	1	11	12	357	1	0	12	0	5	1	1	0.373333	0.377513	0.68625	0.274246	163	2046	2209
8435	12/23/2011	1	0	12	2	0	5	1	3	0.38	0.3939	0.94	0.1343	1	12	13	357	1	0	12	0	5	1	1	0.373333	0.377513	0.68625	0.274246	163	2046	2209
8436	12/23/2011	1	0	12	3	0	5	1	3	0.38	0.3939	0.94	0.1343	0	4	4	357	1	0	12	0	5	1	1	0.373333	0.377513	0.68625	0.274246	163	2046	2209
8437	12/23/2011	1	0	12	4	0	5	1	3	0.38	0.3939	0.94	0.2836	0	2	2	357	1	0	12	0	5	1	1	0.373333	0.377513	0.68625	0.274246	163	2046	2209
8438	12/23/2011	1	0	12	5	0	5	1	1	0.36	0.3485	0.93	0.194	0	8	8	357	1	0	12	0	5	1	1	0.373333	0.377513	0.68625	0.274246	163	2046	2209
8439	12/23/2011	1	0	12	6	0	5	1	1	0.38	0.3939	0.82	0.2537	0	40	40	357	1	0	12	0	5	1	1	0.373333	0.377513	0.68625	0.274246	163	2046	2209
8440	12/23/2011	1	0	12	7	0	5	1	1	0.38	0.3939	0.82	0.2239	4	88	92	357	1	0	12	0	5	1	1	0.373333	0.377513	0.68625	0.274246	163	2046	2209
8441	12/23/2011	1	0	12	8	0	5	1	1	0.4	0.4091	0.76	0.2537	9	173	182	357	1	0	12	0	5	1	1	0.373333	0.377513	0.68625	0.274246	163	2046	2209
8442	12/23/2011	1	0	12	9	0	5	1	1	0.4	0.4091	0.66	0.2985	4	152	156	357	1	0	12	0	5	1	1	0.373333	0.377513	0.68625	0.274246	163	2046	2209
8443	12/23/2011	1	0	12	10	0	5	1	1	0.4	0.4091	0.62	0.3582	8	96	104	357	1	0	12	0	5	1	1	0.373333	0.377513	0.68625	0.274246	163	2046	2209
8444	12/23/2011	1	0	12	11	0	5	1	1	0.4	0.4091	0.58	0.4478	26	148	174	357	1	0	12	0	5	1	1	0.373333	0.377513	0.68625	0.274246	163	2046	2209
8445	12/23/2011	1	0	12	12	0	5	1	1	0.4	0.4091	0.54	0.5224	14	156	170	357	1	0	12	0	5	1	1	0.373333	0.377513	0.68625	0.274246	163	2046	2209
8446	12/23/2011	1	0	12	13	0	5	1	1	0.4	0.4091	0.5	0.4627	17	177	194	357	1	0	12	0	5	1	1	0.373333	0.377513	0.68625	0.274246	163	2046	2209
8447	12/23/2011	1	0	12	14	0	5	1	1	0.4	0.4091	0.54	0.4179	23	177	200	357	1	0	12	0	5	1	1	0.373333	0.377513	0.68625	0.274246	163	2046	2209
8448	12/23/2011	1	0	12	15	0	5	1	1	0.38	0.3939	0.54	0.3582	12	191	203	357	1	0	12	0	5	1	1	0.373333	0.377513	0.68625	0.274246	163	2046	2209
8449	12/23/2011	1	0	12	16	0	5	1	1	0.38	0.3939	0.5	0.2985	15	166	181	357	1	0	12	0	5	1	1	0.373333	0.377513	0.68625	0.274246	163	2046	2209
8450	12/23/2011	1	0	12	17	0	5	1	1	0.36	0.3485	0.53	0.2239	11	129	140	357	1	0	12	0	5	1	1	0.373333	0.377513	0.68625	0.274246	163	2046	2209
8451	12/23/2011	1	0	12	18	0	5	1	1	0.36	0.3333	0.5	0.2537	4	91	95	357	1	0	12	0	5	1	1	0.373333	0.377513	0.68625	0.274246	163	2046	2209
8452	12/23/2011	1	0	12	19	0	5	1	1	0.34	0.3333	0.53	0.194	1	75	76	357	1	0	12	0	5	1	1	0.373333	0.377513	0.68625	0.274246	163	2046	2209
8453	12/23/2011	1	0	12	20	0	5	1	1	0.32	0.303	0.61	0.3284	3	47	50	357	1	0	12	0	5	1	1	0.373333	0.377513	0.68625	0.274246	163	2046	2209
8454	12/23/2011	1	0	12	21	0	5	1	1	0.32	0.303	0.61	0.2239	0	32	32	357	1	0	12	0	5	1	1	0.373333	0.377513	0.68625	0.274246	163	2046	2209
8455	12/23/2011	1	0	12	22	0	5	1	1	0.32	0.3182	0.66	0.194	4	43	47	357	1	0	12	0	5	1	1	0.373333	0.377513	0.68625	0.274246	163	2046	2209
8456	12/23/2011	1	0	12	23	0	5	1	1	0.32	0.3333	0.66	0.1343	4	21	25	357	1	0	12	0	5	1	1	0.373333	0.377513	0.68625	0.274246	163	2046	2209
8457	12/24/2011	1	0	12	0	0	6	0	2	0.32	0.3182	0.7	0.1642	3	20	23	358	1	0	12	0	6	0	1	0.3025	0.299242	0.5425	0.190304	155	856	1011
8458	12/24/2011	1	0	12	1	0	6	0	2	0.32	0.3485	0.66	0	1	15	16	358	1	0	12	0	6	0	1	0.3025	0.299242	0.5425	0.190304	155	856	1011
8459	12/24/2011	1	0	12	2	0	6	0	2	0.32	0.3333	0.66	0.0896	4	22	26	358	1	0	12	0	6	0	1	0.3025	0.299242	0.5425	0.190304	155	856	1011
8460	12/24/2011	1	0	12	3	0	6	0	2	0.32	0.3333	0.7	0.0896	0	5	5	358	1	0	12	0	6	0	1	0.3025	0.299242	0.5425	0.190304	155	856	1011
8461	12/24/2011	1	0	12	4	0	6	0	2	0.32	0.3182	0.66	0.1642	0	3	3	358	1	0	12	0	6	0	1	0.3025	0.299242	0.5425	0.190304	155	856	1011
8462	12/24/2011	1	0	12	5	0	6	0	2	0.32	0.3182	0.66	0.1642	1	3	4	358	1	0	12	0	6	0	1	0.3025	0.299242	0.5425	0.190304	155	856	1011
8463	12/24/2011	1	0	12	6	0	6	0	2	0.3	0.303	0.75	0.1642	0	10	10	358	1	0	12	0	6	0	1	0.3025	0.299242	0.5425	0.190304	155	856	1011
8464	12/24/2011	1	0	12	7	0	6	0	1	0.3	0.2727	0.7	0.3582	0	10	10	358	1	0	12	0	6	0	1	0.3025	0.299242	0.5425	0.190304	155	856	1011
8465	12/24/2011	1	0	12	8	0	6	0	1	0.28	0.2727	0.7	0.194	0	27	27	358	1	0	12	0	6	0	1	0.3025	0.299242	0.5425	0.190304	155	856	1011
8466	12/24/2011	1	0	12	9	0	6	0	1	0.3	0.2727	0.45	0.4179	3	53	56	358	1	0	12	0	6	0	1	0.3025	0.299242	0.5425	0.190304	155	856	1011
8467	12/24/2011	1	0	12	10	0	6	0	1	0.3	0.2576	0.42	0.4925	4	52	56	358	1	0	12	0	6	0	1	0.3025	0.299242	0.5425	0.190304	155	856	1011
8468	12/24/2011	1	0	12	11	0	6	0	1	0.32	0.2879	0.39	0.3582	9	62	71	358	1	0	12	0	6	0	1	0.3025	0.299242	0.5425	0.190304	155	856	1011
8469	12/24/2011	1	0	12	12	0	6	0	1	0.34	0.3182	0.39	0.2836	15	79	94	358	1	0	12	0	6	0	1	0.3025	0.299242	0.5425	0.190304	155	856	1011
8470	12/24/2011	1	0	12	13	0	6	0	1	0.34	0.303	0.39	0.2985	24	97	121	358	1	0	12	0	6	0	1	0.3025	0.299242	0.5425	0.190304	155	856	1011
8471	12/24/2011	1	0	12	14	0	6	0	1	0.34	0.303	0.39	0.2985	15	70	85	358	1	0	12	0	6	0	1	0.3025	0.299242	0.5425	0.190304	155	856	1011
8472	12/24/2011	1	0	12	15	0	6	0	1	0.32	0.303	0.39	0.2239	15	82	97	358	1	0	12	0	6	0	1	0.3025	0.299242	0.5425	0.190304	155	856	1011
8473	12/24/2011	1	0	12	16	0	6	0	1	0.32	0.3182	0.42	0.194	25	74	99	358	1	0	12	0	6	0	1	0.3025	0.299242	0.5425	0.190304	155	856	1011
8474	12/24/2011	1	0	12	17	0	6	0	1	0.28	0.2879	0.45	0.1343	15	53	68	358	1	0	12	0	6	0	1	0.3025	0.299242	0.5425	0.190304	155	856	1011
8475	12/24/2011	1	0	12	18	0	6	0	1	0.3	0.3182	0.42	0.0896	2	33	35	358	1	0	12	0	6	0	1	0.3025	0.299242	0.5425	0.190304	155	856	1011
8476	12/24/2011	1	0	12	19	0	6	0	1	0.3	0.3182	0.52	0.0896	1	24	25	358	1	0	12	0	6	0	1	0.3025	0.299242	0.5425	0.190304	155	856	1011
8477	12/24/2011	1	0	12	20	0	6	0	1	0.26	0.2727	0.56	0.1343	5	19	24	358	1	0	12	0	6	0	1	0.3025	0.299242	0.5425	0.190304	155	856	1011
8478	12/24/2011	1	0	12	21	0	6	0	1	0.26	0.2576	0.56	0.1642	4	15	19	358	1	0	12	0	6	0	1	0.3025	0.299242	0.5425	0.190304	155	856	1011
8479	12/24/2011	1	0	12	22	0	6	0	1	0.24	0.2879	0.52	0	8	12	20	358	1	0	12	0	6	0	1	0.3025	0.299242	0.5425	0.190304	155	856	1011
8480	12/24/2011	1	0	12	23	0	6	0	1	0.24	0.2576	0.56	0	1	16	17	358	1	0	12	0	6	0	1	0.3025	0.299242	0.5425	0.190304	155	856	1011
8481	12/25/2011	1	0	12	0	0	0	0	1	0.24	0.2273	0.6	0.194	2	4	6	359	1	0	12	0	0	0	1	0.274783	0.279961	0.681304	0.155091	303	451	754
8482	12/25/2011	1	0	12	1	0	0	0	1	0.22	0.2273	0.69	0.1343	2	2	4	359	1	0	12	0	0	0	1	0.274783	0.279961	0.681304	0.155091	303	451	754
8483	12/25/2011	1	0	12	2	0	0	0	1	0.22	0.2576	0.75	0.0896	0	2	2	359	1	0	12	0	0	0	1	0.274783	0.279961	0.681304	0.155091	303	451	754
8484	12/25/2011	1	0	12	3	0	0	0	1	0.22	0.2727	0.72	0	1	3	4	359	1	0	12	0	0	0	1	0.274783	0.279961	0.681304	0.155091	303	451	754
8485	12/25/2011	1	0	12	5	0	0	0	1	0.2	0.2273	0.75	0.1045	0	1	1	359	1	0	12	0	0	0	1	0.274783	0.279961	0.681304	0.155091	303	451	754
8486	12/25/2011	1	0	12	6	0	0	0	1	0.2	0.2273	0.75	0.1045	0	1	1	359	1	0	12	0	0	0	1	0.274783	0.279961	0.681304	0.155091	303	451	754
8487	12/25/2011	1	0	12	7	0	0	0	1	0.22	0.2424	0.8	0.1045	0	4	4	359	1	0	12	0	0	0	1	0.274783	0.279961	0.681304	0.155091	303	451	754
8488	12/25/2011	1	0	12	8	0	0	0	1	0.2	0.2121	0.8	0.1642	1	4	5	359	1	0	12	0	0	0	1	0.274783	0.279961	0.681304	0.155091	303	451	754
8489	12/25/2011	1	0	12	9	0	0	0	1	0.24	0.2424	0.87	0.1642	3	20	23	359	1	0	12	0	0	0	1	0.274783	0.279961	0.681304	0.155091	303	451	754
8490	12/25/2011	1	0	12	10	0	0	0	1	0.26	0.2424	0.81	0.2537	31	12	43	359	1	0	12	0	0	0	1	0.274783	0.279961	0.681304	0.155091	303	451	754
8491	12/25/2011	1	0	12	11	0	0	0	1	0.3	0.303	0.7	0.1642	43	42	85	359	1	0	12	0	0	0	1	0.274783	0.279961	0.681304	0.155091	303	451	754
8492	12/25/2011	1	0	12	12	0	0	0	1	0.3	0.2727	0.75	0.2985	25	41	66	359	1	0	12	0	0	0	1	0.274783	0.279961	0.681304	0.155091	303	451	754
8493	12/25/2011	1	0	12	13	0	0	0	1	0.32	0.303	0.7	0.2537	40	39	79	359	1	0	12	0	0	0	1	0.274783	0.279961	0.681304	0.155091	303	451	754
8494	12/25/2011	1	0	12	14	0	0	0	1	0.34	0.3182	0.61	0.2537	41	45	86	359	1	0	12	0	0	0	1	0.274783	0.279961	0.681304	0.155091	303	451	754
8495	12/25/2011	1	0	12	15	0	0	0	1	0.34	0.3333	0.61	0.194	43	48	91	359	1	0	12	0	0	0	1	0.274783	0.279961	0.681304	0.155091	303	451	754
8496	12/25/2011	1	0	12	16	0	0	0	1	0.36	0.3636	0.57	0.1045	35	51	86	359	1	0	12	0	0	0	1	0.274783	0.279961	0.681304	0.155091	303	451	754
8497	12/25/2011	1	0	12	17	0	0	0	1	0.34	0.3333	0.61	0.1343	11	33	44	359	1	0	12	0	0	0	1	0.274783	0.279961	0.681304	0.155091	303	451	754
8498	12/25/2011	1	0	12	18	0	0	0	1	0.32	0.3182	0.7	0.194	7	23	30	359	1	0	12	0	0	0	1	0.274783	0.279961	0.681304	0.155091	303	451	754
8499	12/25/2011	1	0	12	19	0	0	0	1	0.32	0.3333	0.57	0.1343	2	14	16	359	1	0	12	0	0	0	1	0.274783	0.279961	0.681304	0.155091	303	451	754
8500	12/25/2011	1	0	12	20	0	0	0	1	0.32	0.3333	0.49	0.0896	8	18	26	359	1	0	12	0	0	0	1	0.274783	0.279961	0.681304	0.155091	303	451	754
8501	12/25/2011	1	0	12	21	0	0	0	1	0.3	0.303	0.56	0.1343	4	15	19	359	1	0	12	0	0	0	1	0.274783	0.279961	0.681304	0.155091	303	451	754
8502	12/25/2011	1	0	12	22	0	0	0	1	0.28	0.2727	0.61	0.1642	2	15	17	359	1	0	12	0	0	0	1	0.274783	0.279961	0.681304	0.155091	303	451	754
8503	12/25/2011	1	0	12	23	0	0	0	1	0.26	0.2727	0.65	0.1343	2	14	16	359	1	0	12	0	0	0	1	0.274783	0.279961	0.681304	0.155091	303	451	754
8504	12/26/2011	1	0	12	0	1	1	0	1	0.22	0.2273	0.75	0.1642	5	6	11	360	1	0	12	1	1	0	1	0.321739	0.315535	0.506957	0.239465	430	887	1317
8505	12/26/2011	1	0	12	1	1	1	0	1	0.28	0.2727	0.56	0.194	3	7	10	360	1	0	12	1	1	0	1	0.321739	0.315535	0.506957	0.239465	430	887	1317
8506	12/26/2011	1	0	12	2	1	1	0	1	0.34	0.3182	0.46	0.2239	2	5	7	360	1	0	12	1	1	0	1	0.321739	0.315535	0.506957	0.239465	430	887	1317
8507	12/26/2011	1	0	12	4	1	1	0	1	0.34	0.303	0.46	0.2985	0	2	2	360	1	0	12	1	1	0	1	0.321739	0.315535	0.506957	0.239465	430	887	1317
8508	12/26/2011	1	0	12	5	1	1	0	1	0.34	0.303	0.42	0.3881	0	4	4	360	1	0	12	1	1	0	1	0.321739	0.315535	0.506957	0.239465	430	887	1317
8509	12/26/2011	1	0	12	6	1	1	0	1	0.32	0.303	0.45	0.2836	0	4	4	360	1	0	12	1	1	0	1	0.321739	0.315535	0.506957	0.239465	430	887	1317
8510	12/26/2011	1	0	12	7	1	1	0	1	0.32	0.3182	0.45	0.194	2	17	19	360	1	0	12	1	1	0	1	0.321739	0.315535	0.506957	0.239465	430	887	1317
8511	12/26/2011	1	0	12	8	1	1	0	1	0.32	0.3333	0.45	0.1343	5	13	18	360	1	0	12	1	1	0	1	0.321739	0.315535	0.506957	0.239465	430	887	1317
8512	12/26/2011	1	0	12	9	1	1	0	1	0.34	0.303	0.46	0.2985	24	38	62	360	1	0	12	1	1	0	1	0.321739	0.315535	0.506957	0.239465	430	887	1317
8513	12/26/2011	1	0	12	10	1	1	0	1	0.34	0.2879	0.42	0.5224	31	39	70	360	1	0	12	1	1	0	1	0.321739	0.315535	0.506957	0.239465	430	887	1317
8514	12/26/2011	1	0	12	11	1	1	0	1	0.34	0.2879	0.46	0.5821	40	51	91	360	1	0	12	1	1	0	1	0.321739	0.315535	0.506957	0.239465	430	887	1317
8515	12/26/2011	1	0	12	12	1	1	0	1	0.36	0.3182	0.43	0.4627	34	66	100	360	1	0	12	1	1	0	1	0.321739	0.315535	0.506957	0.239465	430	887	1317
8516	12/26/2011	1	0	12	13	1	1	0	1	0.38	0.3939	0.4	0.2985	57	83	140	360	1	0	12	1	1	0	1	0.321739	0.315535	0.506957	0.239465	430	887	1317
8517	12/26/2011	1	0	12	14	1	1	0	1	0.38	0.3939	0.4	0.3284	73	80	153	360	1	0	12	1	1	0	1	0.321739	0.315535	0.506957	0.239465	430	887	1317
8518	12/26/2011	1	0	12	15	1	1	0	1	0.38	0.3939	0.4	0.2537	26	105	131	360	1	0	12	1	1	0	1	0.321739	0.315535	0.506957	0.239465	430	887	1317
8519	12/26/2011	1	0	12	16	1	1	0	1	0.36	0.3333	0.43	0.2836	28	69	97	360	1	0	12	1	1	0	1	0.321739	0.315535	0.506957	0.239465	430	887	1317
8520	12/26/2011	1	0	12	17	1	1	0	1	0.34	0.3182	0.46	0.2239	30	67	97	360	1	0	12	1	1	0	1	0.321739	0.315535	0.506957	0.239465	430	887	1317
8521	12/26/2011	1	0	12	18	1	1	0	1	0.32	0.3333	0.49	0.0896	21	54	75	360	1	0	12	1	1	0	1	0.321739	0.315535	0.506957	0.239465	430	887	1317
8522	12/26/2011	1	0	12	19	1	1	0	1	0.3	0.3182	0.65	0.0896	16	49	65	360	1	0	12	1	1	0	1	0.321739	0.315535	0.506957	0.239465	430	887	1317
8523	12/26/2011	1	0	12	20	1	1	0	1	0.3	0.3182	0.56	0.0896	14	42	56	360	1	0	12	1	1	0	1	0.321739	0.315535	0.506957	0.239465	430	887	1317
8524	12/26/2011	1	0	12	21	1	1	0	1	0.26	0.303	0.7	0	10	39	49	360	1	0	12	1	1	0	1	0.321739	0.315535	0.506957	0.239465	430	887	1317
8525	12/26/2011	1	0	12	22	1	1	0	1	0.26	0.303	0.7	0	5	22	27	360	1	0	12	1	1	0	1	0.321739	0.315535	0.506957	0.239465	430	887	1317
8526	12/26/2011	1	0	12	23	1	1	0	1	0.26	0.2727	0.7	0.1045	4	25	29	360	1	0	12	1	1	0	1	0.321739	0.315535	0.506957	0.239465	430	887	1317
8527	12/27/2011	1	0	12	0	0	2	1	1	0.26	0.2576	0.7	0.1642	3	9	12	361	1	0	12	0	2	1	2	0.325	0.327633	0.7625	0.18845	103	1059	1162
8528	12/27/2011	1	0	12	1	0	2	1	1	0.26	0.2727	0.7	0.1343	0	6	6	361	1	0	12	0	2	1	2	0.325	0.327633	0.7625	0.18845	103	1059	1162
8529	12/27/2011	1	0	12	2	0	2	1	1	0.26	0.2727	0.7	0.1343	2	2	4	361	1	0	12	0	2	1	2	0.325	0.327633	0.7625	0.18845	103	1059	1162
8530	12/27/2011	1	0	12	3	0	2	1	2	0.3	0.2879	0.61	0.2239	0	3	3	361	1	0	12	0	2	1	2	0.325	0.327633	0.7625	0.18845	103	1059	1162
8531	12/27/2011	1	0	12	4	0	2	1	2	0.3	0.2879	0.65	0.2239	0	3	3	361	1	0	12	0	2	1	2	0.325	0.327633	0.7625	0.18845	103	1059	1162
8532	12/27/2011	1	0	12	5	0	2	1	2	0.3	0.2727	0.64	0.2836	0	8	8	361	1	0	12	0	2	1	2	0.325	0.327633	0.7625	0.18845	103	1059	1162
8533	12/27/2011	1	0	12	6	0	2	1	2	0.3	0.2727	0.61	0.2985	0	35	35	361	1	0	12	0	2	1	2	0.325	0.327633	0.7625	0.18845	103	1059	1162
8534	12/27/2011	1	0	12	7	0	2	1	2	0.3	0.2879	0.65	0.2836	1	79	80	361	1	0	12	0	2	1	2	0.325	0.327633	0.7625	0.18845	103	1059	1162
8535	12/27/2011	1	0	12	8	0	2	1	2	0.3	0.303	0.65	0.1642	9	155	164	361	1	0	12	0	2	1	2	0.325	0.327633	0.7625	0.18845	103	1059	1162
8536	12/27/2011	1	0	12	9	0	2	1	3	0.32	0.3333	0.66	0.1045	19	85	104	361	1	0	12	0	2	1	2	0.325	0.327633	0.7625	0.18845	103	1059	1162
8537	12/27/2011	1	0	12	10	0	2	1	2	0.32	0.3333	0.66	0.0896	13	47	60	361	1	0	12	0	2	1	2	0.325	0.327633	0.7625	0.18845	103	1059	1162
8538	12/27/2011	1	0	12	11	0	2	1	3	0.32	0.3333	0.66	0.1045	6	24	30	361	1	0	12	0	2	1	2	0.325	0.327633	0.7625	0.18845	103	1059	1162
8539	12/27/2011	1	0	12	12	0	2	1	3	0.3	0.3182	0.81	0.0896	8	16	24	361	1	0	12	0	2	1	2	0.325	0.327633	0.7625	0.18845	103	1059	1162
8540	12/27/2011	1	0	12	13	0	2	1	3	0.3	0.303	0.87	0.1343	1	19	20	361	1	0	12	0	2	1	2	0.325	0.327633	0.7625	0.18845	103	1059	1162
8541	12/27/2011	1	0	12	14	0	2	1	3	0.42	0.4242	0.82	0.3881	0	14	14	361	1	0	12	0	2	1	2	0.325	0.327633	0.7625	0.18845	103	1059	1162
8542	12/27/2011	1	0	12	15	0	2	1	3	0.42	0.4242	0.82	0.3881	2	17	19	361	1	0	12	0	2	1	2	0.325	0.327633	0.7625	0.18845	103	1059	1162
8543	12/27/2011	1	0	12	16	0	2	1	3	0.44	0.4394	0.88	0.3284	2	44	46	361	1	0	12	0	2	1	2	0.325	0.327633	0.7625	0.18845	103	1059	1162
8544	12/27/2011	1	0	12	17	0	2	1	3	0.4	0.4091	0.87	0.1343	6	109	115	361	1	0	12	0	2	1	2	0.325	0.327633	0.7625	0.18845	103	1059	1162
8545	12/27/2011	1	0	12	18	0	2	1	1	0.38	0.3939	0.87	0.2836	9	126	135	361	1	0	12	0	2	1	2	0.325	0.327633	0.7625	0.18845	103	1059	1162
8546	12/27/2011	1	0	12	19	0	2	1	1	0.34	0.3333	0.87	0.1642	3	87	90	361	1	0	12	0	2	1	2	0.325	0.327633	0.7625	0.18845	103	1059	1162
8547	12/27/2011	1	0	12	20	0	2	1	1	0.32	0.3333	0.93	0.0896	3	66	69	361	1	0	12	0	2	1	2	0.325	0.327633	0.7625	0.18845	103	1059	1162
8548	12/27/2011	1	0	12	21	0	2	1	1	0.32	0.3333	0.87	0.0896	11	52	63	361	1	0	12	0	2	1	2	0.325	0.327633	0.7625	0.18845	103	1059	1162
8549	12/27/2011	1	0	12	22	0	2	1	1	0.32	0.3333	0.87	0.0896	3	29	32	361	1	0	12	0	2	1	2	0.325	0.327633	0.7625	0.18845	103	1059	1162
8550	12/27/2011	1	0	12	23	0	2	1	1	0.3	0.303	0.93	0.1343	2	24	26	361	1	0	12	0	2	1	2	0.325	0.327633	0.7625	0.18845	103	1059	1162
8551	12/28/2011	1	0	12	0	0	3	1	1	0.32	0.3182	0.87	0.1642	0	10	10	362	1	0	12	0	3	1	1	0.29913	0.279974	0.503913	0.293961	255	2047	2302
8552	12/28/2011	1	0	12	1	0	3	1	1	0.32	0.3182	0.76	0.1642	0	12	12	362	1	0	12	0	3	1	1	0.29913	0.279974	0.503913	0.293961	255	2047	2302
8553	12/28/2011	1	0	12	2	0	3	1	1	0.32	0.303	0.61	0.2537	0	7	7	362	1	0	12	0	3	1	1	0.29913	0.279974	0.503913	0.293961	255	2047	2302
8554	12/28/2011	1	0	12	3	0	3	1	1	0.32	0.303	0.61	0.2537	0	4	4	362	1	0	12	0	3	1	1	0.29913	0.279974	0.503913	0.293961	255	2047	2302
8555	12/28/2011	1	0	12	5	0	3	1	1	0.32	0.2879	0.57	0.3582	0	9	9	362	1	0	12	0	3	1	1	0.29913	0.279974	0.503913	0.293961	255	2047	2302
8556	12/28/2011	1	0	12	6	0	3	1	1	0.32	0.303	0.57	0.2537	1	42	43	362	1	0	12	0	3	1	1	0.29913	0.279974	0.503913	0.293961	255	2047	2302
8557	12/28/2011	1	0	12	7	0	3	1	1	0.32	0.303	0.57	0.2537	4	106	110	362	1	0	12	0	3	1	1	0.29913	0.279974	0.503913	0.293961	255	2047	2302
8558	12/28/2011	1	0	12	8	0	3	1	1	0.32	0.2879	0.57	0.3582	11	206	217	362	1	0	12	0	3	1	1	0.29913	0.279974	0.503913	0.293961	255	2047	2302
8559	12/28/2011	1	0	12	9	0	3	1	1	0.32	0.303	0.57	0.3284	18	171	189	362	1	0	12	0	3	1	1	0.29913	0.279974	0.503913	0.293961	255	2047	2302
8560	12/28/2011	1	0	12	10	0	3	1	1	0.34	0.3182	0.57	0.2239	12	84	96	362	1	0	12	0	3	1	1	0.29913	0.279974	0.503913	0.293961	255	2047	2302
8561	12/28/2011	1	0	12	11	0	3	1	1	0.36	0.3333	0.46	0.3582	18	93	111	362	1	0	12	0	3	1	1	0.29913	0.279974	0.503913	0.293961	255	2047	2302
8562	12/28/2011	1	0	12	12	0	3	1	1	0.34	0.2879	0.46	0.5522	32	108	140	362	1	0	12	0	3	1	1	0.29913	0.279974	0.503913	0.293961	255	2047	2302
8563	12/28/2011	1	0	12	13	0	3	1	1	0.34	0.2879	0.39	0.4627	24	135	159	362	1	0	12	0	3	1	1	0.29913	0.279974	0.503913	0.293961	255	2047	2302
8564	12/28/2011	1	0	12	14	0	3	1	1	0.32	0.2879	0.39	0.3881	24	96	120	362	1	0	12	0	3	1	1	0.29913	0.279974	0.503913	0.293961	255	2047	2302
8565	12/28/2011	1	0	12	15	0	3	1	1	0.32	0.2879	0.36	0.4179	16	101	117	362	1	0	12	0	3	1	1	0.29913	0.279974	0.503913	0.293961	255	2047	2302
8566	12/28/2011	1	0	12	16	0	3	1	1	0.3	0.2727	0.36	0.4179	23	144	167	362	1	0	12	0	3	1	1	0.29913	0.279974	0.503913	0.293961	255	2047	2302
8567	12/28/2011	1	0	12	17	0	3	1	1	0.28	0.2727	0.38	0.2537	25	225	250	362	1	0	12	0	3	1	1	0.29913	0.279974	0.503913	0.293961	255	2047	2302
8568	12/28/2011	1	0	12	18	0	3	1	1	0.26	0.2273	0.38	0.3284	10	159	169	362	1	0	12	0	3	1	1	0.29913	0.279974	0.503913	0.293961	255	2047	2302
8569	12/28/2011	1	0	12	19	0	3	1	1	0.24	0.2273	0.41	0.2537	16	135	151	362	1	0	12	0	3	1	1	0.29913	0.279974	0.503913	0.293961	255	2047	2302
8570	12/28/2011	1	0	12	20	0	3	1	1	0.24	0.2273	0.41	0.2239	9	70	79	362	1	0	12	0	3	1	1	0.29913	0.279974	0.503913	0.293961	255	2047	2302
8571	12/28/2011	1	0	12	21	0	3	1	1	0.22	0.2273	0.44	0.1343	7	63	70	362	1	0	12	0	3	1	1	0.29913	0.279974	0.503913	0.293961	255	2047	2302
8572	12/28/2011	1	0	12	22	0	3	1	1	0.22	0.2424	0.44	0.1045	2	31	33	362	1	0	12	0	3	1	1	0.29913	0.279974	0.503913	0.293961	255	2047	2302
8573	12/28/2011	1	0	12	23	0	3	1	1	0.22	0.2121	0.44	0.2537	3	36	39	362	1	0	12	0	3	1	1	0.29913	0.279974	0.503913	0.293961	255	2047	2302
8574	12/29/2011	1	0	12	0	0	4	1	2	0.22	0.2273	0.47	0.194	4	24	28	363	1	0	12	0	4	1	1	0.248333	0.263892	0.574167	0.119412	254	2169	2423
8575	12/29/2011	1	0	12	1	0	4	1	1	0.22	0.2121	0.47	0.2239	0	15	15	363	1	0	12	0	4	1	1	0.248333	0.263892	0.574167	0.119412	254	2169	2423
8576	12/29/2011	1	0	12	2	0	4	1	1	0.2	0.2273	0.51	0.1045	0	3	3	363	1	0	12	0	4	1	1	0.248333	0.263892	0.574167	0.119412	254	2169	2423
8577	12/29/2011	1	0	12	3	0	4	1	1	0.2	0.197	0.55	0.194	0	2	2	363	1	0	12	0	4	1	1	0.248333	0.263892	0.574167	0.119412	254	2169	2423
8578	12/29/2011	1	0	12	4	0	4	1	1	0.2	0.2121	0.55	0.1642	1	2	3	363	1	0	12	0	4	1	1	0.248333	0.263892	0.574167	0.119412	254	2169	2423
8579	12/29/2011	1	0	12	5	0	4	1	1	0.2	0.2273	0.55	0.1045	0	10	10	363	1	0	12	0	4	1	1	0.248333	0.263892	0.574167	0.119412	254	2169	2423
8580	12/29/2011	1	0	12	6	0	4	1	1	0.2	0.2576	0.59	0	2	39	41	363	1	0	12	0	4	1	1	0.248333	0.263892	0.574167	0.119412	254	2169	2423
8581	12/29/2011	1	0	12	7	0	4	1	1	0.18	0.2121	0.64	0.0896	2	104	106	363	1	0	12	0	4	1	1	0.248333	0.263892	0.574167	0.119412	254	2169	2423
8582	12/29/2011	1	0	12	8	0	4	1	2	0.2	0.2576	0.64	0	3	207	210	363	1	0	12	0	4	1	1	0.248333	0.263892	0.574167	0.119412	254	2169	2423
8583	12/29/2011	1	0	12	9	0	4	1	2	0.2	0.2121	0.64	0.1343	15	155	170	363	1	0	12	0	4	1	1	0.248333	0.263892	0.574167	0.119412	254	2169	2423
8584	12/29/2011	1	0	12	10	0	4	1	2	0.22	0.2273	0.64	0.1642	13	97	110	363	1	0	12	0	4	1	1	0.248333	0.263892	0.574167	0.119412	254	2169	2423
8585	12/29/2011	1	0	12	11	0	4	1	2	0.24	0.2576	0.6	0.0896	23	99	122	363	1	0	12	0	4	1	1	0.248333	0.263892	0.574167	0.119412	254	2169	2423
8586	12/29/2011	1	0	12	12	0	4	1	2	0.26	0.2727	0.56	0.1045	12	118	130	363	1	0	12	0	4	1	1	0.248333	0.263892	0.574167	0.119412	254	2169	2423
8587	12/29/2011	1	0	12	13	0	4	1	2	0.28	0.2879	0.52	0.1045	36	95	131	363	1	0	12	0	4	1	1	0.248333	0.263892	0.574167	0.119412	254	2169	2423
8588	12/29/2011	1	0	12	14	0	4	1	2	0.3	0.3333	0.52	0	30	112	142	363	1	0	12	0	4	1	1	0.248333	0.263892	0.574167	0.119412	254	2169	2423
8589	12/29/2011	1	0	12	15	0	4	1	2	0.3	0.3182	0.52	0.0896	27	150	177	363	1	0	12	0	4	1	1	0.248333	0.263892	0.574167	0.119412	254	2169	2423
8590	12/29/2011	1	0	12	16	0	4	1	1	0.3	0.303	0.52	0.1642	22	155	177	363	1	0	12	0	4	1	1	0.248333	0.263892	0.574167	0.119412	254	2169	2423
8591	12/29/2011	1	0	12	17	0	4	1	1	0.3	0.303	0.61	0.1642	14	226	240	363	1	0	12	0	4	1	1	0.248333	0.263892	0.574167	0.119412	254	2169	2423
8592	12/29/2011	1	0	12	18	0	4	1	1	0.3	0.303	0.56	0.1343	15	192	207	363	1	0	12	0	4	1	1	0.248333	0.263892	0.574167	0.119412	254	2169	2423
8593	12/29/2011	1	0	12	19	0	4	1	1	0.3	0.3182	0.56	0.1045	11	124	135	363	1	0	12	0	4	1	1	0.248333	0.263892	0.574167	0.119412	254	2169	2423
8594	12/29/2011	1	0	12	20	0	4	1	1	0.28	0.2879	0.65	0.1045	8	88	96	363	1	0	12	0	4	1	1	0.248333	0.263892	0.574167	0.119412	254	2169	2423
8595	12/29/2011	1	0	12	21	0	4	1	2	0.28	0.2879	0.61	0.1343	8	60	68	363	1	0	12	0	4	1	1	0.248333	0.263892	0.574167	0.119412	254	2169	2423
8596	12/29/2011	1	0	12	22	0	4	1	1	0.28	0.2879	0.65	0.1343	7	48	55	363	1	0	12	0	4	1	1	0.248333	0.263892	0.574167	0.119412	254	2169	2423
8597	12/29/2011	1	0	12	23	0	4	1	1	0.3	0.303	0.65	0.1642	1	44	45	363	1	0	12	0	4	1	1	0.248333	0.263892	0.574167	0.119412	254	2169	2423
8598	12/30/2011	1	0	12	0	0	5	1	1	0.28	0.2879	0.7	0.1343	4	26	30	364	1	0	12	0	5	1	1	0.311667	0.318812	0.636667	0.134337	491	2508	2999
8599	12/30/2011	1	0	12	1	0	5	1	1	0.26	0.2879	0.65	0.0896	9	11	20	364	1	0	12	0	5	1	1	0.311667	0.318812	0.636667	0.134337	491	2508	2999
8600	12/30/2011	1	0	12	2	0	5	1	1	0.24	0.2576	0.7	0.1045	2	10	12	364	1	0	12	0	5	1	1	0.311667	0.318812	0.636667	0.134337	491	2508	2999
8601	12/30/2011	1	0	12	3	0	5	1	1	0.24	0.2576	0.7	0.1045	0	6	6	364	1	0	12	0	5	1	1	0.311667	0.318812	0.636667	0.134337	491	2508	2999
8602	12/30/2011	1	0	12	4	0	5	1	1	0.24	0.2576	0.7	0.0896	0	2	2	364	1	0	12	0	5	1	1	0.311667	0.318812	0.636667	0.134337	491	2508	2999
8603	12/30/2011	1	0	12	5	0	5	1	1	0.22	0.2576	0.75	0.0896	0	10	10	364	1	0	12	0	5	1	1	0.311667	0.318812	0.636667	0.134337	491	2508	2999
8604	12/30/2011	1	0	12	6	0	5	1	1	0.24	0.2576	0.7	0.0896	1	31	32	364	1	0	12	0	5	1	1	0.311667	0.318812	0.636667	0.134337	491	2508	2999
8605	12/30/2011	1	0	12	7	0	5	1	1	0.24	0.2576	0.75	0.0896	3	92	95	364	1	0	12	0	5	1	1	0.311667	0.318812	0.636667	0.134337	491	2508	2999
8606	12/30/2011	1	0	12	8	0	5	1	2	0.24	0.2576	0.75	0.0896	12	193	205	364	1	0	12	0	5	1	1	0.311667	0.318812	0.636667	0.134337	491	2508	2999
8607	12/30/2011	1	0	12	9	0	5	1	1	0.26	0.303	0.75	0	19	175	194	364	1	0	12	0	5	1	1	0.311667	0.318812	0.636667	0.134337	491	2508	2999
8608	12/30/2011	1	0	12	10	0	5	1	1	0.3	0.2879	0.65	0.2537	10	108	118	364	1	0	12	0	5	1	1	0.311667	0.318812	0.636667	0.134337	491	2508	2999
8609	12/30/2011	1	0	12	11	0	5	1	1	0.32	0.3182	0.66	0.194	45	126	171	364	1	0	12	0	5	1	1	0.311667	0.318812	0.636667	0.134337	491	2508	2999
8610	12/30/2011	1	0	12	12	0	5	1	1	0.32	0.3333	0.57	0.1343	38	159	197	364	1	0	12	0	5	1	1	0.311667	0.318812	0.636667	0.134337	491	2508	2999
8611	12/30/2011	1	0	12	13	0	5	1	2	0.36	0.3485	0.53	0.1343	53	154	207	364	1	0	12	0	5	1	1	0.311667	0.318812	0.636667	0.134337	491	2508	2999
8612	12/30/2011	1	0	12	14	0	5	1	2	0.4	0.4091	0.47	0.0896	67	178	245	364	1	0	12	0	5	1	1	0.311667	0.318812	0.636667	0.134337	491	2508	2999
8613	12/30/2011	1	0	12	15	0	5	1	1	0.42	0.4242	0.44	0	56	236	292	364	1	0	12	0	5	1	1	0.311667	0.318812	0.636667	0.134337	491	2508	2999
8614	12/30/2011	1	0	12	16	0	5	1	1	0.42	0.4242	0.47	0.194	36	247	283	364	1	0	12	0	5	1	1	0.311667	0.318812	0.636667	0.134337	491	2508	2999
8615	12/30/2011	1	0	12	17	0	5	1	1	0.38	0.3939	0.54	0.1642	54	188	242	364	1	0	12	0	5	1	1	0.311667	0.318812	0.636667	0.134337	491	2508	2999
8616	12/30/2011	1	0	12	18	0	5	1	1	0.36	0.3485	0.62	0.1343	19	163	182	364	1	0	12	0	5	1	1	0.311667	0.318812	0.636667	0.134337	491	2508	2999
8617	12/30/2011	1	0	12	19	0	5	1	2	0.34	0.303	0.49	0.4179	16	96	112	364	1	0	12	0	5	1	1	0.311667	0.318812	0.636667	0.134337	491	2508	2999
8618	12/30/2011	1	0	12	20	0	5	1	2	0.34	0.3485	0.66	0.1045	16	75	91	364	1	0	12	0	5	1	1	0.311667	0.318812	0.636667	0.134337	491	2508	2999
8619	12/30/2011	1	0	12	21	0	5	1	2	0.36	0.3636	0.66	0.1045	11	84	95	364	1	0	12	0	5	1	1	0.311667	0.318812	0.636667	0.134337	491	2508	2999
8620	12/30/2011	1	0	12	22	0	5	1	2	0.34	0.3333	0.71	0.1642	7	78	85	364	1	0	12	0	5	1	1	0.311667	0.318812	0.636667	0.134337	491	2508	2999
8621	12/30/2011	1	0	12	23	0	5	1	2	0.36	0.3333	0.66	0.2537	13	60	73	364	1	0	12	0	5	1	1	0.311667	0.318812	0.636667	0.134337	491	2508	2999
8622	12/31/2011	1	0	12	0	0	6	0	2	0.38	0.3939	0.62	0.3284	7	37	44	365	1	0	12	0	6	0	1	0.41	0.414121	0.615833	0.220154	665	1820	2485
8623	12/31/2011	1	0	12	1	0	6	0	2	0.4	0.4091	0.62	0.2836	4	31	35	365	1	0	12	0	6	0	1	0.41	0.414121	0.615833	0.220154	665	1820	2485
8624	12/31/2011	1	0	12	2	0	6	0	2	0.4	0.4091	0.62	0.2836	1	27	28	365	1	0	12	0	6	0	1	0.41	0.414121	0.615833	0.220154	665	1820	2485
8625	12/31/2011	1	0	12	3	0	6	0	2	0.4	0.4091	0.62	0.2836	1	17	18	365	1	0	12	0	6	0	1	0.41	0.414121	0.615833	0.220154	665	1820	2485
8626	12/31/2011	1	0	12	4	0	6	0	1	0.38	0.3939	0.71	0.2239	1	9	10	365	1	0	12	0	6	0	1	0.41	0.414121	0.615833	0.220154	665	1820	2485
8627	12/31/2011	1	0	12	5	0	6	0	2	0.36	0.3485	0.76	0.2239	1	0	1	365	1	0	12	0	6	0	1	0.41	0.414121	0.615833	0.220154	665	1820	2485
8628	12/31/2011	1	0	12	6	0	6	0	2	0.4	0.4091	0.71	0.0896	1	5	6	365	1	0	12	0	6	0	1	0.41	0.414121	0.615833	0.220154	665	1820	2485
8629	12/31/2011	1	0	12	7	0	6	0	3	0.38	0.3939	0.76	0	6	13	19	365	1	0	12	0	6	0	1	0.41	0.414121	0.615833	0.220154	665	1820	2485
8630	12/31/2011	1	0	12	8	0	6	0	1	0.34	0.3333	0.81	0.1343	7	42	49	365	1	0	12	0	6	0	1	0.41	0.414121	0.615833	0.220154	665	1820	2485
8631	12/31/2011	1	0	12	9	0	6	0	1	0.38	0.3939	0.76	0	18	72	90	365	1	0	12	0	6	0	1	0.41	0.414121	0.615833	0.220154	665	1820	2485
8632	12/31/2011	1	0	12	10	0	6	0	1	0.4	0.4091	0.76	0.1642	20	108	128	365	1	0	12	0	6	0	1	0.41	0.414121	0.615833	0.220154	665	1820	2485
8633	12/31/2011	1	0	12	11	0	6	0	1	0.42	0.4242	0.71	0.1642	65	152	217	365	1	0	12	0	6	0	1	0.41	0.414121	0.615833	0.220154	665	1820	2485
8634	12/31/2011	1	0	12	12	0	6	0	1	0.52	0.5	0.39	0.2985	93	180	273	365	1	0	12	0	6	0	1	0.41	0.414121	0.615833	0.220154	665	1820	2485
8635	12/31/2011	1	0	12	13	0	6	0	1	0.5	0.4848	0.42	0.4925	108	205	313	365	1	0	12	0	6	0	1	0.41	0.414121	0.615833	0.220154	665	1820	2485
8636	12/31/2011	1	0	12	14	0	6	0	1	0.46	0.4545	0.51	0.3284	115	185	300	365	1	0	12	0	6	0	1	0.41	0.414121	0.615833	0.220154	665	1820	2485
8637	12/31/2011	1	0	12	15	0	6	0	1	0.46	0.4545	0.47	0.4925	89	164	253	365	1	0	12	0	6	0	1	0.41	0.414121	0.615833	0.220154	665	1820	2485
8638	12/31/2011	1	0	12	16	0	6	0	1	0.44	0.4394	0.51	0.3881	52	143	195	365	1	0	12	0	6	0	1	0.41	0.414121	0.615833	0.220154	665	1820	2485
8639	12/31/2011	1	0	12	17	0	6	0	1	0.42	0.4242	0.54	0.194	28	101	129	365	1	0	12	0	6	0	1	0.41	0.414121	0.615833	0.220154	665	1820	2485
8640	12/31/2011	1	0	12	18	0	6	0	1	0.42	0.4242	0.54	0.1343	13	80	93	365	1	0	12	0	6	0	1	0.41	0.414121	0.615833	0.220154	665	1820	2485
8641	12/31/2011	1	0	12	19	0	6	0	1	0.42	0.4242	0.54	0.2239	19	73	92	365	1	0	12	0	6	0	1	0.41	0.414121	0.615833	0.220154	665	1820	2485
8642	12/31/2011	1	0	12	20	0	6	0	1	0.42	0.4242	0.54	0.2239	8	63	71	365	1	0	12	0	6	0	1	0.41	0.414121	0.615833	0.220154	665	1820	2485
8643	12/31/2011	1	0	12	21	0	6	0	1	0.4	0.4091	0.58	0.194	2	50	52	365	1	0	12	0	6	0	1	0.41	0.414121	0.615833	0.220154	665	1820	2485
8644	12/31/2011	1	0	12	22	0	6	0	1	0.38	0.3939	0.62	0.1343	2	36	38	365	1	0	12	0	6	0	1	0.41	0.414121	0.615833	0.220154	665	1820	2485
8645	12/31/2011	1	0	12	23	0	6	0	1	0.36	0.3788	0.66	0	4	27	31	365	1	0	12	0	6	0	1	0.41	0.414121	0.615833	0.220154	665	1820	2485
8646	1/1/2012	1	1	1	0	0	0	0	1	0.36	0.3788	0.66	0	5	43	48	366	1	1	1	0	0	0	1	0.37	0.375621	0.6925	0.192167	686	1608	2294
8647	1/1/2012	1	1	1	1	0	0	0	1	0.36	0.3485	0.66	0.1343	15	78	93	366	1	1	1	0	0	0	1	0.37	0.375621	0.6925	0.192167	686	1608	2294
8648	1/1/2012	1	1	1	2	0	0	0	1	0.32	0.3485	0.76	0	16	59	75	366	1	1	1	0	0	0	1	0.37	0.375621	0.6925	0.192167	686	1608	2294
8649	1/1/2012	1	1	1	3	0	0	0	1	0.3	0.3333	0.81	0	11	41	52	366	1	1	1	0	0	0	1	0.37	0.375621	0.6925	0.192167	686	1608	2294
8650	1/1/2012	1	1	1	4	0	0	0	1	0.28	0.303	0.81	0.0896	0	8	8	366	1	1	1	0	0	0	1	0.37	0.375621	0.6925	0.192167	686	1608	2294
8651	1/1/2012	1	1	1	5	0	0	0	1	0.28	0.2879	0.81	0.1045	0	5	5	366	1	1	1	0	0	0	1	0.37	0.375621	0.6925	0.192167	686	1608	2294
8652	1/1/2012	1	1	1	6	0	0	0	1	0.26	0.2727	0.93	0.1343	1	1	2	366	1	1	1	0	0	0	1	0.37	0.375621	0.6925	0.192167	686	1608	2294
8653	1/1/2012	1	1	1	7	0	0	0	1	0.26	0.2576	0.93	0.1642	1	6	7	366	1	1	1	0	0	0	1	0.37	0.375621	0.6925	0.192167	686	1608	2294
8654	1/1/2012	1	1	1	8	0	0	0	1	0.26	0.2727	0.87	0.1045	4	10	14	366	1	1	1	0	0	0	1	0.37	0.375621	0.6925	0.192167	686	1608	2294
8655	1/1/2012	1	1	1	9	0	0	0	1	0.26	0.2727	0.93	0.1045	13	27	40	366	1	1	1	0	0	0	1	0.37	0.375621	0.6925	0.192167	686	1608	2294
8656	1/1/2012	1	1	1	10	0	0	0	1	0.3	0.3182	0.81	0.1045	18	52	70	366	1	1	1	0	0	0	1	0.37	0.375621	0.6925	0.192167	686	1608	2294
8657	1/1/2012	1	1	1	11	0	0	0	1	0.34	0.3333	0.76	0.1343	40	98	138	366	1	1	1	0	0	0	1	0.37	0.375621	0.6925	0.192167	686	1608	2294
8658	1/1/2012	1	1	1	12	0	0	0	1	0.4	0.4091	0.62	0.2836	58	143	201	366	1	1	1	0	0	0	1	0.37	0.375621	0.6925	0.192167	686	1608	2294
8659	1/1/2012	1	1	1	13	0	0	0	1	0.42	0.4242	0.58	0.2836	82	141	223	366	1	1	1	0	0	0	1	0.37	0.375621	0.6925	0.192167	686	1608	2294
8660	1/1/2012	1	1	1	14	0	0	0	1	0.44	0.4394	0.54	0.2985	120	147	267	366	1	1	1	0	0	0	1	0.37	0.375621	0.6925	0.192167	686	1608	2294
8661	1/1/2012	1	1	1	15	0	0	0	1	0.46	0.4545	0.51	0.2985	101	164	265	366	1	1	1	0	0	0	1	0.37	0.375621	0.6925	0.192167	686	1608	2294
8662	1/1/2012	1	1	1	16	0	0	0	2	0.44	0.4394	0.54	0.2985	68	147	215	366	1	1	1	0	0	0	1	0.37	0.375621	0.6925	0.192167	686	1608	2294
8663	1/1/2012	1	1	1	17	0	0	0	2	0.48	0.4697	0.48	0.1642	36	75	111	366	1	1	1	0	0	0	1	0.37	0.375621	0.6925	0.192167	686	1608	2294
8664	1/1/2012	1	1	1	18	0	0	0	3	0.46	0.4545	0.59	0.2537	25	81	106	366	1	1	1	0	0	0	1	0.37	0.375621	0.6925	0.192167	686	1608	2294
8665	1/1/2012	1	1	1	19	0	0	0	3	0.42	0.4242	0.67	0.3881	20	85	105	366	1	1	1	0	0	0	1	0.37	0.375621	0.6925	0.192167	686	1608	2294
8666	1/1/2012	1	1	1	20	0	0	0	2	0.44	0.4394	0.62	0.2985	25	58	83	366	1	1	1	0	0	0	1	0.37	0.375621	0.6925	0.192167	686	1608	2294
8667	1/1/2012	1	1	1	21	0	0	0	2	0.44	0.4394	0.67	0.2537	10	61	71	366	1	1	1	0	0	0	1	0.37	0.375621	0.6925	0.192167	686	1608	2294
8668	1/1/2012	1	1	1	22	0	0	0	1	0.46	0.4545	0.55	0.4179	13	53	66	366	1	1	1	0	0	0	1	0.37	0.375621	0.6925	0.192167	686	1608	2294
8669	1/1/2012	1	1	1	23	0	0	0	1	0.44	0.4394	0.51	0.2985	4	25	29	366	1	1	1	0	0	0	1	0.37	0.375621	0.6925	0.192167	686	1608	2294
8670	1/2/2012	1	1	1	0	1	1	0	1	0.4	0.4091	0.4	0.4627	8	31	39	367	1	1	1	1	1	0	1	0.273043	0.252304	0.381304	0.329665	244	1707	1951
8671	1/2/2012	1	1	1	1	1	1	0	1	0.36	0.3333	0.43	0.4179	1	11	12	367	1	1	1	1	1	0	1	0.273043	0.252304	0.381304	0.329665	244	1707	1951
8672	1/2/2012	1	1	1	2	1	1	0	1	0.36	0.3182	0.34	0.4478	1	6	7	367	1	1	1	1	1	0	1	0.273043	0.252304	0.381304	0.329665	244	1707	1951
8673	1/2/2012	1	1	1	4	1	1	0	1	0.28	0.2576	0.45	0.3284	0	4	4	367	1	1	1	1	1	0	1	0.273043	0.252304	0.381304	0.329665	244	1707	1951
8674	1/2/2012	1	1	1	5	1	1	0	1	0.28	0.2576	0.45	0.3284	1	3	4	367	1	1	1	1	1	0	1	0.273043	0.252304	0.381304	0.329665	244	1707	1951
8675	1/2/2012	1	1	1	6	1	1	0	1	0.26	0.2273	0.41	0.3881	0	14	14	367	1	1	1	1	1	0	1	0.273043	0.252304	0.381304	0.329665	244	1707	1951
8676	1/2/2012	1	1	1	7	1	1	0	1	0.24	0.2121	0.32	0.3881	0	16	16	367	1	1	1	1	1	0	1	0.273043	0.252304	0.381304	0.329665	244	1707	1951
8677	1/2/2012	1	1	1	8	1	1	0	1	0.24	0.2273	0.35	0.2537	2	51	53	367	1	1	1	1	1	0	1	0.273043	0.252304	0.381304	0.329665	244	1707	1951
8678	1/2/2012	1	1	1	9	1	1	0	1	0.24	0.2576	0.35	0	15	53	68	367	1	1	1	1	1	0	1	0.273043	0.252304	0.381304	0.329665	244	1707	1951
8679	1/2/2012	1	1	1	10	1	1	0	1	0.26	0.2424	0.35	0.2836	20	89	109	367	1	1	1	1	1	0	1	0.273043	0.252304	0.381304	0.329665	244	1707	1951
8680	1/2/2012	1	1	1	11	1	1	0	1	0.26	0.2121	0.35	0.4925	33	142	175	367	1	1	1	1	1	0	1	0.273043	0.252304	0.381304	0.329665	244	1707	1951
8681	1/2/2012	1	1	1	12	1	1	0	1	0.28	0.2727	0.36	0.2537	41	161	202	367	1	1	1	1	1	0	1	0.273043	0.252304	0.381304	0.329665	244	1707	1951
8682	1/2/2012	1	1	1	13	1	1	0	1	0.3	0.2727	0.36	0.2985	26	150	176	367	1	1	1	1	1	0	1	0.273043	0.252304	0.381304	0.329665	244	1707	1951
8683	1/2/2012	1	1	1	14	1	1	0	1	0.3	0.2727	0.36	0.4179	10	141	151	367	1	1	1	1	1	0	1	0.273043	0.252304	0.381304	0.329665	244	1707	1951
8684	1/2/2012	1	1	1	15	1	1	0	1	0.28	0.2424	0.38	0.4478	29	139	168	367	1	1	1	1	1	0	1	0.273043	0.252304	0.381304	0.329665	244	1707	1951
8685	1/2/2012	1	1	1	16	1	1	0	1	0.26	0.2273	0.35	0.4179	10	144	154	367	1	1	1	1	1	0	1	0.273043	0.252304	0.381304	0.329665	244	1707	1951
8686	1/2/2012	1	1	1	17	1	1	0	1	0.26	0.2273	0.35	0.3881	17	136	153	367	1	1	1	1	1	0	1	0.273043	0.252304	0.381304	0.329665	244	1707	1951
8687	1/2/2012	1	1	1	18	1	1	0	1	0.26	0.2424	0.33	0.2537	13	113	126	367	1	1	1	1	1	0	1	0.273043	0.252304	0.381304	0.329665	244	1707	1951
8688	1/2/2012	1	1	1	19	1	1	0	1	0.24	0.2273	0.38	0.2239	4	89	93	367	1	1	1	1	1	0	1	0.273043	0.252304	0.381304	0.329665	244	1707	1951
8689	1/2/2012	1	1	1	20	1	1	0	1	0.24	0.2273	0.41	0.2239	5	83	88	367	1	1	1	1	1	0	1	0.273043	0.252304	0.381304	0.329665	244	1707	1951
8690	1/2/2012	1	1	1	21	1	1	0	2	0.24	0.2121	0.41	0.3284	3	63	66	367	1	1	1	1	1	0	1	0.273043	0.252304	0.381304	0.329665	244	1707	1951
8691	1/2/2012	1	1	1	22	1	1	0	2	0.22	0.2121	0.44	0.2836	3	36	39	367	1	1	1	1	1	0	1	0.273043	0.252304	0.381304	0.329665	244	1707	1951
8692	1/2/2012	1	1	1	23	1	1	0	1	0.22	0.2121	0.44	0.2537	2	32	34	367	1	1	1	1	1	0	1	0.273043	0.252304	0.381304	0.329665	244	1707	1951
8693	1/3/2012	1	1	1	0	0	2	1	1	0.2	0.197	0.51	0.2537	0	13	13	368	1	1	1	0	2	1	1	0.15	0.126275	0.44125	0.365671	89	2147	2236
8694	1/3/2012	1	1	1	1	0	2	1	1	0.18	0.1818	0.55	0.2239	1	5	6	368	1	1	1	0	2	1	1	0.15	0.126275	0.44125	0.365671	89	2147	2236
8695	1/3/2012	1	1	1	2	0	2	1	1	0.18	0.1667	0.51	0.2537	0	3	3	368	1	1	1	0	2	1	1	0.15	0.126275	0.44125	0.365671	89	2147	2236
8696	1/3/2012	1	1	1	3	0	2	1	1	0.16	0.1364	0.55	0.2836	0	2	2	368	1	1	1	0	2	1	1	0.15	0.126275	0.44125	0.365671	89	2147	2236
8697	1/3/2012	1	1	1	4	0	2	1	1	0.16	0.1515	0.55	0.2537	0	5	5	368	1	1	1	0	2	1	1	0.15	0.126275	0.44125	0.365671	89	2147	2236
8698	1/3/2012	1	1	1	5	0	2	1	1	0.14	0.1364	0.54	0.194	0	12	12	368	1	1	1	0	2	1	1	0.15	0.126275	0.44125	0.365671	89	2147	2236
8699	1/3/2012	1	1	1	6	0	2	1	1	0.14	0.1212	0.59	0.2836	4	81	85	368	1	1	1	0	2	1	1	0.15	0.126275	0.44125	0.365671	89	2147	2236
8700	1/3/2012	1	1	1	7	0	2	1	1	0.14	0.1212	0.59	0.2537	2	168	170	368	1	1	1	0	2	1	1	0.15	0.126275	0.44125	0.365671	89	2147	2236
8701	1/3/2012	1	1	1	8	0	2	1	1	0.16	0.1364	0.55	0.2836	5	349	354	368	1	1	1	0	2	1	1	0.15	0.126275	0.44125	0.365671	89	2147	2236
8702	1/3/2012	1	1	1	9	0	2	1	1	0.16	0.1364	0.5	0.2836	8	145	153	368	1	1	1	0	2	1	1	0.15	0.126275	0.44125	0.365671	89	2147	2236
8703	1/3/2012	1	1	1	10	0	2	1	1	0.16	0.1212	0.47	0.4627	5	55	60	368	1	1	1	0	2	1	1	0.15	0.126275	0.44125	0.365671	89	2147	2236
8704	1/3/2012	1	1	1	11	0	2	1	1	0.18	0.1364	0.37	0.5224	12	63	75	368	1	1	1	0	2	1	1	0.15	0.126275	0.44125	0.365671	89	2147	2236
8705	1/3/2012	1	1	1	12	0	2	1	1	0.18	0.1364	0.37	0.5224	4	70	74	368	1	1	1	0	2	1	1	0.15	0.126275	0.44125	0.365671	89	2147	2236
8706	1/3/2012	1	1	1	13	0	2	1	1	0.18	0.1212	0.34	0.6567	5	68	73	368	1	1	1	0	2	1	1	0.15	0.126275	0.44125	0.365671	89	2147	2236
8707	1/3/2012	1	1	1	14	0	2	1	1	0.16	0.1212	0.43	0.5224	7	72	79	368	1	1	1	0	2	1	1	0.15	0.126275	0.44125	0.365671	89	2147	2236
8708	1/3/2012	1	1	1	15	0	2	1	1	0.16	0.1212	0.37	0.4179	9	68	77	368	1	1	1	0	2	1	1	0.15	0.126275	0.44125	0.365671	89	2147	2236
8709	1/3/2012	1	1	1	16	0	2	1	1	0.14	0.0909	0.39	0.5821	7	129	136	368	1	1	1	0	2	1	1	0.15	0.126275	0.44125	0.365671	89	2147	2236
8710	1/3/2012	1	1	1	17	0	2	1	1	0.14	0.1061	0.26	0.4627	4	241	245	368	1	1	1	0	2	1	1	0.15	0.126275	0.44125	0.365671	89	2147	2236
8711	1/3/2012	1	1	1	18	0	2	1	1	0.14	0.0909	0.26	0.5224	10	214	224	368	1	1	1	0	2	1	1	0.15	0.126275	0.44125	0.365671	89	2147	2236
8712	1/3/2012	1	1	1	19	0	2	1	1	0.12	0.0909	0.28	0.4179	4	152	156	368	1	1	1	0	2	1	1	0.15	0.126275	0.44125	0.365671	89	2147	2236
8713	1/3/2012	1	1	1	20	0	2	1	1	0.12	0.1212	0.33	0.2537	0	115	115	368	1	1	1	0	2	1	1	0.15	0.126275	0.44125	0.365671	89	2147	2236
8714	1/3/2012	1	1	1	21	0	2	1	1	0.1	0.1061	0.36	0.2239	2	66	68	368	1	1	1	0	2	1	1	0.15	0.126275	0.44125	0.365671	89	2147	2236
8715	1/3/2012	1	1	1	22	0	2	1	1	0.1	0.1061	0.46	0.2537	0	33	33	368	1	1	1	0	2	1	1	0.15	0.126275	0.44125	0.365671	89	2147	2236
8716	1/3/2012	1	1	1	23	0	2	1	1	0.1	0.0758	0.46	0.3881	0	18	18	368	1	1	1	0	2	1	1	0.15	0.126275	0.44125	0.365671	89	2147	2236
8717	1/4/2012	1	1	1	0	0	3	1	1	0.08	0.0606	0.42	0.3284	0	9	9	369	1	1	1	0	3	1	2	0.1075	0.119337	0.414583	0.1847	95	2273	2368
8718	1/4/2012	1	1	1	1	0	3	1	1	0.04	0.0303	0.38	0.2985	0	3	3	369	1	1	1	0	3	1	2	0.1075	0.119337	0.414583	0.1847	95	2273	2368
8719	1/4/2012	1	1	1	2	0	3	1	1	0.02	0.0152	0.34	0.2836	0	1	1	369	1	1	1	0	3	1	2	0.1075	0.119337	0.414583	0.1847	95	2273	2368
8720	1/4/2012	1	1	1	3	0	3	1	1	0.02	0.0152	0.34	0.2836	0	1	1	369	1	1	1	0	3	1	2	0.1075	0.119337	0.414583	0.1847	95	2273	2368
8721	1/4/2012	1	1	1	4	0	3	1	1	0.02	0.0455	0.41	0.194	0	2	2	369	1	1	1	0	3	1	2	0.1075	0.119337	0.414583	0.1847	95	2273	2368
8722	1/4/2012	1	1	1	5	0	3	1	1	0.02	0.0455	0.41	0.194	0	14	14	369	1	1	1	0	3	1	2	0.1075	0.119337	0.414583	0.1847	95	2273	2368
8723	1/4/2012	1	1	1	6	0	3	1	1	0.02	0.0455	0.41	0.1642	0	59	59	369	1	1	1	0	3	1	2	0.1075	0.119337	0.414583	0.1847	95	2273	2368
8724	1/4/2012	1	1	1	7	0	3	1	1	0.02	0.0455	0.44	0.194	1	151	152	369	1	1	1	0	3	1	2	0.1075	0.119337	0.414583	0.1847	95	2273	2368
8725	1/4/2012	1	1	1	8	0	3	1	1	0.02	0.0606	0.44	0.1343	5	310	315	369	1	1	1	0	3	1	2	0.1075	0.119337	0.414583	0.1847	95	2273	2368
8726	1/4/2012	1	1	1	9	0	3	1	1	0.04	0.0606	0.45	0.1343	7	173	180	369	1	1	1	0	3	1	2	0.1075	0.119337	0.414583	0.1847	95	2273	2368
8727	1/4/2012	1	1	1	10	0	3	1	1	0.06	0.1061	0.45	0	7	57	64	369	1	1	1	0	3	1	2	0.1075	0.119337	0.414583	0.1847	95	2273	2368
8728	1/4/2012	1	1	1	11	0	3	1	2	0.08	0.1212	0.42	0.0896	6	40	46	369	1	1	1	0	3	1	2	0.1075	0.119337	0.414583	0.1847	95	2273	2368
8729	1/4/2012	1	1	1	12	0	3	1	2	0.1	0.1061	0.46	0.194	9	75	84	369	1	1	1	0	3	1	2	0.1075	0.119337	0.414583	0.1847	95	2273	2368
8730	1/4/2012	1	1	1	13	0	3	1	2	0.14	0.1212	0.43	0.2537	9	82	91	369	1	1	1	0	3	1	2	0.1075	0.119337	0.414583	0.1847	95	2273	2368
8731	1/4/2012	1	1	1	14	0	3	1	2	0.14	0.1212	0.46	0.2537	6	69	75	369	1	1	1	0	3	1	2	0.1075	0.119337	0.414583	0.1847	95	2273	2368
8732	1/4/2012	1	1	1	15	0	3	1	2	0.18	0.1515	0.37	0.3284	9	81	90	369	1	1	1	0	3	1	2	0.1075	0.119337	0.414583	0.1847	95	2273	2368
8733	1/4/2012	1	1	1	16	0	3	1	2	0.18	0.1667	0.4	0.2836	8	123	131	369	1	1	1	0	3	1	2	0.1075	0.119337	0.414583	0.1847	95	2273	2368
8734	1/4/2012	1	1	1	17	0	3	1	2	0.2	0.197	0.4	0.194	9	272	281	369	1	1	1	0	3	1	2	0.1075	0.119337	0.414583	0.1847	95	2273	2368
8735	1/4/2012	1	1	1	18	0	3	1	2	0.2	0.2121	0.37	0.1343	9	280	289	369	1	1	1	0	3	1	2	0.1075	0.119337	0.414583	0.1847	95	2273	2368
8736	1/4/2012	1	1	1	19	0	3	1	2	0.2	0.2273	0.4	0.1045	2	182	184	369	1	1	1	0	3	1	2	0.1075	0.119337	0.414583	0.1847	95	2273	2368
8737	1/4/2012	1	1	1	20	0	3	1	2	0.2	0.197	0.4	0.194	2	121	123	369	1	1	1	0	3	1	2	0.1075	0.119337	0.414583	0.1847	95	2273	2368
8738	1/4/2012	1	1	1	21	0	3	1	2	0.2	0.2576	0.44	0	2	88	90	369	1	1	1	0	3	1	2	0.1075	0.119337	0.414583	0.1847	95	2273	2368
8739	1/4/2012	1	1	1	22	0	3	1	2	0.2	0.2273	0.47	0.0896	4	48	52	369	1	1	1	0	3	1	2	0.1075	0.119337	0.414583	0.1847	95	2273	2368
8740	1/4/2012	1	1	1	23	0	3	1	2	0.2	0.2273	0.44	0.1045	0	32	32	369	1	1	1	0	3	1	2	0.1075	0.119337	0.414583	0.1847	95	2273	2368
8741	1/5/2012	1	1	1	0	0	4	1	2	0.22	0.2273	0.47	0.194	1	13	14	370	1	1	1	0	4	1	1	0.265833	0.278412	0.524167	0.129987	140	3132	3272
8742	1/5/2012	1	1	1	1	0	4	1	1	0.2	0.2273	0.51	0.0896	0	5	5	370	1	1	1	0	4	1	1	0.265833	0.278412	0.524167	0.129987	140	3132	3272
8743	1/5/2012	1	1	1	2	0	4	1	1	0.2	0.2273	0.51	0.0896	0	4	4	370	1	1	1	0	4	1	1	0.265833	0.278412	0.524167	0.129987	140	3132	3272
8744	1/5/2012	1	1	1	3	0	4	1	1	0.2	0.2576	0.61	0	0	4	4	370	1	1	1	0	4	1	1	0.265833	0.278412	0.524167	0.129987	140	3132	3272
8745	1/5/2012	1	1	1	4	0	4	1	2	0.2	0.2273	0.59	0.0896	0	5	5	370	1	1	1	0	4	1	1	0.265833	0.278412	0.524167	0.129987	140	3132	3272
8746	1/5/2012	1	1	1	5	0	4	1	2	0.2	0.2273	0.59	0.0896	0	26	26	370	1	1	1	0	4	1	1	0.265833	0.278412	0.524167	0.129987	140	3132	3272
8747	1/5/2012	1	1	1	6	0	4	1	2	0.2	0.2121	0.75	0.1343	0	78	78	370	1	1	1	0	4	1	1	0.265833	0.278412	0.524167	0.129987	140	3132	3272
8748	1/5/2012	1	1	1	7	0	4	1	2	0.2	0.2273	0.69	0.0896	3	212	215	370	1	1	1	0	4	1	1	0.265833	0.278412	0.524167	0.129987	140	3132	3272
8749	1/5/2012	1	1	1	8	0	4	1	2	0.2	0.2576	0.75	0	11	377	388	370	1	1	1	0	4	1	1	0.265833	0.278412	0.524167	0.129987	140	3132	3272
8750	1/5/2012	1	1	1	9	0	4	1	2	0.22	0.2727	0.69	0	7	220	227	370	1	1	1	0	4	1	1	0.265833	0.278412	0.524167	0.129987	140	3132	3272
8751	1/5/2012	1	1	1	10	0	4	1	2	0.24	0.2576	0.52	0.0896	5	81	86	370	1	1	1	0	4	1	1	0.265833	0.278412	0.524167	0.129987	140	3132	3272
8752	1/5/2012	1	1	1	11	0	4	1	1	0.3	0.3333	0.49	0	6	78	84	370	1	1	1	0	4	1	1	0.265833	0.278412	0.524167	0.129987	140	3132	3272
8753	1/5/2012	1	1	1	12	0	4	1	1	0.3	0.2879	0.49	0.2537	6	114	120	370	1	1	1	0	4	1	1	0.265833	0.278412	0.524167	0.129987	140	3132	3272
8754	1/5/2012	1	1	1	13	0	4	1	1	0.34	0.303	0.42	0.2985	6	112	118	370	1	1	1	0	4	1	1	0.265833	0.278412	0.524167	0.129987	140	3132	3272
8755	1/5/2012	1	1	1	14	0	4	1	1	0.34	0.3182	0.39	0.2836	13	104	117	370	1	1	1	0	4	1	1	0.265833	0.278412	0.524167	0.129987	140	3132	3272
8756	1/5/2012	1	1	1	15	0	4	1	1	0.36	0.3333	0.34	0.2836	6	113	119	370	1	1	1	0	4	1	1	0.265833	0.278412	0.524167	0.129987	140	3132	3272
8757	1/5/2012	1	1	1	16	0	4	1	1	0.36	0.3333	0.34	0.2836	19	178	197	370	1	1	1	0	4	1	1	0.265833	0.278412	0.524167	0.129987	140	3132	3272
8758	1/5/2012	1	1	1	17	0	4	1	2	0.36	0.3485	0.34	0.194	19	393	412	370	1	1	1	0	4	1	1	0.265833	0.278412	0.524167	0.129987	140	3132	3272
8759	1/5/2012	1	1	1	18	0	4	1	1	0.34	0.3333	0.36	0.1642	9	374	383	370	1	1	1	0	4	1	1	0.265833	0.278412	0.524167	0.129987	140	3132	3272
8760	1/5/2012	1	1	1	19	0	4	1	1	0.34	0.3485	0.34	0.0896	10	255	265	370	1	1	1	0	4	1	1	0.265833	0.278412	0.524167	0.129987	140	3132	3272
8761	1/5/2012	1	1	1	20	0	4	1	1	0.3	0.3333	0.49	0	5	172	177	370	1	1	1	0	4	1	1	0.265833	0.278412	0.524167	0.129987	140	3132	3272
8762	1/5/2012	1	1	1	21	0	4	1	1	0.26	0.2727	0.6	0.1343	9	88	97	370	1	1	1	0	4	1	1	0.265833	0.278412	0.524167	0.129987	140	3132	3272
8763	1/5/2012	1	1	1	22	0	4	1	1	0.26	0.2576	0.6	0.1642	1	70	71	370	1	1	1	0	4	1	1	0.265833	0.278412	0.524167	0.129987	140	3132	3272
8764	1/5/2012	1	1	1	23	0	4	1	1	0.24	0.2576	0.7	0.1045	4	56	60	370	1	1	1	0	4	1	1	0.265833	0.278412	0.524167	0.129987	140	3132	3272
8765	1/6/2012	1	1	1	0	0	5	1	1	0.22	0.2576	0.75	0.0896	1	24	25	371	1	1	1	0	5	1	1	0.334167	0.340267	0.542083	0.167908	307	3791	4098
8766	1/6/2012	1	1	1	1	0	5	1	1	0.22	0.2727	0.75	0	2	6	8	371	1	1	1	0	5	1	1	0.334167	0.340267	0.542083	0.167908	307	3791	4098
8767	1/6/2012	1	1	1	2	0	5	1	1	0.22	0.2273	0.69	0.1642	2	3	5	371	1	1	1	0	5	1	1	0.334167	0.340267	0.542083	0.167908	307	3791	4098
8768	1/6/2012	1	1	1	3	0	5	1	1	0.22	0.2424	0.69	0.1045	1	3	4	371	1	1	1	0	5	1	1	0.334167	0.340267	0.542083	0.167908	307	3791	4098
8769	1/6/2012	1	1	1	4	0	5	1	1	0.22	0.2273	0.69	0.1343	0	3	3	371	1	1	1	0	5	1	1	0.334167	0.340267	0.542083	0.167908	307	3791	4098
8770	1/6/2012	1	1	1	5	0	5	1	2	0.2	0.2121	0.8	0.1343	0	13	13	371	1	1	1	0	5	1	1	0.334167	0.340267	0.542083	0.167908	307	3791	4098
8771	1/6/2012	1	1	1	6	0	5	1	2	0.22	0.2424	0.73	0.1045	1	69	70	371	1	1	1	0	5	1	1	0.334167	0.340267	0.542083	0.167908	307	3791	4098
8772	1/6/2012	1	1	1	7	0	5	1	2	0.24	0.2879	0.65	0	4	201	205	371	1	1	1	0	5	1	1	0.334167	0.340267	0.542083	0.167908	307	3791	4098
8773	1/6/2012	1	1	1	8	0	5	1	1	0.24	0.2424	0.7	0.1343	11	436	447	371	1	1	1	0	5	1	1	0.334167	0.340267	0.542083	0.167908	307	3791	4098
8774	1/6/2012	1	1	1	9	0	5	1	1	0.24	0.2424	0.7	0.1642	4	237	241	371	1	1	1	0	5	1	1	0.334167	0.340267	0.542083	0.167908	307	3791	4098
8775	1/6/2012	1	1	1	10	0	5	1	1	0.26	0.2576	0.65	0.194	14	102	116	371	1	1	1	0	5	1	1	0.334167	0.340267	0.542083	0.167908	307	3791	4098
8776	1/6/2012	1	1	1	11	0	5	1	1	0.3	0.303	0.56	0.1642	8	130	138	371	1	1	1	0	5	1	1	0.334167	0.340267	0.542083	0.167908	307	3791	4098
8777	1/6/2012	1	1	1	12	0	5	1	1	0.36	0.3333	0.5	0.2537	23	168	191	371	1	1	1	0	5	1	1	0.334167	0.340267	0.542083	0.167908	307	3791	4098
8778	1/6/2012	1	1	1	13	0	5	1	1	0.4	0.4091	0.43	0.2836	16	188	204	371	1	1	1	0	5	1	1	0.334167	0.340267	0.542083	0.167908	307	3791	4098
8779	1/6/2012	1	1	1	14	0	5	1	1	0.46	0.4545	0.36	0.194	26	152	178	371	1	1	1	0	5	1	1	0.334167	0.340267	0.542083	0.167908	307	3791	4098
8780	1/6/2012	1	1	1	15	0	5	1	1	0.52	0.5	0.27	0.2537	44	178	222	371	1	1	1	0	5	1	1	0.334167	0.340267	0.542083	0.167908	307	3791	4098
8781	1/6/2012	1	1	1	16	0	5	1	1	0.52	0.5	0.27	0.2836	35	259	294	371	1	1	1	0	5	1	1	0.334167	0.340267	0.542083	0.167908	307	3791	4098
8782	1/6/2012	1	1	1	17	0	5	1	1	0.46	0.4545	0.36	0.2239	20	456	476	371	1	1	1	0	5	1	1	0.334167	0.340267	0.542083	0.167908	307	3791	4098
8783	1/6/2012	1	1	1	18	0	5	1	1	0.5	0.4848	0.29	0.2537	28	391	419	371	1	1	1	0	5	1	1	0.334167	0.340267	0.542083	0.167908	307	3791	4098
8784	1/6/2012	1	1	1	19	0	5	1	1	0.46	0.4545	0.33	0.2836	11	261	272	371	1	1	1	0	5	1	1	0.334167	0.340267	0.542083	0.167908	307	3791	4098
8785	1/6/2012	1	1	1	20	0	5	1	1	0.42	0.4242	0.41	0.194	14	163	177	371	1	1	1	0	5	1	1	0.334167	0.340267	0.542083	0.167908	307	3791	4098
8786	1/6/2012	1	1	1	21	0	5	1	1	0.4	0.4091	0.43	0.2239	17	137	154	371	1	1	1	0	5	1	1	0.334167	0.340267	0.542083	0.167908	307	3791	4098
8787	1/6/2012	1	1	1	22	0	5	1	1	0.36	0.3485	0.5	0.194	12	123	135	371	1	1	1	0	5	1	1	0.334167	0.340267	0.542083	0.167908	307	3791	4098
8788	1/6/2012	1	1	1	23	0	5	1	1	0.36	0.3788	0.5	0	13	88	101	371	1	1	1	0	5	1	1	0.334167	0.340267	0.542083	0.167908	307	3791	4098
8789	1/7/2012	1	1	1	0	0	6	0	1	0.36	0.3485	0.5	0.1642	2	77	79	372	1	1	1	0	6	0	1	0.393333	0.390779	0.531667	0.174758	1070	3451	4521
8790	1/7/2012	1	1	1	1	0	6	0	1	0.38	0.3939	0.46	0.1642	6	56	62	372	1	1	1	0	6	0	1	0.393333	0.390779	0.531667	0.174758	1070	3451	4521
8791	1/7/2012	1	1	1	2	0	6	0	1	0.36	0.3636	0.5	0.1045	2	36	38	372	1	1	1	0	6	0	1	0.393333	0.390779	0.531667	0.174758	1070	3451	4521
8792	1/7/2012	1	1	1	3	0	6	0	1	0.32	0.3333	0.57	0.1045	1	19	20	372	1	1	1	0	6	0	1	0.393333	0.390779	0.531667	0.174758	1070	3451	4521
8793	1/7/2012	1	1	1	4	0	6	0	1	0.32	0.3333	0.57	0.0896	1	9	10	372	1	1	1	0	6	0	1	0.393333	0.390779	0.531667	0.174758	1070	3451	4521
8794	1/7/2012	1	1	1	5	0	6	0	1	0.26	0.2727	0.75	0.1045	2	7	9	372	1	1	1	0	6	0	1	0.393333	0.390779	0.531667	0.174758	1070	3451	4521
8795	1/7/2012	1	1	1	6	0	6	0	1	0.26	0.2727	0.75	0.1045	0	7	7	372	1	1	1	0	6	0	1	0.393333	0.390779	0.531667	0.174758	1070	3451	4521
8796	1/7/2012	1	1	1	7	0	6	0	1	0.22	0.2273	0.87	0.194	0	20	20	372	1	1	1	0	6	0	1	0.393333	0.390779	0.531667	0.174758	1070	3451	4521
8797	1/7/2012	1	1	1	8	0	6	0	1	0.24	0.2576	0.75	0.1045	0	64	64	372	1	1	1	0	6	0	1	0.393333	0.390779	0.531667	0.174758	1070	3451	4521
8798	1/7/2012	1	1	1	9	0	6	0	1	0.22	0.2273	0.8	0.1343	14	116	130	372	1	1	1	0	6	0	1	0.393333	0.390779	0.531667	0.174758	1070	3451	4521
8799	1/7/2012	1	1	1	10	0	6	0	1	0.28	0.303	0.75	0.0896	43	160	203	372	1	1	1	0	6	0	1	0.393333	0.390779	0.531667	0.174758	1070	3451	4521
8800	1/7/2012	1	1	1	11	0	6	0	1	0.34	0.3182	0.57	0.2239	74	250	324	372	1	1	1	0	6	0	1	0.393333	0.390779	0.531667	0.174758	1070	3451	4521
8801	1/7/2012	1	1	1	12	0	6	0	1	0.4	0.4091	0.43	0.2239	100	276	376	372	1	1	1	0	6	0	1	0.393333	0.390779	0.531667	0.174758	1070	3451	4521
8802	1/7/2012	1	1	1	13	0	6	0	1	0.44	0.4394	0.44	0.194	149	296	445	372	1	1	1	0	6	0	1	0.393333	0.390779	0.531667	0.174758	1070	3451	4521
8803	1/7/2012	1	1	1	14	0	6	0	1	0.5	0.4848	0.42	0.2836	156	356	512	372	1	1	1	0	6	0	1	0.393333	0.390779	0.531667	0.174758	1070	3451	4521
8804	1/7/2012	1	1	1	15	0	6	0	1	0.58	0.5455	0.37	0.2985	132	317	449	372	1	1	1	0	6	0	1	0.393333	0.390779	0.531667	0.174758	1070	3451	4521
8805	1/7/2012	1	1	1	16	0	6	0	2	0.56	0.5303	0.37	0.2836	133	268	401	372	1	1	1	0	6	0	1	0.393333	0.390779	0.531667	0.174758	1070	3451	4521
8806	1/7/2012	1	1	1	17	0	6	0	2	0.54	0.5152	0.43	0.1343	87	235	322	372	1	1	1	0	6	0	1	0.393333	0.390779	0.531667	0.174758	1070	3451	4521
8807	1/7/2012	1	1	1	18	0	6	0	1	0.54	0.5152	0.45	0.1343	49	248	297	372	1	1	1	0	6	0	1	0.393333	0.390779	0.531667	0.174758	1070	3451	4521
8808	1/7/2012	1	1	1	19	0	6	0	1	0.52	0.5	0.42	0.1045	44	171	215	372	1	1	1	0	6	0	1	0.393333	0.390779	0.531667	0.174758	1070	3451	4521
8809	1/7/2012	1	1	1	20	0	6	0	1	0.5	0.4848	0.39	0.2537	21	149	170	372	1	1	1	0	6	0	1	0.393333	0.390779	0.531667	0.174758	1070	3451	4521
8810	1/7/2012	1	1	1	21	0	6	0	1	0.44	0.4394	0.44	0.2239	22	118	140	372	1	1	1	0	6	0	1	0.393333	0.390779	0.531667	0.174758	1070	3451	4521
8811	1/7/2012	1	1	1	22	0	6	0	1	0.44	0.4394	0.38	0.2537	16	93	109	372	1	1	1	0	6	0	1	0.393333	0.390779	0.531667	0.174758	1070	3451	4521
8812	1/7/2012	1	1	1	23	0	6	0	1	0.42	0.4242	0.38	0.2239	16	103	119	372	1	1	1	0	6	0	1	0.393333	0.390779	0.531667	0.174758	1070	3451	4521
8813	1/8/2012	1	1	1	0	0	0	0	1	0.38	0.3939	0.4	0.2836	14	77	91	373	1	1	1	0	0	0	1	0.3375	0.340258	0.465	0.191542	599	2826	3425
8814	1/8/2012	1	1	1	1	0	0	0	1	0.34	0.3333	0.42	0.194	10	62	72	373	1	1	1	0	0	0	1	0.3375	0.340258	0.465	0.191542	599	2826	3425
8815	1/8/2012	1	1	1	2	0	0	0	1	0.36	0.3333	0.37	0.2836	10	57	67	373	1	1	1	0	0	0	1	0.3375	0.340258	0.465	0.191542	599	2826	3425
8816	1/8/2012	1	1	1	3	0	0	0	1	0.34	0.3333	0.42	0.1343	6	26	32	373	1	1	1	0	0	0	1	0.3375	0.340258	0.465	0.191542	599	2826	3425
8817	1/8/2012	1	1	1	4	0	0	0	1	0.32	0.303	0.49	0.2537	2	4	6	373	1	1	1	0	0	0	1	0.3375	0.340258	0.465	0.191542	599	2826	3425
8818	1/8/2012	1	1	1	5	0	0	0	2	0.32	0.3333	0.49	0.1045	0	2	2	373	1	1	1	0	0	0	1	0.3375	0.340258	0.465	0.191542	599	2826	3425
8819	1/8/2012	1	1	1	6	0	0	0	2	0.3	0.3333	0.52	0	0	2	2	373	1	1	1	0	0	0	1	0.3375	0.340258	0.465	0.191542	599	2826	3425
8820	1/8/2012	1	1	1	7	0	0	0	2	0.3	0.3333	0.52	0	1	23	24	373	1	1	1	0	0	0	1	0.3375	0.340258	0.465	0.191542	599	2826	3425
8821	1/8/2012	1	1	1	8	0	0	0	1	0.3	0.303	0.52	0.1343	4	53	57	373	1	1	1	0	0	0	1	0.3375	0.340258	0.465	0.191542	599	2826	3425
8822	1/8/2012	1	1	1	9	0	0	0	1	0.32	0.3333	0.53	0.1343	23	102	125	373	1	1	1	0	0	0	1	0.3375	0.340258	0.465	0.191542	599	2826	3425
8823	1/8/2012	1	1	1	10	0	0	0	1	0.34	0.3333	0.49	0.1642	27	181	208	373	1	1	1	0	0	0	1	0.3375	0.340258	0.465	0.191542	599	2826	3425
8824	1/8/2012	1	1	1	11	0	0	0	1	0.36	0.3485	0.46	0.2239	55	201	256	373	1	1	1	0	0	0	1	0.3375	0.340258	0.465	0.191542	599	2826	3425
8825	1/8/2012	1	1	1	12	0	0	0	1	0.38	0.3939	0.43	0.2239	78	273	351	373	1	1	1	0	0	0	1	0.3375	0.340258	0.465	0.191542	599	2826	3425
8826	1/8/2012	1	1	1	13	0	0	0	1	0.4	0.4091	0.37	0.2985	77	266	343	373	1	1	1	0	0	0	1	0.3375	0.340258	0.465	0.191542	599	2826	3425
8827	1/8/2012	1	1	1	14	0	0	0	1	0.4	0.4091	0.4	0.194	75	253	328	373	1	1	1	0	0	0	1	0.3375	0.340258	0.465	0.191542	599	2826	3425
8828	1/8/2012	1	1	1	15	0	0	0	1	0.4	0.4091	0.37	0.2836	89	241	330	373	1	1	1	0	0	0	1	0.3375	0.340258	0.465	0.191542	599	2826	3425
8829	1/8/2012	1	1	1	16	0	0	0	1	0.4	0.4091	0.37	0.2985	58	256	314	373	1	1	1	0	0	0	1	0.3375	0.340258	0.465	0.191542	599	2826	3425
8830	1/8/2012	1	1	1	17	0	0	0	1	0.38	0.3939	0.4	0.2239	22	197	219	373	1	1	1	0	0	0	1	0.3375	0.340258	0.465	0.191542	599	2826	3425
8831	1/8/2012	1	1	1	18	0	0	0	1	0.34	0.3182	0.46	0.2239	19	162	181	373	1	1	1	0	0	0	1	0.3375	0.340258	0.465	0.191542	599	2826	3425
8832	1/8/2012	1	1	1	19	0	0	0	1	0.32	0.3182	0.49	0.194	8	104	112	373	1	1	1	0	0	0	1	0.3375	0.340258	0.465	0.191542	599	2826	3425
8833	1/8/2012	1	1	1	20	0	0	0	1	0.3	0.303	0.52	0.1642	7	119	126	373	1	1	1	0	0	0	1	0.3375	0.340258	0.465	0.191542	599	2826	3425
8834	1/8/2012	1	1	1	21	0	0	0	1	0.28	0.2727	0.56	0.2239	10	81	91	373	1	1	1	0	0	0	1	0.3375	0.340258	0.465	0.191542	599	2826	3425
8835	1/8/2012	1	1	1	22	0	0	0	1	0.26	0.2727	0.6	0.1045	4	54	58	373	1	1	1	0	0	0	1	0.3375	0.340258	0.465	0.191542	599	2826	3425
8836	1/8/2012	1	1	1	23	0	0	0	1	0.26	0.2424	0.56	0.2537	0	30	30	373	1	1	1	0	0	0	1	0.3375	0.340258	0.465	0.191542	599	2826	3425
8837	1/9/2012	1	1	1	0	0	1	1	1	0.24	0.2273	0.6	0.2239	3	12	15	374	1	1	1	0	1	1	2	0.224167	0.247479	0.701667	0.0989	106	2270	2376
8838	1/9/2012	1	1	1	1	0	1	1	1	0.24	0.2424	0.6	0.1343	1	4	5	374	1	1	1	0	1	1	2	0.224167	0.247479	0.701667	0.0989	106	2270	2376
8839	1/9/2012	1	1	1	2	0	1	1	1	0.24	0.2424	0.56	0.1343	2	3	5	374	1	1	1	0	1	1	2	0.224167	0.247479	0.701667	0.0989	106	2270	2376
8840	1/9/2012	1	1	1	3	0	1	1	1	0.24	0.2424	0.52	0.1642	0	3	3	374	1	1	1	0	1	1	2	0.224167	0.247479	0.701667	0.0989	106	2270	2376
8841	1/9/2012	1	1	1	4	0	1	1	1	0.22	0.2424	0.64	0.1045	0	4	4	374	1	1	1	0	1	1	2	0.224167	0.247479	0.701667	0.0989	106	2270	2376
8842	1/9/2012	1	1	1	5	0	1	1	2	0.2	0.2273	0.64	0.0896	0	21	21	374	1	1	1	0	1	1	2	0.224167	0.247479	0.701667	0.0989	106	2270	2376
8843	1/9/2012	1	1	1	6	0	1	1	2	0.22	0.2273	0.6	0.1343	3	85	88	374	1	1	1	0	1	1	2	0.224167	0.247479	0.701667	0.0989	106	2270	2376
8844	1/9/2012	1	1	1	7	0	1	1	2	0.22	0.2424	0.6	0.1045	1	239	240	374	1	1	1	0	1	1	2	0.224167	0.247479	0.701667	0.0989	106	2270	2376
8845	1/9/2012	1	1	1	8	0	1	1	2	0.22	0.2576	0.55	0.0896	13	407	420	374	1	1	1	0	1	1	2	0.224167	0.247479	0.701667	0.0989	106	2270	2376
8846	1/9/2012	1	1	1	9	0	1	1	2	0.22	0.2727	0.64	0	9	188	197	374	1	1	1	0	1	1	2	0.224167	0.247479	0.701667	0.0989	106	2270	2376
8847	1/9/2012	1	1	1	10	0	1	1	1	0.24	0.2879	0.6	0	13	95	108	374	1	1	1	0	1	1	2	0.224167	0.247479	0.701667	0.0989	106	2270	2376
8848	1/9/2012	1	1	1	11	0	1	1	2	0.26	0.2879	0.56	0.0896	6	82	88	374	1	1	1	0	1	1	2	0.224167	0.247479	0.701667	0.0989	106	2270	2376
8849	1/9/2012	1	1	1	12	0	1	1	2	0.26	0.2727	0.56	0.1045	10	93	103	374	1	1	1	0	1	1	2	0.224167	0.247479	0.701667	0.0989	106	2270	2376
8850	1/9/2012	1	1	1	13	0	1	1	2	0.26	0.2727	0.56	0.1045	3	77	80	374	1	1	1	0	1	1	2	0.224167	0.247479	0.701667	0.0989	106	2270	2376
8851	1/9/2012	1	1	1	14	0	1	1	3	0.22	0.2273	0.75	0.1642	5	45	50	374	1	1	1	0	1	1	2	0.224167	0.247479	0.701667	0.0989	106	2270	2376
8852	1/9/2012	1	1	1	15	0	1	1	3	0.22	0.2273	0.75	0.1642	5	64	69	374	1	1	1	0	1	1	2	0.224167	0.247479	0.701667	0.0989	106	2270	2376
8853	1/9/2012	1	1	1	16	0	1	1	3	0.22	0.2576	0.87	0.0896	3	46	49	374	1	1	1	0	1	1	2	0.224167	0.247479	0.701667	0.0989	106	2270	2376
8854	1/9/2012	1	1	1	17	0	1	1	3	0.22	0.2727	0.87	0	5	147	152	374	1	1	1	0	1	1	2	0.224167	0.247479	0.701667	0.0989	106	2270	2376
8855	1/9/2012	1	1	1	18	0	1	1	4	0.2	0.2273	0.86	0.0896	6	158	164	374	1	1	1	0	1	1	2	0.224167	0.247479	0.701667	0.0989	106	2270	2376
8856	1/9/2012	1	1	1	19	0	1	1	3	0.2	0.2273	0.93	0.0896	3	187	190	374	1	1	1	0	1	1	2	0.224167	0.247479	0.701667	0.0989	106	2270	2376
8857	1/9/2012	1	1	1	20	0	1	1	2	0.2	0.2273	0.86	0.0896	5	127	132	374	1	1	1	0	1	1	2	0.224167	0.247479	0.701667	0.0989	106	2270	2376
8858	1/9/2012	1	1	1	21	0	1	1	2	0.2	0.2576	0.93	0	1	78	79	374	1	1	1	0	1	1	2	0.224167	0.247479	0.701667	0.0989	106	2270	2376
8859	1/9/2012	1	1	1	22	0	1	1	2	0.2	0.2273	0.92	0.1045	8	54	62	374	1	1	1	0	1	1	2	0.224167	0.247479	0.701667	0.0989	106	2270	2376
8860	1/9/2012	1	1	1	23	0	1	1	2	0.22	0.2424	0.87	0.1045	1	51	52	374	1	1	1	0	1	1	2	0.224167	0.247479	0.701667	0.0989	106	2270	2376
8861	1/10/2012	1	1	1	0	0	2	1	2	0.22	0.2424	0.87	0.1045	0	14	14	375	1	1	1	0	2	1	1	0.308696	0.318826	0.646522	0.187552	173	3425	3598
8862	1/10/2012	1	1	1	1	0	2	1	2	0.22	0.2424	0.93	0.1045	2	3	5	375	1	1	1	0	2	1	1	0.308696	0.318826	0.646522	0.187552	173	3425	3598
8863	1/10/2012	1	1	1	2	0	2	1	2	0.22	0.2273	0.87	0.1642	2	2	4	375	1	1	1	0	2	1	1	0.308696	0.318826	0.646522	0.187552	173	3425	3598
8864	1/10/2012	1	1	1	4	0	2	1	2	0.2	0.2121	0.86	0.1642	0	4	4	375	1	1	1	0	2	1	1	0.308696	0.318826	0.646522	0.187552	173	3425	3598
8865	1/10/2012	1	1	1	5	0	2	1	1	0.4	0.4091	0.47	0.2239	0	23	23	375	1	1	1	0	2	1	1	0.308696	0.318826	0.646522	0.187552	173	3425	3598
8866	1/10/2012	1	1	1	6	0	2	1	2	0.18	0.1818	0.93	0.194	0	79	79	375	1	1	1	0	2	1	1	0.308696	0.318826	0.646522	0.187552	173	3425	3598
8867	1/10/2012	1	1	1	7	0	2	1	2	0.18	0.197	0.93	0.1642	3	219	222	375	1	1	1	0	2	1	1	0.308696	0.318826	0.646522	0.187552	173	3425	3598
8868	1/10/2012	1	1	1	8	0	2	1	2	0.18	0.197	0.93	0.1642	6	465	471	375	1	1	1	0	2	1	1	0.308696	0.318826	0.646522	0.187552	173	3425	3598
8869	1/10/2012	1	1	1	9	0	2	1	2	0.18	0.197	0.93	0.1642	11	184	195	375	1	1	1	0	2	1	1	0.308696	0.318826	0.646522	0.187552	173	3425	3598
8870	1/10/2012	1	1	1	10	0	2	1	2	0.18	0.197	0.93	0.1642	3	80	83	375	1	1	1	0	2	1	1	0.308696	0.318826	0.646522	0.187552	173	3425	3598
8871	1/10/2012	1	1	1	11	0	2	1	1	0.42	0.4242	0.38	0.2985	8	93	101	375	1	1	1	0	2	1	1	0.308696	0.318826	0.646522	0.187552	173	3425	3598
8872	1/10/2012	1	1	1	12	0	2	1	1	0.42	0.4242	0.38	0.2985	13	127	140	375	1	1	1	0	2	1	1	0.308696	0.318826	0.646522	0.187552	173	3425	3598
8873	1/10/2012	1	1	1	13	0	2	1	1	0.42	0.4242	0.38	0.2985	15	163	178	375	1	1	1	0	2	1	1	0.308696	0.318826	0.646522	0.187552	173	3425	3598
8874	1/10/2012	1	1	1	14	0	2	1	1	0.42	0.4242	0.38	0.2985	10	96	106	375	1	1	1	0	2	1	1	0.308696	0.318826	0.646522	0.187552	173	3425	3598
8875	1/10/2012	1	1	1	15	0	2	1	1	0.42	0.4242	0.38	0.2985	17	119	136	375	1	1	1	0	2	1	1	0.308696	0.318826	0.646522	0.187552	173	3425	3598
8876	1/10/2012	1	1	1	16	0	2	1	1	0.42	0.4242	0.38	0.3582	15	225	240	375	1	1	1	0	2	1	1	0.308696	0.318826	0.646522	0.187552	173	3425	3598
8877	1/10/2012	1	1	1	17	0	2	1	1	0.42	0.4242	0.38	0.2537	14	446	460	375	1	1	1	0	2	1	1	0.308696	0.318826	0.646522	0.187552	173	3425	3598
8878	1/10/2012	1	1	1	18	0	2	1	1	0.4	0.4091	0.4	0.1045	13	372	385	375	1	1	1	0	2	1	1	0.308696	0.318826	0.646522	0.187552	173	3425	3598
8879	1/10/2012	1	1	1	19	0	2	1	1	0.38	0.3939	0.46	0.1045	11	270	281	375	1	1	1	0	2	1	1	0.308696	0.318826	0.646522	0.187552	173	3425	3598
8880	1/10/2012	1	1	1	20	0	2	1	1	0.34	0.3485	0.53	0.1045	10	190	200	375	1	1	1	0	2	1	1	0.308696	0.318826	0.646522	0.187552	173	3425	3598
8881	1/10/2012	1	1	1	21	0	2	1	1	0.32	0.3333	0.66	0.0896	7	109	116	375	1	1	1	0	2	1	1	0.308696	0.318826	0.646522	0.187552	173	3425	3598
8882	1/10/2012	1	1	1	22	0	2	1	1	0.3	0.303	0.7	0.0896	10	104	114	375	1	1	1	0	2	1	1	0.308696	0.318826	0.646522	0.187552	173	3425	3598
8883	1/10/2012	1	1	1	23	0	2	1	1	0.26	0.2727	0.81	0.1045	3	38	41	375	1	1	1	0	2	1	1	0.308696	0.318826	0.646522	0.187552	173	3425	3598
8884	1/11/2012	1	1	1	0	0	3	1	1	0.26	0.303	0.81	0	2	26	28	376	1	1	1	0	3	1	2	0.274167	0.282821	0.8475	0.131221	92	2085	2177
8885	1/11/2012	1	1	1	1	0	3	1	1	0.24	0.2576	0.87	0.0896	1	6	7	376	1	1	1	0	3	1	2	0.274167	0.282821	0.8475	0.131221	92	2085	2177
8886	1/11/2012	1	1	1	2	0	3	1	1	0.2	0.2121	0.85	0.1642	0	5	5	376	1	1	1	0	3	1	2	0.274167	0.282821	0.8475	0.131221	92	2085	2177
8887	1/11/2012	1	1	1	3	0	3	1	1	0.22	0.2727	0.8	0	0	4	4	376	1	1	1	0	3	1	2	0.274167	0.282821	0.8475	0.131221	92	2085	2177
8888	1/11/2012	1	1	1	4	0	3	1	1	0.2	0.2121	0.8	0.1343	0	2	2	376	1	1	1	0	3	1	2	0.274167	0.282821	0.8475	0.131221	92	2085	2177
8889	1/11/2012	1	1	1	5	0	3	1	1	0.2	0.2121	0.8	0.1343	0	22	22	376	1	1	1	0	3	1	2	0.274167	0.282821	0.8475	0.131221	92	2085	2177
8890	1/11/2012	1	1	1	6	0	3	1	1	0.2	0.2121	0.86	0.1343	2	72	74	376	1	1	1	0	3	1	2	0.274167	0.282821	0.8475	0.131221	92	2085	2177
8891	1/11/2012	1	1	1	7	0	3	1	1	0.2	0.2121	0.8	0.1343	9	247	256	376	1	1	1	0	3	1	2	0.274167	0.282821	0.8475	0.131221	92	2085	2177
8892	1/11/2012	1	1	1	8	0	3	1	1	0.2	0.2273	0.82	0.1045	11	488	499	376	1	1	1	0	3	1	2	0.274167	0.282821	0.8475	0.131221	92	2085	2177
8893	1/11/2012	1	1	1	9	0	3	1	2	0.2	0.2121	0.86	0.1343	7	218	225	376	1	1	1	0	3	1	2	0.274167	0.282821	0.8475	0.131221	92	2085	2177
8894	1/11/2012	1	1	1	10	0	3	1	2	0.24	0.2424	0.87	0.1343	13	84	97	376	1	1	1	0	3	1	2	0.274167	0.282821	0.8475	0.131221	92	2085	2177
8895	1/11/2012	1	1	1	11	0	3	1	2	0.26	0.2879	0.87	0.0896	9	90	99	376	1	1	1	0	3	1	2	0.274167	0.282821	0.8475	0.131221	92	2085	2177
8896	1/11/2012	1	1	1	12	0	3	1	3	0.3	0.3333	0.81	0	4	51	55	376	1	1	1	0	3	1	2	0.274167	0.282821	0.8475	0.131221	92	2085	2177
8897	1/11/2012	1	1	1	13	0	3	1	3	0.32	0.3485	0.76	0	8	57	65	376	1	1	1	0	3	1	2	0.274167	0.282821	0.8475	0.131221	92	2085	2177
8898	1/11/2012	1	1	1	14	0	3	1	3	0.32	0.3333	0.81	0.1045	3	70	73	376	1	1	1	0	3	1	2	0.274167	0.282821	0.8475	0.131221	92	2085	2177
8899	1/11/2012	1	1	1	15	0	3	1	2	0.34	0.3485	0.87	0.0896	6	73	79	376	1	1	1	0	3	1	2	0.274167	0.282821	0.8475	0.131221	92	2085	2177
8900	1/11/2012	1	1	1	16	0	3	1	2	0.34	0.3182	0.87	0.2537	6	112	118	376	1	1	1	0	3	1	2	0.274167	0.282821	0.8475	0.131221	92	2085	2177
8901	1/11/2012	1	1	1	17	0	3	1	3	0.34	0.3182	0.87	0.2239	6	128	134	376	1	1	1	0	3	1	2	0.274167	0.282821	0.8475	0.131221	92	2085	2177
8902	1/11/2012	1	1	1	18	0	3	1	3	0.34	0.3333	0.87	0.194	2	96	98	376	1	1	1	0	3	1	2	0.274167	0.282821	0.8475	0.131221	92	2085	2177
8903	1/11/2012	1	1	1	19	0	3	1	3	0.32	0.303	0.93	0.2239	1	92	93	376	1	1	1	0	3	1	2	0.274167	0.282821	0.8475	0.131221	92	2085	2177
8904	1/11/2012	1	1	1	20	0	3	1	3	0.32	0.3182	0.93	0.1642	2	55	57	376	1	1	1	0	3	1	2	0.274167	0.282821	0.8475	0.131221	92	2085	2177
8905	1/11/2012	1	1	1	21	0	3	1	3	0.34	0.3182	0.87	0.2239	0	29	29	376	1	1	1	0	3	1	2	0.274167	0.282821	0.8475	0.131221	92	2085	2177
8906	1/11/2012	1	1	1	22	0	3	1	3	0.34	0.3333	0.87	0.194	0	49	49	376	1	1	1	0	3	1	2	0.274167	0.282821	0.8475	0.131221	92	2085	2177
8907	1/11/2012	1	1	1	23	0	3	1	3	0.34	0.3182	0.87	0.2239	0	9	9	376	1	1	1	0	3	1	2	0.274167	0.282821	0.8475	0.131221	92	2085	2177
8908	1/12/2012	1	1	1	0	0	4	1	3	0.34	0.3333	0.93	0.194	0	3	3	377	1	1	1	0	4	1	2	0.3825	0.381938	0.802917	0.180967	269	3828	4097
8909	1/12/2012	1	1	1	1	0	4	1	3	0.36	0.3485	0.93	0.194	0	3	3	377	1	1	1	0	4	1	2	0.3825	0.381938	0.802917	0.180967	269	3828	4097
8910	1/12/2012	1	1	1	2	0	4	1	3	0.36	0.3485	0.93	0.2537	1	1	2	377	1	1	1	0	4	1	2	0.3825	0.381938	0.802917	0.180967	269	3828	4097
8911	1/12/2012	1	1	1	3	0	4	1	3	0.36	0.3485	0.93	0.2537	0	3	3	377	1	1	1	0	4	1	2	0.3825	0.381938	0.802917	0.180967	269	3828	4097
8912	1/12/2012	1	1	1	4	0	4	1	3	0.36	0.3485	0.93	0.194	0	2	2	377	1	1	1	0	4	1	2	0.3825	0.381938	0.802917	0.180967	269	3828	4097
8913	1/12/2012	1	1	1	5	0	4	1	3	0.34	0.3485	0.93	0.0896	0	16	16	377	1	1	1	0	4	1	2	0.3825	0.381938	0.802917	0.180967	269	3828	4097
8914	1/12/2012	1	1	1	6	0	4	1	3	0.36	0.3485	0.93	0.1343	1	88	89	377	1	1	1	0	4	1	2	0.3825	0.381938	0.802917	0.180967	269	3828	4097
8915	1/12/2012	1	1	1	7	0	4	1	2	0.34	0.3182	0.87	0.2836	2	218	220	377	1	1	1	0	4	1	2	0.3825	0.381938	0.802917	0.180967	269	3828	4097
8916	1/12/2012	1	1	1	8	0	4	1	1	0.32	0.3182	0.81	0.194	11	497	508	377	1	1	1	0	4	1	2	0.3825	0.381938	0.802917	0.180967	269	3828	4097
8917	1/12/2012	1	1	1	9	0	4	1	1	0.32	0.3333	0.81	0.1045	10	220	230	377	1	1	1	0	4	1	2	0.3825	0.381938	0.802917	0.180967	269	3828	4097
8918	1/12/2012	1	1	1	10	0	4	1	1	0.34	0.3485	0.81	0.1045	6	84	90	377	1	1	1	0	4	1	2	0.3825	0.381938	0.802917	0.180967	269	3828	4097
8919	1/12/2012	1	1	1	11	0	4	1	2	0.34	0.3485	0.81	0.1045	18	101	119	377	1	1	1	0	4	1	2	0.3825	0.381938	0.802917	0.180967	269	3828	4097
8920	1/12/2012	1	1	1	12	0	4	1	2	0.34	0.3485	0.81	0.1045	14	130	144	377	1	1	1	0	4	1	2	0.3825	0.381938	0.802917	0.180967	269	3828	4097
8921	1/12/2012	1	1	1	13	0	4	1	1	0.42	0.4242	0.77	0.1642	13	170	183	377	1	1	1	0	4	1	2	0.3825	0.381938	0.802917	0.180967	269	3828	4097
8922	1/12/2012	1	1	1	14	0	4	1	1	0.42	0.4242	0.77	0.1642	24	132	156	377	1	1	1	0	4	1	2	0.3825	0.381938	0.802917	0.180967	269	3828	4097
8923	1/12/2012	1	1	1	15	0	4	1	1	0.44	0.4394	0.72	0.1343	32	156	188	377	1	1	1	0	4	1	2	0.3825	0.381938	0.802917	0.180967	269	3828	4097
8924	1/12/2012	1	1	1	16	0	4	1	1	0.46	0.4545	0.67	0.194	33	248	281	377	1	1	1	0	4	1	2	0.3825	0.381938	0.802917	0.180967	269	3828	4097
8925	1/12/2012	1	1	1	17	0	4	1	1	0.46	0.4545	0.63	0.1642	23	472	495	377	1	1	1	0	4	1	2	0.3825	0.381938	0.802917	0.180967	269	3828	4097
8926	1/12/2012	1	1	1	18	0	4	1	1	0.44	0.4394	0.67	0.194	22	399	421	377	1	1	1	0	4	1	2	0.3825	0.381938	0.802917	0.180967	269	3828	4097
8927	1/12/2012	1	1	1	19	0	4	1	2	0.42	0.4242	0.71	0.1642	17	313	330	377	1	1	1	0	4	1	2	0.3825	0.381938	0.802917	0.180967	269	3828	4097
8928	1/12/2012	1	1	1	20	0	4	1	2	0.42	0.4242	0.71	0.194	11	229	240	377	1	1	1	0	4	1	2	0.3825	0.381938	0.802917	0.180967	269	3828	4097
8929	1/12/2012	1	1	1	21	0	4	1	1	0.44	0.4394	0.67	0.1343	12	162	174	377	1	1	1	0	4	1	2	0.3825	0.381938	0.802917	0.180967	269	3828	4097
8930	1/12/2012	1	1	1	22	0	4	1	1	0.38	0.3939	0.76	0.2985	12	121	133	377	1	1	1	0	4	1	2	0.3825	0.381938	0.802917	0.180967	269	3828	4097
8931	1/12/2012	1	1	1	23	0	4	1	1	0.4	0.4091	0.76	0.3284	7	60	67	377	1	1	1	0	4	1	2	0.3825	0.381938	0.802917	0.180967	269	3828	4097
8932	1/13/2012	1	1	1	0	0	5	1	2	0.4	0.4091	0.71	0.2836	4	38	42	378	1	1	1	0	5	1	1	0.274167	0.249362	0.5075	0.378108	174	3040	3214
8933	1/13/2012	1	1	1	1	0	5	1	2	0.38	0.3939	0.76	0.2985	0	12	12	378	1	1	1	0	5	1	1	0.274167	0.249362	0.5075	0.378108	174	3040	3214
8934	1/13/2012	1	1	1	2	0	5	1	1	0.4	0.4091	0.76	0.3582	1	13	14	378	1	1	1	0	5	1	1	0.274167	0.249362	0.5075	0.378108	174	3040	3214
8935	1/13/2012	1	1	1	3	0	5	1	1	0.36	0.3333	0.87	0.2537	3	4	7	378	1	1	1	0	5	1	1	0.274167	0.249362	0.5075	0.378108	174	3040	3214
8936	1/13/2012	1	1	1	4	0	5	1	3	0.32	0.2879	0.7	0.4925	1	2	3	378	1	1	1	0	5	1	1	0.274167	0.249362	0.5075	0.378108	174	3040	3214
8937	1/13/2012	1	1	1	5	0	5	1	2	0.3	0.2424	0.7	0.5522	0	21	21	378	1	1	1	0	5	1	1	0.274167	0.249362	0.5075	0.378108	174	3040	3214
8938	1/13/2012	1	1	1	6	0	5	1	2	0.26	0.2576	0.75	0.2239	2	71	73	378	1	1	1	0	5	1	1	0.274167	0.249362	0.5075	0.378108	174	3040	3214
8939	1/13/2012	1	1	1	7	0	5	1	1	0.26	0.2576	0.6	0.2239	3	174	177	378	1	1	1	0	5	1	1	0.274167	0.249362	0.5075	0.378108	174	3040	3214
8940	1/13/2012	1	1	1	8	0	5	1	1	0.24	0.2121	0.52	0.3582	11	408	419	378	1	1	1	0	5	1	1	0.274167	0.249362	0.5075	0.378108	174	3040	3214
8941	1/13/2012	1	1	1	9	0	5	1	1	0.22	0.197	0.47	0.3881	10	204	214	378	1	1	1	0	5	1	1	0.274167	0.249362	0.5075	0.378108	174	3040	3214
8942	1/13/2012	1	1	1	10	0	5	1	1	0.24	0.197	0.44	0.4478	2	101	103	378	1	1	1	0	5	1	1	0.274167	0.249362	0.5075	0.378108	174	3040	3214
8943	1/13/2012	1	1	1	11	0	5	1	1	0.24	0.1818	0.38	0.6119	12	102	114	378	1	1	1	0	5	1	1	0.274167	0.249362	0.5075	0.378108	174	3040	3214
8944	1/13/2012	1	1	1	12	0	5	1	1	0.24	0.197	0.38	0.4925	14	140	154	378	1	1	1	0	5	1	1	0.274167	0.249362	0.5075	0.378108	174	3040	3214
8945	1/13/2012	1	1	1	13	0	5	1	1	0.26	0.2121	0.33	0.5224	14	140	154	378	1	1	1	0	5	1	1	0.274167	0.249362	0.5075	0.378108	174	3040	3214
8946	1/13/2012	1	1	1	14	0	5	1	1	0.26	0.2121	0.33	0.5522	10	119	129	378	1	1	1	0	5	1	1	0.274167	0.249362	0.5075	0.378108	174	3040	3214
8947	1/13/2012	1	1	1	15	0	5	1	1	0.26	0.2121	0.33	0.5821	15	123	138	378	1	1	1	0	5	1	1	0.274167	0.249362	0.5075	0.378108	174	3040	3214
8948	1/13/2012	1	1	1	16	0	5	1	1	0.28	0.2424	0.3	0.4627	18	215	233	378	1	1	1	0	5	1	1	0.274167	0.249362	0.5075	0.378108	174	3040	3214
8949	1/13/2012	1	1	1	17	0	5	1	1	0.28	0.2424	0.33	0.4179	15	317	332	378	1	1	1	0	5	1	1	0.274167	0.249362	0.5075	0.378108	174	3040	3214
8950	1/13/2012	1	1	1	18	0	5	1	1	0.26	0.2273	0.38	0.2985	7	294	301	378	1	1	1	0	5	1	1	0.274167	0.249362	0.5075	0.378108	174	3040	3214
8951	1/13/2012	1	1	1	19	0	5	1	1	0.26	0.2424	0.38	0.2836	7	199	206	378	1	1	1	0	5	1	1	0.274167	0.249362	0.5075	0.378108	174	3040	3214
8952	1/13/2012	1	1	1	20	0	5	1	1	0.24	0.2424	0.41	0.1642	6	130	136	378	1	1	1	0	5	1	1	0.274167	0.249362	0.5075	0.378108	174	3040	3214
8953	1/13/2012	1	1	1	21	0	5	1	1	0.24	0.2121	0.41	0.2836	7	95	102	378	1	1	1	0	5	1	1	0.274167	0.249362	0.5075	0.378108	174	3040	3214
8954	1/13/2012	1	1	1	22	0	5	1	1	0.2	0.1818	0.47	0.3284	7	58	65	378	1	1	1	0	5	1	1	0.274167	0.249362	0.5075	0.378108	174	3040	3214
8955	1/13/2012	1	1	1	23	0	5	1	1	0.18	0.1818	0.47	0.194	5	60	65	378	1	1	1	0	5	1	1	0.274167	0.249362	0.5075	0.378108	174	3040	3214
8956	1/14/2012	1	1	1	0	0	6	0	1	0.16	0.1818	0.47	0.1045	2	42	44	379	1	1	1	0	6	0	1	0.18	0.183087	0.4575	0.187183	333	2160	2493
8957	1/14/2012	1	1	1	1	0	6	0	1	0.16	0.1515	0.47	0.194	6	44	50	379	1	1	1	0	6	0	1	0.18	0.183087	0.4575	0.187183	333	2160	2493
8958	1/14/2012	1	1	1	2	0	6	0	1	0.16	0.1667	0.47	0.1642	6	32	38	379	1	1	1	0	6	0	1	0.18	0.183087	0.4575	0.187183	333	2160	2493
8959	1/14/2012	1	1	1	3	0	6	0	1	0.14	0.1667	0.54	0.1045	6	14	20	379	1	1	1	0	6	0	1	0.18	0.183087	0.4575	0.187183	333	2160	2493
8960	1/14/2012	1	1	1	4	0	6	0	1	0.14	0.1515	0.5	0.1343	0	3	3	379	1	1	1	0	6	0	1	0.18	0.183087	0.4575	0.187183	333	2160	2493
8961	1/14/2012	1	1	1	5	0	6	0	1	0.14	0.1515	0.5	0.1343	0	4	4	379	1	1	1	0	6	0	1	0.18	0.183087	0.4575	0.187183	333	2160	2493
8962	1/14/2012	1	1	1	6	0	6	0	1	0.14	0.1515	0.5	0	0	5	5	379	1	1	1	0	6	0	1	0.18	0.183087	0.4575	0.187183	333	2160	2493
8963	1/14/2012	1	1	1	7	0	6	0	1	0.14	0.1515	0.5	0.1343	0	24	24	379	1	1	1	0	6	0	1	0.18	0.183087	0.4575	0.187183	333	2160	2493
8964	1/14/2012	1	1	1	8	0	6	0	1	0.12	0.1515	0.54	0.1045	3	89	92	379	1	1	1	0	6	0	1	0.18	0.183087	0.4575	0.187183	333	2160	2493
8965	1/14/2012	1	1	1	9	0	6	0	1	0.14	0.1667	0.5	0.1045	3	78	81	379	1	1	1	0	6	0	1	0.18	0.183087	0.4575	0.187183	333	2160	2493
8966	1/14/2012	1	1	1	10	0	6	0	1	0.16	0.2273	0.47	0	14	135	149	379	1	1	1	0	6	0	1	0.18	0.183087	0.4575	0.187183	333	2160	2493
8967	1/14/2012	1	1	1	11	0	6	0	1	0.2	0.197	0.4	0.194	28	150	178	379	1	1	1	0	6	0	1	0.18	0.183087	0.4575	0.187183	333	2160	2493
8968	1/14/2012	1	1	1	12	0	6	0	1	0.22	0.2121	0.41	0.2537	30	189	219	379	1	1	1	0	6	0	1	0.18	0.183087	0.4575	0.187183	333	2160	2493
8969	1/14/2012	1	1	1	13	0	6	0	1	0.22	0.2121	0.44	0.2836	38	182	220	379	1	1	1	0	6	0	1	0.18	0.183087	0.4575	0.187183	333	2160	2493
8970	1/14/2012	1	1	1	14	0	6	0	1	0.24	0.2121	0.41	0.2985	52	179	231	379	1	1	1	0	6	0	1	0.18	0.183087	0.4575	0.187183	333	2160	2493
8971	1/14/2012	1	1	1	15	0	6	0	1	0.24	0.2121	0.38	0.2985	49	177	226	379	1	1	1	0	6	0	1	0.18	0.183087	0.4575	0.187183	333	2160	2493
8972	1/14/2012	1	1	1	16	0	6	0	1	0.24	0.2273	0.38	0.2239	28	178	206	379	1	1	1	0	6	0	1	0.18	0.183087	0.4575	0.187183	333	2160	2493
8973	1/14/2012	1	1	1	17	0	6	0	1	0.24	0.2273	0.41	0.2537	15	129	144	379	1	1	1	0	6	0	1	0.18	0.183087	0.4575	0.187183	333	2160	2493
8974	1/14/2012	1	1	1	18	0	6	0	1	0.22	0.2273	0.41	0.194	21	122	143	379	1	1	1	0	6	0	1	0.18	0.183087	0.4575	0.187183	333	2160	2493
8975	1/14/2012	1	1	1	19	0	6	0	1	0.2	0.197	0.47	0.2239	12	90	102	379	1	1	1	0	6	0	1	0.18	0.183087	0.4575	0.187183	333	2160	2493
8976	1/14/2012	1	1	1	20	0	6	0	1	0.2	0.197	0.44	0.2537	8	95	103	379	1	1	1	0	6	0	1	0.18	0.183087	0.4575	0.187183	333	2160	2493
8977	1/14/2012	1	1	1	21	0	6	0	1	0.18	0.1667	0.43	0.2537	3	66	69	379	1	1	1	0	6	0	1	0.18	0.183087	0.4575	0.187183	333	2160	2493
8978	1/14/2012	1	1	1	22	0	6	0	1	0.16	0.1364	0.47	0.3582	4	62	66	379	1	1	1	0	6	0	1	0.18	0.183087	0.4575	0.187183	333	2160	2493
8979	1/14/2012	1	1	1	23	0	6	0	1	0.16	0.1515	0.47	0.2239	5	71	76	379	1	1	1	0	6	0	1	0.18	0.183087	0.4575	0.187183	333	2160	2493
8980	1/15/2012	1	1	1	0	0	0	0	1	0.16	0.1364	0.47	0.3284	9	50	59	380	1	1	1	0	0	0	1	0.166667	0.161625	0.419167	0.251258	284	2027	2311
8981	1/15/2012	1	1	1	1	0	0	0	2	0.16	0.1364	0.47	0.2985	2	40	42	380	1	1	1	0	0	0	1	0.166667	0.161625	0.419167	0.251258	284	2027	2311
8982	1/15/2012	1	1	1	2	0	0	0	2	0.16	0.1364	0.47	0.2836	5	38	43	380	1	1	1	0	0	0	1	0.166667	0.161625	0.419167	0.251258	284	2027	2311
8983	1/15/2012	1	1	1	3	0	0	0	2	0.16	0.1364	0.48	0.3881	1	24	25	380	1	1	1	0	0	0	1	0.166667	0.161625	0.419167	0.251258	284	2027	2311
8984	1/15/2012	1	1	1	4	0	0	0	2	0.16	0.1364	0.47	0.3881	1	5	6	380	1	1	1	0	0	0	1	0.166667	0.161625	0.419167	0.251258	284	2027	2311
8985	1/15/2012	1	1	1	5	0	0	0	2	0.16	0.1364	0.47	0.3284	0	5	5	380	1	1	1	0	0	0	1	0.166667	0.161625	0.419167	0.251258	284	2027	2311
8986	1/15/2012	1	1	1	6	0	0	0	2	0.14	0.1212	0.5	0.2836	1	7	8	380	1	1	1	0	0	0	1	0.166667	0.161625	0.419167	0.251258	284	2027	2311
8987	1/15/2012	1	1	1	7	0	0	0	1	0.12	0.1212	0.54	0.2836	3	14	17	380	1	1	1	0	0	0	1	0.166667	0.161625	0.419167	0.251258	284	2027	2311
8988	1/15/2012	1	1	1	8	0	0	0	1	0.12	0.1212	0.54	0.2239	2	34	36	380	1	1	1	0	0	0	1	0.166667	0.161625	0.419167	0.251258	284	2027	2311
8989	1/15/2012	1	1	1	9	0	0	0	1	0.12	0.1364	0.54	0.194	10	80	90	380	1	1	1	0	0	0	1	0.166667	0.161625	0.419167	0.251258	284	2027	2311
8990	1/15/2012	1	1	1	10	0	0	0	1	0.14	0.1212	0.54	0.2836	11	115	126	380	1	1	1	0	0	0	1	0.166667	0.161625	0.419167	0.251258	284	2027	2311
8991	1/15/2012	1	1	1	11	0	0	0	1	0.16	0.1515	0.47	0.2239	21	144	165	380	1	1	1	0	0	0	1	0.166667	0.161625	0.419167	0.251258	284	2027	2311
8992	1/15/2012	1	1	1	12	0	0	0	1	0.18	0.1667	0.4	0.2985	42	192	234	380	1	1	1	0	0	0	1	0.166667	0.161625	0.419167	0.251258	284	2027	2311
8993	1/15/2012	1	1	1	13	0	0	0	1	0.2	0.1818	0.34	0.2836	40	184	224	380	1	1	1	0	0	0	1	0.166667	0.161625	0.419167	0.251258	284	2027	2311
8994	1/15/2012	1	1	1	14	0	0	0	1	0.2	0.1818	0.32	0.3582	25	163	188	380	1	1	1	0	0	0	1	0.166667	0.161625	0.419167	0.251258	284	2027	2311
8995	1/15/2012	1	1	1	15	0	0	0	1	0.22	0.2273	0.27	0.194	33	173	206	380	1	1	1	0	0	0	1	0.166667	0.161625	0.419167	0.251258	284	2027	2311
8996	1/15/2012	1	1	1	16	0	0	0	1	0.22	0.2121	0.29	0.2985	31	174	205	380	1	1	1	0	0	0	1	0.166667	0.161625	0.419167	0.251258	284	2027	2311
8997	1/15/2012	1	1	1	17	0	0	0	1	0.22	0.2121	0.25	0.2537	15	131	146	380	1	1	1	0	0	0	1	0.166667	0.161625	0.419167	0.251258	284	2027	2311
8998	1/15/2012	1	1	1	18	0	0	0	1	0.18	0.1818	0.29	0.2239	7	113	120	380	1	1	1	0	0	0	1	0.166667	0.161625	0.419167	0.251258	284	2027	2311
8999	1/15/2012	1	1	1	19	0	0	0	1	0.16	0.1667	0.37	0.1642	9	101	110	380	1	1	1	0	0	0	1	0.166667	0.161625	0.419167	0.251258	284	2027	2311
9000	1/15/2012	1	1	1	20	0	0	0	1	0.16	0.1818	0.37	0.1045	10	85	95	380	1	1	1	0	0	0	1	0.166667	0.161625	0.419167	0.251258	284	2027	2311
9001	1/15/2012	1	1	1	21	0	0	0	1	0.16	0.1667	0.4	0.1642	1	71	72	380	1	1	1	0	0	0	1	0.166667	0.161625	0.419167	0.251258	284	2027	2311
9002	1/15/2012	1	1	1	22	0	0	0	1	0.18	0.2121	0.37	0.0896	2	58	60	380	1	1	1	0	0	0	1	0.166667	0.161625	0.419167	0.251258	284	2027	2311
9003	1/15/2012	1	1	1	23	0	0	0	1	0.16	0.197	0.43	0.0896	3	26	29	380	1	1	1	0	0	0	1	0.166667	0.161625	0.419167	0.251258	284	2027	2311
9004	1/16/2012	1	1	1	0	1	1	0	1	0.14	0.1515	0.46	0.1343	2	23	25	381	1	1	1	1	1	0	1	0.19	0.190663	0.5225	0.231358	217	2081	2298
9005	1/16/2012	1	1	1	1	1	1	0	1	0.14	0.1667	0.43	0.1045	2	18	20	381	1	1	1	1	1	0	1	0.19	0.190663	0.5225	0.231358	217	2081	2298
9006	1/16/2012	1	1	1	2	1	1	0	1	0.14	0.2121	0.46	0	3	14	17	381	1	1	1	1	1	0	1	0.19	0.190663	0.5225	0.231358	217	2081	2298
9007	1/16/2012	1	1	1	3	1	1	0	1	0.12	0.197	0.5	0	0	3	3	381	1	1	1	1	1	0	1	0.19	0.190663	0.5225	0.231358	217	2081	2298
9008	1/16/2012	1	1	1	4	1	1	0	1	0.12	0.1515	0.58	0.1045	2	6	8	381	1	1	1	1	1	0	1	0.19	0.190663	0.5225	0.231358	217	2081	2298
9009	1/16/2012	1	1	1	5	1	1	0	1	0.12	0.1667	0.54	0.0896	1	5	6	381	1	1	1	1	1	0	1	0.19	0.190663	0.5225	0.231358	217	2081	2298
9010	1/16/2012	1	1	1	6	1	1	0	1	0.1	0.1364	0.54	0.0896	0	13	13	381	1	1	1	1	1	0	1	0.19	0.190663	0.5225	0.231358	217	2081	2298
9011	1/16/2012	1	1	1	7	1	1	0	1	0.1	0.1364	0.54	0.1045	5	28	33	381	1	1	1	1	1	0	1	0.19	0.190663	0.5225	0.231358	217	2081	2298
9012	1/16/2012	1	1	1	8	1	1	0	1	0.1	0.1212	0.58	0.1642	3	75	78	381	1	1	1	1	1	0	1	0.19	0.190663	0.5225	0.231358	217	2081	2298
9013	1/16/2012	1	1	1	9	1	1	0	1	0.1	0.1212	0.58	0.1642	7	89	96	381	1	1	1	1	1	0	1	0.19	0.190663	0.5225	0.231358	217	2081	2298
9014	1/16/2012	1	1	1	10	1	1	0	2	0.14	0.1364	0.59	0.194	19	107	126	381	1	1	1	1	1	0	1	0.19	0.190663	0.5225	0.231358	217	2081	2298
9015	1/16/2012	1	1	1	11	1	1	0	1	0.16	0.1515	0.59	0.2537	21	158	179	381	1	1	1	1	1	0	1	0.19	0.190663	0.5225	0.231358	217	2081	2298
9016	1/16/2012	1	1	1	12	1	1	0	1	0.2	0.1818	0.55	0.3284	20	165	185	381	1	1	1	1	1	0	1	0.19	0.190663	0.5225	0.231358	217	2081	2298
9017	1/16/2012	1	1	1	13	1	1	0	2	0.24	0.197	0.41	0.4179	26	202	228	381	1	1	1	1	1	0	1	0.19	0.190663	0.5225	0.231358	217	2081	2298
9018	1/16/2012	1	1	1	14	1	1	0	1	0.24	0.2121	0.44	0.3881	23	158	181	381	1	1	1	1	1	0	1	0.19	0.190663	0.5225	0.231358	217	2081	2298
9019	1/16/2012	1	1	1	15	1	1	0	1	0.26	0.2121	0.44	0.4478	17	175	192	381	1	1	1	1	1	0	1	0.19	0.190663	0.5225	0.231358	217	2081	2298
9020	1/16/2012	1	1	1	16	1	1	0	1	0.26	0.2273	0.44	0.3582	22	158	180	381	1	1	1	1	1	0	1	0.19	0.190663	0.5225	0.231358	217	2081	2298
9021	1/16/2012	1	1	1	17	1	1	0	1	0.26	0.2273	0.48	0.3284	19	174	193	381	1	1	1	1	1	0	1	0.19	0.190663	0.5225	0.231358	217	2081	2298
9022	1/16/2012	1	1	1	18	1	1	0	1	0.26	0.2273	0.52	0.3284	6	175	181	381	1	1	1	1	1	0	1	0.19	0.190663	0.5225	0.231358	217	2081	2298
9023	1/16/2012	1	1	1	19	1	1	0	1	0.26	0.2424	0.56	0.2836	10	134	144	381	1	1	1	1	1	0	1	0.19	0.190663	0.5225	0.231358	217	2081	2298
9024	1/16/2012	1	1	1	20	1	1	0	1	0.26	0.2424	0.6	0.2836	2	88	90	381	1	1	1	1	1	0	1	0.19	0.190663	0.5225	0.231358	217	2081	2298
9025	1/16/2012	1	1	1	21	1	1	0	1	0.28	0.2576	0.52	0.3284	3	46	49	381	1	1	1	1	1	0	1	0.19	0.190663	0.5225	0.231358	217	2081	2298
9026	1/16/2012	1	1	1	22	1	1	0	2	0.3	0.2727	0.49	0.3582	4	39	43	381	1	1	1	1	1	0	1	0.19	0.190663	0.5225	0.231358	217	2081	2298
9027	1/16/2012	1	1	1	23	1	1	0	3	0.26	0.2273	0.7	0.2985	0	28	28	381	1	1	1	1	1	0	1	0.19	0.190663	0.5225	0.231358	217	2081	2298
9028	1/17/2012	1	1	1	0	0	2	1	2	0.26	0.2273	0.7	0.3284	0	12	12	382	1	1	1	0	2	1	2	0.373043	0.364278	0.716087	0.34913	127	2808	2935
9029	1/17/2012	1	1	1	1	0	2	1	2	0.28	0.2576	0.65	0.3582	0	2	2	382	1	1	1	0	2	1	2	0.373043	0.364278	0.716087	0.34913	127	2808	2935
9030	1/17/2012	1	1	1	2	0	2	1	3	0.28	0.2727	0.75	0.2537	0	12	12	382	1	1	1	0	2	1	2	0.373043	0.364278	0.716087	0.34913	127	2808	2935
9031	1/17/2012	1	1	1	4	0	2	1	3	0.32	0.303	0.66	0.3284	0	2	2	382	1	1	1	0	2	1	2	0.373043	0.364278	0.716087	0.34913	127	2808	2935
9032	1/17/2012	1	1	1	5	0	2	1	3	0.32	0.303	0.66	0.3284	0	13	13	382	1	1	1	0	2	1	2	0.373043	0.364278	0.716087	0.34913	127	2808	2935
9033	1/17/2012	1	1	1	6	0	2	1	3	0.3	0.2879	0.75	0.2537	0	57	57	382	1	1	1	0	2	1	2	0.373043	0.364278	0.716087	0.34913	127	2808	2935
9034	1/17/2012	1	1	1	7	0	2	1	3	0.3	0.2879	0.81	0.2239	5	121	126	382	1	1	1	0	2	1	2	0.373043	0.364278	0.716087	0.34913	127	2808	2935
9035	1/17/2012	1	1	1	8	0	2	1	3	0.3	0.2879	0.81	0.2836	3	90	93	382	1	1	1	0	2	1	2	0.373043	0.364278	0.716087	0.34913	127	2808	2935
9036	1/17/2012	1	1	1	9	0	2	1	3	0.32	0.303	0.81	0.2537	7	61	68	382	1	1	1	0	2	1	2	0.373043	0.364278	0.716087	0.34913	127	2808	2935
9037	1/17/2012	1	1	1	10	0	2	1	3	0.3	0.2879	0.87	0.2537	1	61	62	382	1	1	1	0	2	1	2	0.373043	0.364278	0.716087	0.34913	127	2808	2935
9038	1/17/2012	1	1	1	11	0	2	1	2	0.34	0.3485	0.87	0.1045	2	73	75	382	1	1	1	0	2	1	2	0.373043	0.364278	0.716087	0.34913	127	2808	2935
9039	1/17/2012	1	1	1	12	0	2	1	2	0.32	0.303	0.87	0.2836	3	83	86	382	1	1	1	0	2	1	2	0.373043	0.364278	0.716087	0.34913	127	2808	2935
9040	1/17/2012	1	1	1	13	0	2	1	2	0.38	0.3939	0.76	0.3284	8	95	103	382	1	1	1	0	2	1	2	0.373043	0.364278	0.716087	0.34913	127	2808	2935
9041	1/17/2012	1	1	1	14	0	2	1	1	0.44	0.4394	0.62	0.4925	12	120	132	382	1	1	1	0	2	1	2	0.373043	0.364278	0.716087	0.34913	127	2808	2935
9042	1/17/2012	1	1	1	15	0	2	1	1	0.44	0.4394	0.62	0.4925	6	123	129	382	1	1	1	0	2	1	2	0.373043	0.364278	0.716087	0.34913	127	2808	2935
9043	1/17/2012	1	1	1	16	0	2	1	1	0.46	0.4545	0.63	0.5522	14	205	219	382	1	1	1	0	2	1	2	0.373043	0.364278	0.716087	0.34913	127	2808	2935
9044	1/17/2012	1	1	1	17	0	2	1	1	0.46	0.4545	0.63	0.4478	20	442	462	382	1	1	1	0	2	1	2	0.373043	0.364278	0.716087	0.34913	127	2808	2935
9045	1/17/2012	1	1	1	18	0	2	1	1	0.46	0.4545	0.63	0.4478	12	451	463	382	1	1	1	0	2	1	2	0.373043	0.364278	0.716087	0.34913	127	2808	2935
9046	1/17/2012	1	1	1	19	0	2	1	1	0.46	0.4545	0.63	0.4179	11	297	308	382	1	1	1	0	2	1	2	0.373043	0.364278	0.716087	0.34913	127	2808	2935
9047	1/17/2012	1	1	1	20	0	2	1	1	0.46	0.4545	0.63	0.3582	11	169	180	382	1	1	1	0	2	1	2	0.373043	0.364278	0.716087	0.34913	127	2808	2935
9048	1/17/2012	1	1	1	21	0	2	1	1	0.46	0.4545	0.67	0.4627	6	174	180	382	1	1	1	0	2	1	2	0.373043	0.364278	0.716087	0.34913	127	2808	2935
9049	1/17/2012	1	1	1	22	0	2	1	1	0.46	0.4545	0.72	0.3881	5	85	90	382	1	1	1	0	2	1	2	0.373043	0.364278	0.716087	0.34913	127	2808	2935
9050	1/17/2012	1	1	1	23	0	2	1	1	0.46	0.4545	0.72	0.3881	1	60	61	382	1	1	1	0	2	1	2	0.373043	0.364278	0.716087	0.34913	127	2808	2935
9051	1/18/2012	1	1	1	0	0	3	1	2	0.46	0.4545	0.77	0.3284	3	14	17	383	1	1	1	0	3	1	1	0.303333	0.275254	0.443333	0.415429	109	3267	3376
9052	1/18/2012	1	1	1	1	0	3	1	2	0.46	0.4545	0.77	0.3284	0	10	10	383	1	1	1	0	3	1	1	0.303333	0.275254	0.443333	0.415429	109	3267	3376
9053	1/18/2012	1	1	1	2	0	3	1	2	0.44	0.4394	0.51	0.4925	1	1	2	383	1	1	1	0	3	1	1	0.303333	0.275254	0.443333	0.415429	109	3267	3376
9054	1/18/2012	1	1	1	3	0	3	1	2	0.44	0.4394	0.51	0.4925	1	3	4	383	1	1	1	0	3	1	1	0.303333	0.275254	0.443333	0.415429	109	3267	3376
9055	1/18/2012	1	1	1	4	0	3	1	1	0.34	0.2879	0.46	0.5224	0	1	1	383	1	1	1	0	3	1	1	0.303333	0.275254	0.443333	0.415429	109	3267	3376
9056	1/18/2012	1	1	1	5	0	3	1	1	0.34	0.2879	0.46	0.5224	0	29	29	383	1	1	1	0	3	1	1	0.303333	0.275254	0.443333	0.415429	109	3267	3376
9057	1/18/2012	1	1	1	6	0	3	1	1	0.34	0.2879	0.36	0.5224	0	88	88	383	1	1	1	0	3	1	1	0.303333	0.275254	0.443333	0.415429	109	3267	3376
9058	1/18/2012	1	1	1	7	0	3	1	1	0.32	0.2879	0.42	0.3582	1	262	263	383	1	1	1	0	3	1	1	0.303333	0.275254	0.443333	0.415429	109	3267	3376
9059	1/18/2012	1	1	1	8	0	3	1	1	0.3	0.2727	0.52	0.4179	15	474	489	383	1	1	1	0	3	1	1	0.303333	0.275254	0.443333	0.415429	109	3267	3376
9060	1/18/2012	1	1	1	9	0	3	1	1	0.28	0.2576	0.52	0.3284	6	196	202	383	1	1	1	0	3	1	1	0.303333	0.275254	0.443333	0.415429	109	3267	3376
9061	1/18/2012	1	1	1	10	0	3	1	1	0.3	0.2727	0.42	0.4627	5	88	93	383	1	1	1	0	3	1	1	0.303333	0.275254	0.443333	0.415429	109	3267	3376
9062	1/18/2012	1	1	1	11	0	3	1	1	0.3	0.2727	0.42	0.3881	4	110	114	383	1	1	1	0	3	1	1	0.303333	0.275254	0.443333	0.415429	109	3267	3376
9063	1/18/2012	1	1	1	12	0	3	1	1	0.3	0.2576	0.39	0.4925	6	155	161	383	1	1	1	0	3	1	1	0.303333	0.275254	0.443333	0.415429	109	3267	3376
9064	1/18/2012	1	1	1	13	0	3	1	1	0.3	0.2727	0.42	0.4627	6	124	130	383	1	1	1	0	3	1	1	0.303333	0.275254	0.443333	0.415429	109	3267	3376
9065	1/18/2012	1	1	1	14	0	3	1	1	0.3	0.2727	0.33	0.3881	7	98	105	383	1	1	1	0	3	1	1	0.303333	0.275254	0.443333	0.415429	109	3267	3376
9066	1/18/2012	1	1	1	15	0	3	1	1	0.3	0.2576	0.33	0.5224	8	122	130	383	1	1	1	0	3	1	1	0.303333	0.275254	0.443333	0.415429	109	3267	3376
9067	1/18/2012	1	1	1	16	0	3	1	1	0.28	0.2273	0.3	0.5224	13	163	176	383	1	1	1	0	3	1	1	0.303333	0.275254	0.443333	0.415429	109	3267	3376
9068	1/18/2012	1	1	1	17	0	3	1	1	0.26	0.2121	0.33	0.4478	8	338	346	383	1	1	1	0	3	1	1	0.303333	0.275254	0.443333	0.415429	109	3267	3376
9069	1/18/2012	1	1	1	18	0	3	1	1	0.24	0.2121	0.32	0.3582	8	347	355	383	1	1	1	0	3	1	1	0.303333	0.275254	0.443333	0.415429	109	3267	3376
9070	1/18/2012	1	1	1	19	0	3	1	1	0.22	0.197	0.37	0.3881	5	251	256	383	1	1	1	0	3	1	1	0.303333	0.275254	0.443333	0.415429	109	3267	3376
9071	1/18/2012	1	1	1	20	0	3	1	1	0.22	0.2121	0.37	0.2537	1	164	165	383	1	1	1	0	3	1	1	0.303333	0.275254	0.443333	0.415429	109	3267	3376
9072	1/18/2012	1	1	1	21	0	3	1	1	0.2	0.1667	0.4	0.4179	5	119	124	383	1	1	1	0	3	1	1	0.303333	0.275254	0.443333	0.415429	109	3267	3376
9073	1/18/2012	1	1	1	22	0	3	1	1	0.18	0.1667	0.47	0.2537	4	74	78	383	1	1	1	0	3	1	1	0.303333	0.275254	0.443333	0.415429	109	3267	3376
9074	1/18/2012	1	1	1	23	0	3	1	1	0.16	0.1364	0.47	0.2985	2	36	38	383	1	1	1	0	3	1	1	0.303333	0.275254	0.443333	0.415429	109	3267	3376
9075	1/19/2012	1	1	1	0	0	4	1	1	0.14	0.1364	0.5	0.194	0	16	16	384	1	1	1	0	4	1	1	0.19	0.190038	0.4975	0.220158	130	3162	3292
9076	1/19/2012	1	1	1	1	0	4	1	1	0.14	0.1515	0.5	0.1642	0	5	5	384	1	1	1	0	4	1	1	0.19	0.190038	0.4975	0.220158	130	3162	3292
9077	1/19/2012	1	1	1	2	0	4	1	1	0.14	0.1515	0.5	0.1343	0	3	3	384	1	1	1	0	4	1	1	0.19	0.190038	0.4975	0.220158	130	3162	3292
9078	1/19/2012	1	1	1	3	0	4	1	1	0.12	0.1515	0.54	0.1045	0	4	4	384	1	1	1	0	4	1	1	0.19	0.190038	0.4975	0.220158	130	3162	3292
9079	1/19/2012	1	1	1	4	0	4	1	1	0.12	0.1515	0.54	0.1045	0	1	1	384	1	1	1	0	4	1	1	0.19	0.190038	0.4975	0.220158	130	3162	3292
9080	1/19/2012	1	1	1	5	0	4	1	1	0.12	0.1212	0.55	0.2537	0	19	19	384	1	1	1	0	4	1	1	0.19	0.190038	0.4975	0.220158	130	3162	3292
9081	1/19/2012	1	1	1	6	0	4	1	1	0.12	0.1364	0.54	0.1642	0	86	86	384	1	1	1	0	4	1	1	0.19	0.190038	0.4975	0.220158	130	3162	3292
9082	1/19/2012	1	1	1	7	0	4	1	1	0.12	0.1667	0.54	0.0896	2	204	206	384	1	1	1	0	4	1	1	0.19	0.190038	0.4975	0.220158	130	3162	3292
9083	1/19/2012	1	1	1	8	0	4	1	1	0.12	0.1515	0.54	0.1045	9	414	423	384	1	1	1	0	4	1	1	0.19	0.190038	0.4975	0.220158	130	3162	3292
9084	1/19/2012	1	1	1	9	0	4	1	1	0.12	0.197	0.54	0	6	204	210	384	1	1	1	0	4	1	1	0.19	0.190038	0.4975	0.220158	130	3162	3292
9085	1/19/2012	1	1	1	10	0	4	1	1	0.14	0.2121	0.59	0	10	98	108	384	1	1	1	0	4	1	1	0.19	0.190038	0.4975	0.220158	130	3162	3292
9086	1/19/2012	1	1	1	11	0	4	1	1	0.16	0.1667	0.55	0.1642	6	93	99	384	1	1	1	0	4	1	1	0.19	0.190038	0.4975	0.220158	130	3162	3292
9087	1/19/2012	1	1	1	12	0	4	1	1	0.2	0.197	0.51	0.194	5	106	111	384	1	1	1	0	4	1	1	0.19	0.190038	0.4975	0.220158	130	3162	3292
9088	1/19/2012	1	1	1	13	0	4	1	1	0.22	0.2121	0.47	0.2836	6	118	124	384	1	1	1	0	4	1	1	0.19	0.190038	0.4975	0.220158	130	3162	3292
9089	1/19/2012	1	1	1	14	0	4	1	1	0.24	0.2273	0.44	0.194	15	104	119	384	1	1	1	0	4	1	1	0.19	0.190038	0.4975	0.220158	130	3162	3292
9090	1/19/2012	1	1	1	15	0	4	1	1	0.26	0.2273	0.44	0.2985	9	118	127	384	1	1	1	0	4	1	1	0.19	0.190038	0.4975	0.220158	130	3162	3292
9091	1/19/2012	1	1	1	16	0	4	1	1	0.26	0.2273	0.41	0.3284	8	185	193	384	1	1	1	0	4	1	1	0.19	0.190038	0.4975	0.220158	130	3162	3292
9092	1/19/2012	1	1	1	17	0	4	1	2	0.26	0.2273	0.44	0.3284	21	364	385	384	1	1	1	0	4	1	1	0.19	0.190038	0.4975	0.220158	130	3162	3292
9093	1/19/2012	1	1	1	18	0	4	1	2	0.26	0.2273	0.44	0.3284	16	345	361	384	1	1	1	0	4	1	1	0.19	0.190038	0.4975	0.220158	130	3162	3292
9094	1/19/2012	1	1	1	19	0	4	1	2	0.26	0.2273	0.48	0.2985	5	229	234	384	1	1	1	0	4	1	1	0.19	0.190038	0.4975	0.220158	130	3162	3292
9095	1/19/2012	1	1	1	20	0	4	1	1	0.26	0.2121	0.52	0.4478	7	184	191	384	1	1	1	0	4	1	1	0.19	0.190038	0.4975	0.220158	130	3162	3292
9096	1/19/2012	1	1	1	21	0	4	1	1	0.26	0.2273	0.44	0.3582	4	117	121	384	1	1	1	0	4	1	1	0.19	0.190038	0.4975	0.220158	130	3162	3292
9097	1/19/2012	1	1	1	22	0	4	1	2	0.26	0.2273	0.44	0.4179	0	90	90	384	1	1	1	0	4	1	1	0.19	0.190038	0.4975	0.220158	130	3162	3292
9098	1/19/2012	1	1	1	23	0	4	1	1	0.26	0.2273	0.48	0.3284	1	55	56	384	1	1	1	0	4	1	1	0.19	0.190038	0.4975	0.220158	130	3162	3292
9099	1/20/2012	1	1	1	0	0	5	1	2	0.26	0.2273	0.48	0.2985	3	24	27	385	1	1	1	0	5	1	2	0.2175	0.220958	0.45	0.20275	115	3048	3163
9100	1/20/2012	1	1	1	1	0	5	1	1	0.26	0.2727	0.48	0.1343	0	15	15	385	1	1	1	0	5	1	2	0.2175	0.220958	0.45	0.20275	115	3048	3163
9101	1/20/2012	1	1	1	2	0	5	1	1	0.26	0.2727	0.48	0.1343	0	11	11	385	1	1	1	0	5	1	2	0.2175	0.220958	0.45	0.20275	115	3048	3163
9102	1/20/2012	1	1	1	3	0	5	1	1	0.24	0.2576	0.52	0.1045	0	4	4	385	1	1	1	0	5	1	2	0.2175	0.220958	0.45	0.20275	115	3048	3163
9103	1/20/2012	1	1	1	4	0	5	1	1	0.22	0.2424	0.6	0.1045	0	3	3	385	1	1	1	0	5	1	2	0.2175	0.220958	0.45	0.20275	115	3048	3163
9104	1/20/2012	1	1	1	5	0	5	1	1	0.22	0.2424	0.6	0.1045	0	19	19	385	1	1	1	0	5	1	2	0.2175	0.220958	0.45	0.20275	115	3048	3163
9105	1/20/2012	1	1	1	6	0	5	1	1	0.24	0.2121	0.6	0.2836	0	68	68	385	1	1	1	0	5	1	2	0.2175	0.220958	0.45	0.20275	115	3048	3163
9106	1/20/2012	1	1	1	7	0	5	1	1	0.22	0.2121	0.69	0.2239	2	183	185	385	1	1	1	0	5	1	2	0.2175	0.220958	0.45	0.20275	115	3048	3163
9107	1/20/2012	1	1	1	8	0	5	1	1	0.22	0.2121	0.64	0.2537	4	421	425	385	1	1	1	0	5	1	2	0.2175	0.220958	0.45	0.20275	115	3048	3163
9108	1/20/2012	1	1	1	9	0	5	1	1	0.22	0.197	0.47	0.3881	21	242	263	385	1	1	1	0	5	1	2	0.2175	0.220958	0.45	0.20275	115	3048	3163
9109	1/20/2012	1	1	1	10	0	5	1	2	0.22	0.2121	0.44	0.2836	1	96	97	385	1	1	1	0	5	1	2	0.2175	0.220958	0.45	0.20275	115	3048	3163
9110	1/20/2012	1	1	1	11	0	5	1	2	0.2	0.1818	0.32	0.3582	6	117	123	385	1	1	1	0	5	1	2	0.2175	0.220958	0.45	0.20275	115	3048	3163
9111	1/20/2012	1	1	1	12	0	5	1	2	0.2	0.1818	0.34	0.3284	5	119	124	385	1	1	1	0	5	1	2	0.2175	0.220958	0.45	0.20275	115	3048	3163
9112	1/20/2012	1	1	1	13	0	5	1	1	0.22	0.2121	0.32	0.2985	12	144	156	385	1	1	1	0	5	1	2	0.2175	0.220958	0.45	0.20275	115	3048	3163
9113	1/20/2012	1	1	1	14	0	5	1	2	0.22	0.2121	0.35	0.2985	8	107	115	385	1	1	1	0	5	1	2	0.2175	0.220958	0.45	0.20275	115	3048	3163
9114	1/20/2012	1	1	1	15	0	5	1	2	0.22	0.2273	0.35	0.194	12	144	156	385	1	1	1	0	5	1	2	0.2175	0.220958	0.45	0.20275	115	3048	3163
9115	1/20/2012	1	1	1	16	0	5	1	2	0.2	0.2121	0.37	0.1642	11	163	174	385	1	1	1	0	5	1	2	0.2175	0.220958	0.45	0.20275	115	3048	3163
9116	1/20/2012	1	1	1	17	0	5	1	2	0.22	0.2576	0.32	0.0896	9	340	349	385	1	1	1	0	5	1	2	0.2175	0.220958	0.45	0.20275	115	3048	3163
9117	1/20/2012	1	1	1	18	0	5	1	2	0.2	0.2273	0.34	0.0896	5	296	301	385	1	1	1	0	5	1	2	0.2175	0.220958	0.45	0.20275	115	3048	3163
9118	1/20/2012	1	1	1	19	0	5	1	2	0.2	0.2273	0.37	0.1045	6	186	192	385	1	1	1	0	5	1	2	0.2175	0.220958	0.45	0.20275	115	3048	3163
9119	1/20/2012	1	1	1	20	0	5	1	2	0.2	0.2273	0.34	0.0896	1	141	142	385	1	1	1	0	5	1	2	0.2175	0.220958	0.45	0.20275	115	3048	3163
9120	1/20/2012	1	1	1	21	0	5	1	2	0.2	0.2273	0.37	0.0896	5	99	104	385	1	1	1	0	5	1	2	0.2175	0.220958	0.45	0.20275	115	3048	3163
9121	1/20/2012	1	1	1	22	0	5	1	2	0.2	0.197	0.37	0.2239	1	71	72	385	1	1	1	0	5	1	2	0.2175	0.220958	0.45	0.20275	115	3048	3163
9122	1/20/2012	1	1	1	23	0	5	1	3	0.16	0.1515	0.64	0.2239	3	35	38	385	1	1	1	0	5	1	2	0.2175	0.220958	0.45	0.20275	115	3048	3163
9123	1/21/2012	1	1	1	0	0	6	0	3	0.16	0.1515	0.64	0.2239	0	24	24	386	1	1	1	0	6	0	2	0.173333	0.174875	0.83125	0.222642	67	1234	1301
9124	1/21/2012	1	1	1	1	0	6	0	4	0.14	0.1364	0.86	0.194	1	22	23	386	1	1	1	0	6	0	2	0.173333	0.174875	0.83125	0.222642	67	1234	1301
9125	1/21/2012	1	1	1	2	0	6	0	3	0.14	0.2121	0.86	0	1	25	26	386	1	1	1	0	6	0	2	0.173333	0.174875	0.83125	0.222642	67	1234	1301
9126	1/21/2012	1	1	1	3	0	6	0	3	0.14	0.1818	0.93	0.0896	0	13	13	386	1	1	1	0	6	0	2	0.173333	0.174875	0.83125	0.222642	67	1234	1301
9127	1/21/2012	1	1	1	4	0	6	0	3	0.16	0.197	0.86	0.0896	0	1	1	386	1	1	1	0	6	0	2	0.173333	0.174875	0.83125	0.222642	67	1234	1301
9128	1/21/2012	1	1	1	5	0	6	0	3	0.16	0.1818	0.86	0.1045	0	2	2	386	1	1	1	0	6	0	2	0.173333	0.174875	0.83125	0.222642	67	1234	1301
9129	1/21/2012	1	1	1	6	0	6	0	3	0.16	0.1667	0.93	0.1642	0	1	1	386	1	1	1	0	6	0	2	0.173333	0.174875	0.83125	0.222642	67	1234	1301
9130	1/21/2012	1	1	1	7	0	6	0	3	0.16	0.1667	0.93	0.1642	3	10	13	386	1	1	1	0	6	0	2	0.173333	0.174875	0.83125	0.222642	67	1234	1301
9131	1/21/2012	1	1	1	8	0	6	0	2	0.16	0.1515	0.93	0.2537	3	22	25	386	1	1	1	0	6	0	2	0.173333	0.174875	0.83125	0.222642	67	1234	1301
9132	1/21/2012	1	1	1	9	0	6	0	2	0.16	0.1515	0.93	0.2537	2	40	42	386	1	1	1	0	6	0	2	0.173333	0.174875	0.83125	0.222642	67	1234	1301
9133	1/21/2012	1	1	1	10	0	6	0	3	0.16	0.1515	0.93	0.2537	0	45	45	386	1	1	1	0	6	0	2	0.173333	0.174875	0.83125	0.222642	67	1234	1301
9134	1/21/2012	1	1	1	11	0	6	0	2	0.18	0.2121	0.86	0.1045	1	62	63	386	1	1	1	0	6	0	2	0.173333	0.174875	0.83125	0.222642	67	1234	1301
9135	1/21/2012	1	1	1	12	0	6	0	2	0.2	0.2121	0.8	0.1642	5	62	67	386	1	1	1	0	6	0	2	0.173333	0.174875	0.83125	0.222642	67	1234	1301
9136	1/21/2012	1	1	1	13	0	6	0	2	0.2	0.197	0.8	0.2537	10	66	76	386	1	1	1	0	6	0	2	0.173333	0.174875	0.83125	0.222642	67	1234	1301
9137	1/21/2012	1	1	1	14	0	6	0	3	0.2	0.197	0.8	0.194	6	89	95	386	1	1	1	0	6	0	2	0.173333	0.174875	0.83125	0.222642	67	1234	1301
9138	1/21/2012	1	1	1	15	0	6	0	3	0.2	0.197	0.8	0.194	6	113	119	386	1	1	1	0	6	0	2	0.173333	0.174875	0.83125	0.222642	67	1234	1301
9139	1/21/2012	1	1	1	16	0	6	0	2	0.2	0.1818	0.8	0.2985	5	113	118	386	1	1	1	0	6	0	2	0.173333	0.174875	0.83125	0.222642	67	1234	1301
9140	1/21/2012	1	1	1	17	0	6	0	2	0.2	0.1818	0.8	0.3881	7	99	106	386	1	1	1	0	6	0	2	0.173333	0.174875	0.83125	0.222642	67	1234	1301
9141	1/21/2012	1	1	1	18	0	6	0	2	0.2	0.1818	0.75	0.3881	3	107	110	386	1	1	1	0	6	0	2	0.173333	0.174875	0.83125	0.222642	67	1234	1301
9142	1/21/2012	1	1	1	19	0	6	0	2	0.18	0.1515	0.8	0.3881	0	85	85	386	1	1	1	0	6	0	2	0.173333	0.174875	0.83125	0.222642	67	1234	1301
9143	1/21/2012	1	1	1	20	0	6	0	2	0.18	0.1667	0.8	0.2985	5	62	67	386	1	1	1	0	6	0	2	0.173333	0.174875	0.83125	0.222642	67	1234	1301
9144	1/21/2012	1	1	1	21	0	6	0	1	0.18	0.1515	0.74	0.3284	5	64	69	386	1	1	1	0	6	0	2	0.173333	0.174875	0.83125	0.222642	67	1234	1301
9145	1/21/2012	1	1	1	22	0	6	0	2	0.18	0.1667	0.74	0.2985	3	56	59	386	1	1	1	0	6	0	2	0.173333	0.174875	0.83125	0.222642	67	1234	1301
9146	1/21/2012	1	1	1	23	0	6	0	2	0.16	0.1515	0.8	0.2537	1	51	52	386	1	1	1	0	6	0	2	0.173333	0.174875	0.83125	0.222642	67	1234	1301
9147	1/22/2012	1	1	1	0	0	0	0	1	0.16	0.1364	0.8	0.2985	1	51	52	387	1	1	1	0	0	0	2	0.1625	0.16225	0.79625	0.199638	196	1781	1977
9148	1/22/2012	1	1	1	1	0	0	0	2	0.18	0.1667	0.74	0.2985	1	49	50	387	1	1	1	0	0	0	2	0.1625	0.16225	0.79625	0.199638	196	1781	1977
9149	1/22/2012	1	1	1	2	0	0	0	2	0.18	0.1667	0.74	0.2836	1	46	47	387	1	1	1	0	0	0	2	0.1625	0.16225	0.79625	0.199638	196	1781	1977
9150	1/22/2012	1	1	1	3	0	0	0	2	0.18	0.1667	0.69	0.2836	1	20	21	387	1	1	1	0	0	0	2	0.1625	0.16225	0.79625	0.199638	196	1781	1977
9151	1/22/2012	1	1	1	4	0	0	0	3	0.16	0.1364	0.8	0.2836	1	1	2	387	1	1	1	0	0	0	2	0.1625	0.16225	0.79625	0.199638	196	1781	1977
9152	1/22/2012	1	1	1	5	0	0	0	3	0.16	0.1515	0.74	0.2239	1	2	3	387	1	1	1	0	0	0	2	0.1625	0.16225	0.79625	0.199638	196	1781	1977
9153	1/22/2012	1	1	1	6	0	0	0	2	0.16	0.1515	0.74	0.2239	0	4	4	387	1	1	1	0	0	0	2	0.1625	0.16225	0.79625	0.199638	196	1781	1977
9154	1/22/2012	1	1	1	7	0	0	0	2	0.16	0.1515	0.74	0.2239	2	11	13	387	1	1	1	0	0	0	2	0.1625	0.16225	0.79625	0.199638	196	1781	1977
9155	1/22/2012	1	1	1	8	0	0	0	2	0.16	0.1515	0.74	0.2239	3	29	32	387	1	1	1	0	0	0	2	0.1625	0.16225	0.79625	0.199638	196	1781	1977
9156	1/22/2012	1	1	1	9	0	0	0	2	0.16	0.1515	0.74	0.2239	9	54	63	387	1	1	1	0	0	0	2	0.1625	0.16225	0.79625	0.199638	196	1781	1977
9157	1/22/2012	1	1	1	10	0	0	0	2	0.16	0.1364	0.74	0.2836	9	120	129	387	1	1	1	0	0	0	2	0.1625	0.16225	0.79625	0.199638	196	1781	1977
9158	1/22/2012	1	1	1	11	0	0	0	3	0.16	0.1515	0.8	0.2537	18	115	133	387	1	1	1	0	0	0	2	0.1625	0.16225	0.79625	0.199638	196	1781	1977
9159	1/22/2012	1	1	1	12	0	0	0	2	0.16	0.1515	0.8	0.2239	24	161	185	387	1	1	1	0	0	0	2	0.1625	0.16225	0.79625	0.199638	196	1781	1977
9160	1/22/2012	1	1	1	13	0	0	0	2	0.16	0.1818	0.8	0.1343	24	175	199	387	1	1	1	0	0	0	2	0.1625	0.16225	0.79625	0.199638	196	1781	1977
9161	1/22/2012	1	1	1	14	0	0	0	2	0.16	0.1667	0.8	0.1642	19	163	182	387	1	1	1	0	0	0	2	0.1625	0.16225	0.79625	0.199638	196	1781	1977
9162	1/22/2012	1	1	1	15	0	0	0	2	0.16	0.1515	0.8	0.194	27	149	176	387	1	1	1	0	0	0	2	0.1625	0.16225	0.79625	0.199638	196	1781	1977
9163	1/22/2012	1	1	1	16	0	0	0	2	0.16	0.1515	0.8	0.194	12	143	155	387	1	1	1	0	0	0	2	0.1625	0.16225	0.79625	0.199638	196	1781	1977
9164	1/22/2012	1	1	1	17	0	0	0	2	0.16	0.1818	0.8	0.1045	8	100	108	387	1	1	1	0	0	0	2	0.1625	0.16225	0.79625	0.199638	196	1781	1977
9165	1/22/2012	1	1	1	18	0	0	0	3	0.16	0.1818	0.86	0.1045	11	110	121	387	1	1	1	0	0	0	2	0.1625	0.16225	0.79625	0.199638	196	1781	1977
9166	1/22/2012	1	1	1	19	0	0	0	3	0.16	0.1818	0.86	0.1045	9	80	89	387	1	1	1	0	0	0	2	0.1625	0.16225	0.79625	0.199638	196	1781	1977
9167	1/22/2012	1	1	1	20	0	0	0	3	0.16	0.1667	0.86	0.1642	5	69	74	387	1	1	1	0	0	0	2	0.1625	0.16225	0.79625	0.199638	196	1781	1977
9168	1/22/2012	1	1	1	21	0	0	0	3	0.16	0.1818	0.86	0.1045	8	36	44	387	1	1	1	0	0	0	2	0.1625	0.16225	0.79625	0.199638	196	1781	1977
9169	1/22/2012	1	1	1	22	0	0	0	2	0.16	0.197	0.93	0.0896	0	58	58	387	1	1	1	0	0	0	2	0.1625	0.16225	0.79625	0.199638	196	1781	1977
9170	1/22/2012	1	1	1	23	0	0	0	2	0.16	0.1818	0.93	0.1045	2	35	37	387	1	1	1	0	0	0	2	0.1625	0.16225	0.79625	0.199638	196	1781	1977
9171	1/23/2012	1	1	1	0	0	1	1	2	0.18	0.2424	0.86	0	2	17	19	388	1	1	1	0	1	1	2	0.218333	0.243058	0.91125	0.110708	145	2287	2432
9172	1/23/2012	1	1	1	1	0	1	1	2	0.18	0.2121	0.86	0.1045	0	4	4	388	1	1	1	0	1	1	2	0.218333	0.243058	0.91125	0.110708	145	2287	2432
9173	1/23/2012	1	1	1	2	0	1	1	2	0.18	0.2121	0.86	0.1045	0	2	2	388	1	1	1	0	1	1	2	0.218333	0.243058	0.91125	0.110708	145	2287	2432
9174	1/23/2012	1	1	1	3	0	1	1	2	0.18	0.2424	0.86	0	0	1	1	388	1	1	1	0	1	1	2	0.218333	0.243058	0.91125	0.110708	145	2287	2432
9175	1/23/2012	1	1	1	4	0	1	1	2	0.2	0.2576	0.8	0	0	1	1	388	1	1	1	0	1	1	2	0.218333	0.243058	0.91125	0.110708	145	2287	2432
9176	1/23/2012	1	1	1	5	0	1	1	2	0.2	0.2576	0.86	0	0	19	19	388	1	1	1	0	1	1	2	0.218333	0.243058	0.91125	0.110708	145	2287	2432
9177	1/23/2012	1	1	1	6	0	1	1	2	0.2	0.2576	0.86	0	6	36	42	388	1	1	1	0	1	1	2	0.218333	0.243058	0.91125	0.110708	145	2287	2432
9178	1/23/2012	1	1	1	7	0	1	1	3	0.2	0.2576	0.86	0	8	114	122	388	1	1	1	0	1	1	2	0.218333	0.243058	0.91125	0.110708	145	2287	2432
9179	1/23/2012	1	1	1	8	0	1	1	3	0.2	0.2121	0.86	0.1343	5	267	272	388	1	1	1	0	1	1	2	0.218333	0.243058	0.91125	0.110708	145	2287	2432
9180	1/23/2012	1	1	1	9	0	1	1	2	0.2	0.2273	0.86	0.0896	13	198	211	388	1	1	1	0	1	1	2	0.218333	0.243058	0.91125	0.110708	145	2287	2432
9181	1/23/2012	1	1	1	10	0	1	1	2	0.2	0.2576	0.93	0	10	139	149	388	1	1	1	0	1	1	2	0.218333	0.243058	0.91125	0.110708	145	2287	2432
9182	1/23/2012	1	1	1	11	0	1	1	2	0.2	0.2273	0.93	0.0896	5	57	62	388	1	1	1	0	1	1	2	0.218333	0.243058	0.91125	0.110708	145	2287	2432
9183	1/23/2012	1	1	1	12	0	1	1	2	0.22	0.2727	0.93	0	10	52	62	388	1	1	1	0	1	1	2	0.218333	0.243058	0.91125	0.110708	145	2287	2432
9184	1/23/2012	1	1	1	13	0	1	1	3	0.22	0.2576	0.93	0.0896	5	32	37	388	1	1	1	0	1	1	2	0.218333	0.243058	0.91125	0.110708	145	2287	2432
9185	1/23/2012	1	1	1	14	0	1	1	3	0.22	0.2273	0.93	0.194	13	48	61	388	1	1	1	0	1	1	2	0.218333	0.243058	0.91125	0.110708	145	2287	2432
9186	1/23/2012	1	1	1	15	0	1	1	2	0.22	0.2121	1	0.2239	10	64	74	388	1	1	1	0	1	1	2	0.218333	0.243058	0.91125	0.110708	145	2287	2432
9187	1/23/2012	1	1	1	16	0	1	1	2	0.24	0.2424	0.93	0.1642	14	108	122	388	1	1	1	0	1	1	2	0.218333	0.243058	0.91125	0.110708	145	2287	2432
9188	1/23/2012	1	1	1	17	0	1	1	2	0.24	0.2576	0.96	0.1045	6	270	276	388	1	1	1	0	1	1	2	0.218333	0.243058	0.91125	0.110708	145	2287	2432
9189	1/23/2012	1	1	1	18	0	1	1	2	0.24	0.2424	0.93	0.1343	7	275	282	388	1	1	1	0	1	1	2	0.218333	0.243058	0.91125	0.110708	145	2287	2432
9190	1/23/2012	1	1	1	19	0	1	1	2	0.26	0.2576	0.93	0.1642	9	211	220	388	1	1	1	0	1	1	2	0.218333	0.243058	0.91125	0.110708	145	2287	2432
9191	1/23/2012	1	1	1	20	0	1	1	2	0.26	0.2576	1	0.1642	8	161	169	388	1	1	1	0	1	1	2	0.218333	0.243058	0.91125	0.110708	145	2287	2432
9192	1/23/2012	1	1	1	21	0	1	1	2	0.26	0.2424	1	0.2836	8	112	120	388	1	1	1	0	1	1	2	0.218333	0.243058	0.91125	0.110708	145	2287	2432
9193	1/23/2012	1	1	1	22	0	1	1	2	0.26	0.2424	1	0.2836	4	64	68	388	1	1	1	0	1	1	2	0.218333	0.243058	0.91125	0.110708	145	2287	2432
9194	1/23/2012	1	1	1	23	0	1	1	2	0.28	0.2576	0.93	0.3284	2	35	37	388	1	1	1	0	1	1	2	0.218333	0.243058	0.91125	0.110708	145	2287	2432
9195	1/24/2012	1	1	1	0	0	2	1	2	0.3	0.2879	1	0.2836	6	19	25	389	1	1	1	0	2	1	1	0.3425	0.349108	0.835833	0.123767	439	3900	4339
9196	1/24/2012	1	1	1	1	0	2	1	2	0.32	0.303	0.93	0.2537	2	7	9	389	1	1	1	0	2	1	1	0.3425	0.349108	0.835833	0.123767	439	3900	4339
9197	1/24/2012	1	1	1	2	0	2	1	2	0.32	0.303	0.93	0.2239	2	6	8	389	1	1	1	0	2	1	1	0.3425	0.349108	0.835833	0.123767	439	3900	4339
9198	1/24/2012	1	1	1	3	0	2	1	2	0.32	0.3333	0.93	0.1343	0	3	3	389	1	1	1	0	2	1	1	0.3425	0.349108	0.835833	0.123767	439	3900	4339
9199	1/24/2012	1	1	1	4	0	2	1	2	0.3	0.3182	1	0.0896	0	2	2	389	1	1	1	0	2	1	1	0.3425	0.349108	0.835833	0.123767	439	3900	4339
9200	1/24/2012	1	1	1	5	0	2	1	2	0.3	0.3182	1	0.0896	0	26	26	389	1	1	1	0	2	1	1	0.3425	0.349108	0.835833	0.123767	439	3900	4339
9201	1/24/2012	1	1	1	6	0	2	1	2	0.32	0.3182	0.93	0.194	1	88	89	389	1	1	1	0	2	1	1	0.3425	0.349108	0.835833	0.123767	439	3900	4339
9202	1/24/2012	1	1	1	7	0	2	1	2	0.32	0.3333	0.93	0.1343	11	221	232	389	1	1	1	0	2	1	1	0.3425	0.349108	0.835833	0.123767	439	3900	4339
9203	1/24/2012	1	1	1	8	0	2	1	2	0.32	0.3333	0.93	0.1343	11	479	490	389	1	1	1	0	2	1	1	0.3425	0.349108	0.835833	0.123767	439	3900	4339
9204	1/24/2012	1	1	1	9	0	2	1	2	0.32	0.3333	0.87	0.0896	11	244	255	389	1	1	1	0	2	1	1	0.3425	0.349108	0.835833	0.123767	439	3900	4339
9205	1/24/2012	1	1	1	10	0	2	1	1	0.32	0.3333	0.93	0.0896	23	93	116	389	1	1	1	0	2	1	1	0.3425	0.349108	0.835833	0.123767	439	3900	4339
9206	1/24/2012	1	1	1	11	0	2	1	1	0.34	0.3333	0.87	0.1343	30	123	153	389	1	1	1	0	2	1	1	0.3425	0.349108	0.835833	0.123767	439	3900	4339
9207	1/24/2012	1	1	1	12	0	2	1	1	0.34	0.3333	0.87	0.1642	25	150	175	389	1	1	1	0	2	1	1	0.3425	0.349108	0.835833	0.123767	439	3900	4339
9208	1/24/2012	1	1	1	13	0	2	1	1	0.34	0.3333	0.87	0.1642	33	170	203	389	1	1	1	0	2	1	1	0.3425	0.349108	0.835833	0.123767	439	3900	4339
9209	1/24/2012	1	1	1	14	0	2	1	1	0.36	0.3485	0.81	0.2239	35	138	173	389	1	1	1	0	2	1	1	0.3425	0.349108	0.835833	0.123767	439	3900	4339
9210	1/24/2012	1	1	1	15	0	2	1	2	0.4	0.4091	0.71	0.1642	52	156	208	389	1	1	1	0	2	1	1	0.3425	0.349108	0.835833	0.123767	439	3900	4339
9211	1/24/2012	1	1	1	16	0	2	1	1	0.4	0.4091	0.71	0.1343	35	243	278	389	1	1	1	0	2	1	1	0.3425	0.349108	0.835833	0.123767	439	3900	4339
9212	1/24/2012	1	1	1	17	0	2	1	1	0.42	0.4242	0.67	0.0896	41	474	515	389	1	1	1	0	2	1	1	0.3425	0.349108	0.835833	0.123767	439	3900	4339
9213	1/24/2012	1	1	1	18	0	2	1	1	0.4	0.4091	0.62	0.0896	32	391	423	389	1	1	1	0	2	1	1	0.3425	0.349108	0.835833	0.123767	439	3900	4339
9214	1/24/2012	1	1	1	19	0	2	1	1	0.44	0.4394	0.51	0.0896	20	311	331	389	1	1	1	0	2	1	1	0.3425	0.349108	0.835833	0.123767	439	3900	4339
9215	1/24/2012	1	1	1	20	0	2	1	1	0.32	0.3485	0.76	0	18	211	229	389	1	1	1	0	2	1	1	0.3425	0.349108	0.835833	0.123767	439	3900	4339
9216	1/24/2012	1	1	1	21	0	2	1	1	0.36	0.3788	0.71	0	18	154	172	389	1	1	1	0	2	1	1	0.3425	0.349108	0.835833	0.123767	439	3900	4339
9217	1/24/2012	1	1	1	22	0	2	1	1	0.32	0.3485	0.81	0	14	111	125	389	1	1	1	0	2	1	1	0.3425	0.349108	0.835833	0.123767	439	3900	4339
9218	1/24/2012	1	1	1	23	0	2	1	1	0.32	0.3485	0.76	0	19	80	99	389	1	1	1	0	2	1	1	0.3425	0.349108	0.835833	0.123767	439	3900	4339
9219	1/25/2012	1	1	1	0	0	3	1	1	0.26	0.303	0.93	0	6	25	31	390	1	1	1	0	3	1	1	0.294167	0.294821	0.64375	0.161071	467	3803	4270
9220	1/25/2012	1	1	1	1	0	3	1	1	0.3	0.2879	0.7	0.2239	4	9	13	390	1	1	1	0	3	1	1	0.294167	0.294821	0.64375	0.161071	467	3803	4270
9221	1/25/2012	1	1	1	2	0	3	1	1	0.28	0.2727	0.7	0.194	3	3	6	390	1	1	1	0	3	1	1	0.294167	0.294821	0.64375	0.161071	467	3803	4270
9222	1/25/2012	1	1	1	3	0	3	1	1	0.26	0.2576	0.75	0.194	0	1	1	390	1	1	1	0	3	1	1	0.294167	0.294821	0.64375	0.161071	467	3803	4270
9223	1/25/2012	1	1	1	4	0	3	1	1	0.26	0.2424	0.7	0.2836	0	4	4	390	1	1	1	0	3	1	1	0.294167	0.294821	0.64375	0.161071	467	3803	4270
9224	1/25/2012	1	1	1	5	0	3	1	1	0.26	0.2424	0.7	0.2836	0	33	33	390	1	1	1	0	3	1	1	0.294167	0.294821	0.64375	0.161071	467	3803	4270
9225	1/25/2012	1	1	1	6	0	3	1	1	0.24	0.2273	0.73	0.2239	1	87	88	390	1	1	1	0	3	1	1	0.294167	0.294821	0.64375	0.161071	467	3803	4270
9226	1/25/2012	1	1	1	7	0	3	1	1	0.24	0.2273	0.75	0.2239	14	243	257	390	1	1	1	0	3	1	1	0.294167	0.294821	0.64375	0.161071	467	3803	4270
9227	1/25/2012	1	1	1	8	0	3	1	1	0.24	0.2273	0.7	0.2537	18	495	513	390	1	1	1	0	3	1	1	0.294167	0.294821	0.64375	0.161071	467	3803	4270
9228	1/25/2012	1	1	1	9	0	3	1	1	0.24	0.2273	0.7	0.2537	18	218	236	390	1	1	1	0	3	1	1	0.294167	0.294821	0.64375	0.161071	467	3803	4270
9229	1/25/2012	1	1	1	10	0	3	1	2	0.26	0.2273	0.7	0.3284	30	111	141	390	1	1	1	0	3	1	1	0.294167	0.294821	0.64375	0.161071	467	3803	4270
9230	1/25/2012	1	1	1	11	0	3	1	2	0.3	0.2727	0.61	0.2985	52	105	157	390	1	1	1	0	3	1	1	0.294167	0.294821	0.64375	0.161071	467	3803	4270
9231	1/25/2012	1	1	1	12	0	3	1	1	0.32	0.3333	0.53	0.1343	46	147	193	390	1	1	1	0	3	1	1	0.294167	0.294821	0.64375	0.161071	467	3803	4270
9232	1/25/2012	1	1	1	13	0	3	1	1	0.34	0.3333	0.49	0.1343	63	149	212	390	1	1	1	0	3	1	1	0.294167	0.294821	0.64375	0.161071	467	3803	4270
9233	1/25/2012	1	1	1	14	0	3	1	1	0.34	0.3485	0.49	0.0896	53	107	160	390	1	1	1	0	3	1	1	0.294167	0.294821	0.64375	0.161071	467	3803	4270
9234	1/25/2012	1	1	1	15	0	3	1	1	0.36	0.3788	0.46	0	30	125	155	390	1	1	1	0	3	1	1	0.294167	0.294821	0.64375	0.161071	467	3803	4270
9235	1/25/2012	1	1	1	16	0	3	1	1	0.34	0.3333	0.53	0.1642	29	217	246	390	1	1	1	0	3	1	1	0.294167	0.294821	0.64375	0.161071	467	3803	4270
9236	1/25/2012	1	1	1	17	0	3	1	1	0.36	0.3485	0.53	0.1642	27	443	470	390	1	1	1	0	3	1	1	0.294167	0.294821	0.64375	0.161071	467	3803	4270
9237	1/25/2012	1	1	1	18	0	3	1	1	0.32	0.3333	0.66	0.1343	24	415	439	390	1	1	1	0	3	1	1	0.294167	0.294821	0.64375	0.161071	467	3803	4270
9238	1/25/2012	1	1	1	19	0	3	1	2	0.34	0.3636	0.53	0	5	311	316	390	1	1	1	0	3	1	1	0.294167	0.294821	0.64375	0.161071	467	3803	4270
9239	1/25/2012	1	1	1	20	0	3	1	1	0.32	0.3182	0.61	0.194	10	225	235	390	1	1	1	0	3	1	1	0.294167	0.294821	0.64375	0.161071	467	3803	4270
9240	1/25/2012	1	1	1	21	0	3	1	1	0.3	0.3333	0.65	0	19	166	185	390	1	1	1	0	3	1	1	0.294167	0.294821	0.64375	0.161071	467	3803	4270
9241	1/25/2012	1	1	1	22	0	3	1	1	0.3	0.3182	0.65	0.0896	12	101	113	390	1	1	1	0	3	1	1	0.294167	0.294821	0.64375	0.161071	467	3803	4270
9242	1/25/2012	1	1	1	23	0	3	1	2	0.28	0.3182	0.65	0	3	63	66	390	1	1	1	0	3	1	1	0.294167	0.294821	0.64375	0.161071	467	3803	4270
9243	1/26/2012	1	1	1	0	0	4	1	2	0.28	0.2879	0.75	0.1045	3	22	25	391	1	1	1	0	4	1	2	0.341667	0.35605	0.769583	0.0733958	244	3831	4075
9244	1/26/2012	1	1	1	1	0	4	1	2	0.28	0.3182	0.75	0	5	16	21	391	1	1	1	0	4	1	2	0.341667	0.35605	0.769583	0.0733958	244	3831	4075
9245	1/26/2012	1	1	1	2	0	4	1	2	0.28	0.2727	0.75	0.1642	1	6	7	391	1	1	1	0	4	1	2	0.341667	0.35605	0.769583	0.0733958	244	3831	4075
9246	1/26/2012	1	1	1	3	0	4	1	2	0.28	0.303	0.75	0.0896	1	5	6	391	1	1	1	0	4	1	2	0.341667	0.35605	0.769583	0.0733958	244	3831	4075
9247	1/26/2012	1	1	1	4	0	4	1	1	0.28	0.3182	0.75	0	0	3	3	391	1	1	1	0	4	1	2	0.341667	0.35605	0.769583	0.0733958	244	3831	4075
9248	1/26/2012	1	1	1	5	0	4	1	2	0.3	0.3182	0.75	0.1045	0	28	28	391	1	1	1	0	4	1	2	0.341667	0.35605	0.769583	0.0733958	244	3831	4075
9249	1/26/2012	1	1	1	6	0	4	1	2	0.28	0.3182	0.81	0	0	88	88	391	1	1	1	0	4	1	2	0.341667	0.35605	0.769583	0.0733958	244	3831	4075
9250	1/26/2012	1	1	1	7	0	4	1	2	0.28	0.303	0.81	0.0896	11	228	239	391	1	1	1	0	4	1	2	0.341667	0.35605	0.769583	0.0733958	244	3831	4075
9251	1/26/2012	1	1	1	8	0	4	1	2	0.28	0.303	0.81	0.0896	16	514	530	391	1	1	1	0	4	1	2	0.341667	0.35605	0.769583	0.0733958	244	3831	4075
9252	1/26/2012	1	1	1	9	0	4	1	2	0.3	0.3333	0.81	0	18	256	274	391	1	1	1	0	4	1	2	0.341667	0.35605	0.769583	0.0733958	244	3831	4075
9253	1/26/2012	1	1	1	10	0	4	1	2	0.3	0.303	0.81	0.1343	16	92	108	391	1	1	1	0	4	1	2	0.341667	0.35605	0.769583	0.0733958	244	3831	4075
9254	1/26/2012	1	1	1	11	0	4	1	2	0.3	0.3182	0.87	0.1045	11	100	111	391	1	1	1	0	4	1	2	0.341667	0.35605	0.769583	0.0733958	244	3831	4075
9255	1/26/2012	1	1	1	12	0	4	1	2	0.34	0.3333	0.81	0.1343	29	136	165	391	1	1	1	0	4	1	2	0.341667	0.35605	0.769583	0.0733958	244	3831	4075
9256	1/26/2012	1	1	1	13	0	4	1	2	0.38	0.3939	0.71	0	17	156	173	391	1	1	1	0	4	1	2	0.341667	0.35605	0.769583	0.0733958	244	3831	4075
9257	1/26/2012	1	1	1	14	0	4	1	2	0.4	0.4091	0.71	0.1045	16	112	128	391	1	1	1	0	4	1	2	0.341667	0.35605	0.769583	0.0733958	244	3831	4075
9258	1/26/2012	1	1	1	15	0	4	1	2	0.42	0.4242	0.71	0.1045	22	142	164	391	1	1	1	0	4	1	2	0.341667	0.35605	0.769583	0.0733958	244	3831	4075
9259	1/26/2012	1	1	1	16	0	4	1	2	0.4	0.4091	0.71	0.0896	15	209	224	391	1	1	1	0	4	1	2	0.341667	0.35605	0.769583	0.0733958	244	3831	4075
9260	1/26/2012	1	1	1	17	0	4	1	2	0.42	0.4242	0.71	0	16	397	413	391	1	1	1	0	4	1	2	0.341667	0.35605	0.769583	0.0733958	244	3831	4075
9261	1/26/2012	1	1	1	18	0	4	1	2	0.42	0.4242	0.71	0	12	394	406	391	1	1	1	0	4	1	2	0.341667	0.35605	0.769583	0.0733958	244	3831	4075
9262	1/26/2012	1	1	1	19	0	4	1	2	0.4	0.4091	0.76	0.1045	11	302	313	391	1	1	1	0	4	1	2	0.341667	0.35605	0.769583	0.0733958	244	3831	4075
9263	1/26/2012	1	1	1	20	0	4	1	2	0.4	0.4091	0.82	0.1343	8	216	224	391	1	1	1	0	4	1	2	0.341667	0.35605	0.769583	0.0733958	244	3831	4075
9264	1/26/2012	1	1	1	21	0	4	1	2	0.4	0.4091	0.76	0.1045	8	184	192	391	1	1	1	0	4	1	2	0.341667	0.35605	0.769583	0.0733958	244	3831	4075
9265	1/26/2012	1	1	1	22	0	4	1	1	0.38	0.3939	0.82	0.1045	3	139	142	391	1	1	1	0	4	1	2	0.341667	0.35605	0.769583	0.0733958	244	3831	4075
9266	1/26/2012	1	1	1	23	0	4	1	2	0.4	0.4091	0.82	0	5	86	91	391	1	1	1	0	4	1	2	0.341667	0.35605	0.769583	0.0733958	244	3831	4075
9267	1/27/2012	1	1	1	0	0	5	1	2	0.4	0.4091	0.82	0.2537	6	32	38	392	1	1	1	0	5	1	2	0.425	0.415383	0.74125	0.342667	269	3187	3456
9268	1/27/2012	1	1	1	1	0	5	1	2	0.4	0.4091	0.87	0.2239	6	23	29	392	1	1	1	0	5	1	2	0.425	0.415383	0.74125	0.342667	269	3187	3456
9269	1/27/2012	1	1	1	2	0	5	1	1	0.42	0.4242	0.94	0.1343	2	11	13	392	1	1	1	0	5	1	2	0.425	0.415383	0.74125	0.342667	269	3187	3456
9270	1/27/2012	1	1	1	3	0	5	1	2	0.42	0.4242	0.94	0.2836	3	5	8	392	1	1	1	0	5	1	2	0.425	0.415383	0.74125	0.342667	269	3187	3456
9271	1/27/2012	1	1	1	4	0	5	1	2	0.4	0.4091	1	0.2985	1	3	4	392	1	1	1	0	5	1	2	0.425	0.415383	0.74125	0.342667	269	3187	3456
9272	1/27/2012	1	1	1	5	0	5	1	2	0.42	0.4242	0.94	0.3284	0	24	24	392	1	1	1	0	5	1	2	0.425	0.415383	0.74125	0.342667	269	3187	3456
9273	1/27/2012	1	1	1	6	0	5	1	2	0.42	0.4242	1	0.3284	0	72	72	392	1	1	1	0	5	1	2	0.425	0.415383	0.74125	0.342667	269	3187	3456
9274	1/27/2012	1	1	1	7	0	5	1	2	0.42	0.4242	1	0.2985	6	128	134	392	1	1	1	0	5	1	2	0.425	0.415383	0.74125	0.342667	269	3187	3456
9275	1/27/2012	1	1	1	8	0	5	1	3	0.5	0.4848	0.88	0.2836	14	206	220	392	1	1	1	0	5	1	2	0.425	0.415383	0.74125	0.342667	269	3187	3456
9276	1/27/2012	1	1	1	9	0	5	1	3	0.5	0.4848	0.88	0.2836	6	101	107	392	1	1	1	0	5	1	2	0.425	0.415383	0.74125	0.342667	269	3187	3456
9277	1/27/2012	1	1	1	10	0	5	1	3	0.48	0.4697	1	0.1642	9	117	126	392	1	1	1	0	5	1	2	0.425	0.415383	0.74125	0.342667	269	3187	3456
9278	1/27/2012	1	1	1	11	0	5	1	2	0.48	0.4697	0.94	0.1343	10	95	105	392	1	1	1	0	5	1	2	0.425	0.415383	0.74125	0.342667	269	3187	3456
9279	1/27/2012	1	1	1	12	0	5	1	2	0.5	0.4848	0.88	0.1642	25	155	180	392	1	1	1	0	5	1	2	0.425	0.415383	0.74125	0.342667	269	3187	3456
9280	1/27/2012	1	1	1	13	0	5	1	1	0.5	0.4848	0.59	0.4627	26	175	201	392	1	1	1	0	5	1	2	0.425	0.415383	0.74125	0.342667	269	3187	3456
9281	1/27/2012	1	1	1	14	0	5	1	1	0.5	0.4848	0.55	0.5522	23	153	176	392	1	1	1	0	5	1	2	0.425	0.415383	0.74125	0.342667	269	3187	3456
9282	1/27/2012	1	1	1	15	0	5	1	1	0.48	0.4697	0.51	0.3284	27	170	197	392	1	1	1	0	5	1	2	0.425	0.415383	0.74125	0.342667	269	3187	3456
9283	1/27/2012	1	1	1	16	0	5	1	1	0.44	0.4394	0.51	0.5522	26	241	267	392	1	1	1	0	5	1	2	0.425	0.415383	0.74125	0.342667	269	3187	3456
9284	1/27/2012	1	1	1	17	0	5	1	1	0.42	0.4242	0.5	0.5821	16	406	422	392	1	1	1	0	5	1	2	0.425	0.415383	0.74125	0.342667	269	3187	3456
9285	1/27/2012	1	1	1	18	0	5	1	1	0.4	0.4091	0.5	0.4925	20	363	383	392	1	1	1	0	5	1	2	0.425	0.415383	0.74125	0.342667	269	3187	3456
9286	1/27/2012	1	1	1	19	0	5	1	1	0.36	0.3333	0.5	0.3881	10	241	251	392	1	1	1	0	5	1	2	0.425	0.415383	0.74125	0.342667	269	3187	3456
9287	1/27/2012	1	1	1	20	0	5	1	1	0.34	0.303	0.53	0.3582	6	153	159	392	1	1	1	0	5	1	2	0.425	0.415383	0.74125	0.342667	269	3187	3456
9288	1/27/2012	1	1	1	21	0	5	1	1	0.34	0.2879	0.53	0.5224	8	127	135	392	1	1	1	0	5	1	2	0.425	0.415383	0.74125	0.342667	269	3187	3456
9289	1/27/2012	1	1	1	22	0	5	1	1	0.34	0.303	0.49	0.3881	11	108	119	392	1	1	1	0	5	1	2	0.425	0.415383	0.74125	0.342667	269	3187	3456
9290	1/27/2012	1	1	1	23	0	5	1	1	0.32	0.2879	0.49	0.4179	8	78	86	392	1	1	1	0	5	1	2	0.425	0.415383	0.74125	0.342667	269	3187	3456
9291	1/28/2012	1	1	1	0	0	6	0	1	0.3	0.2879	0.52	0.2836	1	68	69	393	1	1	1	0	6	0	1	0.315833	0.326379	0.543333	0.210829	775	3248	4023
9292	1/28/2012	1	1	1	1	0	6	0	1	0.3	0.303	0.52	0.1642	1	57	58	393	1	1	1	0	6	0	1	0.315833	0.326379	0.543333	0.210829	775	3248	4023
9293	1/28/2012	1	1	1	2	0	6	0	1	0.26	0.303	0.6	0	3	38	41	393	1	1	1	0	6	0	1	0.315833	0.326379	0.543333	0.210829	775	3248	4023
9294	1/28/2012	1	1	1	3	0	6	0	1	0.26	0.2879	0.6	0.0896	1	16	17	393	1	1	1	0	6	0	1	0.315833	0.326379	0.543333	0.210829	775	3248	4023
9295	1/28/2012	1	1	1	4	0	6	0	1	0.26	0.2576	0.6	0.1642	0	8	8	393	1	1	1	0	6	0	1	0.315833	0.326379	0.543333	0.210829	775	3248	4023
9296	1/28/2012	1	1	1	5	0	6	0	1	0.24	0.2576	0.75	0.0896	0	10	10	393	1	1	1	0	6	0	1	0.315833	0.326379	0.543333	0.210829	775	3248	4023
9297	1/28/2012	1	1	1	6	0	6	0	1	0.24	0.2879	0.7	0	3	12	15	393	1	1	1	0	6	0	1	0.315833	0.326379	0.543333	0.210829	775	3248	4023
9298	1/28/2012	1	1	1	7	0	6	0	1	0.22	0.2727	0.75	0	3	28	31	393	1	1	1	0	6	0	1	0.315833	0.326379	0.543333	0.210829	775	3248	4023
9299	1/28/2012	1	1	1	8	0	6	0	1	0.2	0.2273	0.8	0.0896	9	82	91	393	1	1	1	0	6	0	1	0.315833	0.326379	0.543333	0.210829	775	3248	4023
9300	1/28/2012	1	1	1	9	0	6	0	1	0.22	0.2727	0.8	0	13	145	158	393	1	1	1	0	6	0	1	0.315833	0.326379	0.543333	0.210829	775	3248	4023
9301	1/28/2012	1	1	1	10	0	6	0	1	0.26	0.2727	0.7	0.1343	27	164	191	393	1	1	1	0	6	0	1	0.315833	0.326379	0.543333	0.210829	775	3248	4023
9302	1/28/2012	1	1	1	11	0	6	0	1	0.3	0.303	0.56	0.1343	55	241	296	393	1	1	1	0	6	0	1	0.315833	0.326379	0.543333	0.210829	775	3248	4023
9303	1/28/2012	1	1	1	12	0	6	0	1	0.3	0.2879	0.61	0.2836	70	244	314	393	1	1	1	0	6	0	1	0.315833	0.326379	0.543333	0.210829	775	3248	4023
9304	1/28/2012	1	1	1	13	0	6	0	1	0.34	0.3182	0.57	0.2537	80	293	373	393	1	1	1	0	6	0	1	0.315833	0.326379	0.543333	0.210829	775	3248	4023
9305	1/28/2012	1	1	1	14	0	6	0	1	0.38	0.3939	0.5	0.3881	123	239	362	393	1	1	1	0	6	0	1	0.315833	0.326379	0.543333	0.210829	775	3248	4023
9306	1/28/2012	1	1	1	15	0	6	0	1	0.4	0.4091	0.47	0.3284	90	320	410	393	1	1	1	0	6	0	1	0.315833	0.326379	0.543333	0.210829	775	3248	4023
9307	1/28/2012	1	1	1	16	0	6	0	1	0.42	0.4242	0.44	0.3582	131	276	407	393	1	1	1	0	6	0	1	0.315833	0.326379	0.543333	0.210829	775	3248	4023
9308	1/28/2012	1	1	1	17	0	6	0	1	0.42	0.4242	0.44	0.3881	57	233	290	393	1	1	1	0	6	0	1	0.315833	0.326379	0.543333	0.210829	775	3248	4023
9309	1/28/2012	1	1	1	18	0	6	0	1	0.42	0.4242	0.41	0.2239	40	201	241	393	1	1	1	0	6	0	1	0.315833	0.326379	0.543333	0.210829	775	3248	4023
9310	1/28/2012	1	1	1	19	0	6	0	2	0.42	0.4242	0.41	0.5522	33	173	206	393	1	1	1	0	6	0	1	0.315833	0.326379	0.543333	0.210829	775	3248	4023
9311	1/28/2012	1	1	1	20	0	6	0	1	0.4	0.4091	0.35	0.3881	5	115	120	393	1	1	1	0	6	0	1	0.315833	0.326379	0.543333	0.210829	775	3248	4023
9312	1/28/2012	1	1	1	21	0	6	0	1	0.36	0.3333	0.29	0.3582	18	109	127	393	1	1	1	0	6	0	1	0.315833	0.326379	0.543333	0.210829	775	3248	4023
9313	1/28/2012	1	1	1	22	0	6	0	1	0.34	0.3333	0.34	0.194	6	97	103	393	1	1	1	0	6	0	1	0.315833	0.326379	0.543333	0.210829	775	3248	4023
9314	1/28/2012	1	1	1	23	0	6	0	1	0.32	0.3182	0.31	0.194	6	79	85	393	1	1	1	0	6	0	1	0.315833	0.326379	0.543333	0.210829	775	3248	4023
9315	1/29/2012	1	1	1	0	0	0	0	1	0.3	0.2879	0.33	0.2239	15	81	96	394	1	1	1	0	0	0	1	0.2825	0.272721	0.31125	0.24005	558	2685	3243
9316	1/29/2012	1	1	1	1	0	0	0	1	0.3	0.2727	0.28	0.3582	5	68	73	394	1	1	1	0	0	0	1	0.2825	0.272721	0.31125	0.24005	558	2685	3243
9317	1/29/2012	1	1	1	2	0	0	0	1	0.28	0.2576	0.26	0.3284	3	48	51	394	1	1	1	0	0	0	1	0.2825	0.272721	0.31125	0.24005	558	2685	3243
9318	1/29/2012	1	1	1	3	0	0	0	1	0.26	0.2576	0.28	0.194	4	17	21	394	1	1	1	0	0	0	1	0.2825	0.272721	0.31125	0.24005	558	2685	3243
9319	1/29/2012	1	1	1	4	0	0	0	1	0.24	0.2576	0.3	0	0	5	5	394	1	1	1	0	0	0	1	0.2825	0.272721	0.31125	0.24005	558	2685	3243
9320	1/29/2012	1	1	1	5	0	0	0	1	0.2	0.2121	0.51	0.1343	1	6	7	394	1	1	1	0	0	0	1	0.2825	0.272721	0.31125	0.24005	558	2685	3243
9321	1/29/2012	1	1	1	6	0	0	0	1	0.2	0.2273	0.4	0.1045	1	4	5	394	1	1	1	0	0	0	1	0.2825	0.272721	0.31125	0.24005	558	2685	3243
9322	1/29/2012	1	1	1	7	0	0	0	1	0.2	0.2121	0.37	0.1343	0	12	12	394	1	1	1	0	0	0	1	0.2825	0.272721	0.31125	0.24005	558	2685	3243
9323	1/29/2012	1	1	1	8	0	0	0	1	0.18	0.197	0.4	0.1343	9	61	70	394	1	1	1	0	0	0	1	0.2825	0.272721	0.31125	0.24005	558	2685	3243
9324	1/29/2012	1	1	1	9	0	0	0	1	0.18	0.197	0.43	0.1343	13	98	111	394	1	1	1	0	0	0	1	0.2825	0.272721	0.31125	0.24005	558	2685	3243
9325	1/29/2012	1	1	1	10	0	0	0	1	0.24	0.2424	0.35	0.1343	38	153	191	394	1	1	1	0	0	0	1	0.2825	0.272721	0.31125	0.24005	558	2685	3243
9326	1/29/2012	1	1	1	11	0	0	0	1	0.28	0.2727	0.28	0.2239	57	198	255	394	1	1	1	0	0	0	1	0.2825	0.272721	0.31125	0.24005	558	2685	3243
9327	1/29/2012	1	1	1	12	0	0	0	1	0.32	0.303	0.26	0.2239	73	215	288	394	1	1	1	0	0	0	1	0.2825	0.272721	0.31125	0.24005	558	2685	3243
9328	1/29/2012	1	1	1	13	0	0	0	1	0.32	0.303	0.26	0.2239	78	238	316	394	1	1	1	0	0	0	1	0.2825	0.272721	0.31125	0.24005	558	2685	3243
9329	1/29/2012	1	1	1	14	0	0	0	1	0.32	0.303	0.26	0.2537	51	229	280	394	1	1	1	0	0	0	1	0.2825	0.272721	0.31125	0.24005	558	2685	3243
9330	1/29/2012	1	1	1	15	0	0	0	1	0.36	0.3333	0.25	0.2836	68	242	310	394	1	1	1	0	0	0	1	0.2825	0.272721	0.31125	0.24005	558	2685	3243
9331	1/29/2012	1	1	1	16	0	0	0	1	0.36	0.3333	0.21	0.4179	54	268	322	394	1	1	1	0	0	0	1	0.2825	0.272721	0.31125	0.24005	558	2685	3243
9332	1/29/2012	1	1	1	17	0	0	0	1	0.36	0.3333	0.21	0.4179	33	201	234	394	1	1	1	0	0	0	1	0.2825	0.272721	0.31125	0.24005	558	2685	3243
9333	1/29/2012	1	1	1	18	0	0	0	1	0.34	0.303	0.23	0.3582	17	151	168	394	1	1	1	0	0	0	1	0.2825	0.272721	0.31125	0.24005	558	2685	3243
9334	1/29/2012	1	1	1	19	0	0	0	1	0.32	0.303	0.29	0.2537	14	145	159	394	1	1	1	0	0	0	1	0.2825	0.272721	0.31125	0.24005	558	2685	3243
9335	1/29/2012	1	1	1	20	0	0	0	1	0.3	0.2879	0.39	0.2239	13	98	111	394	1	1	1	0	0	0	1	0.2825	0.272721	0.31125	0.24005	558	2685	3243
9336	1/29/2012	1	1	1	21	0	0	0	1	0.3	0.2879	0.33	0.2836	0	69	69	394	1	1	1	0	0	0	1	0.2825	0.272721	0.31125	0.24005	558	2685	3243
9337	1/29/2012	1	1	1	22	0	0	0	1	0.32	0.2879	0.26	0.3881	7	57	64	394	1	1	1	0	0	0	1	0.2825	0.272721	0.31125	0.24005	558	2685	3243
9338	1/29/2012	1	1	1	23	0	0	0	1	0.3	0.2727	0.33	0.3284	4	21	25	394	1	1	1	0	0	0	1	0.2825	0.272721	0.31125	0.24005	558	2685	3243
9339	1/30/2012	1	1	1	0	0	1	1	2	0.32	0.2879	0.26	0.4179	0	10	10	395	1	1	1	0	1	1	1	0.269167	0.262625	0.400833	0.215792	126	3498	3624
9340	1/30/2012	1	1	1	1	0	1	1	1	0.26	0.2273	0.6	0.3582	0	9	9	395	1	1	1	0	1	1	1	0.269167	0.262625	0.400833	0.215792	126	3498	3624
9341	1/30/2012	1	1	1	2	0	1	1	1	0.24	0.2121	0.48	0.3582	1	6	7	395	1	1	1	0	1	1	1	0.269167	0.262625	0.400833	0.215792	126	3498	3624
9342	1/30/2012	1	1	1	3	0	1	1	1	0.24	0.2273	0.48	0.194	0	4	4	395	1	1	1	0	1	1	1	0.269167	0.262625	0.400833	0.215792	126	3498	3624
9343	1/30/2012	1	1	1	4	0	1	1	1	0.2	0.2121	0.51	0.1343	0	5	5	395	1	1	1	0	1	1	1	0.269167	0.262625	0.400833	0.215792	126	3498	3624
9344	1/30/2012	1	1	1	5	0	1	1	1	0.2	0.2121	0.51	0.1343	0	26	26	395	1	1	1	0	1	1	1	0.269167	0.262625	0.400833	0.215792	126	3498	3624
9345	1/30/2012	1	1	1	6	0	1	1	1	0.22	0.2121	0.44	0.2537	0	80	80	395	1	1	1	0	1	1	1	0.269167	0.262625	0.400833	0.215792	126	3498	3624
9346	1/30/2012	1	1	1	7	0	1	1	1	0.22	0.2121	0.44	0.2836	4	221	225	395	1	1	1	0	1	1	1	0.269167	0.262625	0.400833	0.215792	126	3498	3624
9347	1/30/2012	1	1	1	8	0	1	1	1	0.2	0.197	0.47	0.2239	12	481	493	395	1	1	1	0	1	1	1	0.269167	0.262625	0.400833	0.215792	126	3498	3624
9348	1/30/2012	1	1	1	9	0	1	1	1	0.2	0.197	0.47	0.2239	5	193	198	395	1	1	1	0	1	1	1	0.269167	0.262625	0.400833	0.215792	126	3498	3624
9349	1/30/2012	1	1	1	10	0	1	1	1	0.22	0.2121	0.41	0.2836	3	82	85	395	1	1	1	0	1	1	1	0.269167	0.262625	0.400833	0.215792	126	3498	3624
9350	1/30/2012	1	1	1	11	0	1	1	1	0.26	0.2576	0.38	0	6	93	99	395	1	1	1	0	1	1	1	0.269167	0.262625	0.400833	0.215792	126	3498	3624
9351	1/30/2012	1	1	1	12	0	1	1	1	0.26	0.2273	0.35	0.3881	5	129	134	395	1	1	1	0	1	1	1	0.269167	0.262625	0.400833	0.215792	126	3498	3624
9352	1/30/2012	1	1	1	13	0	1	1	1	0.3	0.2879	0.31	0.194	15	117	132	395	1	1	1	0	1	1	1	0.269167	0.262625	0.400833	0.215792	126	3498	3624
9353	1/30/2012	1	1	1	14	0	1	1	1	0.32	0.3333	0.24	0.1343	15	100	115	395	1	1	1	0	1	1	1	0.269167	0.262625	0.400833	0.215792	126	3498	3624
9354	1/30/2012	1	1	1	15	0	1	1	1	0.32	0.3182	0.24	0.194	7	131	138	395	1	1	1	0	1	1	1	0.269167	0.262625	0.400833	0.215792	126	3498	3624
9355	1/30/2012	1	1	1	16	0	1	1	1	0.34	0.3333	0.25	0.194	11	210	221	395	1	1	1	0	1	1	1	0.269167	0.262625	0.400833	0.215792	126	3498	3624
9356	1/30/2012	1	1	1	17	0	1	1	1	0.36	0.3485	0.21	0.194	16	422	438	395	1	1	1	0	1	1	1	0.269167	0.262625	0.400833	0.215792	126	3498	3624
9357	1/30/2012	1	1	1	18	0	1	1	1	0.34	0.3333	0.23	0.1642	11	399	410	395	1	1	1	0	1	1	1	0.269167	0.262625	0.400833	0.215792	126	3498	3624
9358	1/30/2012	1	1	1	19	0	1	1	1	0.3	0.3182	0.45	0.1045	8	298	306	395	1	1	1	0	1	1	1	0.269167	0.262625	0.400833	0.215792	126	3498	3624
9359	1/30/2012	1	1	1	20	0	1	1	1	0.3	0.303	0.39	0.1642	2	179	181	395	1	1	1	0	1	1	1	0.269167	0.262625	0.400833	0.215792	126	3498	3624
9360	1/30/2012	1	1	1	21	0	1	1	1	0.3	0.303	0.42	0.1642	3	159	162	395	1	1	1	0	1	1	1	0.269167	0.262625	0.400833	0.215792	126	3498	3624
9361	1/30/2012	1	1	1	22	0	1	1	1	0.28	0.2727	0.48	0.2239	2	92	94	395	1	1	1	0	1	1	1	0.269167	0.262625	0.400833	0.215792	126	3498	3624
9362	1/30/2012	1	1	1	23	0	1	1	1	0.26	0.2576	0.6	0.194	0	52	52	395	1	1	1	0	1	1	1	0.269167	0.262625	0.400833	0.215792	126	3498	3624
9363	1/31/2012	1	1	1	0	0	2	1	1	0.28	0.2727	0.52	0.2537	0	15	15	396	1	1	1	0	2	1	1	0.39	0.381317	0.416667	0.261817	324	4185	4509
9364	1/31/2012	1	1	1	1	0	2	1	1	0.3	0.2727	0.42	0.2985	1	7	8	396	1	1	1	0	2	1	1	0.39	0.381317	0.416667	0.261817	324	4185	4509
9365	1/31/2012	1	1	1	2	0	2	1	1	0.3	0.2879	0.42	0.2239	0	2	2	396	1	1	1	0	2	1	1	0.39	0.381317	0.416667	0.261817	324	4185	4509
9366	1/31/2012	1	1	1	3	0	2	1	1	0.3	0.2879	0.45	0.2239	0	2	2	396	1	1	1	0	2	1	1	0.39	0.381317	0.416667	0.261817	324	4185	4509
9367	1/31/2012	1	1	1	4	0	2	1	1	0.3	0.2879	0.49	0.194	0	1	1	396	1	1	1	0	2	1	1	0.39	0.381317	0.416667	0.261817	324	4185	4509
9368	1/31/2012	1	1	1	5	0	2	1	1	0.3	0.2879	0.49	0.194	0	22	22	396	1	1	1	0	2	1	1	0.39	0.381317	0.416667	0.261817	324	4185	4509
9369	1/31/2012	1	1	1	6	0	2	1	1	0.28	0.2727	0.52	0.1642	0	104	104	396	1	1	1	0	2	1	1	0.39	0.381317	0.416667	0.261817	324	4185	4509
9370	1/31/2012	1	1	1	7	0	2	1	1	0.26	0.2576	0.6	0.194	6	273	279	396	1	1	1	0	2	1	1	0.39	0.381317	0.416667	0.261817	324	4185	4509
9371	1/31/2012	1	1	1	8	0	2	1	1	0.26	0.2727	0.6	0.1045	14	498	512	396	1	1	1	0	2	1	1	0.39	0.381317	0.416667	0.261817	324	4185	4509
9372	1/31/2012	1	1	1	9	0	2	1	1	0.3	0.2879	0.52	0.194	30	231	261	396	1	1	1	0	2	1	1	0.39	0.381317	0.416667	0.261817	324	4185	4509
9373	1/31/2012	1	1	1	10	0	2	1	2	0.32	0.3182	0.57	0.194	34	110	144	396	1	1	1	0	2	1	1	0.39	0.381317	0.416667	0.261817	324	4185	4509
9374	1/31/2012	1	1	1	11	0	2	1	1	0.4	0.4091	0.37	0.2836	14	125	139	396	1	1	1	0	2	1	1	0.39	0.381317	0.416667	0.261817	324	4185	4509
9375	1/31/2012	1	1	1	12	0	2	1	1	0.4	0.4091	0.43	0.2985	13	181	194	396	1	1	1	0	2	1	1	0.39	0.381317	0.416667	0.261817	324	4185	4509
9376	1/31/2012	1	1	1	13	0	2	1	1	0.46	0.4545	0.36	0.2239	27	171	198	396	1	1	1	0	2	1	1	0.39	0.381317	0.416667	0.261817	324	4185	4509
9377	1/31/2012	1	1	1	14	0	2	1	1	0.5	0.4848	0.29	0.3284	18	142	160	396	1	1	1	0	2	1	1	0.39	0.381317	0.416667	0.261817	324	4185	4509
9378	1/31/2012	1	1	1	15	0	2	1	1	0.54	0.5152	0.26	0.4478	27	150	177	396	1	1	1	0	2	1	1	0.39	0.381317	0.416667	0.261817	324	4185	4509
9379	1/31/2012	1	1	1	16	0	2	1	1	0.54	0.5152	0.26	0.4478	30	277	307	396	1	1	1	0	2	1	1	0.39	0.381317	0.416667	0.261817	324	4185	4509
9380	1/31/2012	1	1	1	17	0	2	1	1	0.54	0.5152	0.26	0.4179	41	518	559	396	1	1	1	0	2	1	1	0.39	0.381317	0.416667	0.261817	324	4185	4509
9381	1/31/2012	1	1	1	18	0	2	1	1	0.54	0.5152	0.24	0.3582	16	486	502	396	1	1	1	0	2	1	1	0.39	0.381317	0.416667	0.261817	324	4185	4509
9382	1/31/2012	1	1	1	19	0	2	1	1	0.5	0.4848	0.29	0.2836	22	306	328	396	1	1	1	0	2	1	1	0.39	0.381317	0.416667	0.261817	324	4185	4509
9383	1/31/2012	1	1	1	20	0	2	1	1	0.4	0.4091	0.58	0.1045	15	223	238	396	1	1	1	0	2	1	1	0.39	0.381317	0.416667	0.261817	324	4185	4509
9384	1/31/2012	1	1	1	21	0	2	1	1	0.46	0.4545	0.33	0.2985	3	162	165	396	1	1	1	0	2	1	1	0.39	0.381317	0.416667	0.261817	324	4185	4509
9385	1/31/2012	1	1	1	22	0	2	1	1	0.44	0.4394	0.35	0.2985	11	118	129	396	1	1	1	0	2	1	1	0.39	0.381317	0.416667	0.261817	324	4185	4509
9386	1/31/2012	1	1	1	23	0	2	1	1	0.44	0.4394	0.38	0.2537	2	61	63	396	1	1	1	0	2	1	1	0.39	0.381317	0.416667	0.261817	324	4185	4509
9387	2/1/2012	1	1	2	0	0	3	1	1	0.44	0.4394	0.38	0.2836	0	31	31	397	1	1	2	0	3	1	1	0.469167	0.466538	0.507917	0.189067	304	4275	4579
9388	2/1/2012	1	1	2	1	0	3	1	1	0.44	0.4394	0.41	0.2836	0	4	4	397	1	1	2	0	3	1	1	0.469167	0.466538	0.507917	0.189067	304	4275	4579
9389	2/1/2012	1	1	2	2	0	3	1	1	0.44	0.4394	0.44	0.2836	1	6	7	397	1	1	2	0	3	1	1	0.469167	0.466538	0.507917	0.189067	304	4275	4579
9390	2/1/2012	1	1	2	3	0	3	1	1	0.44	0.4394	0.44	0.194	0	3	3	397	1	1	2	0	3	1	1	0.469167	0.466538	0.507917	0.189067	304	4275	4579
9391	2/1/2012	1	1	2	4	0	3	1	1	0.4	0.4091	0.5	0.1642	0	1	1	397	1	1	2	0	3	1	1	0.469167	0.466538	0.507917	0.189067	304	4275	4579
9392	2/1/2012	1	1	2	5	0	3	1	1	0.4	0.4091	0.5	0.1642	0	18	18	397	1	1	2	0	3	1	1	0.469167	0.466538	0.507917	0.189067	304	4275	4579
9393	2/1/2012	1	1	2	6	0	3	1	3	0.4	0.4091	0.54	0.1642	0	67	67	397	1	1	2	0	3	1	1	0.469167	0.466538	0.507917	0.189067	304	4275	4579
9394	2/1/2012	1	1	2	7	0	3	1	3	0.38	0.3939	0.62	0.0896	7	201	208	397	1	1	2	0	3	1	1	0.469167	0.466538	0.507917	0.189067	304	4275	4579
9395	2/1/2012	1	1	2	8	0	3	1	3	0.36	0.3636	0.73	0.1045	15	505	520	397	1	1	2	0	3	1	1	0.469167	0.466538	0.507917	0.189067	304	4275	4579
9396	2/1/2012	1	1	2	9	0	3	1	2	0.36	0.3485	0.71	0.194	9	267	276	397	1	1	2	0	3	1	1	0.469167	0.466538	0.507917	0.189067	304	4275	4579
9397	2/1/2012	1	1	2	10	0	3	1	1	0.4	0.4091	0.62	0.1343	9	124	133	397	1	1	2	0	3	1	1	0.469167	0.466538	0.507917	0.189067	304	4275	4579
9398	2/1/2012	1	1	2	11	0	3	1	1	0.4	0.4091	0.58	0.1642	27	116	143	397	1	1	2	0	3	1	1	0.469167	0.466538	0.507917	0.189067	304	4275	4579
9399	2/1/2012	1	1	2	12	0	3	1	1	0.44	0.4394	0.54	0.1045	26	153	179	397	1	1	2	0	3	1	1	0.469167	0.466538	0.507917	0.189067	304	4275	4579
9400	2/1/2012	1	1	2	13	0	3	1	1	0.46	0.4545	0.47	0.2239	12	174	186	397	1	1	2	0	3	1	1	0.469167	0.466538	0.507917	0.189067	304	4275	4579
9401	2/1/2012	1	1	2	14	0	3	1	1	0.62	0.6212	0.33	0.2239	33	159	192	397	1	1	2	0	3	1	1	0.469167	0.466538	0.507917	0.189067	304	4275	4579
9402	2/1/2012	1	1	2	15	0	3	1	1	0.6	0.6212	0.35	0.2836	25	169	194	397	1	1	2	0	3	1	1	0.469167	0.466538	0.507917	0.189067	304	4275	4579
9403	2/1/2012	1	1	2	16	0	3	1	1	0.6	0.6212	0.4	0.2239	22	261	283	397	1	1	2	0	3	1	1	0.469167	0.466538	0.507917	0.189067	304	4275	4579
9404	2/1/2012	1	1	2	17	0	3	1	1	0.58	0.5455	0.43	0.194	31	508	539	397	1	1	2	0	3	1	1	0.469167	0.466538	0.507917	0.189067	304	4275	4579
9405	2/1/2012	1	1	2	18	0	3	1	1	0.56	0.5303	0.46	0.1642	12	514	526	397	1	1	2	0	3	1	1	0.469167	0.466538	0.507917	0.189067	304	4275	4579
9406	2/1/2012	1	1	2	19	0	3	1	1	0.54	0.5152	0.52	0.2836	20	315	335	397	1	1	2	0	3	1	1	0.469167	0.466538	0.507917	0.189067	304	4275	4579
9407	2/1/2012	1	1	2	20	0	3	1	1	0.52	0.5	0.52	0.1642	10	254	264	397	1	1	2	0	3	1	1	0.469167	0.466538	0.507917	0.189067	304	4275	4579
9408	2/1/2012	1	1	2	21	0	3	1	1	0.52	0.5	0.52	0.1642	16	217	233	397	1	1	2	0	3	1	1	0.469167	0.466538	0.507917	0.189067	304	4275	4579
9409	2/1/2012	1	1	2	22	0	3	1	1	0.5	0.4848	0.55	0.194	7	133	140	397	1	1	2	0	3	1	1	0.469167	0.466538	0.507917	0.189067	304	4275	4579
9410	2/1/2012	1	1	2	23	0	3	1	1	0.46	0.4545	0.63	0.0896	22	75	97	397	1	1	2	0	3	1	1	0.469167	0.466538	0.507917	0.189067	304	4275	4579
9411	2/2/2012	1	1	2	0	0	4	1	1	0.46	0.4545	0.59	0.1343	7	24	31	398	1	1	2	0	4	1	2	0.399167	0.398971	0.672917	0.187187	190	3571	3761
9412	2/2/2012	1	1	2	1	0	4	1	2	0.46	0.4545	0.55	0	3	14	17	398	1	1	2	0	4	1	2	0.399167	0.398971	0.672917	0.187187	190	3571	3761
9413	2/2/2012	1	1	2	2	0	4	1	2	0.42	0.4242	0.67	0.1343	2	7	9	398	1	1	2	0	4	1	2	0.399167	0.398971	0.672917	0.187187	190	3571	3761
9414	2/2/2012	1	1	2	3	0	4	1	2	0.42	0.4242	0.67	0.1343	0	2	2	398	1	1	2	0	4	1	2	0.399167	0.398971	0.672917	0.187187	190	3571	3761
9415	2/2/2012	1	1	2	4	0	4	1	3	0.4	0.4091	0.82	0.0896	0	1	1	398	1	1	2	0	4	1	2	0.399167	0.398971	0.672917	0.187187	190	3571	3761
9416	2/2/2012	1	1	2	5	0	4	1	3	0.4	0.4091	0.82	0	0	19	19	398	1	1	2	0	4	1	2	0.399167	0.398971	0.672917	0.187187	190	3571	3761
9417	2/2/2012	1	1	2	6	0	4	1	3	0.36	0.3788	0.9	0	1	73	74	398	1	1	2	0	4	1	2	0.399167	0.398971	0.672917	0.187187	190	3571	3761
9418	2/2/2012	1	1	2	7	0	4	1	3	0.36	0.3788	0.93	0	4	201	205	398	1	1	2	0	4	1	2	0.399167	0.398971	0.672917	0.187187	190	3571	3761
9419	2/2/2012	1	1	2	8	0	4	1	3	0.4	0.4091	0.87	0	9	436	445	398	1	1	2	0	4	1	2	0.399167	0.398971	0.672917	0.187187	190	3571	3761
9420	2/2/2012	1	1	2	9	0	4	1	3	0.38	0.3939	0.87	0	15	213	228	398	1	1	2	0	4	1	2	0.399167	0.398971	0.672917	0.187187	190	3571	3761
9421	2/2/2012	1	1	2	10	0	4	1	3	0.42	0.4242	0.77	0.1045	6	72	78	398	1	1	2	0	4	1	2	0.399167	0.398971	0.672917	0.187187	190	3571	3761
9422	2/2/2012	1	1	2	11	0	4	1	3	0.4	0.4091	0.82	0.2537	6	99	105	398	1	1	2	0	4	1	2	0.399167	0.398971	0.672917	0.187187	190	3571	3761
9423	2/2/2012	1	1	2	12	0	4	1	1	0.42	0.4242	0.82	0	8	140	148	398	1	1	2	0	4	1	2	0.399167	0.398971	0.672917	0.187187	190	3571	3761
9424	2/2/2012	1	1	2	13	0	4	1	2	0.42	0.4242	0.77	0	13	124	137	398	1	1	2	0	4	1	2	0.399167	0.398971	0.672917	0.187187	190	3571	3761
9425	2/2/2012	1	1	2	14	0	4	1	1	0.4	0.4091	0.76	0.1045	12	129	141	398	1	1	2	0	4	1	2	0.399167	0.398971	0.672917	0.187187	190	3571	3761
9426	2/2/2012	1	1	2	15	0	4	1	1	0.46	0.4545	0.67	0.1642	24	150	174	398	1	1	2	0	4	1	2	0.399167	0.398971	0.672917	0.187187	190	3571	3761
9427	2/2/2012	1	1	2	16	0	4	1	1	0.46	0.4545	0.55	0.2836	18	211	229	398	1	1	2	0	4	1	2	0.399167	0.398971	0.672917	0.187187	190	3571	3761
9428	2/2/2012	1	1	2	17	0	4	1	1	0.42	0.4242	0.54	0.4925	13	437	450	398	1	1	2	0	4	1	2	0.399167	0.398971	0.672917	0.187187	190	3571	3761
9429	2/2/2012	1	1	2	18	0	4	1	1	0.4	0.4091	0.43	0.4627	17	393	410	398	1	1	2	0	4	1	2	0.399167	0.398971	0.672917	0.187187	190	3571	3761
9430	2/2/2012	1	1	2	19	0	4	1	1	0.38	0.3939	0.43	0.5224	16	311	327	398	1	1	2	0	4	1	2	0.399167	0.398971	0.672917	0.187187	190	3571	3761
9431	2/2/2012	1	1	2	20	0	4	1	1	0.36	0.3182	0.46	0.5224	9	204	213	398	1	1	2	0	4	1	2	0.399167	0.398971	0.672917	0.187187	190	3571	3761
9432	2/2/2012	1	1	2	21	0	4	1	1	0.34	0.303	0.46	0.4179	4	144	148	398	1	1	2	0	4	1	2	0.399167	0.398971	0.672917	0.187187	190	3571	3761
9433	2/2/2012	1	1	2	22	0	4	1	1	0.32	0.2879	0.49	0.4179	3	106	109	398	1	1	2	0	4	1	2	0.399167	0.398971	0.672917	0.187187	190	3571	3761
9434	2/2/2012	1	1	2	23	0	4	1	1	0.32	0.303	0.49	0.2537	0	61	61	398	1	1	2	0	4	1	2	0.399167	0.398971	0.672917	0.187187	190	3571	3761
9435	2/3/2012	1	1	2	0	0	5	1	1	0.32	0.2879	0.53	0.3881	1	37	38	399	1	1	2	0	5	1	1	0.313333	0.309346	0.526667	0.178496	310	3841	4151
9436	2/3/2012	1	1	2	1	0	5	1	1	0.3	0.2727	0.56	0.3284	3	19	22	399	1	1	2	0	5	1	1	0.313333	0.309346	0.526667	0.178496	310	3841	4151
9437	2/3/2012	1	1	2	2	0	5	1	1	0.3	0.2879	0.52	0.2239	0	6	6	399	1	1	2	0	5	1	1	0.313333	0.309346	0.526667	0.178496	310	3841	4151
9438	2/3/2012	1	1	2	3	0	5	1	1	0.28	0.2576	0.56	0.2985	0	4	4	399	1	1	2	0	5	1	1	0.313333	0.309346	0.526667	0.178496	310	3841	4151
9439	2/3/2012	1	1	2	4	0	5	1	1	0.26	0.2576	0.6	0.2239	0	2	2	399	1	1	2	0	5	1	1	0.313333	0.309346	0.526667	0.178496	310	3841	4151
9440	2/3/2012	1	1	2	5	0	5	1	1	0.26	0.2576	0.6	0.2239	0	17	17	399	1	1	2	0	5	1	1	0.313333	0.309346	0.526667	0.178496	310	3841	4151
9441	2/3/2012	1	1	2	6	0	5	1	1	0.24	0.2424	0.65	0.1642	0	88	88	399	1	1	2	0	5	1	1	0.313333	0.309346	0.526667	0.178496	310	3841	4151
9442	2/3/2012	1	1	2	7	0	5	1	1	0.24	0.2273	0.65	0.2239	10	216	226	399	1	1	2	0	5	1	1	0.313333	0.309346	0.526667	0.178496	310	3841	4151
9443	2/3/2012	1	1	2	8	0	5	1	1	0.24	0.2273	0.65	0.2239	12	429	441	399	1	1	2	0	5	1	1	0.313333	0.309346	0.526667	0.178496	310	3841	4151
9444	2/3/2012	1	1	2	9	0	5	1	1	0.24	0.2273	0.65	0.194	18	252	270	399	1	1	2	0	5	1	1	0.313333	0.309346	0.526667	0.178496	310	3841	4151
9445	2/3/2012	1	1	2	10	0	5	1	1	0.28	0.2576	0.56	0.2836	15	114	129	399	1	1	2	0	5	1	1	0.313333	0.309346	0.526667	0.178496	310	3841	4151
9446	2/3/2012	1	1	2	11	0	5	1	1	0.32	0.303	0.53	0.2985	15	149	164	399	1	1	2	0	5	1	1	0.313333	0.309346	0.526667	0.178496	310	3841	4151
9447	2/3/2012	1	1	2	12	0	5	1	1	0.34	0.3333	0.46	0.1343	25	191	216	399	1	1	2	0	5	1	1	0.313333	0.309346	0.526667	0.178496	310	3841	4151
9448	2/3/2012	1	1	2	13	0	5	1	1	0.36	0.3636	0.46	0	25	173	198	399	1	1	2	0	5	1	1	0.313333	0.309346	0.526667	0.178496	310	3841	4151
9449	2/3/2012	1	1	2	14	0	5	1	1	0.36	0.3485	0.46	0.2239	22	148	170	399	1	1	2	0	5	1	1	0.313333	0.309346	0.526667	0.178496	310	3841	4151
9450	2/3/2012	1	1	2	15	0	5	1	1	0.38	0.3939	0.4	0	48	168	216	399	1	1	2	0	5	1	1	0.313333	0.309346	0.526667	0.178496	310	3841	4151
9451	2/3/2012	1	1	2	16	0	5	1	1	0.4	0.4091	0.37	0.1045	36	275	311	399	1	1	2	0	5	1	1	0.313333	0.309346	0.526667	0.178496	310	3841	4151
9452	2/3/2012	1	1	2	17	0	5	1	1	0.4	0.4091	0.37	0.0896	30	458	488	399	1	1	2	0	5	1	1	0.313333	0.309346	0.526667	0.178496	310	3841	4151
9453	2/3/2012	1	1	2	18	0	5	1	1	0.38	0.3939	0.4	0.1343	17	368	385	399	1	1	2	0	5	1	1	0.313333	0.309346	0.526667	0.178496	310	3841	4151
9454	2/3/2012	1	1	2	19	0	5	1	1	0.34	0.3485	0.49	0.1045	11	256	267	399	1	1	2	0	5	1	1	0.313333	0.309346	0.526667	0.178496	310	3841	4151
9455	2/3/2012	1	1	2	20	0	5	1	1	0.34	0.3485	0.49	0.1045	8	155	163	399	1	1	2	0	5	1	1	0.313333	0.309346	0.526667	0.178496	310	3841	4151
9456	2/3/2012	1	1	2	21	0	5	1	1	0.34	0.3485	0.49	0.1045	8	126	134	399	1	1	2	0	5	1	1	0.313333	0.309346	0.526667	0.178496	310	3841	4151
9457	2/3/2012	1	1	2	22	0	5	1	1	0.34	0.3485	0.49	0.1045	3	116	119	399	1	1	2	0	5	1	1	0.313333	0.309346	0.526667	0.178496	310	3841	4151
9458	2/3/2012	1	1	2	23	0	5	1	1	0.26	0.2727	0.7	0.1045	3	74	77	399	1	1	2	0	5	1	1	0.313333	0.309346	0.526667	0.178496	310	3841	4151
9459	2/4/2012	1	1	2	0	0	6	0	1	0.26	0.2727	0.7	0.1045	10	76	86	400	1	1	2	0	6	0	2	0.264167	0.272725	0.779583	0.121896	384	2448	2832
9460	2/4/2012	1	1	2	1	0	6	0	1	0.26	0.2727	0.7	0.1045	0	43	43	400	1	1	2	0	6	0	2	0.264167	0.272725	0.779583	0.121896	384	2448	2832
9461	2/4/2012	1	1	2	2	0	6	0	1	0.24	0.2576	0.7	0.0896	6	38	44	400	1	1	2	0	6	0	2	0.264167	0.272725	0.779583	0.121896	384	2448	2832
9462	2/4/2012	1	1	2	3	0	6	0	1	0.24	0.2879	0.75	0	1	17	18	400	1	1	2	0	6	0	2	0.264167	0.272725	0.779583	0.121896	384	2448	2832
9463	2/4/2012	1	1	2	4	0	6	0	1	0.24	0.2576	0.81	0.0896	1	5	6	400	1	1	2	0	6	0	2	0.264167	0.272725	0.779583	0.121896	384	2448	2832
9464	2/4/2012	1	1	2	5	0	6	0	1	0.24	0.2576	0.81	0.0896	1	3	4	400	1	1	2	0	6	0	2	0.264167	0.272725	0.779583	0.121896	384	2448	2832
9465	2/4/2012	1	1	2	6	0	6	0	1	0.22	0.2273	0.87	0.1343	1	4	5	400	1	1	2	0	6	0	2	0.264167	0.272725	0.779583	0.121896	384	2448	2832
9466	2/4/2012	1	1	2	7	0	6	0	2	0.24	0.2424	0.87	0.1343	1	27	28	400	1	1	2	0	6	0	2	0.264167	0.272725	0.779583	0.121896	384	2448	2832
9467	2/4/2012	1	1	2	8	0	6	0	1	0.24	0.2879	0.87	0	4	86	90	400	1	1	2	0	6	0	2	0.264167	0.272725	0.779583	0.121896	384	2448	2832
9468	2/4/2012	1	1	2	9	0	6	0	1	0.24	0.2424	0.81	0.1343	16	141	157	400	1	1	2	0	6	0	2	0.264167	0.272725	0.779583	0.121896	384	2448	2832
9469	2/4/2012	1	1	2	10	0	6	0	1	0.24	0.2576	0.87	0.1045	31	193	224	400	1	1	2	0	6	0	2	0.264167	0.272725	0.779583	0.121896	384	2448	2832
9470	2/4/2012	1	1	2	11	0	6	0	1	0.3	0.3333	0.7	0	46	224	270	400	1	1	2	0	6	0	2	0.264167	0.272725	0.779583	0.121896	384	2448	2832
9471	2/4/2012	1	1	2	12	0	6	0	2	0.3	0.3182	0.7	0.0896	40	260	300	400	1	1	2	0	6	0	2	0.264167	0.272725	0.779583	0.121896	384	2448	2832
9472	2/4/2012	1	1	2	13	0	6	0	2	0.3	0.2879	0.7	0.194	58	244	302	400	1	1	2	0	6	0	2	0.264167	0.272725	0.779583	0.121896	384	2448	2832
9473	2/4/2012	1	1	2	14	0	6	0	2	0.32	0.303	0.66	0.2239	47	229	276	400	1	1	2	0	6	0	2	0.264167	0.272725	0.779583	0.121896	384	2448	2832
9474	2/4/2012	1	1	2	15	0	6	0	2	0.32	0.303	0.66	0.2239	61	244	305	400	1	1	2	0	6	0	2	0.264167	0.272725	0.779583	0.121896	384	2448	2832
9475	2/4/2012	1	1	2	16	0	6	0	2	0.34	0.3333	0.61	0.1642	20	123	143	400	1	1	2	0	6	0	2	0.264167	0.272725	0.779583	0.121896	384	2448	2832
9476	2/4/2012	1	1	2	17	0	6	0	3	0.3	0.2879	0.7	0.194	13	54	67	400	1	1	2	0	6	0	2	0.264167	0.272725	0.779583	0.121896	384	2448	2832
9477	2/4/2012	1	1	2	18	0	6	0	3	0.28	0.2727	0.75	0.1642	6	58	64	400	1	1	2	0	6	0	2	0.264167	0.272725	0.779583	0.121896	384	2448	2832
9478	2/4/2012	1	1	2	19	0	6	0	3	0.26	0.2727	0.87	0.1343	5	75	80	400	1	1	2	0	6	0	2	0.264167	0.272725	0.779583	0.121896	384	2448	2832
9479	2/4/2012	1	1	2	20	0	6	0	3	0.24	0.2273	0.93	0.194	4	73	77	400	1	1	2	0	6	0	2	0.264167	0.272725	0.779583	0.121896	384	2448	2832
9480	2/4/2012	1	1	2	21	0	6	0	3	0.24	0.2424	0.93	0.1343	4	74	78	400	1	1	2	0	6	0	2	0.264167	0.272725	0.779583	0.121896	384	2448	2832
9481	2/4/2012	1	1	2	22	0	6	0	2	0.24	0.2576	0.87	0.0896	4	91	95	400	1	1	2	0	6	0	2	0.264167	0.272725	0.779583	0.121896	384	2448	2832
9482	2/4/2012	1	1	2	23	0	6	0	2	0.24	0.2424	0.87	0.1343	4	66	70	400	1	1	2	0	6	0	2	0.264167	0.272725	0.779583	0.121896	384	2448	2832
9483	2/5/2012	1	1	2	0	0	0	0	2	0.24	0.2424	0.87	0.1343	3	58	61	401	1	1	2	0	0	0	2	0.265833	0.264521	0.687917	0.175996	318	2629	2947
9484	2/5/2012	1	1	2	1	0	0	0	2	0.24	0.2576	0.93	0.1045	5	46	51	401	1	1	2	0	0	0	2	0.265833	0.264521	0.687917	0.175996	318	2629	2947
9485	2/5/2012	1	1	2	2	0	0	0	2	0.24	0.2576	0.93	0.1045	4	59	63	401	1	1	2	0	0	0	2	0.265833	0.264521	0.687917	0.175996	318	2629	2947
9486	2/5/2012	1	1	2	3	0	0	0	3	0.24	0.2576	0.87	0.0896	4	13	17	401	1	1	2	0	0	0	2	0.265833	0.264521	0.687917	0.175996	318	2629	2947
9487	2/5/2012	1	1	2	4	0	0	0	2	0.24	0.2424	0.87	0.1343	0	9	9	401	1	1	2	0	0	0	2	0.265833	0.264521	0.687917	0.175996	318	2629	2947
9488	2/5/2012	1	1	2	5	0	0	0	3	0.26	0.2576	0.81	0.194	0	4	4	401	1	1	2	0	0	0	2	0.265833	0.264521	0.687917	0.175996	318	2629	2947
9489	2/5/2012	1	1	2	6	0	0	0	2	0.26	0.2424	0.7	0.2537	0	4	4	401	1	1	2	0	0	0	2	0.265833	0.264521	0.687917	0.175996	318	2629	2947
9490	2/5/2012	1	1	2	7	0	0	0	2	0.24	0.2424	0.75	0.1642	0	16	16	401	1	1	2	0	0	0	2	0.265833	0.264521	0.687917	0.175996	318	2629	2947
9491	2/5/2012	1	1	2	8	0	0	0	2	0.24	0.2424	0.75	0.1642	4	58	62	401	1	1	2	0	0	0	2	0.265833	0.264521	0.687917	0.175996	318	2629	2947
9492	2/5/2012	1	1	2	9	0	0	0	2	0.24	0.2273	0.7	0.2239	9	83	92	401	1	1	2	0	0	0	2	0.265833	0.264521	0.687917	0.175996	318	2629	2947
9493	2/5/2012	1	1	2	10	0	0	0	2	0.26	0.2424	0.65	0.2836	10	138	148	401	1	1	2	0	0	0	2	0.265833	0.264521	0.687917	0.175996	318	2629	2947
9494	2/5/2012	1	1	2	11	0	0	0	2	0.26	0.2576	0.7	0.194	22	160	182	401	1	1	2	0	0	0	2	0.265833	0.264521	0.687917	0.175996	318	2629	2947
9495	2/5/2012	1	1	2	12	0	0	0	2	0.26	0.2576	0.65	0.194	25	223	248	401	1	1	2	0	0	0	2	0.265833	0.264521	0.687917	0.175996	318	2629	2947
9496	2/5/2012	1	1	2	13	0	0	0	2	0.28	0.2727	0.61	0.1642	33	241	274	401	1	1	2	0	0	0	2	0.265833	0.264521	0.687917	0.175996	318	2629	2947
9497	2/5/2012	1	1	2	14	0	0	0	1	0.3	0.303	0.61	0.1642	40	203	243	401	1	1	2	0	0	0	2	0.265833	0.264521	0.687917	0.175996	318	2629	2947
9498	2/5/2012	1	1	2	15	0	0	0	2	0.3	0.2879	0.56	0.2537	55	217	272	401	1	1	2	0	0	0	2	0.265833	0.264521	0.687917	0.175996	318	2629	2947
9499	2/5/2012	1	1	2	16	0	0	0	1	0.3	0.2879	0.56	0.2239	35	261	296	401	1	1	2	0	0	0	2	0.265833	0.264521	0.687917	0.175996	318	2629	2947
9500	2/5/2012	1	1	2	17	0	0	0	1	0.32	0.3182	0.53	0.1642	31	275	306	401	1	1	2	0	0	0	2	0.265833	0.264521	0.687917	0.175996	318	2629	2947
9501	2/5/2012	1	1	2	18	0	0	0	1	0.3	0.2879	0.52	0.2537	10	171	181	401	1	1	2	0	0	0	2	0.265833	0.264521	0.687917	0.175996	318	2629	2947
9502	2/5/2012	1	1	2	19	0	0	0	1	0.3	0.2879	0.52	0.2239	6	63	69	401	1	1	2	0	0	0	2	0.265833	0.264521	0.687917	0.175996	318	2629	2947
9503	2/5/2012	1	1	2	20	0	0	0	1	0.28	0.2727	0.56	0.194	3	47	50	401	1	1	2	0	0	0	2	0.265833	0.264521	0.687917	0.175996	318	2629	2947
9504	2/5/2012	1	1	2	21	0	0	0	1	0.28	0.2879	0.56	0.1045	6	60	66	401	1	1	2	0	0	0	2	0.265833	0.264521	0.687917	0.175996	318	2629	2947
9505	2/5/2012	1	1	2	22	0	0	0	1	0.26	0.2727	0.6	0.1045	9	182	191	401	1	1	2	0	0	0	2	0.265833	0.264521	0.687917	0.175996	318	2629	2947
9506	2/5/2012	1	1	2	23	0	0	0	1	0.24	0.2424	0.7	0.1343	4	38	42	401	1	1	2	0	0	0	2	0.265833	0.264521	0.687917	0.175996	318	2629	2947
9507	2/6/2012	1	1	2	0	0	1	1	1	0.24	0.2424	0.65	0.1343	7	14	21	402	1	1	2	0	1	1	1	0.282609	0.296426	0.622174	0.1538	206	3578	3784
9508	2/6/2012	1	1	2	1	0	1	1	1	0.22	0.2576	0.75	0.0896	0	6	6	402	1	1	2	0	1	1	1	0.282609	0.296426	0.622174	0.1538	206	3578	3784
9509	2/6/2012	1	1	2	2	0	1	1	1	0.22	0.2727	0.75	0	0	3	3	402	1	1	2	0	1	1	1	0.282609	0.296426	0.622174	0.1538	206	3578	3784
9510	2/6/2012	1	1	2	4	0	1	1	1	0.18	0.2121	0.8	0.1045	0	2	2	402	1	1	2	0	1	1	1	0.282609	0.296426	0.622174	0.1538	206	3578	3784
9511	2/6/2012	1	1	2	5	0	1	1	1	0.18	0.2121	0.8	0.1045	0	17	17	402	1	1	2	0	1	1	1	0.282609	0.296426	0.622174	0.1538	206	3578	3784
9512	2/6/2012	1	1	2	6	0	1	1	1	0.16	0.1818	0.86	0.1045	0	72	72	402	1	1	2	0	1	1	1	0.282609	0.296426	0.622174	0.1538	206	3578	3784
9513	2/6/2012	1	1	2	7	0	1	1	1	0.16	0.1818	0.86	0.1045	5	229	234	402	1	1	2	0	1	1	1	0.282609	0.296426	0.622174	0.1538	206	3578	3784
9514	2/6/2012	1	1	2	8	0	1	1	1	0.16	0.1818	0.86	0.1343	10	434	444	402	1	1	2	0	1	1	1	0.282609	0.296426	0.622174	0.1538	206	3578	3784
9515	2/6/2012	1	1	2	9	0	1	1	1	0.18	0.2121	0.8	0.1045	8	269	277	402	1	1	2	0	1	1	1	0.282609	0.296426	0.622174	0.1538	206	3578	3784
9516	2/6/2012	1	1	2	10	0	1	1	1	0.22	0.2424	0.75	0.1045	20	96	116	402	1	1	2	0	1	1	1	0.282609	0.296426	0.622174	0.1538	206	3578	3784
9517	2/6/2012	1	1	2	11	0	1	1	1	0.26	0.2727	0.7	0.1343	12	104	116	402	1	1	2	0	1	1	1	0.282609	0.296426	0.622174	0.1538	206	3578	3784
9518	2/6/2012	1	1	2	12	0	1	1	1	0.32	0.3182	0.61	0.1642	19	131	150	402	1	1	2	0	1	1	1	0.282609	0.296426	0.622174	0.1538	206	3578	3784
9519	2/6/2012	1	1	2	13	0	1	1	1	0.38	0.3939	0.4	0.2239	17	124	141	402	1	1	2	0	1	1	1	0.282609	0.296426	0.622174	0.1538	206	3578	3784
9520	2/6/2012	1	1	2	14	0	1	1	1	0.4	0.4091	0.35	0.1642	14	126	140	402	1	1	2	0	1	1	1	0.282609	0.296426	0.622174	0.1538	206	3578	3784
9521	2/6/2012	1	1	2	15	0	1	1	1	0.42	0.4242	0.32	0.2836	25	146	171	402	1	1	2	0	1	1	1	0.282609	0.296426	0.622174	0.1538	206	3578	3784
9522	2/6/2012	1	1	2	16	0	1	1	1	0.4	0.4091	0.43	0.2537	13	215	228	402	1	1	2	0	1	1	1	0.282609	0.296426	0.622174	0.1538	206	3578	3784
9523	2/6/2012	1	1	2	17	0	1	1	1	0.4	0.4091	0.43	0.2537	13	417	430	402	1	1	2	0	1	1	1	0.282609	0.296426	0.622174	0.1538	206	3578	3784
9524	2/6/2012	1	1	2	18	0	1	1	1	0.38	0.3939	0.43	0.2239	11	426	437	402	1	1	2	0	1	1	1	0.282609	0.296426	0.622174	0.1538	206	3578	3784
9525	2/6/2012	1	1	2	19	0	1	1	1	0.36	0.3333	0.43	0.2537	7	284	291	402	1	1	2	0	1	1	1	0.282609	0.296426	0.622174	0.1538	206	3578	3784
9526	2/6/2012	1	1	2	20	0	1	1	1	0.34	0.3333	0.46	0.1642	7	194	201	402	1	1	2	0	1	1	1	0.282609	0.296426	0.622174	0.1538	206	3578	3784
9527	2/6/2012	1	1	2	21	0	1	1	1	0.32	0.3182	0.57	0.1642	11	143	154	402	1	1	2	0	1	1	1	0.282609	0.296426	0.622174	0.1538	206	3578	3784
9528	2/6/2012	1	1	2	22	0	1	1	1	0.3	0.303	0.65	0.1343	4	83	87	402	1	1	2	0	1	1	1	0.282609	0.296426	0.622174	0.1538	206	3578	3784
9529	2/6/2012	1	1	2	23	0	1	1	1	0.3	0.303	0.65	0.1343	3	43	46	402	1	1	2	0	1	1	1	0.282609	0.296426	0.622174	0.1538	206	3578	3784
9530	2/7/2012	1	1	2	0	0	2	1	1	0.3	0.2879	0.7	0.194	1	22	23	403	1	1	2	0	2	1	1	0.354167	0.361104	0.49625	0.147379	199	4176	4375
9531	2/7/2012	1	1	2	1	0	2	1	1	0.28	0.2879	0.61	0.1343	8	6	14	403	1	1	2	0	2	1	1	0.354167	0.361104	0.49625	0.147379	199	4176	4375
9532	2/7/2012	1	1	2	2	0	2	1	1	0.3	0.3333	0.61	0	0	4	4	403	1	1	2	0	2	1	1	0.354167	0.361104	0.49625	0.147379	199	4176	4375
9533	2/7/2012	1	1	2	3	0	2	1	2	0.3	0.3333	0.7	0	1	1	2	403	1	1	2	0	2	1	1	0.354167	0.361104	0.49625	0.147379	199	4176	4375
9534	2/7/2012	1	1	2	4	0	2	1	2	0.3	0.3333	0.7	0	0	3	3	403	1	1	2	0	2	1	1	0.354167	0.361104	0.49625	0.147379	199	4176	4375
9535	2/7/2012	1	1	2	5	0	2	1	1	0.32	0.3333	0.49	0.0896	0	15	15	403	1	1	2	0	2	1	1	0.354167	0.361104	0.49625	0.147379	199	4176	4375
9536	2/7/2012	1	1	2	6	0	2	1	1	0.32	0.303	0.45	0.2985	2	98	100	403	1	1	2	0	2	1	1	0.354167	0.361104	0.49625	0.147379	199	4176	4375
9537	2/7/2012	1	1	2	7	0	2	1	1	0.32	0.3485	0.45	0	6	293	299	403	1	1	2	0	2	1	1	0.354167	0.361104	0.49625	0.147379	199	4176	4375
9538	2/7/2012	1	1	2	8	0	2	1	1	0.3	0.3182	0.49	0	7	522	529	403	1	1	2	0	2	1	1	0.354167	0.361104	0.49625	0.147379	199	4176	4375
9539	2/7/2012	1	1	2	9	0	2	1	1	0.32	0.3333	0.49	0	11	278	289	403	1	1	2	0	2	1	1	0.354167	0.361104	0.49625	0.147379	199	4176	4375
9540	2/7/2012	1	1	2	10	0	2	1	1	0.34	0.3333	0.46	0.1642	12	104	116	403	1	1	2	0	2	1	1	0.354167	0.361104	0.49625	0.147379	199	4176	4375
9541	2/7/2012	1	1	2	11	0	2	1	1	0.36	0.3485	0.46	0.194	9	120	129	403	1	1	2	0	2	1	1	0.354167	0.361104	0.49625	0.147379	199	4176	4375
9542	2/7/2012	1	1	2	12	0	2	1	1	0.4	0.4091	0.4	0.3284	9	163	172	403	1	1	2	0	2	1	1	0.354167	0.361104	0.49625	0.147379	199	4176	4375
9543	2/7/2012	1	1	2	13	0	2	1	1	0.44	0.4394	0.38	0.2537	15	169	184	403	1	1	2	0	2	1	1	0.354167	0.361104	0.49625	0.147379	199	4176	4375
9544	2/7/2012	1	1	2	14	0	2	1	1	0.44	0.4394	0.38	0.2537	11	127	138	403	1	1	2	0	2	1	1	0.354167	0.361104	0.49625	0.147379	199	4176	4375
9545	2/7/2012	1	1	2	15	0	2	1	1	0.44	0.4394	0.38	0.194	13	133	146	403	1	1	2	0	2	1	1	0.354167	0.361104	0.49625	0.147379	199	4176	4375
9546	2/7/2012	1	1	2	16	0	2	1	1	0.44	0.4394	0.35	0.2537	19	257	276	403	1	1	2	0	2	1	1	0.354167	0.361104	0.49625	0.147379	199	4176	4375
9547	2/7/2012	1	1	2	17	0	2	1	1	0.44	0.4394	0.35	0.194	15	494	509	403	1	1	2	0	2	1	1	0.354167	0.361104	0.49625	0.147379	199	4176	4375
9548	2/7/2012	1	1	2	18	0	2	1	1	0.42	0.4242	0.38	0.194	10	508	518	403	1	1	2	0	2	1	1	0.354167	0.361104	0.49625	0.147379	199	4176	4375
9549	2/7/2012	1	1	2	19	0	2	1	1	0.38	0.3939	0.43	0.2239	11	327	338	403	1	1	2	0	2	1	1	0.354167	0.361104	0.49625	0.147379	199	4176	4375
9550	2/7/2012	1	1	2	20	0	2	1	1	0.36	0.3485	0.5	0.1343	6	206	212	403	1	1	2	0	2	1	1	0.354167	0.361104	0.49625	0.147379	199	4176	4375
9551	2/7/2012	1	1	2	21	0	2	1	1	0.34	0.3485	0.61	0.1045	20	170	190	403	1	1	2	0	2	1	1	0.354167	0.361104	0.49625	0.147379	199	4176	4375
9552	2/7/2012	1	1	2	22	0	2	1	1	0.32	0.3182	0.57	0.194	11	107	118	403	1	1	2	0	2	1	1	0.354167	0.361104	0.49625	0.147379	199	4176	4375
9553	2/7/2012	1	1	2	23	0	2	1	1	0.32	0.3333	0.57	0.1343	2	49	51	403	1	1	2	0	2	1	1	0.354167	0.361104	0.49625	0.147379	199	4176	4375
9554	2/8/2012	1	1	2	0	0	3	1	1	0.3	0.2879	0.56	0.2239	2	21	23	404	1	1	2	0	3	1	2	0.256667	0.266421	0.722917	0.133721	109	2693	2802
9555	2/8/2012	1	1	2	1	0	3	1	1	0.28	0.2727	0.61	0.1642	1	9	10	404	1	1	2	0	3	1	2	0.256667	0.266421	0.722917	0.133721	109	2693	2802
9556	2/8/2012	1	1	2	2	0	3	1	1	0.26	0.303	0.65	0	0	1	1	404	1	1	2	0	3	1	2	0.256667	0.266421	0.722917	0.133721	109	2693	2802
9557	2/8/2012	1	1	2	3	0	3	1	1	0.26	0.303	0.65	0	0	1	1	404	1	1	2	0	3	1	2	0.256667	0.266421	0.722917	0.133721	109	2693	2802
9558	2/8/2012	1	1	2	4	0	3	1	1	0.24	0.2576	0.7	0.0896	0	1	1	404	1	1	2	0	3	1	2	0.256667	0.266421	0.722917	0.133721	109	2693	2802
9559	2/8/2012	1	1	2	5	0	3	1	1	0.24	0.2576	0.7	0.0896	0	20	20	404	1	1	2	0	3	1	2	0.256667	0.266421	0.722917	0.133721	109	2693	2802
9560	2/8/2012	1	1	2	6	0	3	1	2	0.24	0.2879	0.7	0	3	95	98	404	1	1	2	0	3	1	2	0.256667	0.266421	0.722917	0.133721	109	2693	2802
9561	2/8/2012	1	1	2	7	0	3	1	2	0.24	0.2576	0.7	0.1045	5	276	281	404	1	1	2	0	3	1	2	0.256667	0.266421	0.722917	0.133721	109	2693	2802
9562	2/8/2012	1	1	2	8	0	3	1	2	0.24	0.2273	0.7	0.2239	13	495	508	404	1	1	2	0	3	1	2	0.256667	0.266421	0.722917	0.133721	109	2693	2802
9563	2/8/2012	1	1	2	9	0	3	1	2	0.24	0.2576	0.7	0.1642	8	245	253	404	1	1	2	0	3	1	2	0.256667	0.266421	0.722917	0.133721	109	2693	2802
9564	2/8/2012	1	1	2	10	0	3	1	2	0.26	0.2576	0.7	0.2239	1	107	108	404	1	1	2	0	3	1	2	0.256667	0.266421	0.722917	0.133721	109	2693	2802
9565	2/8/2012	1	1	2	11	0	3	1	2	0.26	0.2576	0.65	0.2239	5	97	102	404	1	1	2	0	3	1	2	0.256667	0.266421	0.722917	0.133721	109	2693	2802
9566	2/8/2012	1	1	2	12	0	3	1	2	0.28	0.2576	0.65	0.2836	14	124	138	404	1	1	2	0	3	1	2	0.256667	0.266421	0.722917	0.133721	109	2693	2802
9567	2/8/2012	1	1	2	13	0	3	1	2	0.28	0.2879	0.61	0.1045	15	111	126	404	1	1	2	0	3	1	2	0.256667	0.266421	0.722917	0.133721	109	2693	2802
9568	2/8/2012	1	1	2	14	0	3	1	2	0.3	0.303	0.56	0.1642	8	100	108	404	1	1	2	0	3	1	2	0.256667	0.266421	0.722917	0.133721	109	2693	2802
9569	2/8/2012	1	1	2	15	0	3	1	3	0.3	0.3182	0.61	0.1045	5	49	54	404	1	1	2	0	3	1	2	0.256667	0.266421	0.722917	0.133721	109	2693	2802
9570	2/8/2012	1	1	2	16	0	3	1	3	0.26	0.2727	0.81	0.1045	2	73	75	404	1	1	2	0	3	1	2	0.256667	0.266421	0.722917	0.133721	109	2693	2802
9571	2/8/2012	1	1	2	17	0	3	1	3	0.24	0.2576	0.87	0.1045	8	147	155	404	1	1	2	0	3	1	2	0.256667	0.266421	0.722917	0.133721	109	2693	2802
9572	2/8/2012	1	1	2	18	0	3	1	3	0.24	0.2576	0.87	0.1045	4	163	167	404	1	1	2	0	3	1	2	0.256667	0.266421	0.722917	0.133721	109	2693	2802
9573	2/8/2012	1	1	2	19	0	3	1	3	0.24	0.2576	0.87	0.1045	3	158	161	404	1	1	2	0	3	1	2	0.256667	0.266421	0.722917	0.133721	109	2693	2802
9574	2/8/2012	1	1	2	20	0	3	1	3	0.24	0.2424	0.87	0.1343	3	122	125	404	1	1	2	0	3	1	2	0.256667	0.266421	0.722917	0.133721	109	2693	2802
9575	2/8/2012	1	1	2	21	0	3	1	3	0.24	0.2273	0.87	0.194	3	126	129	404	1	1	2	0	3	1	2	0.256667	0.266421	0.722917	0.133721	109	2693	2802
9576	2/8/2012	1	1	2	22	0	3	1	2	0.24	0.2424	0.87	0.1343	3	95	98	404	1	1	2	0	3	1	2	0.256667	0.266421	0.722917	0.133721	109	2693	2802
9577	2/8/2012	1	1	2	23	0	3	1	2	0.24	0.2424	0.87	0.1642	3	57	60	404	1	1	2	0	3	1	2	0.256667	0.266421	0.722917	0.133721	109	2693	2802
9578	2/9/2012	1	1	2	0	0	4	1	2	0.24	0.2424	0.87	0.1642	3	23	26	405	1	1	2	0	4	1	1	0.265	0.261988	0.562083	0.194037	163	3667	3830
9579	2/9/2012	1	1	2	1	0	4	1	2	0.24	0.2424	0.87	0.1343	2	10	12	405	1	1	2	0	4	1	1	0.265	0.261988	0.562083	0.194037	163	3667	3830
9580	2/9/2012	1	1	2	2	0	4	1	1	0.22	0.2273	0.8	0.1343	0	2	2	405	1	1	2	0	4	1	1	0.265	0.261988	0.562083	0.194037	163	3667	3830
9581	2/9/2012	1	1	2	3	0	4	1	1	0.22	0.2121	0.8	0.2836	0	4	4	405	1	1	2	0	4	1	1	0.265	0.261988	0.562083	0.194037	163	3667	3830
9582	2/9/2012	1	1	2	4	0	4	1	2	0.22	0.197	0.75	0.4478	0	1	1	405	1	1	2	0	4	1	1	0.265	0.261988	0.562083	0.194037	163	3667	3830
9583	2/9/2012	1	1	2	5	0	4	1	1	0.2	0.1818	0.75	0.2836	0	18	18	405	1	1	2	0	4	1	1	0.265	0.261988	0.562083	0.194037	163	3667	3830
9584	2/9/2012	1	1	2	6	0	4	1	1	0.2	0.1818	0.75	0.2836	1	75	76	405	1	1	2	0	4	1	1	0.265	0.261988	0.562083	0.194037	163	3667	3830
9585	2/9/2012	1	1	2	7	0	4	1	1	0.2	0.197	0.69	0.2537	4	263	267	405	1	1	2	0	4	1	1	0.265	0.261988	0.562083	0.194037	163	3667	3830
9586	2/9/2012	1	1	2	8	0	4	1	1	0.2	0.197	0.64	0.2537	11	473	484	405	1	1	2	0	4	1	1	0.265	0.261988	0.562083	0.194037	163	3667	3830
9587	2/9/2012	1	1	2	9	0	4	1	1	0.2	0.197	0.59	0.2239	9	229	238	405	1	1	2	0	4	1	1	0.265	0.261988	0.562083	0.194037	163	3667	3830
9588	2/9/2012	1	1	2	10	0	4	1	1	0.22	0.2121	0.51	0.2239	7	90	97	405	1	1	2	0	4	1	1	0.265	0.261988	0.562083	0.194037	163	3667	3830
9589	2/9/2012	1	1	2	11	0	4	1	1	0.24	0.2273	0.52	0.2239	4	95	99	405	1	1	2	0	4	1	1	0.265	0.261988	0.562083	0.194037	163	3667	3830
9590	2/9/2012	1	1	2	12	0	4	1	1	0.26	0.2273	0.48	0.3284	10	148	158	405	1	1	2	0	4	1	1	0.265	0.261988	0.562083	0.194037	163	3667	3830
9591	2/9/2012	1	1	2	13	0	4	1	1	0.3	0.2727	0.42	0.3284	10	144	154	405	1	1	2	0	4	1	1	0.265	0.261988	0.562083	0.194037	163	3667	3830
9592	2/9/2012	1	1	2	14	0	4	1	1	0.32	0.303	0.39	0.2985	18	126	144	405	1	1	2	0	4	1	1	0.265	0.261988	0.562083	0.194037	163	3667	3830
9593	2/9/2012	1	1	2	15	0	4	1	1	0.32	0.303	0.36	0.2985	14	120	134	405	1	1	2	0	4	1	1	0.265	0.261988	0.562083	0.194037	163	3667	3830
9594	2/9/2012	1	1	2	16	0	4	1	1	0.34	0.3333	0.36	0	15	223	238	405	1	1	2	0	4	1	1	0.265	0.261988	0.562083	0.194037	163	3667	3830
9595	2/9/2012	1	1	2	17	0	4	1	1	0.34	0.3333	0.34	0.1343	12	387	399	405	1	1	2	0	4	1	1	0.265	0.261988	0.562083	0.194037	163	3667	3830
9596	2/9/2012	1	1	2	18	0	4	1	1	0.34	0.3333	0.31	0.1642	13	404	417	405	1	1	2	0	4	1	1	0.265	0.261988	0.562083	0.194037	163	3667	3830
9597	2/9/2012	1	1	2	19	0	4	1	1	0.32	0.3333	0.33	0.1045	8	287	295	405	1	1	2	0	4	1	1	0.265	0.261988	0.562083	0.194037	163	3667	3830
9598	2/9/2012	1	1	2	20	0	4	1	1	0.32	0.3485	0.36	0	2	197	199	405	1	1	2	0	4	1	1	0.265	0.261988	0.562083	0.194037	163	3667	3830
9599	2/9/2012	1	1	2	21	0	4	1	1	0.3	0.3182	0.52	0.0896	8	169	177	405	1	1	2	0	4	1	1	0.265	0.261988	0.562083	0.194037	163	3667	3830
9600	2/9/2012	1	1	2	22	0	4	1	2	0.3	0.3333	0.56	0	3	104	107	405	1	1	2	0	4	1	1	0.265	0.261988	0.562083	0.194037	163	3667	3830
9601	2/9/2012	1	1	2	23	0	4	1	2	0.3	0.3333	0.52	0	9	75	84	405	1	1	2	0	4	1	1	0.265	0.261988	0.562083	0.194037	163	3667	3830
9602	2/10/2012	1	1	2	0	0	5	1	2	0.28	0.303	0.65	0.0896	4	39	43	406	1	1	2	0	5	1	2	0.280833	0.293558	0.54	0.116929	227	3604	3831
9603	2/10/2012	1	1	2	1	0	5	1	2	0.28	0.303	0.61	0.0896	2	11	13	406	1	1	2	0	5	1	2	0.280833	0.293558	0.54	0.116929	227	3604	3831
9604	2/10/2012	1	1	2	2	0	5	1	1	0.26	0.2879	0.52	0.0896	7	9	16	406	1	1	2	0	5	1	2	0.280833	0.293558	0.54	0.116929	227	3604	3831
9605	2/10/2012	1	1	2	3	0	5	1	1	0.26	0.2879	0.56	0.0896	0	5	5	406	1	1	2	0	5	1	2	0.280833	0.293558	0.54	0.116929	227	3604	3831
9606	2/10/2012	1	1	2	4	0	5	1	1	0.26	0.2879	0.56	0.0896	0	2	2	406	1	1	2	0	5	1	2	0.280833	0.293558	0.54	0.116929	227	3604	3831
9607	2/10/2012	1	1	2	5	0	5	1	1	0.24	0.2273	0.52	0.2239	0	17	17	406	1	1	2	0	5	1	2	0.280833	0.293558	0.54	0.116929	227	3604	3831
9608	2/10/2012	1	1	2	6	0	5	1	1	0.2	0.197	0.59	0.194	3	61	64	406	1	1	2	0	5	1	2	0.280833	0.293558	0.54	0.116929	227	3604	3831
9609	2/10/2012	1	1	2	7	0	5	1	1	0.2	0.2121	0.59	0.1642	5	225	230	406	1	1	2	0	5	1	2	0.280833	0.293558	0.54	0.116929	227	3604	3831
9610	2/10/2012	1	1	2	8	0	5	1	1	0.2	0.2121	0.59	0.1642	1	447	448	406	1	1	2	0	5	1	2	0.280833	0.293558	0.54	0.116929	227	3604	3831
9611	2/10/2012	1	1	2	9	0	5	1	1	0.22	0.2273	0.55	0.1642	10	265	275	406	1	1	2	0	5	1	2	0.280833	0.293558	0.54	0.116929	227	3604	3831
9612	2/10/2012	1	1	2	10	0	5	1	2	0.26	0.2727	0.48	0.1343	5	119	124	406	1	1	2	0	5	1	2	0.280833	0.293558	0.54	0.116929	227	3604	3831
9613	2/10/2012	1	1	2	11	0	5	1	2	0.28	0.2879	0.45	0.1045	19	134	153	406	1	1	2	0	5	1	2	0.280833	0.293558	0.54	0.116929	227	3604	3831
9614	2/10/2012	1	1	2	12	0	5	1	2	0.3	0.303	0.42	0.1343	8	168	176	406	1	1	2	0	5	1	2	0.280833	0.293558	0.54	0.116929	227	3604	3831
9615	2/10/2012	1	1	2	13	0	5	1	2	0.3	0.3182	0.42	0.0896	22	170	192	406	1	1	2	0	5	1	2	0.280833	0.293558	0.54	0.116929	227	3604	3831
9616	2/10/2012	1	1	2	14	0	5	1	2	0.32	0.3333	0.39	0.0896	8	138	146	406	1	1	2	0	5	1	2	0.280833	0.293558	0.54	0.116929	227	3604	3831
9617	2/10/2012	1	1	2	15	0	5	1	2	0.32	0.3333	0.45	0.1343	27	164	191	406	1	1	2	0	5	1	2	0.280833	0.293558	0.54	0.116929	227	3604	3831
9618	2/10/2012	1	1	2	16	0	5	1	2	0.34	0.3182	0.42	0.2537	28	240	268	406	1	1	2	0	5	1	2	0.280833	0.293558	0.54	0.116929	227	3604	3831
9619	2/10/2012	1	1	2	17	0	5	1	2	0.34	0.3333	0.42	0.194	15	381	396	406	1	1	2	0	5	1	2	0.280833	0.293558	0.54	0.116929	227	3604	3831
9620	2/10/2012	1	1	2	18	0	5	1	3	0.3	0.303	0.61	0.1343	14	345	359	406	1	1	2	0	5	1	2	0.280833	0.293558	0.54	0.116929	227	3604	3831
9621	2/10/2012	1	1	2	19	0	5	1	2	0.32	0.3485	0.57	0	16	246	262	406	1	1	2	0	5	1	2	0.280833	0.293558	0.54	0.116929	227	3604	3831
9622	2/10/2012	1	1	2	20	0	5	1	2	0.32	0.3485	0.57	0	7	144	151	406	1	1	2	0	5	1	2	0.280833	0.293558	0.54	0.116929	227	3604	3831
9623	2/10/2012	1	1	2	21	0	5	1	2	0.32	0.3333	0.66	0.0896	14	108	122	406	1	1	2	0	5	1	2	0.280833	0.293558	0.54	0.116929	227	3604	3831
9624	2/10/2012	1	1	2	22	0	5	1	2	0.32	0.3485	0.66	0	11	102	113	406	1	1	2	0	5	1	2	0.280833	0.293558	0.54	0.116929	227	3604	3831
9625	2/10/2012	1	1	2	23	0	5	1	2	0.3	0.3182	0.7	0.0896	1	64	65	406	1	1	2	0	5	1	2	0.280833	0.293558	0.54	0.116929	227	3604	3831
9626	2/11/2012	1	1	2	0	0	6	0	2	0.3	0.303	0.7	0.1343	3	50	53	407	1	1	2	0	6	0	3	0.224167	0.210867	0.73125	0.289796	192	1977	2169
9627	2/11/2012	1	1	2	1	0	6	0	3	0.28	0.2879	0.81	0.1343	2	43	45	407	1	1	2	0	6	0	3	0.224167	0.210867	0.73125	0.289796	192	1977	2169
9628	2/11/2012	1	1	2	2	0	6	0	3	0.26	0.2576	0.81	0.194	2	24	26	407	1	1	2	0	6	0	3	0.224167	0.210867	0.73125	0.289796	192	1977	2169
9629	2/11/2012	1	1	2	3	0	6	0	3	0.24	0.2273	0.87	0.2239	0	9	9	407	1	1	2	0	6	0	3	0.224167	0.210867	0.73125	0.289796	192	1977	2169
9630	2/11/2012	1	1	2	4	0	6	0	3	0.24	0.2273	0.87	0.2239	0	4	4	407	1	1	2	0	6	0	3	0.224167	0.210867	0.73125	0.289796	192	1977	2169
9631	2/11/2012	1	1	2	5	0	6	0	3	0.22	0.2273	0.93	0.1642	0	2	2	407	1	1	2	0	6	0	3	0.224167	0.210867	0.73125	0.289796	192	1977	2169
9632	2/11/2012	1	1	2	6	0	6	0	3	0.22	0.2273	0.93	0.1343	1	8	9	407	1	1	2	0	6	0	3	0.224167	0.210867	0.73125	0.289796	192	1977	2169
9633	2/11/2012	1	1	2	7	0	6	0	3	0.22	0.2273	0.93	0.1343	0	19	19	407	1	1	2	0	6	0	3	0.224167	0.210867	0.73125	0.289796	192	1977	2169
9634	2/11/2012	1	1	2	8	0	6	0	3	0.22	0.2273	0.93	0.1343	1	77	78	407	1	1	2	0	6	0	3	0.224167	0.210867	0.73125	0.289796	192	1977	2169
9635	2/11/2012	1	1	2	9	0	6	0	3	0.22	0.2424	0.93	0.1045	5	85	90	407	1	1	2	0	6	0	3	0.224167	0.210867	0.73125	0.289796	192	1977	2169
9636	2/11/2012	1	1	2	10	0	6	0	3	0.22	0.2424	0.93	0.1045	23	143	166	407	1	1	2	0	6	0	3	0.224167	0.210867	0.73125	0.289796	192	1977	2169
9637	2/11/2012	1	1	2	11	0	6	0	2	0.24	0.2576	0.81	0.1045	26	157	183	407	1	1	2	0	6	0	3	0.224167	0.210867	0.73125	0.289796	192	1977	2169
9638	2/11/2012	1	1	2	12	0	6	0	2	0.26	0.2576	0.81	0.1642	25	196	221	407	1	1	2	0	6	0	3	0.224167	0.210867	0.73125	0.289796	192	1977	2169
9639	2/11/2012	1	1	2	13	0	6	0	2	0.26	0.2424	0.81	0.2836	18	217	235	407	1	1	2	0	6	0	3	0.224167	0.210867	0.73125	0.289796	192	1977	2169
9640	2/11/2012	1	1	2	14	0	6	0	2	0.26	0.2424	0.81	0.2537	38	205	243	407	1	1	2	0	6	0	3	0.224167	0.210867	0.73125	0.289796	192	1977	2169
9641	2/11/2012	1	1	2	15	0	6	0	2	0.3	0.2727	0.61	0.2985	12	112	124	407	1	1	2	0	6	0	3	0.224167	0.210867	0.73125	0.289796	192	1977	2169
9642	2/11/2012	1	1	2	16	0	6	0	3	0.22	0.197	0.75	0.4179	12	134	146	407	1	1	2	0	6	0	3	0.224167	0.210867	0.73125	0.289796	192	1977	2169
9643	2/11/2012	1	1	2	17	0	6	0	3	0.22	0.1818	0.69	0.4627	13	131	144	407	1	1	2	0	6	0	3	0.224167	0.210867	0.73125	0.289796	192	1977	2169
9644	2/11/2012	1	1	2	18	0	6	0	2	0.22	0.1818	0.47	0.6567	3	105	108	407	1	1	2	0	6	0	3	0.224167	0.210867	0.73125	0.289796	192	1977	2169
9645	2/11/2012	1	1	2	19	0	6	0	2	0.2	0.1515	0.4	0.5522	2	85	87	407	1	1	2	0	6	0	3	0.224167	0.210867	0.73125	0.289796	192	1977	2169
9646	2/11/2012	1	1	2	20	0	6	0	2	0.16	0.1212	0.43	0.5522	1	62	63	407	1	1	2	0	6	0	3	0.224167	0.210867	0.73125	0.289796	192	1977	2169
9647	2/11/2012	1	1	2	21	0	6	0	1	0.14	0.0758	0.43	0.6418	5	43	48	407	1	1	2	0	6	0	3	0.224167	0.210867	0.73125	0.289796	192	1977	2169
9648	2/11/2012	1	1	2	22	0	6	0	2	0.14	0.1061	0.39	0.3881	0	46	46	407	1	1	2	0	6	0	3	0.224167	0.210867	0.73125	0.289796	192	1977	2169
9649	2/11/2012	1	1	2	23	0	6	0	3	0.12	0.0758	0.5	0.4925	0	20	20	407	1	1	2	0	6	0	3	0.224167	0.210867	0.73125	0.289796	192	1977	2169
9650	2/12/2012	1	1	2	0	0	0	0	3	0.1	0.0758	0.68	0.3881	0	21	21	408	1	1	2	0	0	0	1	0.1275	0.101658	0.464583	0.409212	73	1456	1529
9651	2/12/2012	1	1	2	1	0	0	0	3	0.08	0.0455	0.79	0.4627	0	24	24	408	1	1	2	0	0	0	1	0.1275	0.101658	0.464583	0.409212	73	1456	1529
9652	2/12/2012	1	1	2	2	0	0	0	2	0.1	0.0606	0.58	0.5821	1	26	27	408	1	1	2	0	0	0	1	0.1275	0.101658	0.464583	0.409212	73	1456	1529
9653	2/12/2012	1	1	2	3	0	0	0	2	0.1	0.0455	0.46	0.6866	0	14	14	408	1	1	2	0	0	0	1	0.1275	0.101658	0.464583	0.409212	73	1456	1529
9654	2/12/2012	1	1	2	4	0	0	0	2	0.1	0.0455	0.46	0.7164	0	1	1	408	1	1	2	0	0	0	1	0.1275	0.101658	0.464583	0.409212	73	1456	1529
9655	2/12/2012	1	1	2	5	0	0	0	1	0.1	0.0758	0.49	0.3881	0	3	3	408	1	1	2	0	0	0	1	0.1275	0.101658	0.464583	0.409212	73	1456	1529
9656	2/12/2012	1	1	2	6	0	0	0	1	0.1	0.0758	0.49	0.3881	0	2	2	408	1	1	2	0	0	0	1	0.1275	0.101658	0.464583	0.409212	73	1456	1529
9657	2/12/2012	1	1	2	7	0	0	0	1	0.08	0.0909	0.53	0.194	0	18	18	408	1	1	2	0	0	0	1	0.1275	0.101658	0.464583	0.409212	73	1456	1529
9658	2/12/2012	1	1	2	8	0	0	0	1	0.08	0.0758	0.53	0.2537	0	26	26	408	1	1	2	0	0	0	1	0.1275	0.101658	0.464583	0.409212	73	1456	1529
9659	2/12/2012	1	1	2	9	0	0	0	1	0.1	0.0909	0.49	0.2985	3	60	63	408	1	1	2	0	0	0	1	0.1275	0.101658	0.464583	0.409212	73	1456	1529
9660	2/12/2012	1	1	2	10	0	0	0	1	0.12	0.1061	0.42	0.3582	8	83	91	408	1	1	2	0	0	0	1	0.1275	0.101658	0.464583	0.409212	73	1456	1529
9661	2/12/2012	1	1	2	11	0	0	0	1	0.12	0.1061	0.42	0.2985	3	121	124	408	1	1	2	0	0	0	1	0.1275	0.101658	0.464583	0.409212	73	1456	1529
9662	2/12/2012	1	1	2	12	0	0	0	1	0.14	0.0758	0.39	0.6418	7	133	140	408	1	1	2	0	0	0	1	0.1275	0.101658	0.464583	0.409212	73	1456	1529
9663	2/12/2012	1	1	2	13	0	0	0	1	0.16	0.1212	0.4	0.4478	10	128	138	408	1	1	2	0	0	0	1	0.1275	0.101658	0.464583	0.409212	73	1456	1529
9664	2/12/2012	1	1	2	14	0	0	0	1	0.16	0.1212	0.4	0.5224	9	102	111	408	1	1	2	0	0	0	1	0.1275	0.101658	0.464583	0.409212	73	1456	1529
9665	2/12/2012	1	1	2	15	0	0	0	1	0.16	0.1212	0.4	0.5522	5	150	155	408	1	1	2	0	0	0	1	0.1275	0.101658	0.464583	0.409212	73	1456	1529
9666	2/12/2012	1	1	2	16	0	0	0	1	0.2	0.1667	0.34	0.4627	16	148	164	408	1	1	2	0	0	0	1	0.1275	0.101658	0.464583	0.409212	73	1456	1529
9667	2/12/2012	1	1	2	17	0	0	0	1	0.18	0.1515	0.37	0.4179	4	83	87	408	1	1	2	0	0	0	1	0.1275	0.101658	0.464583	0.409212	73	1456	1529
9668	2/12/2012	1	1	2	18	0	0	0	1	0.16	0.1212	0.4	0.4627	4	92	96	408	1	1	2	0	0	0	1	0.1275	0.101658	0.464583	0.409212	73	1456	1529
9669	2/12/2012	1	1	2	19	0	0	0	1	0.16	0.1364	0.4	0.2836	2	78	80	408	1	1	2	0	0	0	1	0.1275	0.101658	0.464583	0.409212	73	1456	1529
9670	2/12/2012	1	1	2	20	0	0	0	1	0.14	0.1212	0.42	0.3284	1	56	57	408	1	1	2	0	0	0	1	0.1275	0.101658	0.464583	0.409212	73	1456	1529
9671	2/12/2012	1	1	2	21	0	0	0	1	0.14	0.1212	0.43	0.2985	0	36	36	408	1	1	2	0	0	0	1	0.1275	0.101658	0.464583	0.409212	73	1456	1529
9672	2/12/2012	1	1	2	22	0	0	0	1	0.14	0.1515	0.43	0.1642	0	28	28	408	1	1	2	0	0	0	1	0.1275	0.101658	0.464583	0.409212	73	1456	1529
9673	2/12/2012	1	1	2	23	0	0	0	1	0.14	0.1364	0.43	0.2239	0	23	23	408	1	1	2	0	0	0	1	0.1275	0.101658	0.464583	0.409212	73	1456	1529
9674	2/13/2012	1	1	2	0	0	1	1	1	0.14	0.1364	0.46	0.2239	0	9	9	409	1	1	2	0	1	1	1	0.2225	0.227913	0.41125	0.167283	94	3328	3422
9675	2/13/2012	1	1	2	1	0	1	1	1	0.12	0.1212	0.5	0.2239	0	6	6	409	1	1	2	0	1	1	1	0.2225	0.227913	0.41125	0.167283	94	3328	3422
9676	2/13/2012	1	1	2	2	0	1	1	1	0.14	0.1364	0.46	0.194	0	4	4	409	1	1	2	0	1	1	1	0.2225	0.227913	0.41125	0.167283	94	3328	3422
9677	2/13/2012	1	1	2	3	0	1	1	1	0.12	0.1515	0.54	0.1045	0	1	1	409	1	1	2	0	1	1	1	0.2225	0.227913	0.41125	0.167283	94	3328	3422
9678	2/13/2012	1	1	2	4	0	1	1	1	0.12	0.1667	0.54	0.0896	0	2	2	409	1	1	2	0	1	1	1	0.2225	0.227913	0.41125	0.167283	94	3328	3422
9679	2/13/2012	1	1	2	5	0	1	1	1	0.1	0.1212	0.58	0.1343	0	17	17	409	1	1	2	0	1	1	1	0.2225	0.227913	0.41125	0.167283	94	3328	3422
9680	2/13/2012	1	1	2	6	0	1	1	1	0.1	0.1061	0.54	0.2239	1	71	72	409	1	1	2	0	1	1	1	0.2225	0.227913	0.41125	0.167283	94	3328	3422
9681	2/13/2012	1	1	2	7	0	1	1	1	0.1	0.1061	0.54	0.194	1	194	195	409	1	1	2	0	1	1	1	0.2225	0.227913	0.41125	0.167283	94	3328	3422
9682	2/13/2012	1	1	2	8	0	1	1	1	0.1	0.1212	0.54	0.1343	4	413	417	409	1	1	2	0	1	1	1	0.2225	0.227913	0.41125	0.167283	94	3328	3422
9683	2/13/2012	1	1	2	9	0	1	1	1	0.12	0.1364	0.5	0.194	7	198	205	409	1	1	2	0	1	1	1	0.2225	0.227913	0.41125	0.167283	94	3328	3422
9684	2/13/2012	1	1	2	10	0	1	1	1	0.14	0.1515	0.5	0.1343	1	70	71	409	1	1	2	0	1	1	1	0.2225	0.227913	0.41125	0.167283	94	3328	3422
9685	2/13/2012	1	1	2	11	0	1	1	1	0.22	0.2273	0.37	0.194	5	85	90	409	1	1	2	0	1	1	1	0.2225	0.227913	0.41125	0.167283	94	3328	3422
9686	2/13/2012	1	1	2	12	0	1	1	1	0.28	0.2576	0.28	0.3284	7	111	118	409	1	1	2	0	1	1	1	0.2225	0.227913	0.41125	0.167283	94	3328	3422
9687	2/13/2012	1	1	2	13	0	1	1	1	0.32	0.303	0.22	0.2239	11	129	140	409	1	1	2	0	1	1	1	0.2225	0.227913	0.41125	0.167283	94	3328	3422
9688	2/13/2012	1	1	2	14	0	1	1	1	0.34	0.3485	0.23	0.1045	10	125	135	409	1	1	2	0	1	1	1	0.2225	0.227913	0.41125	0.167283	94	3328	3422
9689	2/13/2012	1	1	2	15	0	1	1	1	0.36	0.3485	0.27	0.1343	10	145	155	409	1	1	2	0	1	1	1	0.2225	0.227913	0.41125	0.167283	94	3328	3422
9690	2/13/2012	1	1	2	16	0	1	1	1	0.36	0.3485	0.23	0.194	5	206	211	409	1	1	2	0	1	1	1	0.2225	0.227913	0.41125	0.167283	94	3328	3422
9691	2/13/2012	1	1	2	17	0	1	1	1	0.36	0.3485	0.23	0.194	8	399	407	409	1	1	2	0	1	1	1	0.2225	0.227913	0.41125	0.167283	94	3328	3422
9692	2/13/2012	1	1	2	18	0	1	1	1	0.34	0.3182	0.25	0.2537	6	399	405	409	1	1	2	0	1	1	1	0.2225	0.227913	0.41125	0.167283	94	3328	3422
9693	2/13/2012	1	1	2	19	0	1	1	1	0.34	0.3333	0.25	0.1343	7	256	263	409	1	1	2	0	1	1	1	0.2225	0.227913	0.41125	0.167283	94	3328	3422
9694	2/13/2012	1	1	2	20	0	1	1	1	0.3	0.303	0.42	0.1642	4	210	214	409	1	1	2	0	1	1	1	0.2225	0.227913	0.41125	0.167283	94	3328	3422
9695	2/13/2012	1	1	2	21	0	1	1	1	0.28	0.2879	0.45	0.1343	2	145	147	409	1	1	2	0	1	1	1	0.2225	0.227913	0.41125	0.167283	94	3328	3422
9696	2/13/2012	1	1	2	22	0	1	1	1	0.26	0.2727	0.56	0.1045	3	99	102	409	1	1	2	0	1	1	1	0.2225	0.227913	0.41125	0.167283	94	3328	3422
9697	2/13/2012	1	1	2	23	0	1	1	1	0.28	0.3182	0.41	0	2	34	36	409	1	1	2	0	1	1	1	0.2225	0.227913	0.41125	0.167283	94	3328	3422
9698	2/14/2012	1	1	2	0	0	2	1	2	0.26	0.303	0.6	0	0	14	14	410	1	1	2	0	2	1	2	0.319167	0.333946	0.50875	0.141179	135	3787	3922
9699	2/14/2012	1	1	2	1	0	2	1	2	0.26	0.303	0.56	0	0	6	6	410	1	1	2	0	2	1	2	0.319167	0.333946	0.50875	0.141179	135	3787	3922
9700	2/14/2012	1	1	2	2	0	2	1	2	0.28	0.3182	0.41	0	0	3	3	410	1	1	2	0	2	1	2	0.319167	0.333946	0.50875	0.141179	135	3787	3922
9701	2/14/2012	1	1	2	3	0	2	1	2	0.26	0.303	0.52	0	0	3	3	410	1	1	2	0	2	1	2	0.319167	0.333946	0.50875	0.141179	135	3787	3922
9702	2/14/2012	1	1	2	4	0	2	1	2	0.26	0.2727	0.65	0.1045	0	2	2	410	1	1	2	0	2	1	2	0.319167	0.333946	0.50875	0.141179	135	3787	3922
9703	2/14/2012	1	1	2	5	0	2	1	2	0.26	0.2727	0.65	0.1045	2	20	22	410	1	1	2	0	2	1	2	0.319167	0.333946	0.50875	0.141179	135	3787	3922
9704	2/14/2012	1	1	2	6	0	2	1	2	0.26	0.303	0.56	0	1	89	90	410	1	1	2	0	2	1	2	0.319167	0.333946	0.50875	0.141179	135	3787	3922
9705	2/14/2012	1	1	2	7	0	2	1	2	0.24	0.2576	0.6	0.0896	4	276	280	410	1	1	2	0	2	1	2	0.319167	0.333946	0.50875	0.141179	135	3787	3922
9706	2/14/2012	1	1	2	8	0	2	1	2	0.24	0.2879	0.7	0	3	510	513	410	1	1	2	0	2	1	2	0.319167	0.333946	0.50875	0.141179	135	3787	3922
9707	2/14/2012	1	1	2	9	0	2	1	2	0.26	0.2879	0.56	0.0896	6	256	262	410	1	1	2	0	2	1	2	0.319167	0.333946	0.50875	0.141179	135	3787	3922
9708	2/14/2012	1	1	2	10	0	2	1	2	0.26	0.2727	0.6	0.1343	8	90	98	410	1	1	2	0	2	1	2	0.319167	0.333946	0.50875	0.141179	135	3787	3922
9709	2/14/2012	1	1	2	11	0	2	1	2	0.3	0.303	0.45	0.1642	5	107	112	410	1	1	2	0	2	1	2	0.319167	0.333946	0.50875	0.141179	135	3787	3922
9710	2/14/2012	1	1	2	12	0	2	1	2	0.3	0.2879	0.52	0.2239	10	162	172	410	1	1	2	0	2	1	2	0.319167	0.333946	0.50875	0.141179	135	3787	3922
9711	2/14/2012	1	1	2	13	0	2	1	2	0.36	0.3333	0.4	0.2537	6	167	173	410	1	1	2	0	2	1	2	0.319167	0.333946	0.50875	0.141179	135	3787	3922
9712	2/14/2012	1	1	2	14	0	2	1	1	0.4	0.4091	0.4	0.2239	13	111	124	410	1	1	2	0	2	1	2	0.319167	0.333946	0.50875	0.141179	135	3787	3922
9713	2/14/2012	1	1	2	15	0	2	1	2	0.42	0.4242	0.38	0.4478	7	138	145	410	1	1	2	0	2	1	2	0.319167	0.333946	0.50875	0.141179	135	3787	3922
9714	2/14/2012	1	1	2	16	0	2	1	1	0.42	0.4242	0.35	0.2985	15	251	266	410	1	1	2	0	2	1	2	0.319167	0.333946	0.50875	0.141179	135	3787	3922
9715	2/14/2012	1	1	2	17	0	2	1	1	0.42	0.4242	0.38	0.3582	19	504	523	410	1	1	2	0	2	1	2	0.319167	0.333946	0.50875	0.141179	135	3787	3922
9716	2/14/2012	1	1	2	18	0	2	1	2	0.38	0.3939	0.46	0.2985	8	398	406	410	1	1	2	0	2	1	2	0.319167	0.333946	0.50875	0.141179	135	3787	3922
9717	2/14/2012	1	1	2	19	0	2	1	2	0.36	0.3485	0.5	0.1642	11	270	281	410	1	1	2	0	2	1	2	0.319167	0.333946	0.50875	0.141179	135	3787	3922
9718	2/14/2012	1	1	2	20	0	2	1	2	0.38	0.3939	0.46	0.1343	6	178	184	410	1	1	2	0	2	1	2	0.319167	0.333946	0.50875	0.141179	135	3787	3922
9719	2/14/2012	1	1	2	21	0	2	1	2	0.36	0.3636	0.5	0.1045	4	105	109	410	1	1	2	0	2	1	2	0.319167	0.333946	0.50875	0.141179	135	3787	3922
9720	2/14/2012	1	1	2	22	0	2	1	2	0.36	0.3636	0.5	0.1045	5	72	77	410	1	1	2	0	2	1	2	0.319167	0.333946	0.50875	0.141179	135	3787	3922
9721	2/14/2012	1	1	2	23	0	2	1	2	0.36	0.3636	0.5	0.0896	2	55	57	410	1	1	2	0	2	1	2	0.319167	0.333946	0.50875	0.141179	135	3787	3922
9722	2/15/2012	1	1	2	0	0	3	1	1	0.32	0.3485	0.57	0	0	22	22	411	1	1	2	0	3	1	1	0.348333	0.351629	0.53125	0.1816	141	4028	4169
9723	2/15/2012	1	1	2	1	0	3	1	1	0.34	0.3636	0.53	0	0	5	5	411	1	1	2	0	3	1	1	0.348333	0.351629	0.53125	0.1816	141	4028	4169
9724	2/15/2012	1	1	2	2	0	3	1	1	0.3	0.3333	0.61	0	0	4	4	411	1	1	2	0	3	1	1	0.348333	0.351629	0.53125	0.1816	141	4028	4169
9725	2/15/2012	1	1	2	3	0	3	1	1	0.28	0.3182	0.75	0	0	3	3	411	1	1	2	0	3	1	1	0.348333	0.351629	0.53125	0.1816	141	4028	4169
9726	2/15/2012	1	1	2	4	0	3	1	1	0.28	0.2879	0.7	0.1045	0	1	1	411	1	1	2	0	3	1	1	0.348333	0.351629	0.53125	0.1816	141	4028	4169
9727	2/15/2012	1	1	2	5	0	3	1	1	0.28	0.2879	0.7	0.1045	0	25	25	411	1	1	2	0	3	1	1	0.348333	0.351629	0.53125	0.1816	141	4028	4169
9728	2/15/2012	1	1	2	6	0	3	1	1	0.3	0.303	0.61	0.1343	3	92	95	411	1	1	2	0	3	1	1	0.348333	0.351629	0.53125	0.1816	141	4028	4169
9729	2/15/2012	1	1	2	7	0	3	1	2	0.3	0.2879	0.65	0.194	3	318	321	411	1	1	2	0	3	1	1	0.348333	0.351629	0.53125	0.1816	141	4028	4169
9730	2/15/2012	1	1	2	8	0	3	1	1	0.32	0.2879	0.61	0.3582	7	508	515	411	1	1	2	0	3	1	1	0.348333	0.351629	0.53125	0.1816	141	4028	4169
9731	2/15/2012	1	1	2	9	0	3	1	1	0.32	0.303	0.61	0.3284	5	226	231	411	1	1	2	0	3	1	1	0.348333	0.351629	0.53125	0.1816	141	4028	4169
9732	2/15/2012	1	1	2	10	0	3	1	1	0.34	0.303	0.57	0.2985	12	108	120	411	1	1	2	0	3	1	1	0.348333	0.351629	0.53125	0.1816	141	4028	4169
9733	2/15/2012	1	1	2	11	0	3	1	1	0.36	0.3333	0.53	0.2836	13	125	138	411	1	1	2	0	3	1	1	0.348333	0.351629	0.53125	0.1816	141	4028	4169
9734	2/15/2012	1	1	2	12	0	3	1	1	0.38	0.3939	0.46	0.3881	11	152	163	411	1	1	2	0	3	1	1	0.348333	0.351629	0.53125	0.1816	141	4028	4169
9735	2/15/2012	1	1	2	13	0	3	1	1	0.4	0.4091	0.43	0.2836	11	159	170	411	1	1	2	0	3	1	1	0.348333	0.351629	0.53125	0.1816	141	4028	4169
9736	2/15/2012	1	1	2	14	0	3	1	1	0.42	0.4242	0.41	0.3582	6	128	134	411	1	1	2	0	3	1	1	0.348333	0.351629	0.53125	0.1816	141	4028	4169
9737	2/15/2012	1	1	2	15	0	3	1	1	0.42	0.4242	0.41	0.2239	7	164	171	411	1	1	2	0	3	1	1	0.348333	0.351629	0.53125	0.1816	141	4028	4169
9738	2/15/2012	1	1	2	16	0	3	1	1	0.42	0.4242	0.38	0.194	9	222	231	411	1	1	2	0	3	1	1	0.348333	0.351629	0.53125	0.1816	141	4028	4169
9739	2/15/2012	1	1	2	17	0	3	1	1	0.42	0.4242	0.38	0.194	17	470	487	411	1	1	2	0	3	1	1	0.348333	0.351629	0.53125	0.1816	141	4028	4169
9740	2/15/2012	1	1	2	18	0	3	1	1	0.4	0.4091	0.4	0.2239	9	459	468	411	1	1	2	0	3	1	1	0.348333	0.351629	0.53125	0.1816	141	4028	4169
9741	2/15/2012	1	1	2	19	0	3	1	1	0.38	0.3939	0.43	0.1642	9	302	311	411	1	1	2	0	3	1	1	0.348333	0.351629	0.53125	0.1816	141	4028	4169
9742	2/15/2012	1	1	2	20	0	3	1	1	0.36	0.3485	0.46	0.1642	4	207	211	411	1	1	2	0	3	1	1	0.348333	0.351629	0.53125	0.1816	141	4028	4169
9743	2/15/2012	1	1	2	21	0	3	1	1	0.34	0.3333	0.53	0.1642	8	170	178	411	1	1	2	0	3	1	1	0.348333	0.351629	0.53125	0.1816	141	4028	4169
9744	2/15/2012	1	1	2	22	0	3	1	1	0.34	0.3485	0.49	0.1045	3	104	107	411	1	1	2	0	3	1	1	0.348333	0.351629	0.53125	0.1816	141	4028	4169
9745	2/15/2012	1	1	2	23	0	3	1	1	0.34	0.3485	0.53	0.0896	4	54	58	411	1	1	2	0	3	1	1	0.348333	0.351629	0.53125	0.1816	141	4028	4169
9746	2/16/2012	1	1	2	0	0	4	1	2	0.3	0.303	0.7	0.1343	1	22	23	412	1	1	2	0	4	1	2	0.316667	0.330162	0.752917	0.091425	74	2931	3005
9747	2/16/2012	1	1	2	1	0	4	1	2	0.3	0.3333	0.7	0	0	5	5	412	1	1	2	0	4	1	2	0.316667	0.330162	0.752917	0.091425	74	2931	3005
9748	2/16/2012	1	1	2	2	0	4	1	2	0.3	0.3182	0.7	0.0896	1	6	7	412	1	1	2	0	4	1	2	0.316667	0.330162	0.752917	0.091425	74	2931	3005
9749	2/16/2012	1	1	2	3	0	4	1	2	0.3	0.3333	0.61	0	0	1	1	412	1	1	2	0	4	1	2	0.316667	0.330162	0.752917	0.091425	74	2931	3005
9750	2/16/2012	1	1	2	4	0	4	1	3	0.3	0.3182	0.7	0.0896	0	3	3	412	1	1	2	0	4	1	2	0.316667	0.330162	0.752917	0.091425	74	2931	3005
9751	2/16/2012	1	1	2	5	0	4	1	2	0.3	0.3333	0.7	0	0	20	20	412	1	1	2	0	4	1	2	0.316667	0.330162	0.752917	0.091425	74	2931	3005
9752	2/16/2012	1	1	2	6	0	4	1	2	0.3	0.3182	0.7	0.0896	4	83	87	412	1	1	2	0	4	1	2	0.316667	0.330162	0.752917	0.091425	74	2931	3005
9753	2/16/2012	1	1	2	7	0	4	1	2	0.3	0.303	0.7	0.1343	3	285	288	412	1	1	2	0	4	1	2	0.316667	0.330162	0.752917	0.091425	74	2931	3005
9754	2/16/2012	1	1	2	8	0	4	1	2	0.3	0.3182	0.7	0.0896	9	489	498	412	1	1	2	0	4	1	2	0.316667	0.330162	0.752917	0.091425	74	2931	3005
9755	2/16/2012	1	1	2	9	0	4	1	2	0.3	0.303	0.7	0.1642	3	199	202	412	1	1	2	0	4	1	2	0.316667	0.330162	0.752917	0.091425	74	2931	3005
9756	2/16/2012	1	1	2	10	0	4	1	3	0.32	0.3333	0.7	0.1343	2	42	44	412	1	1	2	0	4	1	2	0.316667	0.330162	0.752917	0.091425	74	2931	3005
9757	2/16/2012	1	1	2	11	0	4	1	3	0.32	0.3333	0.7	0.1045	2	69	71	412	1	1	2	0	4	1	2	0.316667	0.330162	0.752917	0.091425	74	2931	3005
9758	2/16/2012	1	1	2	12	0	4	1	3	0.32	0.3333	0.76	0.0896	1	44	45	412	1	1	2	0	4	1	2	0.316667	0.330162	0.752917	0.091425	74	2931	3005
9759	2/16/2012	1	1	2	13	0	4	1	3	0.34	0.3182	0.71	0.2537	2	62	64	412	1	1	2	0	4	1	2	0.316667	0.330162	0.752917	0.091425	74	2931	3005
9760	2/16/2012	1	1	2	14	0	4	1	3	0.32	0.3182	0.81	0.194	1	30	31	412	1	1	2	0	4	1	2	0.316667	0.330162	0.752917	0.091425	74	2931	3005
9761	2/16/2012	1	1	2	15	0	4	1	3	0.34	0.3636	0.76	0	3	50	53	412	1	1	2	0	4	1	2	0.316667	0.330162	0.752917	0.091425	74	2931	3005
9762	2/16/2012	1	1	2	16	0	4	1	3	0.34	0.3636	0.81	0	8	110	118	412	1	1	2	0	4	1	2	0.316667	0.330162	0.752917	0.091425	74	2931	3005
9763	2/16/2012	1	1	2	17	0	4	1	3	0.34	0.3636	0.87	0	8	281	289	412	1	1	2	0	4	1	2	0.316667	0.330162	0.752917	0.091425	74	2931	3005
9764	2/16/2012	1	1	2	18	0	4	1	3	0.34	0.3333	0.87	0.1343	8	345	353	412	1	1	2	0	4	1	2	0.316667	0.330162	0.752917	0.091425	74	2931	3005
9765	2/16/2012	1	1	2	19	0	4	1	2	0.32	0.3182	0.87	0.1642	4	254	258	412	1	1	2	0	4	1	2	0.316667	0.330162	0.752917	0.091425	74	2931	3005
9766	2/16/2012	1	1	2	20	0	4	1	2	0.32	0.3333	0.87	0.1343	5	211	216	412	1	1	2	0	4	1	2	0.316667	0.330162	0.752917	0.091425	74	2931	3005
9767	2/16/2012	1	1	2	21	0	4	1	2	0.34	0.3485	0.81	0.1045	3	142	145	412	1	1	2	0	4	1	2	0.316667	0.330162	0.752917	0.091425	74	2931	3005
9768	2/16/2012	1	1	2	22	0	4	1	2	0.32	0.3485	0.81	0	3	108	111	412	1	1	2	0	4	1	2	0.316667	0.330162	0.752917	0.091425	74	2931	3005
9769	2/16/2012	1	1	2	23	0	4	1	1	0.32	0.3333	0.81	0.0896	3	70	73	412	1	1	2	0	4	1	2	0.316667	0.330162	0.752917	0.091425	74	2931	3005
9770	2/17/2012	1	1	2	0	0	5	1	2	0.3	0.3333	0.87	0	2	32	34	413	1	1	2	0	5	1	1	0.343333	0.351629	0.634583	0.205846	349	3805	4154
9771	2/17/2012	1	1	2	1	0	5	1	2	0.3	0.3333	0.93	0	2	16	18	413	1	1	2	0	5	1	1	0.343333	0.351629	0.634583	0.205846	349	3805	4154
9772	2/17/2012	1	1	2	2	0	5	1	2	0.3	0.3182	0.93	0.1045	1	11	12	413	1	1	2	0	5	1	1	0.343333	0.351629	0.634583	0.205846	349	3805	4154
9773	2/17/2012	1	1	2	3	0	5	1	2	0.28	0.2879	0.93	0.1045	0	1	1	413	1	1	2	0	5	1	1	0.343333	0.351629	0.634583	0.205846	349	3805	4154
9774	2/17/2012	1	1	2	4	0	5	1	2	0.28	0.2727	0.93	0.194	0	1	1	413	1	1	2	0	5	1	1	0.343333	0.351629	0.634583	0.205846	349	3805	4154
9775	2/17/2012	1	1	2	5	0	5	1	2	0.28	0.2727	0.93	0.1642	0	16	16	413	1	1	2	0	5	1	1	0.343333	0.351629	0.634583	0.205846	349	3805	4154
9776	2/17/2012	1	1	2	6	0	5	1	2	0.28	0.2879	0.96	0.1343	1	70	71	413	1	1	2	0	5	1	1	0.343333	0.351629	0.634583	0.205846	349	3805	4154
9777	2/17/2012	1	1	2	7	0	5	1	2	0.28	0.2879	0.93	0.1045	4	222	226	413	1	1	2	0	5	1	1	0.343333	0.351629	0.634583	0.205846	349	3805	4154
9778	2/17/2012	1	1	2	8	0	5	1	2	0.26	0.303	1	0	4	516	520	413	1	1	2	0	5	1	1	0.343333	0.351629	0.634583	0.205846	349	3805	4154
9779	2/17/2012	1	1	2	9	0	5	1	2	0.26	0.303	1	0	8	275	283	413	1	1	2	0	5	1	1	0.343333	0.351629	0.634583	0.205846	349	3805	4154
9780	2/17/2012	1	1	2	10	0	5	1	1	0.34	0.3182	0.71	0.2836	13	103	116	413	1	1	2	0	5	1	1	0.343333	0.351629	0.634583	0.205846	349	3805	4154
9781	2/17/2012	1	1	2	11	0	5	1	1	0.36	0.3333	0.62	0.4179	9	133	142	413	1	1	2	0	5	1	1	0.343333	0.351629	0.634583	0.205846	349	3805	4154
9782	2/17/2012	1	1	2	12	0	5	1	1	0.38	0.3939	0.46	0.3881	21	177	198	413	1	1	2	0	5	1	1	0.343333	0.351629	0.634583	0.205846	349	3805	4154
9783	2/17/2012	1	1	2	13	0	5	1	1	0.4	0.4091	0.43	0.3582	34	171	205	413	1	1	2	0	5	1	1	0.343333	0.351629	0.634583	0.205846	349	3805	4154
9784	2/17/2012	1	1	2	14	0	5	1	1	0.4	0.4091	0.37	0.3582	33	137	170	413	1	1	2	0	5	1	1	0.343333	0.351629	0.634583	0.205846	349	3805	4154
9785	2/17/2012	1	1	2	15	0	5	1	1	0.42	0.4242	0.35	0.4179	41	180	221	413	1	1	2	0	5	1	1	0.343333	0.351629	0.634583	0.205846	349	3805	4154
9786	2/17/2012	1	1	2	16	0	5	1	1	0.42	0.4242	0.32	0.2985	56	251	307	413	1	1	2	0	5	1	1	0.343333	0.351629	0.634583	0.205846	349	3805	4154
9787	2/17/2012	1	1	2	17	0	5	1	1	0.42	0.4242	0.32	0.3284	36	429	465	413	1	1	2	0	5	1	1	0.343333	0.351629	0.634583	0.205846	349	3805	4154
9788	2/17/2012	1	1	2	18	0	5	1	1	0.4	0.4091	0.35	0.2537	15	362	377	413	1	1	2	0	5	1	1	0.343333	0.351629	0.634583	0.205846	349	3805	4154
9789	2/17/2012	1	1	2	19	0	5	1	1	0.38	0.3939	0.37	0.2239	16	266	282	413	1	1	2	0	5	1	1	0.343333	0.351629	0.634583	0.205846	349	3805	4154
9790	2/17/2012	1	1	2	20	0	5	1	1	0.4	0.4091	0.35	0.194	13	158	171	413	1	1	2	0	5	1	1	0.343333	0.351629	0.634583	0.205846	349	3805	4154
9791	2/17/2012	1	1	2	21	0	5	1	1	0.38	0.3939	0.37	0.194	15	114	129	413	1	1	2	0	5	1	1	0.343333	0.351629	0.634583	0.205846	349	3805	4154
9792	2/17/2012	1	1	2	22	0	5	1	1	0.36	0.3485	0.4	0.2239	15	92	107	413	1	1	2	0	5	1	1	0.343333	0.351629	0.634583	0.205846	349	3805	4154
9793	2/17/2012	1	1	2	23	0	5	1	1	0.36	0.3485	0.4	0.194	10	72	82	413	1	1	2	0	5	1	1	0.343333	0.351629	0.634583	0.205846	349	3805	4154
9794	2/18/2012	1	1	2	0	0	6	0	1	0.34	0.3333	0.42	0.1642	5	81	86	414	1	1	2	0	6	0	1	0.346667	0.355425	0.534583	0.190929	1435	2883	4318
9795	2/18/2012	1	1	2	1	0	6	0	1	0.32	0.3182	0.49	0.1642	7	38	45	414	1	1	2	0	6	0	1	0.346667	0.355425	0.534583	0.190929	1435	2883	4318
9796	2/18/2012	1	1	2	2	0	6	0	1	0.3	0.2879	0.61	0.2537	6	39	45	414	1	1	2	0	6	0	1	0.346667	0.355425	0.534583	0.190929	1435	2883	4318
9797	2/18/2012	1	1	2	3	0	6	0	1	0.28	0.2879	0.65	0.1045	3	15	18	414	1	1	2	0	6	0	1	0.346667	0.355425	0.534583	0.190929	1435	2883	4318
9798	2/18/2012	1	1	2	4	0	6	0	1	0.26	0.303	0.7	0	3	4	7	414	1	1	2	0	6	0	1	0.346667	0.355425	0.534583	0.190929	1435	2883	4318
9799	2/18/2012	1	1	2	5	0	6	0	1	0.24	0.2576	0.7	0.0896	0	1	1	414	1	1	2	0	6	0	1	0.346667	0.355425	0.534583	0.190929	1435	2883	4318
9800	2/18/2012	1	1	2	6	0	6	0	1	0.24	0.2879	0.7	0	1	8	9	414	1	1	2	0	6	0	1	0.346667	0.355425	0.534583	0.190929	1435	2883	4318
9801	2/18/2012	1	1	2	7	0	6	0	1	0.24	0.2879	0.7	0	8	33	41	414	1	1	2	0	6	0	1	0.346667	0.355425	0.534583	0.190929	1435	2883	4318
9802	2/18/2012	1	1	2	8	0	6	0	1	0.22	0.2727	0.87	0	10	92	102	414	1	1	2	0	6	0	1	0.346667	0.355425	0.534583	0.190929	1435	2883	4318
9803	2/18/2012	1	1	2	9	0	6	0	1	0.22	0.2424	0.8	0.1045	22	116	138	414	1	1	2	0	6	0	1	0.346667	0.355425	0.534583	0.190929	1435	2883	4318
9804	2/18/2012	1	1	2	10	0	6	0	1	0.26	0.2727	0.81	0.1045	48	157	205	414	1	1	2	0	6	0	1	0.346667	0.355425	0.534583	0.190929	1435	2883	4318
9805	2/18/2012	1	1	2	11	0	6	0	1	0.32	0.3333	0.57	0.1343	102	184	286	414	1	1	2	0	6	0	1	0.346667	0.355425	0.534583	0.190929	1435	2883	4318
9806	2/18/2012	1	1	2	12	0	6	0	1	0.36	0.3485	0.43	0.194	128	241	369	414	1	1	2	0	6	0	1	0.346667	0.355425	0.534583	0.190929	1435	2883	4318
9807	2/18/2012	1	1	2	13	0	6	0	1	0.4	0.4091	0.43	0.2836	165	219	384	414	1	1	2	0	6	0	1	0.346667	0.355425	0.534583	0.190929	1435	2883	4318
9808	2/18/2012	1	1	2	14	0	6	0	1	0.44	0.4394	0.35	0.3582	183	244	427	414	1	1	2	0	6	0	1	0.346667	0.355425	0.534583	0.190929	1435	2883	4318
9809	2/18/2012	1	1	2	15	0	6	0	1	0.42	0.4242	0.41	0.2537	229	270	499	414	1	1	2	0	6	0	1	0.346667	0.355425	0.534583	0.190929	1435	2883	4318
9810	2/18/2012	1	1	2	16	0	6	0	1	0.44	0.4394	0.44	0.3284	186	218	404	414	1	1	2	0	6	0	1	0.346667	0.355425	0.534583	0.190929	1435	2883	4318
9811	2/18/2012	1	1	2	17	0	6	0	1	0.48	0.4697	0.36	0.2836	142	222	364	414	1	1	2	0	6	0	1	0.346667	0.355425	0.534583	0.190929	1435	2883	4318
9812	2/18/2012	1	1	2	18	0	6	0	1	0.46	0.4545	0.38	0.2985	70	176	246	414	1	1	2	0	6	0	1	0.346667	0.355425	0.534583	0.190929	1435	2883	4318
9813	2/18/2012	1	1	2	19	0	6	0	1	0.44	0.4394	0.44	0.1642	38	150	188	414	1	1	2	0	6	0	1	0.346667	0.355425	0.534583	0.190929	1435	2883	4318
9814	2/18/2012	1	1	2	20	0	6	0	1	0.44	0.4394	0.44	0.1642	25	123	148	414	1	1	2	0	6	0	1	0.346667	0.355425	0.534583	0.190929	1435	2883	4318
9815	2/18/2012	1	1	2	21	0	6	0	1	0.44	0.4394	0.33	0.2985	25	89	114	414	1	1	2	0	6	0	1	0.346667	0.355425	0.534583	0.190929	1435	2883	4318
9816	2/18/2012	1	1	2	22	0	6	0	1	0.4	0.4091	0.4	0.4478	17	101	118	414	1	1	2	0	6	0	1	0.346667	0.355425	0.534583	0.190929	1435	2883	4318
9817	2/18/2012	1	1	2	23	0	6	0	2	0.36	0.3333	0.4	0.3881	12	62	74	414	1	1	2	0	6	0	1	0.346667	0.355425	0.534583	0.190929	1435	2883	4318
9818	2/19/2012	1	1	2	0	0	0	0	2	0.34	0.303	0.39	0.3582	9	65	74	415	1	1	2	0	0	0	2	0.28	0.265788	0.515833	0.253112	618	2071	2689
9819	2/19/2012	1	1	2	1	0	0	0	2	0.32	0.303	0.39	0.2537	10	62	72	415	1	1	2	0	0	0	2	0.28	0.265788	0.515833	0.253112	618	2071	2689
9820	2/19/2012	1	1	2	2	0	0	0	2	0.3	0.2879	0.36	0.2836	3	45	48	415	1	1	2	0	0	0	2	0.28	0.265788	0.515833	0.253112	618	2071	2689
9821	2/19/2012	1	1	2	3	0	0	0	2	0.3	0.2879	0.36	0.2239	3	12	15	415	1	1	2	0	0	0	2	0.28	0.265788	0.515833	0.253112	618	2071	2689
9822	2/19/2012	1	1	2	4	0	0	0	2	0.28	0.2576	0.41	0.3881	0	3	3	415	1	1	2	0	0	0	2	0.28	0.265788	0.515833	0.253112	618	2071	2689
9823	2/19/2012	1	1	2	5	0	0	0	2	0.26	0.2273	0.48	0.2985	1	1	2	415	1	1	2	0	0	0	2	0.28	0.265788	0.515833	0.253112	618	2071	2689
9824	2/19/2012	1	1	2	6	0	0	0	1	0.24	0.2121	0.52	0.3284	0	5	5	415	1	1	2	0	0	0	2	0.28	0.265788	0.515833	0.253112	618	2071	2689
9825	2/19/2012	1	1	2	7	0	0	0	2	0.24	0.2121	0.52	0.2836	2	12	14	415	1	1	2	0	0	0	2	0.28	0.265788	0.515833	0.253112	618	2071	2689
9826	2/19/2012	1	1	2	8	0	0	0	2	0.24	0.2273	0.56	0.194	8	48	56	415	1	1	2	0	0	0	2	0.28	0.265788	0.515833	0.253112	618	2071	2689
9827	2/19/2012	1	1	2	9	0	0	0	2	0.24	0.2273	0.56	0.2537	20	73	93	415	1	1	2	0	0	0	2	0.28	0.265788	0.515833	0.253112	618	2071	2689
9828	2/19/2012	1	1	2	10	0	0	0	2	0.26	0.2424	0.52	0.2537	49	142	191	415	1	1	2	0	0	0	2	0.28	0.265788	0.515833	0.253112	618	2071	2689
9829	2/19/2012	1	1	2	11	0	0	0	2	0.26	0.2273	0.56	0.3284	82	144	226	415	1	1	2	0	0	0	2	0.28	0.265788	0.515833	0.253112	618	2071	2689
9830	2/19/2012	1	1	2	12	0	0	0	2	0.28	0.2727	0.52	0.2537	71	184	255	415	1	1	2	0	0	0	2	0.28	0.265788	0.515833	0.253112	618	2071	2689
9831	2/19/2012	1	1	2	13	0	0	0	1	0.3	0.303	0.49	0.1642	64	197	261	415	1	1	2	0	0	0	2	0.28	0.265788	0.515833	0.253112	618	2071	2689
9832	2/19/2012	1	1	2	14	0	0	0	2	0.32	0.3182	0.45	0.194	48	189	237	415	1	1	2	0	0	0	2	0.28	0.265788	0.515833	0.253112	618	2071	2689
9833	2/19/2012	1	1	2	15	0	0	0	2	0.3	0.2879	0.49	0.194	85	168	253	415	1	1	2	0	0	0	2	0.28	0.265788	0.515833	0.253112	618	2071	2689
9834	2/19/2012	1	1	2	16	0	0	0	2	0.32	0.303	0.45	0.2836	62	150	212	415	1	1	2	0	0	0	2	0.28	0.265788	0.515833	0.253112	618	2071	2689
9835	2/19/2012	1	1	2	17	0	0	0	2	0.3	0.2879	0.49	0.2537	22	135	157	415	1	1	2	0	0	0	2	0.28	0.265788	0.515833	0.253112	618	2071	2689
9836	2/19/2012	1	1	2	18	0	0	0	2	0.3	0.2727	0.49	0.3284	23	144	167	415	1	1	2	0	0	0	2	0.28	0.265788	0.515833	0.253112	618	2071	2689
9837	2/19/2012	1	1	2	19	0	0	0	2	0.3	0.2879	0.52	0.2537	18	101	119	415	1	1	2	0	0	0	2	0.28	0.265788	0.515833	0.253112	618	2071	2689
9838	2/19/2012	1	1	2	20	0	0	0	2	0.3	0.2879	0.52	0.2836	22	81	103	415	1	1	2	0	0	0	2	0.28	0.265788	0.515833	0.253112	618	2071	2689
9839	2/19/2012	1	1	2	21	0	0	0	3	0.26	0.2576	0.65	0.1642	3	33	36	415	1	1	2	0	0	0	2	0.28	0.265788	0.515833	0.253112	618	2071	2689
9840	2/19/2012	1	1	2	22	0	0	0	3	0.24	0.2576	0.75	0.0896	8	47	55	415	1	1	2	0	0	0	2	0.28	0.265788	0.515833	0.253112	618	2071	2689
9841	2/19/2012	1	1	2	23	0	0	0	2	0.22	0.2273	0.93	0.1642	5	30	35	415	1	1	2	0	0	0	2	0.28	0.265788	0.515833	0.253112	618	2071	2689
9842	2/20/2012	1	1	2	0	1	1	0	2	0.24	0.2576	0.87	0.0896	5	36	41	416	1	1	2	1	1	0	1	0.28	0.273391	0.507826	0.229083	502	2627	3129
9843	2/20/2012	1	1	2	1	1	1	0	2	0.24	0.2576	0.87	0.0896	3	12	15	416	1	1	2	1	1	0	1	0.28	0.273391	0.507826	0.229083	502	2627	3129
9844	2/20/2012	1	1	2	2	1	1	0	2	0.24	0.2576	0.87	0.0896	1	19	20	416	1	1	2	1	1	0	1	0.28	0.273391	0.507826	0.229083	502	2627	3129
9845	2/20/2012	1	1	2	3	1	1	0	2	0.24	0.2273	0.81	0.194	0	8	8	416	1	1	2	1	1	0	1	0.28	0.273391	0.507826	0.229083	502	2627	3129
9846	2/20/2012	1	1	2	5	1	1	0	2	0.24	0.2121	0.6	0.3582	0	6	6	416	1	1	2	1	1	0	1	0.28	0.273391	0.507826	0.229083	502	2627	3129
9847	2/20/2012	1	1	2	6	1	1	0	1	0.24	0.197	0.52	0.4179	1	9	10	416	1	1	2	1	1	0	1	0.28	0.273391	0.507826	0.229083	502	2627	3129
9848	2/20/2012	1	1	2	7	1	1	0	2	0.22	0.197	0.55	0.3284	2	42	44	416	1	1	2	1	1	0	1	0.28	0.273391	0.507826	0.229083	502	2627	3129
9849	2/20/2012	1	1	2	8	1	1	0	1	0.2	0.1818	0.59	0.3582	9	111	120	416	1	1	2	1	1	0	1	0.28	0.273391	0.507826	0.229083	502	2627	3129
9850	2/20/2012	1	1	2	9	1	1	0	1	0.2	0.1818	0.59	0.3582	12	98	110	416	1	1	2	1	1	0	1	0.28	0.273391	0.507826	0.229083	502	2627	3129
9851	2/20/2012	1	1	2	10	1	1	0	1	0.22	0.197	0.55	0.4478	30	113	143	416	1	1	2	1	1	0	1	0.28	0.273391	0.507826	0.229083	502	2627	3129
9852	2/20/2012	1	1	2	11	1	1	0	1	0.26	0.2273	0.48	0.3582	45	163	208	416	1	1	2	1	1	0	1	0.28	0.273391	0.507826	0.229083	502	2627	3129
9853	2/20/2012	1	1	2	12	1	1	0	1	0.28	0.2727	0.45	0.2239	65	216	281	416	1	1	2	1	1	0	1	0.28	0.273391	0.507826	0.229083	502	2627	3129
9854	2/20/2012	1	1	2	13	1	1	0	1	0.3	0.2879	0.42	0.2836	66	246	312	416	1	1	2	1	1	0	1	0.28	0.273391	0.507826	0.229083	502	2627	3129
9855	2/20/2012	1	1	2	14	1	1	0	1	0.32	0.3182	0.36	0.194	57	206	263	416	1	1	2	1	1	0	1	0.28	0.273391	0.507826	0.229083	502	2627	3129
9856	2/20/2012	1	1	2	15	1	1	0	1	0.34	0.3182	0.34	0.2239	54	235	289	416	1	1	2	1	1	0	1	0.28	0.273391	0.507826	0.229083	502	2627	3129
9857	2/20/2012	1	1	2	16	1	1	0	1	0.36	0.3788	0.29	0.1045	64	216	280	416	1	1	2	1	1	0	1	0.28	0.273391	0.507826	0.229083	502	2627	3129
9858	2/20/2012	1	1	2	17	1	1	0	1	0.38	0.3939	0.27	0.2537	27	226	253	416	1	1	2	1	1	0	1	0.28	0.273391	0.507826	0.229083	502	2627	3129
9859	2/20/2012	1	1	2	18	1	1	0	1	0.34	0.3182	0.34	0.2239	27	215	242	416	1	1	2	1	1	0	1	0.28	0.273391	0.507826	0.229083	502	2627	3129
9860	2/20/2012	1	1	2	19	1	1	0	1	0.34	0.3182	0.34	0.2239	8	164	172	416	1	1	2	1	1	0	1	0.28	0.273391	0.507826	0.229083	502	2627	3129
9861	2/20/2012	1	1	2	20	1	1	0	1	0.34	0.3333	0.34	0.194	9	117	126	416	1	1	2	1	1	0	1	0.28	0.273391	0.507826	0.229083	502	2627	3129
9862	2/20/2012	1	1	2	21	1	1	0	1	0.3	0.303	0.39	0.1642	8	90	98	416	1	1	2	1	1	0	1	0.28	0.273391	0.507826	0.229083	502	2627	3129
9863	2/20/2012	1	1	2	22	1	1	0	1	0.3	0.3182	0.45	0.0896	9	53	62	416	1	1	2	1	1	0	1	0.28	0.273391	0.507826	0.229083	502	2627	3129
9864	2/20/2012	1	1	2	23	1	1	0	1	0.3	0.3333	0.39	0	0	26	26	416	1	1	2	1	1	0	1	0.28	0.273391	0.507826	0.229083	502	2627	3129
9865	2/21/2012	1	1	2	0	0	2	1	1	0.26	0.303	0.65	0	1	11	12	417	1	1	2	0	2	1	1	0.287826	0.295113	0.594348	0.205717	163	3614	3777
9866	2/21/2012	1	1	2	1	0	2	1	1	0.26	0.303	0.56	0	0	7	7	417	1	1	2	0	2	1	1	0.287826	0.295113	0.594348	0.205717	163	3614	3777
9867	2/21/2012	1	1	2	2	0	2	1	1	0.24	0.2879	0.6	0	0	3	3	417	1	1	2	0	2	1	1	0.287826	0.295113	0.594348	0.205717	163	3614	3777
9868	2/21/2012	1	1	2	4	0	2	1	1	0.22	0.2727	0.64	0	0	2	2	417	1	1	2	0	2	1	1	0.287826	0.295113	0.594348	0.205717	163	3614	3777
9869	2/21/2012	1	1	2	5	0	2	1	1	0.2	0.2576	0.69	0	0	15	15	417	1	1	2	0	2	1	1	0.287826	0.295113	0.594348	0.205717	163	3614	3777
9870	2/21/2012	1	1	2	6	0	2	1	1	0.2	0.2576	0.75	0	3	83	86	417	1	1	2	0	2	1	1	0.287826	0.295113	0.594348	0.205717	163	3614	3777
9871	2/21/2012	1	1	2	7	0	2	1	1	0.22	0.2727	0.64	0	6	273	279	417	1	1	2	0	2	1	1	0.287826	0.295113	0.594348	0.205717	163	3614	3777
9872	2/21/2012	1	1	2	8	0	2	1	1	0.2	0.2273	0.69	0.0896	5	459	464	417	1	1	2	0	2	1	1	0.287826	0.295113	0.594348	0.205717	163	3614	3777
9873	2/21/2012	1	1	2	9	0	2	1	1	0.2	0.2273	0.75	0.1045	6	211	217	417	1	1	2	0	2	1	1	0.287826	0.295113	0.594348	0.205717	163	3614	3777
9874	2/21/2012	1	1	2	10	0	2	1	1	0.24	0.2273	0.7	0.194	8	77	85	417	1	1	2	0	2	1	1	0.287826	0.295113	0.594348	0.205717	163	3614	3777
9875	2/21/2012	1	1	2	11	0	2	1	2	0.26	0.2424	0.7	0.2836	5	81	86	417	1	1	2	0	2	1	1	0.287826	0.295113	0.594348	0.205717	163	3614	3777
9876	2/21/2012	1	1	2	12	0	2	1	2	0.3	0.2727	0.56	0.3881	16	147	163	417	1	1	2	0	2	1	1	0.287826	0.295113	0.594348	0.205717	163	3614	3777
9877	2/21/2012	1	1	2	13	0	2	1	1	0.34	0.303	0.49	0.4179	8	123	131	417	1	1	2	0	2	1	1	0.287826	0.295113	0.594348	0.205717	163	3614	3777
9878	2/21/2012	1	1	2	14	0	2	1	2	0.32	0.2879	0.53	0.3881	16	108	124	417	1	1	2	0	2	1	1	0.287826	0.295113	0.594348	0.205717	163	3614	3777
9879	2/21/2012	1	1	2	15	0	2	1	1	0.34	0.303	0.49	0.4179	23	137	160	417	1	1	2	0	2	1	1	0.287826	0.295113	0.594348	0.205717	163	3614	3777
9880	2/21/2012	1	1	2	16	0	2	1	1	0.36	0.3333	0.46	0.4179	14	240	254	417	1	1	2	0	2	1	1	0.287826	0.295113	0.594348	0.205717	163	3614	3777
9881	2/21/2012	1	1	2	17	0	2	1	1	0.38	0.3939	0.4	0.4478	21	411	432	417	1	1	2	0	2	1	1	0.287826	0.295113	0.594348	0.205717	163	3614	3777
9882	2/21/2012	1	1	2	18	0	2	1	1	0.38	0.3939	0.4	0.4478	11	414	425	417	1	1	2	0	2	1	1	0.287826	0.295113	0.594348	0.205717	163	3614	3777
9883	2/21/2012	1	1	2	19	0	2	1	1	0.36	0.3333	0.46	0.2985	5	299	304	417	1	1	2	0	2	1	1	0.287826	0.295113	0.594348	0.205717	163	3614	3777
9884	2/21/2012	1	1	2	20	0	2	1	1	0.34	0.3182	0.53	0.2537	4	223	227	417	1	1	2	0	2	1	1	0.287826	0.295113	0.594348	0.205717	163	3614	3777
9885	2/21/2012	1	1	2	21	0	2	1	1	0.34	0.3333	0.61	0.1642	7	147	154	417	1	1	2	0	2	1	1	0.287826	0.295113	0.594348	0.205717	163	3614	3777
9886	2/21/2012	1	1	2	22	0	2	1	2	0.34	0.3333	0.71	0.194	3	97	100	417	1	1	2	0	2	1	1	0.287826	0.295113	0.594348	0.205717	163	3614	3777
9887	2/21/2012	1	1	2	23	0	2	1	1	0.32	0.303	0.66	0.2239	1	46	47	417	1	1	2	0	2	1	1	0.287826	0.295113	0.594348	0.205717	163	3614	3777
9888	2/22/2012	1	1	2	0	0	3	1	1	0.32	0.303	0.66	0.2239	5	19	24	418	1	1	2	0	3	1	1	0.395833	0.392667	0.567917	0.234471	394	4379	4773
9889	2/22/2012	1	1	2	1	0	3	1	1	0.32	0.3333	0.7	0.1343	3	4	7	418	1	1	2	0	3	1	1	0.395833	0.392667	0.567917	0.234471	394	4379	4773
9890	2/22/2012	1	1	2	2	0	3	1	1	0.34	0.3182	0.66	0.2836	1	5	6	418	1	1	2	0	3	1	1	0.395833	0.392667	0.567917	0.234471	394	4379	4773
9891	2/22/2012	1	1	2	3	0	3	1	2	0.34	0.3182	0.71	0.2239	1	3	4	418	1	1	2	0	3	1	1	0.395833	0.392667	0.567917	0.234471	394	4379	4773
9892	2/22/2012	1	1	2	4	0	3	1	1	0.34	0.3333	0.71	0.1642	0	2	2	418	1	1	2	0	3	1	1	0.395833	0.392667	0.567917	0.234471	394	4379	4773
9893	2/22/2012	1	1	2	5	0	3	1	1	0.32	0.3333	0.7	0.1045	1	29	30	418	1	1	2	0	3	1	1	0.395833	0.392667	0.567917	0.234471	394	4379	4773
9894	2/22/2012	1	1	2	6	0	3	1	1	0.32	0.3182	0.76	0.1642	5	85	90	418	1	1	2	0	3	1	1	0.395833	0.392667	0.567917	0.234471	394	4379	4773
9895	2/22/2012	1	1	2	7	0	3	1	1	0.32	0.3333	0.76	0.0896	10	292	302	418	1	1	2	0	3	1	1	0.395833	0.392667	0.567917	0.234471	394	4379	4773
9896	2/22/2012	1	1	2	8	0	3	1	1	0.3	0.3182	0.75	0.0896	9	567	576	418	1	1	2	0	3	1	1	0.395833	0.392667	0.567917	0.234471	394	4379	4773
9897	2/22/2012	1	1	2	9	0	3	1	1	0.32	0.3333	0.7	0.0896	11	241	252	418	1	1	2	0	3	1	1	0.395833	0.392667	0.567917	0.234471	394	4379	4773
9898	2/22/2012	1	1	2	10	0	3	1	1	0.34	0.3485	0.71	0.0896	17	122	139	418	1	1	2	0	3	1	1	0.395833	0.392667	0.567917	0.234471	394	4379	4773
9899	2/22/2012	1	1	2	11	0	3	1	1	0.36	0.3485	0.66	0.1642	22	149	171	418	1	1	2	0	3	1	1	0.395833	0.392667	0.567917	0.234471	394	4379	4773
9900	2/22/2012	1	1	2	12	0	3	1	1	0.4	0.4091	0.62	0.2836	21	186	207	418	1	1	2	0	3	1	1	0.395833	0.392667	0.567917	0.234471	394	4379	4773
9901	2/22/2012	1	1	2	13	0	3	1	1	0.42	0.4242	0.54	0.2985	15	175	190	418	1	1	2	0	3	1	1	0.395833	0.392667	0.567917	0.234471	394	4379	4773
9902	2/22/2012	1	1	2	14	0	3	1	1	0.44	0.4394	0.54	0.3284	35	142	177	418	1	1	2	0	3	1	1	0.395833	0.392667	0.567917	0.234471	394	4379	4773
9903	2/22/2012	1	1	2	15	0	3	1	1	0.5	0.4848	0.31	0.4179	34	161	195	418	1	1	2	0	3	1	1	0.395833	0.392667	0.567917	0.234471	394	4379	4773
9904	2/22/2012	1	1	2	16	0	3	1	1	0.52	0.5	0.29	0.4627	30	268	298	418	1	1	2	0	3	1	1	0.395833	0.392667	0.567917	0.234471	394	4379	4773
9905	2/22/2012	1	1	2	17	0	3	1	1	0.52	0.5	0.32	0.3881	43	486	529	418	1	1	2	0	3	1	1	0.395833	0.392667	0.567917	0.234471	394	4379	4773
9906	2/22/2012	1	1	2	18	0	3	1	2	0.48	0.4697	0.41	0.3284	42	483	525	418	1	1	2	0	3	1	1	0.395833	0.392667	0.567917	0.234471	394	4379	4773
9907	2/22/2012	1	1	2	19	0	3	1	2	0.46	0.4545	0.44	0.2836	22	305	327	418	1	1	2	0	3	1	1	0.395833	0.392667	0.567917	0.234471	394	4379	4773
9908	2/22/2012	1	1	2	20	0	3	1	2	0.44	0.4394	0.47	0.194	25	249	274	418	1	1	2	0	3	1	1	0.395833	0.392667	0.567917	0.234471	394	4379	4773
9909	2/22/2012	1	1	2	21	0	3	1	2	0.48	0.4697	0.33	0.2836	19	220	239	418	1	1	2	0	3	1	1	0.395833	0.392667	0.567917	0.234471	394	4379	4773
9910	2/22/2012	1	1	2	22	0	3	1	2	0.44	0.4394	0.47	0.2537	18	129	147	418	1	1	2	0	3	1	1	0.395833	0.392667	0.567917	0.234471	394	4379	4773
9911	2/22/2012	1	1	2	23	0	3	1	2	0.46	0.4545	0.41	0.2836	5	57	62	418	1	1	2	0	3	1	1	0.395833	0.392667	0.567917	0.234471	394	4379	4773
9912	2/23/2012	1	1	2	0	0	4	1	2	0.44	0.4394	0.47	0.2537	12	30	42	419	1	1	2	0	4	1	1	0.454167	0.444446	0.554583	0.190913	516	4546	5062
9913	2/23/2012	1	1	2	1	0	4	1	2	0.44	0.4394	0.58	0.2836	3	12	15	419	1	1	2	0	4	1	1	0.454167	0.444446	0.554583	0.190913	516	4546	5062
9914	2/23/2012	1	1	2	2	0	4	1	2	0.44	0.4394	0.62	0.2239	5	4	9	419	1	1	2	0	4	1	1	0.454167	0.444446	0.554583	0.190913	516	4546	5062
9915	2/23/2012	1	1	2	3	0	4	1	3	0.44	0.4394	0.67	0.194	2	4	6	419	1	1	2	0	4	1	1	0.454167	0.444446	0.554583	0.190913	516	4546	5062
9916	2/23/2012	1	1	2	4	0	4	1	1	0.4	0.4091	0.76	0.2239	0	1	1	419	1	1	2	0	4	1	1	0.454167	0.444446	0.554583	0.190913	516	4546	5062
9917	2/23/2012	1	1	2	5	0	4	1	1	0.4	0.4091	0.76	0.2239	2	30	32	419	1	1	2	0	4	1	1	0.454167	0.444446	0.554583	0.190913	516	4546	5062
9918	2/23/2012	1	1	2	6	0	4	1	1	0.36	0.3485	0.87	0.194	3	88	91	419	1	1	2	0	4	1	1	0.454167	0.444446	0.554583	0.190913	516	4546	5062
9919	2/23/2012	1	1	2	7	0	4	1	1	0.36	0.3485	0.81	0.2239	9	317	326	419	1	1	2	0	4	1	1	0.454167	0.444446	0.554583	0.190913	516	4546	5062
9920	2/23/2012	1	1	2	8	0	4	1	1	0.34	0.3333	0.87	0.194	11	549	560	419	1	1	2	0	4	1	1	0.454167	0.444446	0.554583	0.190913	516	4546	5062
9921	2/23/2012	1	1	2	9	0	4	1	1	0.36	0.3333	0.81	0.2537	14	228	242	419	1	1	2	0	4	1	1	0.454167	0.444446	0.554583	0.190913	516	4546	5062
9922	2/23/2012	1	1	2	10	0	4	1	1	0.42	0.4242	0.67	0.194	41	107	148	419	1	1	2	0	4	1	1	0.454167	0.444446	0.554583	0.190913	516	4546	5062
9923	2/23/2012	1	1	2	11	0	4	1	1	0.48	0.4697	0.48	0.2836	54	128	182	419	1	1	2	0	4	1	1	0.454167	0.444446	0.554583	0.190913	516	4546	5062
9924	2/23/2012	1	1	2	12	0	4	1	1	0.5	0.4848	0.42	0.2537	25	199	224	419	1	1	2	0	4	1	1	0.454167	0.444446	0.554583	0.190913	516	4546	5062
9925	2/23/2012	1	1	2	13	0	4	1	1	0.52	0.5	0.39	0.194	30	188	218	419	1	1	2	0	4	1	1	0.454167	0.444446	0.554583	0.190913	516	4546	5062
9926	2/23/2012	1	1	2	14	0	4	1	1	0.54	0.5152	0.37	0.2537	36	156	192	419	1	1	2	0	4	1	1	0.454167	0.444446	0.554583	0.190913	516	4546	5062
9927	2/23/2012	1	1	2	15	0	4	1	1	0.54	0.5152	0.33	0.1343	46	171	217	419	1	1	2	0	4	1	1	0.454167	0.444446	0.554583	0.190913	516	4546	5062
9928	2/23/2012	1	1	2	16	0	4	1	1	0.56	0.5303	0.32	0	45	298	343	419	1	1	2	0	4	1	1	0.454167	0.444446	0.554583	0.190913	516	4546	5062
9929	2/23/2012	1	1	2	17	0	4	1	1	0.54	0.5152	0.32	0.1642	49	561	610	419	1	1	2	0	4	1	1	0.454167	0.444446	0.554583	0.190913	516	4546	5062
9930	2/23/2012	1	1	2	18	0	4	1	1	0.54	0.5152	0.37	0.1343	36	486	522	419	1	1	2	0	4	1	1	0.454167	0.444446	0.554583	0.190913	516	4546	5062
9931	2/23/2012	1	1	2	19	0	4	1	1	0.5	0.4848	0.39	0.0896	20	349	369	419	1	1	2	0	4	1	1	0.454167	0.444446	0.554583	0.190913	516	4546	5062
9932	2/23/2012	1	1	2	20	0	4	1	1	0.46	0.4545	0.44	0.1343	23	246	269	419	1	1	2	0	4	1	1	0.454167	0.444446	0.554583	0.190913	516	4546	5062
9933	2/23/2012	1	1	2	21	0	4	1	1	0.44	0.4394	0.51	0.2239	17	205	222	419	1	1	2	0	4	1	1	0.454167	0.444446	0.554583	0.190913	516	4546	5062
9934	2/23/2012	1	1	2	22	0	4	1	1	0.44	0.4394	0.54	0.2537	19	118	137	419	1	1	2	0	4	1	1	0.454167	0.444446	0.554583	0.190913	516	4546	5062
9935	2/23/2012	1	1	2	23	0	4	1	1	0.44	0.4394	0.54	0	14	71	85	419	1	1	2	0	4	1	1	0.454167	0.444446	0.554583	0.190913	516	4546	5062
9936	2/24/2012	1	1	2	0	0	5	1	2	0.44	0.4394	0.58	0.0896	12	34	46	420	1	1	2	0	5	1	2	0.4075	0.410971	0.7375	0.237567	246	3241	3487
9937	2/24/2012	1	1	2	1	0	5	1	1	0.44	0.4394	0.62	0.194	3	15	18	420	1	1	2	0	5	1	2	0.4075	0.410971	0.7375	0.237567	246	3241	3487
9938	2/24/2012	1	1	2	2	0	5	1	3	0.42	0.4242	0.77	0.2836	1	4	5	420	1	1	2	0	5	1	2	0.4075	0.410971	0.7375	0.237567	246	3241	3487
9939	2/24/2012	1	1	2	3	0	5	1	1	0.42	0.4242	0.82	0.1343	0	5	5	420	1	1	2	0	5	1	2	0.4075	0.410971	0.7375	0.237567	246	3241	3487
9940	2/24/2012	1	1	2	4	0	5	1	1	0.4	0.4091	0.87	0.1343	0	2	2	420	1	1	2	0	5	1	2	0.4075	0.410971	0.7375	0.237567	246	3241	3487
9941	2/24/2012	1	1	2	5	0	5	1	2	0.4	0.4091	0.87	0.194	1	25	26	420	1	1	2	0	5	1	2	0.4075	0.410971	0.7375	0.237567	246	3241	3487
9942	2/24/2012	1	1	2	6	0	5	1	2	0.4	0.4091	0.87	0.1642	2	80	82	420	1	1	2	0	5	1	2	0.4075	0.410971	0.7375	0.237567	246	3241	3487
9943	2/24/2012	1	1	2	7	0	5	1	2	0.4	0.4091	0.76	0.2239	7	265	272	420	1	1	2	0	5	1	2	0.4075	0.410971	0.7375	0.237567	246	3241	3487
9944	2/24/2012	1	1	2	8	0	5	1	2	0.38	0.3939	0.76	0.3284	17	452	469	420	1	1	2	0	5	1	2	0.4075	0.410971	0.7375	0.237567	246	3241	3487
9945	2/24/2012	1	1	2	9	0	5	1	3	0.36	0.3333	0.81	0.2537	15	229	244	420	1	1	2	0	5	1	2	0.4075	0.410971	0.7375	0.237567	246	3241	3487
9946	2/24/2012	1	1	2	10	0	5	1	3	0.36	0.3485	0.81	0.1642	22	119	141	420	1	1	2	0	5	1	2	0.4075	0.410971	0.7375	0.237567	246	3241	3487
9947	2/24/2012	1	1	2	11	0	5	1	2	0.36	0.3636	0.81	0.1045	27	136	163	420	1	1	2	0	5	1	2	0.4075	0.410971	0.7375	0.237567	246	3241	3487
9948	2/24/2012	1	1	2	12	0	5	1	2	0.4	0.4091	0.76	0.1343	27	201	228	420	1	1	2	0	5	1	2	0.4075	0.410971	0.7375	0.237567	246	3241	3487
9949	2/24/2012	1	1	2	13	0	5	1	2	0.42	0.4242	0.71	0.1045	30	153	183	420	1	1	2	0	5	1	2	0.4075	0.410971	0.7375	0.237567	246	3241	3487
9950	2/24/2012	1	1	2	14	0	5	1	2	0.46	0.4545	0.67	0.1045	5	26	31	420	1	1	2	0	5	1	2	0.4075	0.410971	0.7375	0.237567	246	3241	3487
9951	2/24/2012	1	1	2	15	0	5	1	3	0.4	0.4091	0.87	0.194	11	83	94	420	1	1	2	0	5	1	2	0.4075	0.410971	0.7375	0.237567	246	3241	3487
9952	2/24/2012	1	1	2	16	0	5	1	3	0.4	0.4091	0.87	0.194	12	166	178	420	1	1	2	0	5	1	2	0.4075	0.410971	0.7375	0.237567	246	3241	3487
9953	2/24/2012	1	1	2	17	0	5	1	3	0.42	0.4242	0.94	0.1045	14	242	256	420	1	1	2	0	5	1	2	0.4075	0.410971	0.7375	0.237567	246	3241	3487
9954	2/24/2012	1	1	2	18	0	5	1	2	0.42	0.4242	0.94	0	11	289	300	420	1	1	2	0	5	1	2	0.4075	0.410971	0.7375	0.237567	246	3241	3487
9955	2/24/2012	1	1	2	19	0	5	1	2	0.44	0.4394	0.88	0.1045	6	227	233	420	1	1	2	0	5	1	2	0.4075	0.410971	0.7375	0.237567	246	3241	3487
9956	2/24/2012	1	1	2	20	0	5	1	1	0.44	0.4394	0.62	0.4179	8	159	167	420	1	1	2	0	5	1	2	0.4075	0.410971	0.7375	0.237567	246	3241	3487
9957	2/24/2012	1	1	2	21	0	5	1	1	0.42	0.4242	0.35	0.806	1	151	152	420	1	1	2	0	5	1	2	0.4075	0.410971	0.7375	0.237567	246	3241	3487
9958	2/24/2012	1	1	2	22	0	5	1	1	0.4	0.4091	0.37	0.5821	4	102	106	420	1	1	2	0	5	1	2	0.4075	0.410971	0.7375	0.237567	246	3241	3487
9959	2/24/2012	1	1	2	23	0	5	1	1	0.38	0.3939	0.37	0.6866	10	76	86	420	1	1	2	0	5	1	2	0.4075	0.410971	0.7375	0.237567	246	3241	3487
9960	2/25/2012	1	1	2	0	0	6	0	1	0.36	0.3333	0.43	0.3881	5	56	61	421	1	1	2	0	6	0	1	0.290833	0.255675	0.395833	0.421642	317	2415	2732
9961	2/25/2012	1	1	2	1	0	6	0	1	0.34	0.303	0.42	0.3582	4	42	46	421	1	1	2	0	6	0	1	0.290833	0.255675	0.395833	0.421642	317	2415	2732
9962	2/25/2012	1	1	2	2	0	6	0	1	0.32	0.303	0.45	0.2537	1	37	38	421	1	1	2	0	6	0	1	0.290833	0.255675	0.395833	0.421642	317	2415	2732
9963	2/25/2012	1	1	2	3	0	6	0	1	0.3	0.2727	0.45	0.2985	0	7	7	421	1	1	2	0	6	0	1	0.290833	0.255675	0.395833	0.421642	317	2415	2732
9964	2/25/2012	1	1	2	4	0	6	0	1	0.3	0.2727	0.42	0.3284	0	2	2	421	1	1	2	0	6	0	1	0.290833	0.255675	0.395833	0.421642	317	2415	2732
9965	2/25/2012	1	1	2	5	0	6	0	2	0.3	0.2727	0.42	0.2985	0	3	3	421	1	1	2	0	6	0	1	0.290833	0.255675	0.395833	0.421642	317	2415	2732
9966	2/25/2012	1	1	2	6	0	6	0	2	0.3	0.2727	0.42	0.2985	1	12	13	421	1	1	2	0	6	0	1	0.290833	0.255675	0.395833	0.421642	317	2415	2732
9967	2/25/2012	1	1	2	7	0	6	0	1	0.28	0.2424	0.45	0.4478	3	20	23	421	1	1	2	0	6	0	1	0.290833	0.255675	0.395833	0.421642	317	2415	2732
9968	2/25/2012	1	1	2	8	0	6	0	1	0.26	0.2273	0.48	0.2985	3	90	93	421	1	1	2	0	6	0	1	0.290833	0.255675	0.395833	0.421642	317	2415	2732
9969	2/25/2012	1	1	2	9	0	6	0	3	0.22	0.197	0.75	0.3284	15	107	122	421	1	1	2	0	6	0	1	0.290833	0.255675	0.395833	0.421642	317	2415	2732
9970	2/25/2012	1	1	2	10	0	6	0	1	0.26	0.2273	0.6	0.3582	24	159	183	421	1	1	2	0	6	0	1	0.290833	0.255675	0.395833	0.421642	317	2415	2732
9971	2/25/2012	1	1	2	11	0	6	0	1	0.3	0.2576	0.39	0.6119	23	187	210	421	1	1	2	0	6	0	1	0.290833	0.255675	0.395833	0.421642	317	2415	2732
9972	2/25/2012	1	1	2	12	0	6	0	1	0.32	0.2727	0.29	0.6567	41	217	258	421	1	1	2	0	6	0	1	0.290833	0.255675	0.395833	0.421642	317	2415	2732
9973	2/25/2012	1	1	2	13	0	6	0	1	0.32	0.2879	0.31	0.4925	48	178	226	421	1	1	2	0	6	0	1	0.290833	0.255675	0.395833	0.421642	317	2415	2732
9974	2/25/2012	1	1	2	14	0	6	0	1	0.32	0.2727	0.29	0.5522	35	181	216	421	1	1	2	0	6	0	1	0.290833	0.255675	0.395833	0.421642	317	2415	2732
9975	2/25/2012	1	1	2	15	0	6	0	1	0.32	0.2879	0.29	0.4179	21	211	232	421	1	1	2	0	6	0	1	0.290833	0.255675	0.395833	0.421642	317	2415	2732
9976	2/25/2012	1	1	2	16	0	6	0	1	0.32	0.2727	0.26	0.5821	32	163	195	421	1	1	2	0	6	0	1	0.290833	0.255675	0.395833	0.421642	317	2415	2732
9977	2/25/2012	1	1	2	17	0	6	0	1	0.3	0.2727	0.33	0.3582	16	143	159	421	1	1	2	0	6	0	1	0.290833	0.255675	0.395833	0.421642	317	2415	2732
9978	2/25/2012	1	1	2	18	0	6	0	1	0.3	0.2576	0.28	0.5821	7	126	133	421	1	1	2	0	6	0	1	0.290833	0.255675	0.395833	0.421642	317	2415	2732
9979	2/25/2012	1	1	2	19	0	6	0	1	0.26	0.2121	0.33	0.4478	12	137	149	421	1	1	2	0	6	0	1	0.290833	0.255675	0.395833	0.421642	317	2415	2732
9980	2/25/2012	1	1	2	20	0	6	0	1	0.26	0.2121	0.3	0.5522	10	95	105	421	1	1	2	0	6	0	1	0.290833	0.255675	0.395833	0.421642	317	2415	2732
9981	2/25/2012	1	1	2	21	0	6	0	1	0.24	0.2121	0.35	0.3284	5	80	85	421	1	1	2	0	6	0	1	0.290833	0.255675	0.395833	0.421642	317	2415	2732
9982	2/25/2012	1	1	2	22	0	6	0	1	0.24	0.197	0.38	0.4627	4	78	82	421	1	1	2	0	6	0	1	0.290833	0.255675	0.395833	0.421642	317	2415	2732
9983	2/25/2012	1	1	2	23	0	6	0	1	0.24	0.197	0.41	0.4179	7	84	91	421	1	1	2	0	6	0	1	0.290833	0.255675	0.395833	0.421642	317	2415	2732
9984	2/26/2012	1	1	2	0	0	0	0	1	0.24	0.2121	0.41	0.3582	7	63	70	422	1	1	2	0	0	0	1	0.279167	0.268308	0.41	0.205229	515	2874	3389
9985	2/26/2012	1	1	2	1	0	0	0	1	0.24	0.2121	0.44	0.3284	5	50	55	422	1	1	2	0	0	0	1	0.279167	0.268308	0.41	0.205229	515	2874	3389
9986	2/26/2012	1	1	2	2	0	0	0	1	0.24	0.2121	0.44	0.3284	5	37	42	422	1	1	2	0	0	0	1	0.279167	0.268308	0.41	0.205229	515	2874	3389
9987	2/26/2012	1	1	2	3	0	0	0	1	0.24	0.2273	0.41	0.194	0	21	21	422	1	1	2	0	0	0	1	0.279167	0.268308	0.41	0.205229	515	2874	3389
9988	2/26/2012	1	1	2	4	0	0	0	1	0.24	0.2273	0.41	0.194	1	5	6	422	1	1	2	0	0	0	1	0.279167	0.268308	0.41	0.205229	515	2874	3389
9989	2/26/2012	1	1	2	5	0	0	0	1	0.22	0.2121	0.44	0.2239	0	5	5	422	1	1	2	0	0	0	1	0.279167	0.268308	0.41	0.205229	515	2874	3389
9990	2/26/2012	1	1	2	6	0	0	0	1	0.22	0.197	0.44	0.3284	0	2	2	422	1	1	2	0	0	0	1	0.279167	0.268308	0.41	0.205229	515	2874	3389
9991	2/26/2012	1	1	2	7	0	0	0	1	0.2	0.1818	0.51	0.2985	2	20	22	422	1	1	2	0	0	0	1	0.279167	0.268308	0.41	0.205229	515	2874	3389
9992	2/26/2012	1	1	2	8	0	0	0	1	0.2	0.197	0.51	0.2537	2	57	59	422	1	1	2	0	0	0	1	0.279167	0.268308	0.41	0.205229	515	2874	3389
9993	2/26/2012	1	1	2	9	0	0	0	1	0.22	0.2121	0.47	0.2239	11	76	87	422	1	1	2	0	0	0	1	0.279167	0.268308	0.41	0.205229	515	2874	3389
9994	2/26/2012	1	1	2	10	0	0	0	1	0.26	0.2576	0.41	0.1642	27	161	188	422	1	1	2	0	0	0	1	0.279167	0.268308	0.41	0.205229	515	2874	3389
9995	2/26/2012	1	1	2	11	0	0	0	1	0.28	0.2576	0.41	0.2836	43	184	227	422	1	1	2	0	0	0	1	0.279167	0.268308	0.41	0.205229	515	2874	3389
9996	2/26/2012	1	1	2	12	0	0	0	1	0.3	0.303	0.39	0.1343	49	256	305	422	1	1	2	0	0	0	1	0.279167	0.268308	0.41	0.205229	515	2874	3389
9997	2/26/2012	1	1	2	13	0	0	0	1	0.32	0.3333	0.36	0	58	267	325	422	1	1	2	0	0	0	1	0.279167	0.268308	0.41	0.205229	515	2874	3389
9998	2/26/2012	1	1	2	14	0	0	0	1	0.34	0.3485	0.31	0	68	263	331	422	1	1	2	0	0	0	1	0.279167	0.268308	0.41	0.205229	515	2874	3389
9999	2/26/2012	1	1	2	15	0	0	0	1	0.36	0.3485	0.29	0	72	281	353	422	1	1	2	0	0	0	1	0.279167	0.268308	0.41	0.205229	515	2874	3389
10000	2/26/2012	1	1	2	16	0	0	0	1	0.36	0.3333	0.32	0.2537	64	275	339	422	1	1	2	0	0	0	1	0.279167	0.268308	0.41	0.205229	515	2874	3389
10001	2/26/2012	1	1	2	17	0	0	0	1	0.36	0.3485	0.32	0.2239	46	241	287	422	1	1	2	0	0	0	1	0.279167	0.268308	0.41	0.205229	515	2874	3389
10002	2/26/2012	1	1	2	18	0	0	0	1	0.34	0.3182	0.36	0.2836	17	199	216	422	1	1	2	0	0	0	1	0.279167	0.268308	0.41	0.205229	515	2874	3389
10003	2/26/2012	1	1	2	19	0	0	0	1	0.34	0.3333	0.34	0.1642	13	130	143	422	1	1	2	0	0	0	1	0.279167	0.268308	0.41	0.205229	515	2874	3389
10004	2/26/2012	1	1	2	20	0	0	0	1	0.32	0.3182	0.42	0.1642	9	79	88	422	1	1	2	0	0	0	1	0.279167	0.268308	0.41	0.205229	515	2874	3389
10005	2/26/2012	1	1	2	21	0	0	0	1	0.3	0.303	0.45	0.1343	8	75	83	422	1	1	2	0	0	0	1	0.279167	0.268308	0.41	0.205229	515	2874	3389
10006	2/26/2012	1	1	2	22	0	0	0	1	0.3	0.2879	0.42	0.2239	3	68	71	422	1	1	2	0	0	0	1	0.279167	0.268308	0.41	0.205229	515	2874	3389
10007	2/26/2012	1	1	2	23	0	0	0	1	0.26	0.2576	0.56	0.1642	5	59	64	422	1	1	2	0	0	0	1	0.279167	0.268308	0.41	0.205229	515	2874	3389
10008	2/27/2012	1	1	2	0	0	1	1	1	0.26	0.2424	0.6	0.2537	2	27	29	423	1	1	2	0	1	1	1	0.366667	0.357954	0.490833	0.268033	253	4069	4322
10009	2/27/2012	1	1	2	1	0	1	1	1	0.26	0.2576	0.65	0.2239	0	6	6	423	1	1	2	0	1	1	1	0.366667	0.357954	0.490833	0.268033	253	4069	4322
10010	2/27/2012	1	1	2	2	0	1	1	1	0.26	0.2273	0.7	0.2985	0	4	4	423	1	1	2	0	1	1	1	0.366667	0.357954	0.490833	0.268033	253	4069	4322
10011	2/27/2012	1	1	2	3	0	1	1	1	0.24	0.2424	0.75	0.1642	0	2	2	423	1	1	2	0	1	1	1	0.366667	0.357954	0.490833	0.268033	253	4069	4322
10012	2/27/2012	1	1	2	4	0	1	1	1	0.22	0.2273	0.8	0.1343	0	1	1	423	1	1	2	0	1	1	1	0.366667	0.357954	0.490833	0.268033	253	4069	4322
10013	2/27/2012	1	1	2	5	0	1	1	1	0.22	0.2273	0.8	0.1343	0	16	16	423	1	1	2	0	1	1	1	0.366667	0.357954	0.490833	0.268033	253	4069	4322
10014	2/27/2012	1	1	2	6	0	1	1	1	0.24	0.2273	0.7	0.2537	1	89	90	423	1	1	2	0	1	1	1	0.366667	0.357954	0.490833	0.268033	253	4069	4322
10015	2/27/2012	1	1	2	7	0	1	1	1	0.24	0.2273	0.6	0.2239	2	278	280	423	1	1	2	0	1	1	1	0.366667	0.357954	0.490833	0.268033	253	4069	4322
10016	2/27/2012	1	1	2	8	0	1	1	1	0.24	0.2424	0.6	0	14	514	528	423	1	1	2	0	1	1	1	0.366667	0.357954	0.490833	0.268033	253	4069	4322
10017	2/27/2012	1	1	2	9	0	1	1	1	0.26	0.2576	0.6	0.194	11	219	230	423	1	1	2	0	1	1	1	0.366667	0.357954	0.490833	0.268033	253	4069	4322
10018	2/27/2012	1	1	2	10	0	1	1	1	0.32	0.303	0.45	0.2537	16	88	104	423	1	1	2	0	1	1	1	0.366667	0.357954	0.490833	0.268033	253	4069	4322
10019	2/27/2012	1	1	2	11	0	1	1	1	0.36	0.3333	0.43	0.2537	11	92	103	423	1	1	2	0	1	1	1	0.366667	0.357954	0.490833	0.268033	253	4069	4322
10020	2/27/2012	1	1	2	12	0	1	1	1	0.4	0.4091	0.37	0.2985	13	164	177	423	1	1	2	0	1	1	1	0.366667	0.357954	0.490833	0.268033	253	4069	4322
10021	2/27/2012	1	1	2	13	0	1	1	1	0.4	0.4091	0.43	0.2836	23	159	182	423	1	1	2	0	1	1	1	0.366667	0.357954	0.490833	0.268033	253	4069	4322
10022	2/27/2012	1	1	2	14	0	1	1	1	0.46	0.4545	0.36	0.2836	24	134	158	423	1	1	2	0	1	1	1	0.366667	0.357954	0.490833	0.268033	253	4069	4322
10023	2/27/2012	1	1	2	15	0	1	1	1	0.52	0.5	0.25	0.4179	24	150	174	423	1	1	2	0	1	1	1	0.366667	0.357954	0.490833	0.268033	253	4069	4322
10024	2/27/2012	1	1	2	16	0	1	1	1	0.54	0.5152	0.26	0.4478	20	266	286	423	1	1	2	0	1	1	1	0.366667	0.357954	0.490833	0.268033	253	4069	4322
10025	2/27/2012	1	1	2	17	0	1	1	1	0.54	0.5152	0.24	0.4478	26	503	529	423	1	1	2	0	1	1	1	0.366667	0.357954	0.490833	0.268033	253	4069	4322
10026	2/27/2012	1	1	2	18	0	1	1	1	0.52	0.5	0.27	0.4179	10	517	527	423	1	1	2	0	1	1	1	0.366667	0.357954	0.490833	0.268033	253	4069	4322
10027	2/27/2012	1	1	2	19	0	1	1	1	0.5	0.4848	0.29	0.3881	16	318	334	423	1	1	2	0	1	1	1	0.366667	0.357954	0.490833	0.268033	253	4069	4322
10028	2/27/2012	1	1	2	20	0	1	1	1	0.48	0.4697	0.33	0.3582	11	208	219	423	1	1	2	0	1	1	1	0.366667	0.357954	0.490833	0.268033	253	4069	4322
10029	2/27/2012	1	1	2	21	0	1	1	1	0.46	0.4545	0.36	0.2836	14	181	195	423	1	1	2	0	1	1	1	0.366667	0.357954	0.490833	0.268033	253	4069	4322
10030	2/27/2012	1	1	2	22	0	1	1	1	0.44	0.4394	0.44	0.2537	9	83	92	423	1	1	2	0	1	1	1	0.366667	0.357954	0.490833	0.268033	253	4069	4322
10031	2/27/2012	1	1	2	23	0	1	1	1	0.42	0.4242	0.5	0.1642	6	50	56	423	1	1	2	0	1	1	1	0.366667	0.357954	0.490833	0.268033	253	4069	4322
10032	2/28/2012	1	1	2	0	0	2	1	1	0.42	0.4242	0.54	0.1343	0	10	10	424	1	1	2	0	2	1	1	0.359167	0.353525	0.395833	0.193417	229	4134	4363
10033	2/28/2012	1	1	2	1	0	2	1	1	0.38	0.3939	0.62	0.1642	0	6	6	424	1	1	2	0	2	1	1	0.359167	0.353525	0.395833	0.193417	229	4134	4363
10034	2/28/2012	1	1	2	2	0	2	1	1	0.4	0.4091	0.54	0.1045	1	2	3	424	1	1	2	0	2	1	1	0.359167	0.353525	0.395833	0.193417	229	4134	4363
10035	2/28/2012	1	1	2	3	0	2	1	1	0.4	0.4091	0.32	0.3582	0	6	6	424	1	1	2	0	2	1	1	0.359167	0.353525	0.395833	0.193417	229	4134	4363
10036	2/28/2012	1	1	2	4	0	2	1	1	0.32	0.2879	0.42	0.3582	0	2	2	424	1	1	2	0	2	1	1	0.359167	0.353525	0.395833	0.193417	229	4134	4363
10037	2/28/2012	1	1	2	5	0	2	1	1	0.32	0.2879	0.42	0.3582	1	20	21	424	1	1	2	0	2	1	1	0.359167	0.353525	0.395833	0.193417	229	4134	4363
10038	2/28/2012	1	1	2	6	0	2	1	1	0.3	0.2727	0.45	0.3284	1	100	101	424	1	1	2	0	2	1	1	0.359167	0.353525	0.395833	0.193417	229	4134	4363
10039	2/28/2012	1	1	2	7	0	2	1	1	0.28	0.2576	0.45	0.2985	12	313	325	424	1	1	2	0	2	1	1	0.359167	0.353525	0.395833	0.193417	229	4134	4363
10040	2/28/2012	1	1	2	8	0	2	1	1	0.26	0.2424	0.48	0.2836	16	543	559	424	1	1	2	0	2	1	1	0.359167	0.353525	0.395833	0.193417	229	4134	4363
10041	2/28/2012	1	1	2	9	0	2	1	1	0.28	0.2576	0.45	0.3582	7	225	232	424	1	1	2	0	2	1	1	0.359167	0.353525	0.395833	0.193417	229	4134	4363
10042	2/28/2012	1	1	2	10	0	2	1	1	0.3	0.2727	0.42	0.2985	14	118	132	424	1	1	2	0	2	1	1	0.359167	0.353525	0.395833	0.193417	229	4134	4363
10043	2/28/2012	1	1	2	11	0	2	1	1	0.34	0.3182	0.36	0.2537	8	155	163	424	1	1	2	0	2	1	1	0.359167	0.353525	0.395833	0.193417	229	4134	4363
10044	2/28/2012	1	1	2	12	0	2	1	1	0.36	0.3485	0.34	0.1343	19	164	183	424	1	1	2	0	2	1	1	0.359167	0.353525	0.395833	0.193417	229	4134	4363
10045	2/28/2012	1	1	2	13	0	2	1	1	0.36	0.3636	0.32	0.1045	16	174	190	424	1	1	2	0	2	1	1	0.359167	0.353525	0.395833	0.193417	229	4134	4363
10046	2/28/2012	1	1	2	14	0	2	1	1	0.4	0.4091	0.28	0.1045	13	121	134	424	1	1	2	0	2	1	1	0.359167	0.353525	0.395833	0.193417	229	4134	4363
10047	2/28/2012	1	1	2	15	0	2	1	1	0.42	0.4242	0.26	0.0896	17	149	166	424	1	1	2	0	2	1	1	0.359167	0.353525	0.395833	0.193417	229	4134	4363
10048	2/28/2012	1	1	2	16	0	2	1	1	0.42	0.4242	0.28	0.0896	17	270	287	424	1	1	2	0	2	1	1	0.359167	0.353525	0.395833	0.193417	229	4134	4363
10049	2/28/2012	1	1	2	17	0	2	1	1	0.42	0.4242	0.26	0.0896	33	497	530	424	1	1	2	0	2	1	1	0.359167	0.353525	0.395833	0.193417	229	4134	4363
10050	2/28/2012	1	1	2	18	0	2	1	1	0.42	0.4242	0.28	0.1642	17	432	449	424	1	1	2	0	2	1	1	0.359167	0.353525	0.395833	0.193417	229	4134	4363
10051	2/28/2012	1	1	2	19	0	2	1	1	0.42	0.4242	0.26	0	15	291	306	424	1	1	2	0	2	1	1	0.359167	0.353525	0.395833	0.193417	229	4134	4363
10052	2/28/2012	1	1	2	20	0	2	1	1	0.4	0.4091	0.3	0.1343	2	202	204	424	1	1	2	0	2	1	1	0.359167	0.353525	0.395833	0.193417	229	4134	4363
10053	2/28/2012	1	1	2	21	0	2	1	1	0.34	0.3485	0.46	0.1045	10	178	188	424	1	1	2	0	2	1	1	0.359167	0.353525	0.395833	0.193417	229	4134	4363
10054	2/28/2012	1	1	2	22	0	2	1	1	0.34	0.3485	0.46	0.1045	6	95	101	424	1	1	2	0	2	1	1	0.359167	0.353525	0.395833	0.193417	229	4134	4363
10055	2/28/2012	1	1	2	23	0	2	1	1	0.32	0.303	0.53	0.2239	4	61	65	424	1	1	2	0	2	1	1	0.359167	0.353525	0.395833	0.193417	229	4134	4363
10056	2/29/2012	1	1	2	0	0	3	1	1	0.32	0.3333	0.53	0.1045	2	30	32	425	1	1	2	0	3	1	2	0.344348	0.34847	0.804783	0.179117	65	1769	1834
10057	2/29/2012	1	1	2	1	0	3	1	1	0.32	0.3333	0.49	0.1045	0	6	6	425	1	1	2	0	3	1	2	0.344348	0.34847	0.804783	0.179117	65	1769	1834
10058	2/29/2012	1	1	2	2	0	3	1	1	0.3	0.2879	0.56	0.2239	0	4	4	425	1	1	2	0	3	1	2	0.344348	0.34847	0.804783	0.179117	65	1769	1834
10059	2/29/2012	1	1	2	3	0	3	1	1	0.28	0.303	0.7	0.0896	0	2	2	425	1	1	2	0	3	1	2	0.344348	0.34847	0.804783	0.179117	65	1769	1834
10060	2/29/2012	1	1	2	5	0	3	1	1	0.26	0.2879	0.75	0.0896	0	29	29	425	1	1	2	0	3	1	2	0.344348	0.34847	0.804783	0.179117	65	1769	1834
10061	2/29/2012	1	1	2	6	0	3	1	2	0.28	0.303	0.75	0.0896	4	100	104	425	1	1	2	0	3	1	2	0.344348	0.34847	0.804783	0.179117	65	1769	1834
10062	2/29/2012	1	1	2	7	0	3	1	2	0.26	0.2727	0.81	0.1343	11	242	253	425	1	1	2	0	3	1	2	0.344348	0.34847	0.804783	0.179117	65	1769	1834
10063	2/29/2012	1	1	2	8	0	3	1	2	0.28	0.2879	0.75	0.1045	2	114	116	425	1	1	2	0	3	1	2	0.344348	0.34847	0.804783	0.179117	65	1769	1834
10064	2/29/2012	1	1	2	9	0	3	1	3	0.3	0.303	0.81	0.1642	5	33	38	425	1	1	2	0	3	1	2	0.344348	0.34847	0.804783	0.179117	65	1769	1834
10065	2/29/2012	1	1	2	10	0	3	1	3	0.3	0.303	0.81	0.1642	0	10	10	425	1	1	2	0	3	1	2	0.344348	0.34847	0.804783	0.179117	65	1769	1834
10066	2/29/2012	1	1	2	11	0	3	1	3	0.3	0.2879	0.87	0.194	1	9	10	425	1	1	2	0	3	1	2	0.344348	0.34847	0.804783	0.179117	65	1769	1834
10067	2/29/2012	1	1	2	12	0	3	1	3	0.32	0.303	0.93	0.3284	1	69	70	425	1	1	2	0	3	1	2	0.344348	0.34847	0.804783	0.179117	65	1769	1834
10068	2/29/2012	1	1	2	13	0	3	1	2	0.36	0.3333	0.93	0.3582	4	72	76	425	1	1	2	0	3	1	2	0.344348	0.34847	0.804783	0.179117	65	1769	1834
10069	2/29/2012	1	1	2	14	0	3	1	2	0.36	0.3333	0.93	0.3582	2	54	56	425	1	1	2	0	3	1	2	0.344348	0.34847	0.804783	0.179117	65	1769	1834
10070	2/29/2012	1	1	2	15	0	3	1	2	0.4	0.4091	0.82	0.2836	3	87	90	425	1	1	2	0	3	1	2	0.344348	0.34847	0.804783	0.179117	65	1769	1834
10071	2/29/2012	1	1	2	16	0	3	1	3	0.4	0.4091	0.82	0.2239	5	162	167	425	1	1	2	0	3	1	2	0.344348	0.34847	0.804783	0.179117	65	1769	1834
10072	2/29/2012	1	1	2	17	0	3	1	2	0.4	0.4091	0.87	0.1642	7	246	253	425	1	1	2	0	3	1	2	0.344348	0.34847	0.804783	0.179117	65	1769	1834
10073	2/29/2012	1	1	2	18	0	3	1	3	0.4	0.4091	0.87	0	11	181	192	425	1	1	2	0	3	1	2	0.344348	0.34847	0.804783	0.179117	65	1769	1834
10074	2/29/2012	1	1	2	19	0	3	1	2	0.4	0.4091	0.87	0.1045	0	102	102	425	1	1	2	0	3	1	2	0.344348	0.34847	0.804783	0.179117	65	1769	1834
10075	2/29/2012	1	1	2	20	0	3	1	3	0.42	0.4242	0.88	0.1642	2	95	97	425	1	1	2	0	3	1	2	0.344348	0.34847	0.804783	0.179117	65	1769	1834
10076	2/29/2012	1	1	2	21	0	3	1	3	0.42	0.4242	0.88	0.1642	0	39	39	425	1	1	2	0	3	1	2	0.344348	0.34847	0.804783	0.179117	65	1769	1834
10077	2/29/2012	1	1	2	22	0	3	1	3	0.42	0.4242	0.94	0.2537	2	53	55	425	1	1	2	0	3	1	2	0.344348	0.34847	0.804783	0.179117	65	1769	1834
10078	2/29/2012	1	1	2	23	0	3	1	3	0.42	0.4242	0.94	0.2537	3	30	33	425	1	1	2	0	3	1	2	0.344348	0.34847	0.804783	0.179117	65	1769	1834
10079	3/1/2012	1	1	3	0	0	4	1	2	0.42	0.4242	0.94	0	1	10	11	426	1	1	3	0	4	1	1	0.485833	0.475371	0.615417	0.226987	325	4665	4990
10080	3/1/2012	1	1	3	1	0	4	1	3	0.46	0.4545	0.94	0.1045	0	12	12	426	1	1	3	0	4	1	1	0.485833	0.475371	0.615417	0.226987	325	4665	4990
10081	3/1/2012	1	1	3	2	0	4	1	2	0.46	0.4545	0.94	0.2836	0	6	6	426	1	1	3	0	4	1	1	0.485833	0.475371	0.615417	0.226987	325	4665	4990
10082	3/1/2012	1	1	3	3	0	4	1	1	0.46	0.4545	0.94	0.2239	0	3	3	426	1	1	3	0	4	1	1	0.485833	0.475371	0.615417	0.226987	325	4665	4990
10083	3/1/2012	1	1	3	4	0	4	1	1	0.48	0.4697	0.88	0.194	0	5	5	426	1	1	3	0	4	1	1	0.485833	0.475371	0.615417	0.226987	325	4665	4990
10084	3/1/2012	1	1	3	5	0	4	1	1	0.48	0.4697	0.88	0.1642	0	18	18	426	1	1	3	0	4	1	1	0.485833	0.475371	0.615417	0.226987	325	4665	4990
10085	3/1/2012	1	1	3	6	0	4	1	2	0.42	0.4242	0.94	0	2	107	109	426	1	1	3	0	4	1	1	0.485833	0.475371	0.615417	0.226987	325	4665	4990
10086	3/1/2012	1	1	3	7	0	4	1	2	0.44	0.4394	0.94	0.1343	8	296	304	426	1	1	3	0	4	1	1	0.485833	0.475371	0.615417	0.226987	325	4665	4990
10087	3/1/2012	1	1	3	8	0	4	1	1	0.42	0.4242	0.94	0.1343	15	579	594	426	1	1	3	0	4	1	1	0.485833	0.475371	0.615417	0.226987	325	4665	4990
10088	3/1/2012	1	1	3	9	0	4	1	1	0.46	0.4545	0.77	0.2537	5	281	286	426	1	1	3	0	4	1	1	0.485833	0.475371	0.615417	0.226987	325	4665	4990
10089	3/1/2012	1	1	3	10	0	4	1	1	0.52	0.5	0.55	0.1642	11	122	133	426	1	1	3	0	4	1	1	0.485833	0.475371	0.615417	0.226987	325	4665	4990
10090	3/1/2012	1	1	3	11	0	4	1	1	0.56	0.5303	0.43	0.194	19	149	168	426	1	1	3	0	4	1	1	0.485833	0.475371	0.615417	0.226987	325	4665	4990
10091	3/1/2012	1	1	3	12	0	4	1	1	0.56	0.5303	0.37	0.2239	16	204	220	426	1	1	3	0	4	1	1	0.485833	0.475371	0.615417	0.226987	325	4665	4990
10092	3/1/2012	1	1	3	13	0	4	1	1	0.58	0.5455	0.32	0.2537	24	187	211	426	1	1	3	0	4	1	1	0.485833	0.475371	0.615417	0.226987	325	4665	4990
10093	3/1/2012	1	1	3	14	0	4	1	1	0.58	0.5455	0.35	0.2239	37	174	211	426	1	1	3	0	4	1	1	0.485833	0.475371	0.615417	0.226987	325	4665	4990
10094	3/1/2012	1	1	3	15	0	4	1	1	0.6	0.6212	0.31	0.2537	31	192	223	426	1	1	3	0	4	1	1	0.485833	0.475371	0.615417	0.226987	325	4665	4990
10095	3/1/2012	1	1	3	16	0	4	1	1	0.58	0.5455	0.32	0.2985	38	323	361	426	1	1	3	0	4	1	1	0.485833	0.475371	0.615417	0.226987	325	4665	4990
10096	3/1/2012	1	1	3	17	0	4	1	1	0.56	0.5303	0.35	0.2985	49	551	600	426	1	1	3	0	4	1	1	0.485833	0.475371	0.615417	0.226987	325	4665	4990
10097	3/1/2012	1	1	3	18	0	4	1	1	0.54	0.5152	0.34	0.3582	27	498	525	426	1	1	3	0	4	1	1	0.485833	0.475371	0.615417	0.226987	325	4665	4990
10098	3/1/2012	1	1	3	19	0	4	1	1	0.48	0.4697	0.41	0.3284	11	317	328	426	1	1	3	0	4	1	1	0.485833	0.475371	0.615417	0.226987	325	4665	4990
10099	3/1/2012	1	1	3	20	0	4	1	1	0.44	0.4394	0.44	0.4179	12	242	254	426	1	1	3	0	4	1	1	0.485833	0.475371	0.615417	0.226987	325	4665	4990
10100	3/1/2012	1	1	3	21	0	4	1	1	0.42	0.4242	0.47	0.4627	7	190	197	426	1	1	3	0	4	1	1	0.485833	0.475371	0.615417	0.226987	325	4665	4990
10101	3/1/2012	1	1	3	22	0	4	1	1	0.38	0.3939	0.5	0.2537	3	123	126	426	1	1	3	0	4	1	1	0.485833	0.475371	0.615417	0.226987	325	4665	4990
10102	3/1/2012	1	1	3	23	0	4	1	1	0.36	0.3485	0.5	0.2239	9	76	85	426	1	1	3	0	4	1	1	0.485833	0.475371	0.615417	0.226987	325	4665	4990
10103	3/2/2012	1	1	3	0	0	5	1	1	0.34	0.3333	0.53	0.1642	1	45	46	427	1	1	3	0	5	1	2	0.353333	0.359842	0.657083	0.144904	246	2948	3194
10104	3/2/2012	1	1	3	1	0	5	1	1	0.34	0.3182	0.49	0.2239	2	18	20	427	1	1	3	0	5	1	2	0.353333	0.359842	0.657083	0.144904	246	2948	3194
10105	3/2/2012	1	1	3	2	0	5	1	1	0.34	0.3182	0.53	0.2836	2	4	6	427	1	1	3	0	5	1	2	0.353333	0.359842	0.657083	0.144904	246	2948	3194
10106	3/2/2012	1	1	3	3	0	5	1	1	0.32	0.3182	0.57	0.194	0	3	3	427	1	1	3	0	5	1	2	0.353333	0.359842	0.657083	0.144904	246	2948	3194
10107	3/2/2012	1	1	3	4	0	5	1	1	0.32	0.3485	0.61	0	0	2	2	427	1	1	3	0	5	1	2	0.353333	0.359842	0.657083	0.144904	246	2948	3194
10108	3/2/2012	1	1	3	5	0	5	1	1	0.3	0.3333	0.7	0	0	24	24	427	1	1	3	0	5	1	2	0.353333	0.359842	0.657083	0.144904	246	2948	3194
10109	3/2/2012	1	1	3	6	0	5	1	1	0.3	0.3333	0.7	0	4	88	92	427	1	1	3	0	5	1	2	0.353333	0.359842	0.657083	0.144904	246	2948	3194
10110	3/2/2012	1	1	3	7	0	5	1	1	0.3	0.3333	0.7	0	4	258	262	427	1	1	3	0	5	1	2	0.353333	0.359842	0.657083	0.144904	246	2948	3194
10111	3/2/2012	1	1	3	8	0	5	1	1	0.28	0.303	0.75	0.0896	16	533	549	427	1	1	3	0	5	1	2	0.353333	0.359842	0.657083	0.144904	246	2948	3194
10112	3/2/2012	1	1	3	9	0	5	1	1	0.3	0.3333	0.81	0	15	299	314	427	1	1	3	0	5	1	2	0.353333	0.359842	0.657083	0.144904	246	2948	3194
10113	3/2/2012	1	1	3	10	0	5	1	1	0.36	0.3485	0.5	0.1642	14	118	132	427	1	1	3	0	5	1	2	0.353333	0.359842	0.657083	0.144904	246	2948	3194
10114	3/2/2012	1	1	3	11	0	5	1	1	0.38	0.3939	0.46	0.194	40	154	194	427	1	1	3	0	5	1	2	0.353333	0.359842	0.657083	0.144904	246	2948	3194
10115	3/2/2012	1	1	3	12	0	5	1	1	0.4	0.4091	0.43	0.1642	40	194	234	427	1	1	3	0	5	1	2	0.353333	0.359842	0.657083	0.144904	246	2948	3194
10116	3/2/2012	1	1	3	13	0	5	1	1	0.42	0.4242	0.44	0.2239	31	191	222	427	1	1	3	0	5	1	2	0.353333	0.359842	0.657083	0.144904	246	2948	3194
10117	3/2/2012	1	1	3	14	0	5	1	2	0.44	0.4394	0.44	0.2836	29	176	205	427	1	1	3	0	5	1	2	0.353333	0.359842	0.657083	0.144904	246	2948	3194
10118	3/2/2012	1	1	3	15	0	5	1	2	0.42	0.4242	0.5	0.2985	5	73	78	427	1	1	3	0	5	1	2	0.353333	0.359842	0.657083	0.144904	246	2948	3194
10119	3/2/2012	1	1	3	16	0	5	1	3	0.4	0.4091	0.58	0.2985	1	49	50	427	1	1	3	0	5	1	2	0.353333	0.359842	0.657083	0.144904	246	2948	3194
10120	3/2/2012	1	1	3	17	0	5	1	3	0.36	0.3485	0.81	0.2239	5	123	128	427	1	1	3	0	5	1	2	0.353333	0.359842	0.657083	0.144904	246	2948	3194
10121	3/2/2012	1	1	3	18	0	5	1	3	0.36	0.3485	0.87	0.194	6	154	160	427	1	1	3	0	5	1	2	0.353333	0.359842	0.657083	0.144904	246	2948	3194
10122	3/2/2012	1	1	3	19	0	5	1	3	0.36	0.3485	0.87	0.194	12	162	174	427	1	1	3	0	5	1	2	0.353333	0.359842	0.657083	0.144904	246	2948	3194
10123	3/2/2012	1	1	3	20	0	5	1	2	0.36	0.3485	0.87	0.194	7	93	100	427	1	1	3	0	5	1	2	0.353333	0.359842	0.657083	0.144904	246	2948	3194
10124	3/2/2012	1	1	3	21	0	5	1	3	0.36	0.3636	0.87	0.0896	2	99	101	427	1	1	3	0	5	1	2	0.353333	0.359842	0.657083	0.144904	246	2948	3194
10125	3/2/2012	1	1	3	22	0	5	1	2	0.36	0.3788	0.87	0	6	69	75	427	1	1	3	0	5	1	2	0.353333	0.359842	0.657083	0.144904	246	2948	3194
10126	3/2/2012	1	1	3	23	0	5	1	2	0.36	0.3788	0.87	0	4	19	23	427	1	1	3	0	5	1	2	0.353333	0.359842	0.657083	0.144904	246	2948	3194
10127	3/3/2012	1	1	3	0	0	6	0	3	0.36	0.3636	0.93	0.0896	1	21	22	428	1	1	3	0	6	0	2	0.414167	0.413492	0.62125	0.161079	956	3110	4066
10128	3/3/2012	1	1	3	1	0	6	0	3	0.36	0.3788	0.93	0	0	44	44	428	1	1	3	0	6	0	2	0.414167	0.413492	0.62125	0.161079	956	3110	4066
10129	3/3/2012	1	1	3	2	0	6	0	3	0.36	0.3636	0.93	0.0896	4	34	38	428	1	1	3	0	6	0	2	0.414167	0.413492	0.62125	0.161079	956	3110	4066
10130	3/3/2012	1	1	3	3	0	6	0	2	0.36	0.3485	0.93	0.1642	1	20	21	428	1	1	3	0	6	0	2	0.414167	0.413492	0.62125	0.161079	956	3110	4066
10131	3/3/2012	1	1	3	4	0	6	0	2	0.36	0.3485	0.93	0.194	0	2	2	428	1	1	3	0	6	0	2	0.414167	0.413492	0.62125	0.161079	956	3110	4066
10132	3/3/2012	1	1	3	5	0	6	0	2	0.36	0.3636	0.93	0.0896	1	1	2	428	1	1	3	0	6	0	2	0.414167	0.413492	0.62125	0.161079	956	3110	4066
10133	3/3/2012	1	1	3	6	0	6	0	2	0.36	0.3636	0.93	0.0896	1	6	7	428	1	1	3	0	6	0	2	0.414167	0.413492	0.62125	0.161079	956	3110	4066
10134	3/3/2012	1	1	3	7	0	6	0	2	0.36	0.3485	0.93	0.1343	2	14	16	428	1	1	3	0	6	0	2	0.414167	0.413492	0.62125	0.161079	956	3110	4066
10135	3/3/2012	1	1	3	8	0	6	0	3	0.36	0.3788	0.93	0	2	46	48	428	1	1	3	0	6	0	2	0.414167	0.413492	0.62125	0.161079	956	3110	4066
10136	3/3/2012	1	1	3	9	0	6	0	3	0.38	0.3939	0.87	0.0896	7	87	94	428	1	1	3	0	6	0	2	0.414167	0.413492	0.62125	0.161079	956	3110	4066
10137	3/3/2012	1	1	3	10	0	6	0	2	0.4	0.4091	0.87	0	31	137	168	428	1	1	3	0	6	0	2	0.414167	0.413492	0.62125	0.161079	956	3110	4066
10138	3/3/2012	1	1	3	11	0	6	0	2	0.4	0.4091	0.87	0.0896	33	181	214	428	1	1	3	0	6	0	2	0.414167	0.413492	0.62125	0.161079	956	3110	4066
10139	3/3/2012	1	1	3	12	0	6	0	2	0.42	0.4242	0.67	0.2537	47	252	299	428	1	1	3	0	6	0	2	0.414167	0.413492	0.62125	0.161079	956	3110	4066
10140	3/3/2012	1	1	3	13	0	6	0	1	0.44	0.4394	0.51	0.2836	87	252	339	428	1	1	3	0	6	0	2	0.414167	0.413492	0.62125	0.161079	956	3110	4066
10141	3/3/2012	1	1	3	14	0	6	0	2	0.46	0.4545	0.44	0.3582	151	279	430	428	1	1	3	0	6	0	2	0.414167	0.413492	0.62125	0.161079	956	3110	4066
10142	3/3/2012	1	1	3	15	0	6	0	1	0.48	0.4697	0.29	0.2985	145	254	399	428	1	1	3	0	6	0	2	0.414167	0.413492	0.62125	0.161079	956	3110	4066
10143	3/3/2012	1	1	3	16	0	6	0	1	0.5	0.4848	0.27	0.2985	167	300	467	428	1	1	3	0	6	0	2	0.414167	0.413492	0.62125	0.161079	956	3110	4066
10144	3/3/2012	1	1	3	17	0	6	0	1	0.5	0.4848	0.23	0.3284	106	279	385	428	1	1	3	0	6	0	2	0.414167	0.413492	0.62125	0.161079	956	3110	4066
10145	3/3/2012	1	1	3	18	0	6	0	1	0.5	0.4848	0.25	0.2537	53	250	303	428	1	1	3	0	6	0	2	0.414167	0.413492	0.62125	0.161079	956	3110	4066
10146	3/3/2012	1	1	3	19	0	6	0	1	0.46	0.4545	0.33	0.1642	34	191	225	428	1	1	3	0	6	0	2	0.414167	0.413492	0.62125	0.161079	956	3110	4066
10147	3/3/2012	1	1	3	20	0	6	0	1	0.44	0.4394	0.3	0.1343	28	121	149	428	1	1	3	0	6	0	2	0.414167	0.413492	0.62125	0.161079	956	3110	4066
10148	3/3/2012	1	1	3	21	0	6	0	1	0.46	0.4545	0.19	0.3284	24	130	154	428	1	1	3	0	6	0	2	0.414167	0.413492	0.62125	0.161079	956	3110	4066
10149	3/3/2012	1	1	3	22	0	6	0	1	0.44	0.4394	0.21	0.1343	19	115	134	428	1	1	3	0	6	0	2	0.414167	0.413492	0.62125	0.161079	956	3110	4066
10150	3/3/2012	1	1	3	23	0	6	0	1	0.42	0.4242	0.24	0	12	94	106	428	1	1	3	0	6	0	2	0.414167	0.413492	0.62125	0.161079	956	3110	4066
10151	3/4/2012	1	1	3	0	0	0	0	2	0.4	0.4091	0.3	0.3582	5	67	72	429	1	1	3	0	0	0	1	0.325833	0.303021	0.403333	0.334571	710	2713	3423
10152	3/4/2012	1	1	3	1	0	0	0	2	0.38	0.3939	0.34	0.194	16	60	76	429	1	1	3	0	0	0	1	0.325833	0.303021	0.403333	0.334571	710	2713	3423
10153	3/4/2012	1	1	3	2	0	0	0	2	0.36	0.3485	0.4	0.1642	14	66	80	429	1	1	3	0	0	0	1	0.325833	0.303021	0.403333	0.334571	710	2713	3423
10154	3/4/2012	1	1	3	3	0	0	0	2	0.36	0.3485	0.43	0.1343	5	21	26	429	1	1	3	0	0	0	1	0.325833	0.303021	0.403333	0.334571	710	2713	3423
10155	3/4/2012	1	1	3	4	0	0	0	2	0.34	0.3333	0.46	0.194	3	11	14	429	1	1	3	0	0	0	1	0.325833	0.303021	0.403333	0.334571	710	2713	3423
10156	3/4/2012	1	1	3	5	0	0	0	2	0.34	0.3182	0.46	0.2239	0	5	5	429	1	1	3	0	0	0	1	0.325833	0.303021	0.403333	0.334571	710	2713	3423
10157	3/4/2012	1	1	3	6	0	0	0	2	0.3	0.2727	0.52	0.2985	0	5	5	429	1	1	3	0	0	0	1	0.325833	0.303021	0.403333	0.334571	710	2713	3423
10158	3/4/2012	1	1	3	7	0	0	0	2	0.3	0.2727	0.52	0.2985	2	21	23	429	1	1	3	0	0	0	1	0.325833	0.303021	0.403333	0.334571	710	2713	3423
10159	3/4/2012	1	1	3	8	0	0	0	1	0.3	0.2727	0.52	0.3284	12	54	66	429	1	1	3	0	0	0	1	0.325833	0.303021	0.403333	0.334571	710	2713	3423
10160	3/4/2012	1	1	3	9	0	0	0	1	0.3	0.2727	0.49	0.4478	14	104	118	429	1	1	3	0	0	0	1	0.325833	0.303021	0.403333	0.334571	710	2713	3423
10161	3/4/2012	1	1	3	10	0	0	0	1	0.3	0.2727	0.49	0.3284	31	161	192	429	1	1	3	0	0	0	1	0.325833	0.303021	0.403333	0.334571	710	2713	3423
10162	3/4/2012	1	1	3	11	0	0	0	1	0.32	0.2879	0.45	0.3881	64	192	256	429	1	1	3	0	0	0	1	0.325833	0.303021	0.403333	0.334571	710	2713	3423
10163	3/4/2012	1	1	3	12	0	0	0	1	0.34	0.303	0.42	0.3582	71	256	327	429	1	1	3	0	0	0	1	0.325833	0.303021	0.403333	0.334571	710	2713	3423
10164	3/4/2012	1	1	3	13	0	0	0	1	0.36	0.3333	0.37	0.3582	108	256	364	429	1	1	3	0	0	0	1	0.325833	0.303021	0.403333	0.334571	710	2713	3423
10165	3/4/2012	1	1	3	14	0	0	0	1	0.36	0.3333	0.34	0.3582	106	226	332	429	1	1	3	0	0	0	1	0.325833	0.303021	0.403333	0.334571	710	2713	3423
10166	3/4/2012	1	1	3	15	0	0	0	1	0.36	0.3182	0.32	0.5224	82	252	334	429	1	1	3	0	0	0	1	0.325833	0.303021	0.403333	0.334571	710	2713	3423
10167	3/4/2012	1	1	3	16	0	0	0	1	0.36	0.3182	0.29	0.4925	68	231	299	429	1	1	3	0	0	0	1	0.325833	0.303021	0.403333	0.334571	710	2713	3423
10168	3/4/2012	1	1	3	17	0	0	0	1	0.34	0.2879	0.31	0.5522	49	214	263	429	1	1	3	0	0	0	1	0.325833	0.303021	0.403333	0.334571	710	2713	3423
10169	3/4/2012	1	1	3	18	0	0	0	1	0.32	0.2727	0.33	0.6119	20	164	184	429	1	1	3	0	0	0	1	0.325833	0.303021	0.403333	0.334571	710	2713	3423
10170	3/4/2012	1	1	3	19	0	0	0	1	0.3	0.2576	0.36	0.4925	12	120	132	429	1	1	3	0	0	0	1	0.325833	0.303021	0.403333	0.334571	710	2713	3423
10171	3/4/2012	1	1	3	20	0	0	0	1	0.28	0.2727	0.38	0.2537	8	80	88	429	1	1	3	0	0	0	1	0.325833	0.303021	0.403333	0.334571	710	2713	3423
10172	3/4/2012	1	1	3	21	0	0	0	1	0.28	0.2727	0.36	0.2239	9	70	79	429	1	1	3	0	0	0	1	0.325833	0.303021	0.403333	0.334571	710	2713	3423
10173	3/4/2012	1	1	3	22	0	0	0	1	0.26	0.2424	0.41	0.2537	9	53	62	429	1	1	3	0	0	0	1	0.325833	0.303021	0.403333	0.334571	710	2713	3423
10174	3/4/2012	1	1	3	23	0	0	0	1	0.26	0.2576	0.41	0.194	2	24	26	429	1	1	3	0	0	0	1	0.325833	0.303021	0.403333	0.334571	710	2713	3423
10175	3/5/2012	1	1	3	0	0	1	1	1	0.24	0.2273	0.44	0.194	2	15	17	430	1	1	3	0	1	1	1	0.243333	0.241171	0.50625	0.228858	203	3130	3333
10176	3/5/2012	1	1	3	1	0	1	1	1	0.24	0.2424	0.48	0.1343	3	3	6	430	1	1	3	0	1	1	1	0.243333	0.241171	0.50625	0.228858	203	3130	3333
10177	3/5/2012	1	1	3	2	0	1	1	1	0.24	0.2424	0.48	0.1343	1	3	4	430	1	1	3	0	1	1	1	0.243333	0.241171	0.50625	0.228858	203	3130	3333
10178	3/5/2012	1	1	3	3	0	1	1	1	0.22	0.2273	0.51	0.1642	0	1	1	430	1	1	3	0	1	1	1	0.243333	0.241171	0.50625	0.228858	203	3130	3333
10179	3/5/2012	1	1	3	4	0	1	1	1	0.2	0.2273	0.55	0.0896	0	1	1	430	1	1	3	0	1	1	1	0.243333	0.241171	0.50625	0.228858	203	3130	3333
10180	3/5/2012	1	1	3	5	0	1	1	1	0.2	0.2273	0.55	0.0896	1	17	18	430	1	1	3	0	1	1	1	0.243333	0.241171	0.50625	0.228858	203	3130	3333
10181	3/5/2012	1	1	3	6	0	1	1	1	0.18	0.197	0.59	0.1343	2	89	91	430	1	1	3	0	1	1	1	0.243333	0.241171	0.50625	0.228858	203	3130	3333
10182	3/5/2012	1	1	3	7	0	1	1	1	0.18	0.197	0.59	0.1343	7	253	260	430	1	1	3	0	1	1	1	0.243333	0.241171	0.50625	0.228858	203	3130	3333
10183	3/5/2012	1	1	3	8	0	1	1	1	0.2	0.2273	0.59	0.1045	13	415	428	430	1	1	3	0	1	1	1	0.243333	0.241171	0.50625	0.228858	203	3130	3333
10184	3/5/2012	1	1	3	9	0	1	1	2	0.22	0.2576	0.6	0.0896	11	186	197	430	1	1	3	0	1	1	1	0.243333	0.241171	0.50625	0.228858	203	3130	3333
10185	3/5/2012	1	1	3	10	0	1	1	2	0.24	0.2576	0.6	0	12	74	86	430	1	1	3	0	1	1	1	0.243333	0.241171	0.50625	0.228858	203	3130	3333
10186	3/5/2012	1	1	3	11	0	1	1	2	0.26	0.2727	0.56	0.1343	17	86	103	430	1	1	3	0	1	1	1	0.243333	0.241171	0.50625	0.228858	203	3130	3333
10187	3/5/2012	1	1	3	12	0	1	1	2	0.26	0.303	0.52	0	15	122	137	430	1	1	3	0	1	1	1	0.243333	0.241171	0.50625	0.228858	203	3130	3333
10188	3/5/2012	1	1	3	13	0	1	1	2	0.26	0.2576	0.55	0.2985	11	109	120	430	1	1	3	0	1	1	1	0.243333	0.241171	0.50625	0.228858	203	3130	3333
10189	3/5/2012	1	1	3	14	0	1	1	2	0.28	0.2576	0.57	0.3582	13	115	128	430	1	1	3	0	1	1	1	0.243333	0.241171	0.50625	0.228858	203	3130	3333
10190	3/5/2012	1	1	3	15	0	1	1	2	0.3	0.2879	0.53	0.194	20	110	130	430	1	1	3	0	1	1	1	0.243333	0.241171	0.50625	0.228858	203	3130	3333
10191	3/5/2012	1	1	3	16	0	1	1	1	0.3	0.2727	0.45	0.2985	30	180	210	430	1	1	3	0	1	1	1	0.243333	0.241171	0.50625	0.228858	203	3130	3333
10192	3/5/2012	1	1	3	17	0	1	1	3	0.3	0.2727	0.45	0.2985	11	376	387	430	1	1	3	0	1	1	1	0.243333	0.241171	0.50625	0.228858	203	3130	3333
10193	3/5/2012	1	1	3	18	0	1	1	3	0.28	0.2273	0.55	0.6567	12	363	375	430	1	1	3	0	1	1	1	0.243333	0.241171	0.50625	0.228858	203	3130	3333
10194	3/5/2012	1	1	3	19	0	1	1	1	0.26	0.2576	0.53	0.2239	6	220	226	430	1	1	3	0	1	1	1	0.243333	0.241171	0.50625	0.228858	203	3130	3333
10195	3/5/2012	1	1	3	20	0	1	1	1	0.26	0.2273	0.37	0.4627	8	171	179	430	1	1	3	0	1	1	1	0.243333	0.241171	0.50625	0.228858	203	3130	3333
10196	3/5/2012	1	1	3	21	0	1	1	1	0.26	0.2273	0.37	0.3881	4	116	120	430	1	1	3	0	1	1	1	0.243333	0.241171	0.50625	0.228858	203	3130	3333
10197	3/5/2012	1	1	3	22	0	1	1	1	0.24	0.2121	0.35	0.3284	2	76	78	430	1	1	3	0	1	1	1	0.243333	0.241171	0.50625	0.228858	203	3130	3333
10198	3/5/2012	1	1	3	23	0	1	1	1	0.22	0.1818	0.37	0.5821	2	29	31	430	1	1	3	0	1	1	1	0.243333	0.241171	0.50625	0.228858	203	3130	3333
10199	3/6/2012	1	1	3	0	0	2	1	1	0.22	0.2121	0.37	0.2985	0	8	8	431	1	1	3	0	2	1	1	0.258333	0.255042	0.456667	0.200875	221	3735	3956
10200	3/6/2012	1	1	3	1	0	2	1	1	0.2	0.197	0.44	0.2537	0	6	6	431	1	1	3	0	2	1	1	0.258333	0.255042	0.456667	0.200875	221	3735	3956
10201	3/6/2012	1	1	3	2	0	2	1	1	0.2	0.197	0.44	0.2239	0	4	4	431	1	1	3	0	2	1	1	0.258333	0.255042	0.456667	0.200875	221	3735	3956
10202	3/6/2012	1	1	3	3	0	2	1	1	0.18	0.1667	0.51	0.2836	0	1	1	431	1	1	3	0	2	1	1	0.258333	0.255042	0.456667	0.200875	221	3735	3956
10203	3/6/2012	1	1	3	4	0	2	1	1	0.18	0.1667	0.51	0.2985	0	3	3	431	1	1	3	0	2	1	1	0.258333	0.255042	0.456667	0.200875	221	3735	3956
10204	3/6/2012	1	1	3	5	0	2	1	1	0.18	0.1818	0.51	0.2239	0	25	25	431	1	1	3	0	2	1	1	0.258333	0.255042	0.456667	0.200875	221	3735	3956
10205	3/6/2012	1	1	3	6	0	2	1	1	0.18	0.2121	0.51	0.1045	3	99	102	431	1	1	3	0	2	1	1	0.258333	0.255042	0.456667	0.200875	221	3735	3956
10206	3/6/2012	1	1	3	7	0	2	1	1	0.16	0.1818	0.55	0.1343	5	270	275	431	1	1	3	0	2	1	1	0.258333	0.255042	0.456667	0.200875	221	3735	3956
10207	3/6/2012	1	1	3	8	0	2	1	1	0.16	0.1818	0.59	0.1045	14	487	501	431	1	1	3	0	2	1	1	0.258333	0.255042	0.456667	0.200875	221	3735	3956
10208	3/6/2012	1	1	3	9	0	2	1	1	0.22	0.2727	0.47	0	11	222	233	431	1	1	3	0	2	1	1	0.258333	0.255042	0.456667	0.200875	221	3735	3956
10209	3/6/2012	1	1	3	10	0	2	1	1	0.24	0.2576	0.44	0	16	113	129	431	1	1	3	0	2	1	1	0.258333	0.255042	0.456667	0.200875	221	3735	3956
10210	3/6/2012	1	1	3	11	0	2	1	1	0.26	0.2576	0.41	0.1642	20	110	130	431	1	1	3	0	2	1	1	0.258333	0.255042	0.456667	0.200875	221	3735	3956
10211	3/6/2012	1	1	3	12	0	2	1	1	0.26	0.2727	0.41	0.1045	9	129	138	431	1	1	3	0	2	1	1	0.258333	0.255042	0.456667	0.200875	221	3735	3956
10212	3/6/2012	1	1	3	13	0	2	1	1	0.3	0.303	0.39	0.1343	16	148	164	431	1	1	3	0	2	1	1	0.258333	0.255042	0.456667	0.200875	221	3735	3956
10213	3/6/2012	1	1	3	14	0	2	1	1	0.32	0.303	0.36	0.2239	20	116	136	431	1	1	3	0	2	1	1	0.258333	0.255042	0.456667	0.200875	221	3735	3956
10214	3/6/2012	1	1	3	15	0	2	1	1	0.34	0.303	0.36	0.2985	24	142	166	431	1	1	3	0	2	1	1	0.258333	0.255042	0.456667	0.200875	221	3735	3956
10215	3/6/2012	1	1	3	16	0	2	1	1	0.36	0.3333	0.32	0.2836	22	228	250	431	1	1	3	0	2	1	1	0.258333	0.255042	0.456667	0.200875	221	3735	3956
10216	3/6/2012	1	1	3	17	0	2	1	1	0.36	0.3333	0.34	0.2836	21	425	446	431	1	1	3	0	2	1	1	0.258333	0.255042	0.456667	0.200875	221	3735	3956
10217	3/6/2012	1	1	3	18	0	2	1	1	0.34	0.303	0.42	0.3284	15	442	457	431	1	1	3	0	2	1	1	0.258333	0.255042	0.456667	0.200875	221	3735	3956
10218	3/6/2012	1	1	3	19	0	2	1	1	0.34	0.303	0.46	0.2985	9	278	287	431	1	1	3	0	2	1	1	0.258333	0.255042	0.456667	0.200875	221	3735	3956
10219	3/6/2012	1	1	3	20	0	2	1	1	0.32	0.3182	0.49	0.194	3	184	187	431	1	1	3	0	2	1	1	0.258333	0.255042	0.456667	0.200875	221	3735	3956
10220	3/6/2012	1	1	3	21	0	2	1	1	0.32	0.3182	0.49	0.194	5	143	148	431	1	1	3	0	2	1	1	0.258333	0.255042	0.456667	0.200875	221	3735	3956
10221	3/6/2012	1	1	3	22	0	2	1	1	0.28	0.2727	0.56	0.1642	5	101	106	431	1	1	3	0	2	1	1	0.258333	0.255042	0.456667	0.200875	221	3735	3956
10222	3/6/2012	1	1	3	23	0	2	1	1	0.28	0.2727	0.61	0.2239	3	51	54	431	1	1	3	0	2	1	1	0.258333	0.255042	0.456667	0.200875	221	3735	3956
10223	3/7/2012	1	1	3	0	0	3	1	1	0.28	0.2576	0.65	0.2836	3	12	15	432	1	1	3	0	3	1	1	0.404167	0.3851	0.513333	0.345779	432	4484	4916
10224	3/7/2012	1	1	3	1	0	3	1	1	0.3	0.2727	0.61	0.2985	1	4	5	432	1	1	3	0	3	1	1	0.404167	0.3851	0.513333	0.345779	432	4484	4916
10225	3/7/2012	1	1	3	2	0	3	1	1	0.3	0.2879	0.56	0.2836	0	4	4	432	1	1	3	0	3	1	1	0.404167	0.3851	0.513333	0.345779	432	4484	4916
10226	3/7/2012	1	1	3	3	0	3	1	1	0.3	0.2727	0.56	0.3582	1	2	3	432	1	1	3	0	3	1	1	0.404167	0.3851	0.513333	0.345779	432	4484	4916
10227	3/7/2012	1	1	3	4	0	3	1	1	0.28	0.2576	0.61	0.3284	0	3	3	432	1	1	3	0	3	1	1	0.404167	0.3851	0.513333	0.345779	432	4484	4916
10228	3/7/2012	1	1	3	5	0	3	1	1	0.28	0.2576	0.56	0.2985	0	18	18	432	1	1	3	0	3	1	1	0.404167	0.3851	0.513333	0.345779	432	4484	4916
10229	3/7/2012	1	1	3	6	0	3	1	1	0.28	0.2576	0.61	0.3881	4	104	108	432	1	1	3	0	3	1	1	0.404167	0.3851	0.513333	0.345779	432	4484	4916
10230	3/7/2012	1	1	3	7	0	3	1	1	0.26	0.2273	0.65	0.3881	12	332	344	432	1	1	3	0	3	1	1	0.404167	0.3851	0.513333	0.345779	432	4484	4916
10231	3/7/2012	1	1	3	8	0	3	1	1	0.28	0.2576	0.61	0.2985	12	554	566	432	1	1	3	0	3	1	1	0.404167	0.3851	0.513333	0.345779	432	4484	4916
10232	3/7/2012	1	1	3	9	0	3	1	1	0.3	0.2727	0.61	0.3284	12	252	264	432	1	1	3	0	3	1	1	0.404167	0.3851	0.513333	0.345779	432	4484	4916
10233	3/7/2012	1	1	3	10	0	3	1	1	0.36	0.3333	0.5	0.2985	20	127	147	432	1	1	3	0	3	1	1	0.404167	0.3851	0.513333	0.345779	432	4484	4916
10234	3/7/2012	1	1	3	11	0	3	1	1	0.42	0.4242	0.38	0.2985	33	128	161	432	1	1	3	0	3	1	1	0.404167	0.3851	0.513333	0.345779	432	4484	4916
10235	3/7/2012	1	1	3	12	0	3	1	1	0.44	0.4394	0.38	0.3881	40	175	215	432	1	1	3	0	3	1	1	0.404167	0.3851	0.513333	0.345779	432	4484	4916
10236	3/7/2012	1	1	3	13	0	3	1	1	0.5	0.4848	0.34	0.4179	26	179	205	432	1	1	3	0	3	1	1	0.404167	0.3851	0.513333	0.345779	432	4484	4916
10237	3/7/2012	1	1	3	14	0	3	1	1	0.52	0.5	0.36	0.3284	38	137	175	432	1	1	3	0	3	1	1	0.404167	0.3851	0.513333	0.345779	432	4484	4916
10238	3/7/2012	1	1	3	15	0	3	1	1	0.54	0.5152	0.37	0.4478	44	165	209	432	1	1	3	0	3	1	1	0.404167	0.3851	0.513333	0.345779	432	4484	4916
10239	3/7/2012	1	1	3	16	0	3	1	1	0.56	0.5303	0.37	0.4179	34	254	288	432	1	1	3	0	3	1	1	0.404167	0.3851	0.513333	0.345779	432	4484	4916
10240	3/7/2012	1	1	3	17	0	3	1	1	0.56	0.5303	0.43	0.4925	58	554	612	432	1	1	3	0	3	1	1	0.404167	0.3851	0.513333	0.345779	432	4484	4916
10241	3/7/2012	1	1	3	18	0	3	1	1	0.56	0.5303	0.4	0.4627	35	509	544	432	1	1	3	0	3	1	1	0.404167	0.3851	0.513333	0.345779	432	4484	4916
10242	3/7/2012	1	1	3	19	0	3	1	1	0.54	0.5152	0.42	0.3582	16	345	361	432	1	1	3	0	3	1	1	0.404167	0.3851	0.513333	0.345779	432	4484	4916
10243	3/7/2012	1	1	3	20	0	3	1	1	0.5	0.4848	0.51	0.2537	18	242	260	432	1	1	3	0	3	1	1	0.404167	0.3851	0.513333	0.345779	432	4484	4916
10244	3/7/2012	1	1	3	21	0	3	1	1	0.44	0.4394	0.62	0.2537	11	177	188	432	1	1	3	0	3	1	1	0.404167	0.3851	0.513333	0.345779	432	4484	4916
10245	3/7/2012	1	1	3	22	0	3	1	1	0.46	0.4545	0.59	0.2985	10	149	159	432	1	1	3	0	3	1	1	0.404167	0.3851	0.513333	0.345779	432	4484	4916
10246	3/7/2012	1	1	3	23	0	3	1	1	0.44	0.4394	0.62	0.3284	4	58	62	432	1	1	3	0	3	1	1	0.404167	0.3851	0.513333	0.345779	432	4484	4916
10247	3/8/2012	1	1	3	0	0	4	1	1	0.44	0.4394	0.62	0.3284	11	35	46	433	1	1	3	0	4	1	1	0.5275	0.524604	0.5675	0.441563	486	4896	5382
10248	3/8/2012	1	1	3	1	0	4	1	1	0.46	0.4545	0.63	0.3284	4	17	21	433	1	1	3	0	4	1	1	0.5275	0.524604	0.5675	0.441563	486	4896	5382
10249	3/8/2012	1	1	3	2	0	4	1	1	0.46	0.4545	0.63	0.3881	6	5	11	433	1	1	3	0	4	1	1	0.5275	0.524604	0.5675	0.441563	486	4896	5382
10250	3/8/2012	1	1	3	3	0	4	1	1	0.46	0.4545	0.63	0.3881	0	3	3	433	1	1	3	0	4	1	1	0.5275	0.524604	0.5675	0.441563	486	4896	5382
10251	3/8/2012	1	1	3	4	0	4	1	1	0.44	0.4394	0.72	0.2836	0	2	2	433	1	1	3	0	4	1	1	0.5275	0.524604	0.5675	0.441563	486	4896	5382
10252	3/8/2012	1	1	3	5	0	4	1	1	0.42	0.4242	0.77	0.2239	1	28	29	433	1	1	3	0	4	1	1	0.5275	0.524604	0.5675	0.441563	486	4896	5382
10253	3/8/2012	1	1	3	6	0	4	1	1	0.42	0.4242	0.77	0.2537	4	105	109	433	1	1	3	0	4	1	1	0.5275	0.524604	0.5675	0.441563	486	4896	5382
10254	3/8/2012	1	1	3	7	0	4	1	1	0.42	0.4242	0.77	0.3582	8	326	334	433	1	1	3	0	4	1	1	0.5275	0.524604	0.5675	0.441563	486	4896	5382
10255	3/8/2012	1	1	3	8	0	4	1	1	0.44	0.4394	0.77	0.3881	12	573	585	433	1	1	3	0	4	1	1	0.5275	0.524604	0.5675	0.441563	486	4896	5382
10256	3/8/2012	1	1	3	9	0	4	1	1	0.46	0.4545	0.72	0.4627	19	282	301	433	1	1	3	0	4	1	1	0.5275	0.524604	0.5675	0.441563	486	4896	5382
10257	3/8/2012	1	1	3	10	0	4	1	1	0.5	0.4848	0.68	0.4627	19	119	138	433	1	1	3	0	4	1	1	0.5275	0.524604	0.5675	0.441563	486	4896	5382
10258	3/8/2012	1	1	3	11	0	4	1	2	0.54	0.5152	0.6	0.4627	48	156	204	433	1	1	3	0	4	1	1	0.5275	0.524604	0.5675	0.441563	486	4896	5382
10259	3/8/2012	1	1	3	12	0	4	1	2	0.56	0.5303	0.6	0.4478	27	224	251	433	1	1	3	0	4	1	1	0.5275	0.524604	0.5675	0.441563	486	4896	5382
10260	3/8/2012	1	1	3	13	0	4	1	2	0.6	0.6212	0.49	0.6418	35	198	233	433	1	1	3	0	4	1	1	0.5275	0.524604	0.5675	0.441563	486	4896	5382
10261	3/8/2012	1	1	3	14	0	4	1	2	0.62	0.6212	0.43	0.6418	48	155	203	433	1	1	3	0	4	1	1	0.5275	0.524604	0.5675	0.441563	486	4896	5382
10262	3/8/2012	1	1	3	15	0	4	1	1	0.64	0.6212	0.38	0.6866	24	161	185	433	1	1	3	0	4	1	1	0.5275	0.524604	0.5675	0.441563	486	4896	5382
10263	3/8/2012	1	1	3	16	0	4	1	2	0.62	0.6212	0.41	0.6418	37	305	342	433	1	1	3	0	4	1	1	0.5275	0.524604	0.5675	0.441563	486	4896	5382
10264	3/8/2012	1	1	3	17	0	4	1	1	0.62	0.6212	0.38	0.6567	52	545	597	433	1	1	3	0	4	1	1	0.5275	0.524604	0.5675	0.441563	486	4896	5382
10265	3/8/2012	1	1	3	18	0	4	1	2	0.62	0.6212	0.38	0.5522	45	545	590	433	1	1	3	0	4	1	1	0.5275	0.524604	0.5675	0.441563	486	4896	5382
10266	3/8/2012	1	1	3	19	0	4	1	2	0.6	0.6212	0.4	0.4478	21	395	416	433	1	1	3	0	4	1	1	0.5275	0.524604	0.5675	0.441563	486	4896	5382
10267	3/8/2012	1	1	3	20	0	4	1	2	0.6	0.6212	0.43	0.3881	20	282	302	433	1	1	3	0	4	1	1	0.5275	0.524604	0.5675	0.441563	486	4896	5382
10268	3/8/2012	1	1	3	21	0	4	1	1	0.6	0.6212	0.43	0.3881	27	206	233	433	1	1	3	0	4	1	1	0.5275	0.524604	0.5675	0.441563	486	4896	5382
10269	3/8/2012	1	1	3	22	0	4	1	1	0.56	0.5303	0.49	0.3284	12	141	153	433	1	1	3	0	4	1	1	0.5275	0.524604	0.5675	0.441563	486	4896	5382
10270	3/8/2012	1	1	3	23	0	4	1	2	0.56	0.5303	0.49	0.4478	6	88	94	433	1	1	3	0	4	1	1	0.5275	0.524604	0.5675	0.441563	486	4896	5382
10271	3/9/2012	1	1	3	0	0	5	1	2	0.58	0.5455	0.49	0.4627	3	51	54	434	1	1	3	0	5	1	2	0.410833	0.397083	0.407083	0.4148	447	4122	4569
10272	3/9/2012	1	1	3	1	0	5	1	3	0.56	0.5303	0.52	0.4925	4	22	26	434	1	1	3	0	5	1	2	0.410833	0.397083	0.407083	0.4148	447	4122	4569
10273	3/9/2012	1	1	3	2	0	5	1	3	0.48	0.4697	0.77	0.4179	2	9	11	434	1	1	3	0	5	1	2	0.410833	0.397083	0.407083	0.4148	447	4122	4569
10274	3/9/2012	1	1	3	3	0	5	1	1	0.46	0.4545	0.77	0.5224	0	7	7	434	1	1	3	0	5	1	2	0.410833	0.397083	0.407083	0.4148	447	4122	4569
10275	3/9/2012	1	1	3	4	0	5	1	3	0.4	0.4091	0.66	0.2836	0	1	1	434	1	1	3	0	5	1	2	0.410833	0.397083	0.407083	0.4148	447	4122	4569
10276	3/9/2012	1	1	3	5	0	5	1	3	0.4	0.4091	0.66	0.2836	2	27	29	434	1	1	3	0	5	1	2	0.410833	0.397083	0.407083	0.4148	447	4122	4569
10277	3/9/2012	1	1	3	6	0	5	1	2	0.4	0.4091	0.5	0.3582	2	83	85	434	1	1	3	0	5	1	2	0.410833	0.397083	0.407083	0.4148	447	4122	4569
10278	3/9/2012	1	1	3	7	0	5	1	2	0.38	0.3939	0.4	0.2985	6	262	268	434	1	1	3	0	5	1	2	0.410833	0.397083	0.407083	0.4148	447	4122	4569
10279	3/9/2012	1	1	3	8	0	5	1	2	0.34	0.2879	0.42	0.5224	17	484	501	434	1	1	3	0	5	1	2	0.410833	0.397083	0.407083	0.4148	447	4122	4569
10280	3/9/2012	1	1	3	9	0	5	1	2	0.34	0.2879	0.42	0.5224	17	267	284	434	1	1	3	0	5	1	2	0.410833	0.397083	0.407083	0.4148	447	4122	4569
10281	3/9/2012	1	1	3	10	0	5	1	2	0.34	0.2879	0.36	0.4925	14	145	159	434	1	1	3	0	5	1	2	0.410833	0.397083	0.407083	0.4148	447	4122	4569
10282	3/9/2012	1	1	3	11	0	5	1	2	0.36	0.3333	0.34	0.3582	17	170	187	434	1	1	3	0	5	1	2	0.410833	0.397083	0.407083	0.4148	447	4122	4569
10283	3/9/2012	1	1	3	12	0	5	1	1	0.36	0.3333	0.34	0.4179	27	174	201	434	1	1	3	0	5	1	2	0.410833	0.397083	0.407083	0.4148	447	4122	4569
10284	3/9/2012	1	1	3	13	0	5	1	2	0.38	0.3939	0.29	0.3881	49	175	224	434	1	1	3	0	5	1	2	0.410833	0.397083	0.407083	0.4148	447	4122	4569
10285	3/9/2012	1	1	3	14	0	5	1	1	0.42	0.4242	0.28	0.4627	49	129	178	434	1	1	3	0	5	1	2	0.410833	0.397083	0.407083	0.4148	447	4122	4569
10286	3/9/2012	1	1	3	15	0	5	1	1	0.46	0.4545	0.24	0.2537	50	188	238	434	1	1	3	0	5	1	2	0.410833	0.397083	0.407083	0.4148	447	4122	4569
10287	3/9/2012	1	1	3	16	0	5	1	1	0.48	0.4697	0.23	0.4179	51	292	343	434	1	1	3	0	5	1	2	0.410833	0.397083	0.407083	0.4148	447	4122	4569
10288	3/9/2012	1	1	3	17	0	5	1	1	0.46	0.4545	0.24	0.3881	68	498	566	434	1	1	3	0	5	1	2	0.410833	0.397083	0.407083	0.4148	447	4122	4569
10289	3/9/2012	1	1	3	18	0	5	1	1	0.44	0.4394	0.26	0.5224	30	440	470	434	1	1	3	0	5	1	2	0.410833	0.397083	0.407083	0.4148	447	4122	4569
10290	3/9/2012	1	1	3	19	0	5	1	1	0.42	0.4242	0.28	0.6119	12	232	244	434	1	1	3	0	5	1	2	0.410833	0.397083	0.407083	0.4148	447	4122	4569
10291	3/9/2012	1	1	3	20	0	5	1	1	0.38	0.3939	0.32	0.3582	3	156	159	434	1	1	3	0	5	1	2	0.410833	0.397083	0.407083	0.4148	447	4122	4569
10292	3/9/2012	1	1	3	21	0	5	1	1	0.36	0.3333	0.34	0.3284	8	133	141	434	1	1	3	0	5	1	2	0.410833	0.397083	0.407083	0.4148	447	4122	4569
10293	3/9/2012	1	1	3	22	0	5	1	1	0.34	0.2879	0.31	0.4925	7	100	107	434	1	1	3	0	5	1	2	0.410833	0.397083	0.407083	0.4148	447	4122	4569
10294	3/9/2012	1	1	3	23	0	5	1	1	0.32	0.303	0.33	0.2985	9	77	86	434	1	1	3	0	5	1	2	0.410833	0.397083	0.407083	0.4148	447	4122	4569
10295	3/10/2012	1	1	3	0	0	6	0	1	0.3	0.2727	0.36	0.3582	9	68	77	435	1	1	3	0	6	0	1	0.2875	0.277767	0.350417	0.22575	968	3150	4118
10296	3/10/2012	1	1	3	1	0	6	0	1	0.3	0.2879	0.36	0.2537	1	50	51	435	1	1	3	0	6	0	1	0.2875	0.277767	0.350417	0.22575	968	3150	4118
10297	3/10/2012	1	1	3	2	0	6	0	1	0.26	0.2424	0.41	0.2537	12	30	42	435	1	1	3	0	6	0	1	0.2875	0.277767	0.350417	0.22575	968	3150	4118
10298	3/10/2012	1	1	3	3	0	6	0	1	0.26	0.2273	0.41	0.2985	0	16	16	435	1	1	3	0	6	0	1	0.2875	0.277767	0.350417	0.22575	968	3150	4118
10299	3/10/2012	1	1	3	4	0	6	0	1	0.24	0.2121	0.41	0.3582	1	3	4	435	1	1	3	0	6	0	1	0.2875	0.277767	0.350417	0.22575	968	3150	4118
10300	3/10/2012	1	1	3	5	0	6	0	1	0.22	0.2121	0.42	0.2836	3	7	10	435	1	1	3	0	6	0	1	0.2875	0.277767	0.350417	0.22575	968	3150	4118
10301	3/10/2012	1	1	3	6	0	6	0	1	0.22	0.2121	0.44	0.2836	1	11	12	435	1	1	3	0	6	0	1	0.2875	0.277767	0.350417	0.22575	968	3150	4118
10302	3/10/2012	1	1	3	7	0	6	0	1	0.22	0.2121	0.44	0.2537	4	36	40	435	1	1	3	0	6	0	1	0.2875	0.277767	0.350417	0.22575	968	3150	4118
10303	3/10/2012	1	1	3	8	0	6	0	1	0.22	0.2121	0.44	0.2985	15	96	111	435	1	1	3	0	6	0	1	0.2875	0.277767	0.350417	0.22575	968	3150	4118
10304	3/10/2012	1	1	3	9	0	6	0	1	0.24	0.2121	0.41	0.3284	21	127	148	435	1	1	3	0	6	0	1	0.2875	0.277767	0.350417	0.22575	968	3150	4118
10305	3/10/2012	1	1	3	10	0	6	0	1	0.26	0.2273	0.35	0.4179	47	176	223	435	1	1	3	0	6	0	1	0.2875	0.277767	0.350417	0.22575	968	3150	4118
10306	3/10/2012	1	1	3	11	0	6	0	1	0.3	0.2727	0.33	0.3284	56	218	274	435	1	1	3	0	6	0	1	0.2875	0.277767	0.350417	0.22575	968	3150	4118
10307	3/10/2012	1	1	3	12	0	6	0	1	0.3	0.2727	0.33	0.3284	88	241	329	435	1	1	3	0	6	0	1	0.2875	0.277767	0.350417	0.22575	968	3150	4118
10308	3/10/2012	1	1	3	13	0	6	0	1	0.32	0.303	0.29	0.2836	89	268	357	435	1	1	3	0	6	0	1	0.2875	0.277767	0.350417	0.22575	968	3150	4118
10309	3/10/2012	1	1	3	14	0	6	0	1	0.34	0.3182	0.27	0.2836	117	262	379	435	1	1	3	0	6	0	1	0.2875	0.277767	0.350417	0.22575	968	3150	4118
10310	3/10/2012	1	1	3	15	0	6	0	1	0.34	0.3636	0.25	0	132	274	406	435	1	1	3	0	6	0	1	0.2875	0.277767	0.350417	0.22575	968	3150	4118
10311	3/10/2012	1	1	3	16	0	6	0	1	0.36	0.3636	0.23	0	115	275	390	435	1	1	3	0	6	0	1	0.2875	0.277767	0.350417	0.22575	968	3150	4118
10312	3/10/2012	1	1	3	17	0	6	0	1	0.36	0.3788	0.23	0	104	250	354	435	1	1	3	0	6	0	1	0.2875	0.277767	0.350417	0.22575	968	3150	4118
10313	3/10/2012	1	1	3	18	0	6	0	1	0.36	0.3636	0.21	0.0896	67	230	297	435	1	1	3	0	6	0	1	0.2875	0.277767	0.350417	0.22575	968	3150	4118
10314	3/10/2012	1	1	3	19	0	6	0	1	0.34	0.3636	0.25	0	25	159	184	435	1	1	3	0	6	0	1	0.2875	0.277767	0.350417	0.22575	968	3150	4118
10315	3/10/2012	1	1	3	20	0	6	0	1	0.32	0.3333	0.33	0.1343	20	101	121	435	1	1	3	0	6	0	1	0.2875	0.277767	0.350417	0.22575	968	3150	4118
10316	3/10/2012	1	1	3	21	0	6	0	1	0.3	0.2879	0.39	0.2239	16	94	110	435	1	1	3	0	6	0	1	0.2875	0.277767	0.350417	0.22575	968	3150	4118
10317	3/10/2012	1	1	3	22	0	6	0	1	0.26	0.2576	0.44	0.1642	19	81	100	435	1	1	3	0	6	0	1	0.2875	0.277767	0.350417	0.22575	968	3150	4118
10318	3/10/2012	1	1	3	23	0	6	0	1	0.26	0.2576	0.41	0.194	6	77	83	435	1	1	3	0	6	0	1	0.2875	0.277767	0.350417	0.22575	968	3150	4118
10319	3/11/2012	1	1	3	0	0	0	0	1	0.26	0.2879	0.44	0.0896	7	62	69	436	1	1	3	0	0	0	1	0.361739	0.35967	0.476957	0.222587	1658	3253	4911
10320	3/11/2012	1	1	3	1	0	0	0	1	0.24	0.2424	0.52	0.1642	4	57	61	436	1	1	3	0	0	0	1	0.361739	0.35967	0.476957	0.222587	1658	3253	4911
10321	3/11/2012	1	1	3	3	0	0	0	1	0.24	0.2424	0.6	0.1343	15	51	66	436	1	1	3	0	0	0	1	0.361739	0.35967	0.476957	0.222587	1658	3253	4911
10322	3/11/2012	1	1	3	4	0	0	0	1	0.24	0.2424	0.6	0.1343	7	15	22	436	1	1	3	0	0	0	1	0.361739	0.35967	0.476957	0.222587	1658	3253	4911
10323	3/11/2012	1	1	3	5	0	0	0	1	0.24	0.2424	0.6	0.1642	2	5	7	436	1	1	3	0	0	0	1	0.361739	0.35967	0.476957	0.222587	1658	3253	4911
10324	3/11/2012	1	1	3	6	0	0	0	1	0.24	0.2424	0.7	0.1642	2	8	10	436	1	1	3	0	0	0	1	0.361739	0.35967	0.476957	0.222587	1658	3253	4911
10325	3/11/2012	1	1	3	7	0	0	0	1	0.22	0.2273	0.69	0.1343	2	15	17	436	1	1	3	0	0	0	1	0.361739	0.35967	0.476957	0.222587	1658	3253	4911
10326	3/11/2012	1	1	3	8	0	0	0	1	0.22	0.2273	0.69	0.1343	4	68	72	436	1	1	3	0	0	0	1	0.361739	0.35967	0.476957	0.222587	1658	3253	4911
10327	3/11/2012	1	1	3	9	0	0	0	1	0.26	0.2576	0.6	0.2239	20	70	90	436	1	1	3	0	0	0	1	0.361739	0.35967	0.476957	0.222587	1658	3253	4911
10328	3/11/2012	1	1	3	10	0	0	0	1	0.32	0.303	0.49	0.2836	71	147	218	436	1	1	3	0	0	0	1	0.361739	0.35967	0.476957	0.222587	1658	3253	4911
10329	3/11/2012	1	1	3	11	0	0	0	1	0.36	0.3333	0.43	0.2836	90	209	299	436	1	1	3	0	0	0	1	0.361739	0.35967	0.476957	0.222587	1658	3253	4911
10330	3/11/2012	1	1	3	12	0	0	0	1	0.4	0.4091	0.37	0.2985	146	264	410	436	1	1	3	0	0	0	1	0.361739	0.35967	0.476957	0.222587	1658	3253	4911
10331	3/11/2012	1	1	3	13	0	0	0	1	0.42	0.4242	0.41	0.2985	176	288	464	436	1	1	3	0	0	0	1	0.361739	0.35967	0.476957	0.222587	1658	3253	4911
10332	3/11/2012	1	1	3	14	0	0	0	1	0.46	0.4545	0.31	0.2836	212	289	501	436	1	1	3	0	0	0	1	0.361739	0.35967	0.476957	0.222587	1658	3253	4911
10333	3/11/2012	1	1	3	15	0	0	0	1	0.5	0.4848	0.29	0.2985	201	286	487	436	1	1	3	0	0	0	1	0.361739	0.35967	0.476957	0.222587	1658	3253	4911
10334	3/11/2012	1	1	3	16	0	0	0	1	0.5	0.4848	0.31	0.3582	208	301	509	436	1	1	3	0	0	0	1	0.361739	0.35967	0.476957	0.222587	1658	3253	4911
10335	3/11/2012	1	1	3	17	0	0	0	1	0.52	0.5	0.27	0.2985	199	299	498	436	1	1	3	0	0	0	1	0.361739	0.35967	0.476957	0.222587	1658	3253	4911
10336	3/11/2012	1	1	3	18	0	0	0	1	0.52	0.5	0.29	0.2836	133	256	389	436	1	1	3	0	0	0	1	0.361739	0.35967	0.476957	0.222587	1658	3253	4911
10337	3/11/2012	1	1	3	19	0	0	0	1	0.5	0.4848	0.31	0.2836	55	203	258	436	1	1	3	0	0	0	1	0.361739	0.35967	0.476957	0.222587	1658	3253	4911
10338	3/11/2012	1	1	3	20	0	0	0	1	0.44	0.4394	0.47	0.2239	42	129	171	436	1	1	3	0	0	0	1	0.361739	0.35967	0.476957	0.222587	1658	3253	4911
10339	3/11/2012	1	1	3	21	0	0	0	1	0.42	0.4242	0.54	0.2239	37	110	147	436	1	1	3	0	0	0	1	0.361739	0.35967	0.476957	0.222587	1658	3253	4911
10340	3/11/2012	1	1	3	22	0	0	0	1	0.4	0.4091	0.54	0.194	13	81	94	436	1	1	3	0	0	0	1	0.361739	0.35967	0.476957	0.222587	1658	3253	4911
10341	3/11/2012	1	1	3	23	0	0	0	1	0.4	0.4091	0.5	0.1642	12	40	52	436	1	1	3	0	0	0	1	0.361739	0.35967	0.476957	0.222587	1658	3253	4911
10342	3/12/2012	1	1	3	0	0	1	1	1	0.38	0.3939	0.54	0.194	4	20	24	437	1	1	3	0	1	1	1	0.466667	0.459592	0.489167	0.207713	838	4460	5298
10343	3/12/2012	1	1	3	1	0	1	1	1	0.38	0.3939	0.5	0.1343	1	9	10	437	1	1	3	0	1	1	1	0.466667	0.459592	0.489167	0.207713	838	4460	5298
10344	3/12/2012	1	1	3	2	0	1	1	1	0.38	0.3939	0.54	0.1045	4	5	9	437	1	1	3	0	1	1	1	0.466667	0.459592	0.489167	0.207713	838	4460	5298
10345	3/12/2012	1	1	3	3	0	1	1	1	0.36	0.3485	0.5	0.1343	0	2	2	437	1	1	3	0	1	1	1	0.466667	0.459592	0.489167	0.207713	838	4460	5298
10346	3/12/2012	1	1	3	4	0	1	1	1	0.34	0.3333	0.61	0.194	0	3	3	437	1	1	3	0	1	1	1	0.466667	0.459592	0.489167	0.207713	838	4460	5298
10347	3/12/2012	1	1	3	5	0	1	1	1	0.34	0.3333	0.61	0.194	1	15	16	437	1	1	3	0	1	1	1	0.466667	0.459592	0.489167	0.207713	838	4460	5298
10348	3/12/2012	1	1	3	6	0	1	1	1	0.34	0.3485	0.57	0.1045	2	86	88	437	1	1	3	0	1	1	1	0.466667	0.459592	0.489167	0.207713	838	4460	5298
10349	3/12/2012	1	1	3	7	0	1	1	1	0.34	0.3485	0.53	0.1045	9	259	268	437	1	1	3	0	1	1	1	0.466667	0.459592	0.489167	0.207713	838	4460	5298
10350	3/12/2012	1	1	3	8	0	1	1	1	0.34	0.3333	0.61	0.1343	17	547	564	437	1	1	3	0	1	1	1	0.466667	0.459592	0.489167	0.207713	838	4460	5298
10351	3/12/2012	1	1	3	9	0	1	1	1	0.38	0.3939	0.54	0.1642	21	260	281	437	1	1	3	0	1	1	1	0.466667	0.459592	0.489167	0.207713	838	4460	5298
10352	3/12/2012	1	1	3	10	0	1	1	1	0.4	0.4091	0.5	0.2239	39	98	137	437	1	1	3	0	1	1	1	0.466667	0.459592	0.489167	0.207713	838	4460	5298
10353	3/12/2012	1	1	3	11	0	1	1	1	0.44	0.4394	0.44	0.2239	39	111	150	437	1	1	3	0	1	1	1	0.466667	0.459592	0.489167	0.207713	838	4460	5298
10354	3/12/2012	1	1	3	12	0	1	1	1	0.48	0.4697	0.39	0.2239	59	162	221	437	1	1	3	0	1	1	1	0.466667	0.459592	0.489167	0.207713	838	4460	5298
10355	3/12/2012	1	1	3	13	0	1	1	2	0.54	0.5152	0.32	0.2537	74	176	250	437	1	1	3	0	1	1	1	0.466667	0.459592	0.489167	0.207713	838	4460	5298
10356	3/12/2012	1	1	3	14	0	1	1	2	0.58	0.5455	0.32	0.2836	76	145	221	437	1	1	3	0	1	1	1	0.466667	0.459592	0.489167	0.207713	838	4460	5298
10357	3/12/2012	1	1	3	15	0	1	1	1	0.56	0.5303	0.4	0.1343	74	159	233	437	1	1	3	0	1	1	1	0.466667	0.459592	0.489167	0.207713	838	4460	5298
10358	3/12/2012	1	1	3	16	0	1	1	1	0.62	0.6212	0.35	0.4478	77	255	332	437	1	1	3	0	1	1	1	0.466667	0.459592	0.489167	0.207713	838	4460	5298
10359	3/12/2012	1	1	3	17	0	1	1	2	0.62	0.6212	0.38	0.4179	87	557	644	437	1	1	3	0	1	1	1	0.466667	0.459592	0.489167	0.207713	838	4460	5298
10360	3/12/2012	1	1	3	18	0	1	1	2	0.6	0.6212	0.43	0.194	89	623	712	437	1	1	3	0	1	1	1	0.466667	0.459592	0.489167	0.207713	838	4460	5298
10361	3/12/2012	1	1	3	19	0	1	1	2	0.56	0.5303	0.49	0.2239	67	379	446	437	1	1	3	0	1	1	1	0.466667	0.459592	0.489167	0.207713	838	4460	5298
10362	3/12/2012	1	1	3	20	0	1	1	2	0.56	0.5303	0.49	0.2239	49	237	286	437	1	1	3	0	1	1	1	0.466667	0.459592	0.489167	0.207713	838	4460	5298
10363	3/12/2012	1	1	3	21	0	1	1	2	0.54	0.5152	0.56	0.2239	22	183	205	437	1	1	3	0	1	1	1	0.466667	0.459592	0.489167	0.207713	838	4460	5298
10364	3/12/2012	1	1	3	22	0	1	1	2	0.56	0.5303	0.56	0.2239	17	116	133	437	1	1	3	0	1	1	1	0.466667	0.459592	0.489167	0.207713	838	4460	5298
10365	3/12/2012	1	1	3	23	0	1	1	1	0.56	0.5303	0.56	0.2239	10	53	63	437	1	1	3	0	1	1	1	0.466667	0.459592	0.489167	0.207713	838	4460	5298
10366	3/13/2012	1	1	3	0	0	2	1	2	0.56	0.5303	0.52	0.194	5	21	26	438	1	1	3	0	2	1	1	0.565	0.542929	0.6175	0.23695	762	5085	5847
10367	3/13/2012	1	1	3	1	0	2	1	2	0.52	0.5	0.59	0.2239	2	14	16	438	1	1	3	0	2	1	1	0.565	0.542929	0.6175	0.23695	762	5085	5847
10368	3/13/2012	1	1	3	2	0	2	1	3	0.52	0.5	0.72	0.2985	0	1	1	438	1	1	3	0	2	1	1	0.565	0.542929	0.6175	0.23695	762	5085	5847
10369	3/13/2012	1	1	3	3	0	2	1	3	0.52	0.5	0.72	0.2985	0	2	2	438	1	1	3	0	2	1	1	0.565	0.542929	0.6175	0.23695	762	5085	5847
10370	3/13/2012	1	1	3	4	0	2	1	2	0.46	0.4545	0.82	0.194	0	1	1	438	1	1	3	0	2	1	1	0.565	0.542929	0.6175	0.23695	762	5085	5847
10371	3/13/2012	1	1	3	5	0	2	1	2	0.46	0.4545	0.82	0.194	0	24	24	438	1	1	3	0	2	1	1	0.565	0.542929	0.6175	0.23695	762	5085	5847
10372	3/13/2012	1	1	3	6	0	2	1	3	0.46	0.4545	0.82	0.194	5	108	113	438	1	1	3	0	2	1	1	0.565	0.542929	0.6175	0.23695	762	5085	5847
10373	3/13/2012	1	1	3	7	0	2	1	2	0.46	0.4545	0.82	0.2836	16	292	308	438	1	1	3	0	2	1	1	0.565	0.542929	0.6175	0.23695	762	5085	5847
10374	3/13/2012	1	1	3	8	0	2	1	1	0.46	0.4545	0.82	0.2836	22	571	593	438	1	1	3	0	2	1	1	0.565	0.542929	0.6175	0.23695	762	5085	5847
10375	3/13/2012	1	1	3	9	0	2	1	1	0.48	0.4697	0.82	0.2836	18	324	342	438	1	1	3	0	2	1	1	0.565	0.542929	0.6175	0.23695	762	5085	5847
10376	3/13/2012	1	1	3	10	0	2	1	1	0.52	0.5	0.77	0.2239	28	115	143	438	1	1	3	0	2	1	1	0.565	0.542929	0.6175	0.23695	762	5085	5847
10377	3/13/2012	1	1	3	11	0	2	1	1	0.54	0.5152	0.73	0.2836	64	155	219	438	1	1	3	0	2	1	1	0.565	0.542929	0.6175	0.23695	762	5085	5847
10378	3/13/2012	1	1	3	12	0	2	1	1	0.6	0.6061	0.6	0.2836	47	197	244	438	1	1	3	0	2	1	1	0.565	0.542929	0.6175	0.23695	762	5085	5847
10379	3/13/2012	1	1	3	13	0	2	1	1	0.6	0.6061	0.6	0.3881	53	180	233	438	1	1	3	0	2	1	1	0.565	0.542929	0.6175	0.23695	762	5085	5847
10380	3/13/2012	1	1	3	14	0	2	1	1	0.64	0.6212	0.53	0.3284	52	160	212	438	1	1	3	0	2	1	1	0.565	0.542929	0.6175	0.23695	762	5085	5847
10381	3/13/2012	1	1	3	15	0	2	1	1	0.7	0.6364	0.39	0.2239	68	196	264	438	1	1	3	0	2	1	1	0.565	0.542929	0.6175	0.23695	762	5085	5847
10382	3/13/2012	1	1	3	16	0	2	1	1	0.72	0.6515	0.34	0.3881	53	312	365	438	1	1	3	0	2	1	1	0.565	0.542929	0.6175	0.23695	762	5085	5847
10383	3/13/2012	1	1	3	17	0	2	1	1	0.7	0.6364	0.37	0.1045	62	614	676	438	1	1	3	0	2	1	1	0.565	0.542929	0.6175	0.23695	762	5085	5847
10384	3/13/2012	1	1	3	18	0	2	1	1	0.7	0.6364	0.34	0.2985	96	638	734	438	1	1	3	0	2	1	1	0.565	0.542929	0.6175	0.23695	762	5085	5847
10385	3/13/2012	1	1	3	19	0	2	1	1	0.64	0.6212	0.47	0.2239	50	429	479	438	1	1	3	0	2	1	1	0.565	0.542929	0.6175	0.23695	762	5085	5847
10386	3/13/2012	1	1	3	20	0	2	1	1	0.6	0.6212	0.49	0.1642	45	306	351	438	1	1	3	0	2	1	1	0.565	0.542929	0.6175	0.23695	762	5085	5847
10387	3/13/2012	1	1	3	21	0	2	1	1	0.58	0.5455	0.56	0.1045	44	200	244	438	1	1	3	0	2	1	1	0.565	0.542929	0.6175	0.23695	762	5085	5847
10388	3/13/2012	1	1	3	22	0	2	1	1	0.56	0.5303	0.6	0.0896	24	146	170	438	1	1	3	0	2	1	1	0.565	0.542929	0.6175	0.23695	762	5085	5847
10389	3/13/2012	1	1	3	23	0	2	1	1	0.56	0.5303	0.56	0.1343	8	79	87	438	1	1	3	0	2	1	1	0.565	0.542929	0.6175	0.23695	762	5085	5847
10390	3/14/2012	1	1	3	0	0	3	1	1	0.54	0.5152	0.6	0.1045	5	34	39	439	1	1	3	0	3	1	1	0.5725	0.548617	0.507083	0.115062	997	5315	6312
10391	3/14/2012	1	1	3	1	0	3	1	1	0.52	0.5	0.63	0.0896	2	25	27	439	1	1	3	0	3	1	1	0.5725	0.548617	0.507083	0.115062	997	5315	6312
10392	3/14/2012	1	1	3	2	0	3	1	1	0.5	0.4848	0.68	0.194	0	2	2	439	1	1	3	0	3	1	1	0.5725	0.548617	0.507083	0.115062	997	5315	6312
10393	3/14/2012	1	1	3	3	0	3	1	1	0.48	0.4697	0.72	0.194	1	3	4	439	1	1	3	0	3	1	1	0.5725	0.548617	0.507083	0.115062	997	5315	6312
10394	3/14/2012	1	1	3	4	0	3	1	1	0.48	0.4697	0.67	0.0896	1	4	5	439	1	1	3	0	3	1	1	0.5725	0.548617	0.507083	0.115062	997	5315	6312
10395	3/14/2012	1	1	3	5	0	3	1	1	0.44	0.4394	0.82	0.1343	2	25	27	439	1	1	3	0	3	1	1	0.5725	0.548617	0.507083	0.115062	997	5315	6312
10396	3/14/2012	1	1	3	6	0	3	1	1	0.44	0.4394	0.82	0.0896	1	120	121	439	1	1	3	0	3	1	1	0.5725	0.548617	0.507083	0.115062	997	5315	6312
10397	3/14/2012	1	1	3	7	0	3	1	1	0.44	0.4394	0.82	0.1045	20	348	368	439	1	1	3	0	3	1	1	0.5725	0.548617	0.507083	0.115062	997	5315	6312
10398	3/14/2012	1	1	3	8	0	3	1	1	0.44	0.4394	0.82	0	34	628	662	439	1	1	3	0	3	1	1	0.5725	0.548617	0.507083	0.115062	997	5315	6312
10399	3/14/2012	1	1	3	9	0	3	1	1	0.52	0.5	0.68	0	26	325	351	439	1	1	3	0	3	1	1	0.5725	0.548617	0.507083	0.115062	997	5315	6312
10400	3/14/2012	1	1	3	10	0	3	1	1	0.56	0.5303	0.56	0.1045	38	150	188	439	1	1	3	0	3	1	1	0.5725	0.548617	0.507083	0.115062	997	5315	6312
10401	3/14/2012	1	1	3	11	0	3	1	2	0.62	0.6212	0.41	0.1642	65	155	220	439	1	1	3	0	3	1	1	0.5725	0.548617	0.507083	0.115062	997	5315	6312
10402	3/14/2012	1	1	3	12	0	3	1	2	0.64	0.6212	0.29	0	55	212	267	439	1	1	3	0	3	1	1	0.5725	0.548617	0.507083	0.115062	997	5315	6312
10403	3/14/2012	1	1	3	13	0	3	1	1	0.66	0.6212	0.27	0.2239	57	197	254	439	1	1	3	0	3	1	1	0.5725	0.548617	0.507083	0.115062	997	5315	6312
10404	3/14/2012	1	1	3	14	0	3	1	1	0.7	0.6364	0.23	0.3284	61	163	224	439	1	1	3	0	3	1	1	0.5725	0.548617	0.507083	0.115062	997	5315	6312
10405	3/14/2012	1	1	3	15	0	3	1	1	0.7	0.6364	0.24	0	86	197	283	439	1	1	3	0	3	1	1	0.5725	0.548617	0.507083	0.115062	997	5315	6312
10406	3/14/2012	1	1	3	16	0	3	1	1	0.72	0.6364	0.25	0.194	78	278	356	439	1	1	3	0	3	1	1	0.5725	0.548617	0.507083	0.115062	997	5315	6312
10407	3/14/2012	1	1	3	17	0	3	1	1	0.7	0.6364	0.28	0.0896	140	642	782	439	1	1	3	0	3	1	1	0.5725	0.548617	0.507083	0.115062	997	5315	6312
10408	3/14/2012	1	1	3	18	0	3	1	1	0.7	0.6364	0.32	0	102	647	749	439	1	1	3	0	3	1	1	0.5725	0.548617	0.507083	0.115062	997	5315	6312
10409	3/14/2012	1	1	3	19	0	3	1	1	0.64	0.6212	0.33	0.1642	70	402	472	439	1	1	3	0	3	1	1	0.5725	0.548617	0.507083	0.115062	997	5315	6312
10410	3/14/2012	1	1	3	20	0	3	1	1	0.62	0.6212	0.35	0.1045	44	286	330	439	1	1	3	0	3	1	1	0.5725	0.548617	0.507083	0.115062	997	5315	6312
10411	3/14/2012	1	1	3	21	0	3	1	1	0.6	0.6212	0.4	0.0896	47	241	288	439	1	1	3	0	3	1	1	0.5725	0.548617	0.507083	0.115062	997	5315	6312
10412	3/14/2012	1	1	3	22	0	3	1	1	0.52	0.5	0.55	0.1343	43	159	202	439	1	1	3	0	3	1	1	0.5725	0.548617	0.507083	0.115062	997	5315	6312
10413	3/14/2012	1	1	3	23	0	3	1	1	0.56	0.5303	0.43	0.1642	19	72	91	439	1	1	3	0	3	1	1	0.5725	0.548617	0.507083	0.115062	997	5315	6312
10414	3/15/2012	1	1	3	0	0	4	1	1	0.54	0.5152	0.49	0.1343	14	46	60	440	1	1	3	0	4	1	1	0.5575	0.532825	0.579583	0.149883	1005	5187	6192
10415	3/15/2012	1	1	3	1	0	4	1	1	0.5	0.4848	0.59	0.1045	15	8	23	440	1	1	3	0	4	1	1	0.5575	0.532825	0.579583	0.149883	1005	5187	6192
10416	3/15/2012	1	1	3	2	0	4	1	1	0.5	0.4848	0.59	0	14	5	19	440	1	1	3	0	4	1	1	0.5575	0.532825	0.579583	0.149883	1005	5187	6192
10417	3/15/2012	1	1	3	3	0	4	1	1	0.5	0.4848	0.63	0	0	7	7	440	1	1	3	0	4	1	1	0.5575	0.532825	0.579583	0.149883	1005	5187	6192
10418	3/15/2012	1	1	3	4	0	4	1	1	0.44	0.4394	0.77	0.1045	11	3	14	440	1	1	3	0	4	1	1	0.5575	0.532825	0.579583	0.149883	1005	5187	6192
10419	3/15/2012	1	1	3	5	0	4	1	1	0.46	0.4545	0.67	0	2	24	26	440	1	1	3	0	4	1	1	0.5575	0.532825	0.579583	0.149883	1005	5187	6192
10420	3/15/2012	1	1	3	6	0	4	1	1	0.44	0.4394	0.72	0.0896	4	113	117	440	1	1	3	0	4	1	1	0.5575	0.532825	0.579583	0.149883	1005	5187	6192
10421	3/15/2012	1	1	3	7	0	4	1	1	0.44	0.4394	0.72	0.0896	14	367	381	440	1	1	3	0	4	1	1	0.5575	0.532825	0.579583	0.149883	1005	5187	6192
10422	3/15/2012	1	1	3	8	0	4	1	1	0.44	0.4394	0.77	0.1045	21	602	623	440	1	1	3	0	4	1	1	0.5575	0.532825	0.579583	0.149883	1005	5187	6192
10423	3/15/2012	1	1	3	9	0	4	1	1	0.48	0.4697	0.77	0.0896	30	285	315	440	1	1	3	0	4	1	1	0.5575	0.532825	0.579583	0.149883	1005	5187	6192
10424	3/15/2012	1	1	3	10	0	4	1	1	0.52	0.5	0.68	0.1045	34	130	164	440	1	1	3	0	4	1	1	0.5575	0.532825	0.579583	0.149883	1005	5187	6192
10425	3/15/2012	1	1	3	11	0	4	1	1	0.56	0.5303	0.6	0.1343	60	151	211	440	1	1	3	0	4	1	1	0.5575	0.532825	0.579583	0.149883	1005	5187	6192
10426	3/15/2012	1	1	3	12	0	4	1	2	0.62	0.6212	0.5	0.1343	59	206	265	440	1	1	3	0	4	1	1	0.5575	0.532825	0.579583	0.149883	1005	5187	6192
10427	3/15/2012	1	1	3	13	0	4	1	2	0.66	0.6212	0.41	0.0896	62	211	273	440	1	1	3	0	4	1	1	0.5575	0.532825	0.579583	0.149883	1005	5187	6192
10428	3/15/2012	1	1	3	14	0	4	1	2	0.72	0.6515	0.3	0.1045	81	177	258	440	1	1	3	0	4	1	1	0.5575	0.532825	0.579583	0.149883	1005	5187	6192
10429	3/15/2012	1	1	3	15	0	4	1	1	0.72	0.6515	0.32	0.2239	100	187	287	440	1	1	3	0	4	1	1	0.5575	0.532825	0.579583	0.149883	1005	5187	6192
10430	3/15/2012	1	1	3	16	0	4	1	1	0.72	0.6515	0.37	0.3881	95	331	426	440	1	1	3	0	4	1	1	0.5575	0.532825	0.579583	0.149883	1005	5187	6192
10431	3/15/2012	1	1	3	17	0	4	1	1	0.7	0.6364	0.39	0.2537	79	634	713	440	1	1	3	0	4	1	1	0.5575	0.532825	0.579583	0.149883	1005	5187	6192
10432	3/15/2012	1	1	3	18	0	4	1	1	0.66	0.6212	0.44	0.2836	98	648	746	440	1	1	3	0	4	1	1	0.5575	0.532825	0.579583	0.149883	1005	5187	6192
10433	3/15/2012	1	1	3	19	0	4	1	2	0.64	0.6212	0.5	0.194	72	353	425	440	1	1	3	0	4	1	1	0.5575	0.532825	0.579583	0.149883	1005	5187	6192
10434	3/15/2012	1	1	3	20	0	4	1	2	0.58	0.5455	0.6	0.3582	60	270	330	440	1	1	3	0	4	1	1	0.5575	0.532825	0.579583	0.149883	1005	5187	6192
10435	3/15/2012	1	1	3	21	0	4	1	1	0.54	0.5152	0.68	0.2836	36	207	243	440	1	1	3	0	4	1	1	0.5575	0.532825	0.579583	0.149883	1005	5187	6192
10436	3/15/2012	1	1	3	22	0	4	1	1	0.52	0.5	0.68	0.1343	32	137	169	440	1	1	3	0	4	1	1	0.5575	0.532825	0.579583	0.149883	1005	5187	6192
10437	3/15/2012	1	1	3	23	0	4	1	1	0.48	0.4697	0.72	0.194	12	85	97	440	1	1	3	0	4	1	1	0.5575	0.532825	0.579583	0.149883	1005	5187	6192
10438	3/16/2012	1	1	3	0	0	5	1	1	0.44	0.4394	0.77	0.2537	8	49	57	441	1	1	3	0	5	1	2	0.435833	0.436229	0.842083	0.113192	548	3830	4378
10439	3/16/2012	1	1	3	1	0	5	1	2	0.42	0.4242	0.82	0.3284	4	22	26	441	1	1	3	0	5	1	2	0.435833	0.436229	0.842083	0.113192	548	3830	4378
10440	3/16/2012	1	1	3	2	0	5	1	2	0.42	0.4242	0.82	0.194	0	4	4	441	1	1	3	0	5	1	2	0.435833	0.436229	0.842083	0.113192	548	3830	4378
10441	3/16/2012	1	1	3	3	0	5	1	2	0.4	0.4091	0.87	0.2836	0	3	3	441	1	1	3	0	5	1	2	0.435833	0.436229	0.842083	0.113192	548	3830	4378
10442	3/16/2012	1	1	3	4	0	5	1	2	0.4	0.4091	0.87	0.2537	0	3	3	441	1	1	3	0	5	1	2	0.435833	0.436229	0.842083	0.113192	548	3830	4378
10443	3/16/2012	1	1	3	5	0	5	1	2	0.4	0.4091	0.87	0.2239	2	30	32	441	1	1	3	0	5	1	2	0.435833	0.436229	0.842083	0.113192	548	3830	4378
10444	3/16/2012	1	1	3	6	0	5	1	2	0.4	0.4091	0.87	0.1642	3	96	99	441	1	1	3	0	5	1	2	0.435833	0.436229	0.842083	0.113192	548	3830	4378
10445	3/16/2012	1	1	3	7	0	5	1	2	0.4	0.4091	0.87	0.194	13	265	278	441	1	1	3	0	5	1	2	0.435833	0.436229	0.842083	0.113192	548	3830	4378
10446	3/16/2012	1	1	3	8	0	5	1	2	0.4	0.4091	0.87	0.2239	28	534	562	441	1	1	3	0	5	1	2	0.435833	0.436229	0.842083	0.113192	548	3830	4378
10447	3/16/2012	1	1	3	9	0	5	1	2	0.42	0.4242	0.82	0	35	277	312	441	1	1	3	0	5	1	2	0.435833	0.436229	0.842083	0.113192	548	3830	4378
10448	3/16/2012	1	1	3	10	0	5	1	2	0.4	0.4091	0.87	0.0896	44	136	180	441	1	1	3	0	5	1	2	0.435833	0.436229	0.842083	0.113192	548	3830	4378
10449	3/16/2012	1	1	3	11	0	5	1	2	0.44	0.4394	0.77	0	40	167	207	441	1	1	3	0	5	1	2	0.435833	0.436229	0.842083	0.113192	548	3830	4378
10450	3/16/2012	1	1	3	12	0	5	1	2	0.44	0.4394	0.82	0.1343	72	222	294	441	1	1	3	0	5	1	2	0.435833	0.436229	0.842083	0.113192	548	3830	4378
10451	3/16/2012	1	1	3	13	0	5	1	2	0.46	0.4545	0.77	0.0896	52	208	260	441	1	1	3	0	5	1	2	0.435833	0.436229	0.842083	0.113192	548	3830	4378
10452	3/16/2012	1	1	3	14	0	5	1	2	0.48	0.4697	0.72	0	56	146	202	441	1	1	3	0	5	1	2	0.435833	0.436229	0.842083	0.113192	548	3830	4378
10453	3/16/2012	1	1	3	15	0	5	1	3	0.46	0.4545	0.82	0.1045	19	88	107	441	1	1	3	0	5	1	2	0.435833	0.436229	0.842083	0.113192	548	3830	4378
10454	3/16/2012	1	1	3	16	0	5	1	3	0.48	0.4697	0.77	0	18	111	129	441	1	1	3	0	5	1	2	0.435833	0.436229	0.842083	0.113192	548	3830	4378
10455	3/16/2012	1	1	3	17	0	5	1	3	0.48	0.4697	0.82	0.0896	23	235	258	441	1	1	3	0	5	1	2	0.435833	0.436229	0.842083	0.113192	548	3830	4378
10456	3/16/2012	1	1	3	18	0	5	1	3	0.48	0.4697	0.82	0.0896	31	377	408	441	1	1	3	0	5	1	2	0.435833	0.436229	0.842083	0.113192	548	3830	4378
10457	3/16/2012	1	1	3	19	0	5	1	2	0.46	0.4545	0.88	0	23	273	296	441	1	1	3	0	5	1	2	0.435833	0.436229	0.842083	0.113192	548	3830	4378
10458	3/16/2012	1	1	3	20	0	5	1	1	0.46	0.4545	0.88	0	31	204	235	441	1	1	3	0	5	1	2	0.435833	0.436229	0.842083	0.113192	548	3830	4378
10459	3/16/2012	1	1	3	21	0	5	1	2	0.44	0.4394	0.94	0	8	144	152	441	1	1	3	0	5	1	2	0.435833	0.436229	0.842083	0.113192	548	3830	4378
10460	3/16/2012	1	1	3	22	0	5	1	2	0.44	0.4394	0.94	0	16	132	148	441	1	1	3	0	5	1	2	0.435833	0.436229	0.842083	0.113192	548	3830	4378
10461	3/16/2012	1	1	3	23	0	5	1	2	0.44	0.4394	0.94	0	22	104	126	441	1	1	3	0	5	1	2	0.435833	0.436229	0.842083	0.113192	548	3830	4378
10462	3/17/2012	1	1	3	0	0	6	0	2	0.44	0.4394	0.94	0.0896	13	87	100	442	1	1	3	0	6	0	2	0.514167	0.505046	0.755833	0.110704	3155	4681	7836
10463	3/17/2012	1	1	3	1	0	6	0	2	0.44	0.4394	0.94	0	12	57	69	442	1	1	3	0	6	0	2	0.514167	0.505046	0.755833	0.110704	3155	4681	7836
10464	3/17/2012	1	1	3	2	0	6	0	2	0.44	0.4394	0.88	0	10	32	42	442	1	1	3	0	6	0	2	0.514167	0.505046	0.755833	0.110704	3155	4681	7836
10465	3/17/2012	1	1	3	3	0	6	0	2	0.44	0.4394	0.88	0	2	24	26	442	1	1	3	0	6	0	2	0.514167	0.505046	0.755833	0.110704	3155	4681	7836
10466	3/17/2012	1	1	3	4	0	6	0	2	0.42	0.4242	0.94	0	0	2	2	442	1	1	3	0	6	0	2	0.514167	0.505046	0.755833	0.110704	3155	4681	7836
10467	3/17/2012	1	1	3	5	0	6	0	2	0.42	0.4242	0.94	0.0896	5	3	8	442	1	1	3	0	6	0	2	0.514167	0.505046	0.755833	0.110704	3155	4681	7836
10468	3/17/2012	1	1	3	6	0	6	0	2	0.42	0.4242	0.94	0.194	1	29	30	442	1	1	3	0	6	0	2	0.514167	0.505046	0.755833	0.110704	3155	4681	7836
10469	3/17/2012	1	1	3	7	0	6	0	2	0.4	0.4091	1	0.1343	29	57	86	442	1	1	3	0	6	0	2	0.514167	0.505046	0.755833	0.110704	3155	4681	7836
10470	3/17/2012	1	1	3	8	0	6	0	2	0.42	0.4242	0.94	0.1045	63	155	218	442	1	1	3	0	6	0	2	0.514167	0.505046	0.755833	0.110704	3155	4681	7836
10471	3/17/2012	1	1	3	9	0	6	0	2	0.44	0.4394	0.88	0.0896	104	217	321	442	1	1	3	0	6	0	2	0.514167	0.505046	0.755833	0.110704	3155	4681	7836
10472	3/17/2012	1	1	3	10	0	6	0	2	0.5	0.4848	0.77	0.0896	140	303	443	442	1	1	3	0	6	0	2	0.514167	0.505046	0.755833	0.110704	3155	4681	7836
10473	3/17/2012	1	1	3	11	0	6	0	2	0.52	0.5	0.77	0.1343	226	359	585	442	1	1	3	0	6	0	2	0.514167	0.505046	0.755833	0.110704	3155	4681	7836
10474	3/17/2012	1	1	3	12	0	6	0	1	0.56	0.5303	0.68	0.1642	286	365	651	442	1	1	3	0	6	0	2	0.514167	0.505046	0.755833	0.110704	3155	4681	7836
10475	3/17/2012	1	1	3	13	0	6	0	1	0.6	0.6061	0.6	0.1045	286	400	686	442	1	1	3	0	6	0	2	0.514167	0.505046	0.755833	0.110704	3155	4681	7836
10476	3/17/2012	1	1	3	14	0	6	0	1	0.62	0.6212	0.53	0.0896	352	338	690	442	1	1	3	0	6	0	2	0.514167	0.505046	0.755833	0.110704	3155	4681	7836
10477	3/17/2012	1	1	3	15	0	6	0	1	0.64	0.6212	0.53	0.1343	357	322	679	442	1	1	3	0	6	0	2	0.514167	0.505046	0.755833	0.110704	3155	4681	7836
10478	3/17/2012	1	1	3	16	0	6	0	1	0.64	0.6212	0.5	0	367	318	685	442	1	1	3	0	6	0	2	0.514167	0.505046	0.755833	0.110704	3155	4681	7836
10479	3/17/2012	1	1	3	17	0	6	0	1	0.64	0.6212	0.5	0.1343	291	357	648	442	1	1	3	0	6	0	2	0.514167	0.505046	0.755833	0.110704	3155	4681	7836
10480	3/17/2012	1	1	3	18	0	6	0	1	0.62	0.6212	0.57	0.2985	221	339	560	442	1	1	3	0	6	0	2	0.514167	0.505046	0.755833	0.110704	3155	4681	7836
10481	3/17/2012	1	1	3	19	0	6	0	1	0.58	0.5455	0.64	0.2836	155	262	417	442	1	1	3	0	6	0	2	0.514167	0.505046	0.755833	0.110704	3155	4681	7836
10482	3/17/2012	1	1	3	20	0	6	0	1	0.56	0.5303	0.64	0.194	89	182	271	442	1	1	3	0	6	0	2	0.514167	0.505046	0.755833	0.110704	3155	4681	7836
10483	3/17/2012	1	1	3	21	0	6	0	1	0.54	0.5152	0.68	0.1642	54	169	223	442	1	1	3	0	6	0	2	0.514167	0.505046	0.755833	0.110704	3155	4681	7836
10484	3/17/2012	1	1	3	22	0	6	0	1	0.54	0.5152	0.68	0	58	153	211	442	1	1	3	0	6	0	2	0.514167	0.505046	0.755833	0.110704	3155	4681	7836
10485	3/17/2012	1	1	3	23	0	6	0	1	0.5	0.4848	0.77	0.1642	34	151	185	442	1	1	3	0	6	0	2	0.514167	0.505046	0.755833	0.110704	3155	4681	7836
10486	3/18/2012	1	1	3	0	0	0	0	1	0.46	0.4545	0.88	0.194	27	80	107	443	1	1	3	0	0	0	2	0.4725	0.464	0.81	0.126883	2207	3685	5892
10487	3/18/2012	1	1	3	1	0	0	0	1	0.46	0.4545	0.82	0.1343	25	88	113	443	1	1	3	0	0	0	2	0.4725	0.464	0.81	0.126883	2207	3685	5892
10488	3/18/2012	1	1	3	2	0	0	0	2	0.46	0.4545	0.82	0.1045	15	41	56	443	1	1	3	0	0	0	2	0.4725	0.464	0.81	0.126883	2207	3685	5892
10489	3/18/2012	1	1	3	3	0	0	0	2	0.44	0.4394	0.88	0.1343	3	15	18	443	1	1	3	0	0	0	2	0.4725	0.464	0.81	0.126883	2207	3685	5892
10490	3/18/2012	1	1	3	4	0	0	0	2	0.42	0.4242	0.94	0.1642	6	8	14	443	1	1	3	0	0	0	2	0.4725	0.464	0.81	0.126883	2207	3685	5892
10491	3/18/2012	1	1	3	5	0	0	0	2	0.4	0.4091	0.94	0.1045	0	6	6	443	1	1	3	0	0	0	2	0.4725	0.464	0.81	0.126883	2207	3685	5892
10492	3/18/2012	1	1	3	6	0	0	0	2	0.4	0.4091	0.94	0.1045	2	9	11	443	1	1	3	0	0	0	2	0.4725	0.464	0.81	0.126883	2207	3685	5892
10493	3/18/2012	1	1	3	7	0	0	0	3	0.42	0.4242	0.88	0.1642	17	25	42	443	1	1	3	0	0	0	2	0.4725	0.464	0.81	0.126883	2207	3685	5892
10494	3/18/2012	1	1	3	8	0	0	0	2	0.42	0.4242	0.88	0.1045	25	71	96	443	1	1	3	0	0	0	2	0.4725	0.464	0.81	0.126883	2207	3685	5892
10495	3/18/2012	1	1	3	9	0	0	0	2	0.42	0.4242	0.88	0.0896	65	113	178	443	1	1	3	0	0	0	2	0.4725	0.464	0.81	0.126883	2207	3685	5892
10496	3/18/2012	1	1	3	10	0	0	0	2	0.42	0.4242	0.88	0.1045	139	212	351	443	1	1	3	0	0	0	2	0.4725	0.464	0.81	0.126883	2207	3685	5892
10497	3/18/2012	1	1	3	11	0	0	0	2	0.44	0.4394	0.82	0.1642	129	239	368	443	1	1	3	0	0	0	2	0.4725	0.464	0.81	0.126883	2207	3685	5892
10498	3/18/2012	1	1	3	12	0	0	0	2	0.44	0.4394	0.88	0.1343	222	281	503	443	1	1	3	0	0	0	2	0.4725	0.464	0.81	0.126883	2207	3685	5892
10499	3/18/2012	1	1	3	13	0	0	0	2	0.46	0.4545	0.82	0.1642	198	346	544	443	1	1	3	0	0	0	2	0.4725	0.464	0.81	0.126883	2207	3685	5892
10500	3/18/2012	1	1	3	14	0	0	0	2	0.5	0.4848	0.77	0.0896	218	303	521	443	1	1	3	0	0	0	2	0.4725	0.464	0.81	0.126883	2207	3685	5892
10501	3/18/2012	1	1	3	15	0	0	0	1	0.54	0.5152	0.68	0.0896	240	314	554	443	1	1	3	0	0	0	2	0.4725	0.464	0.81	0.126883	2207	3685	5892
10502	3/18/2012	1	1	3	16	0	0	0	1	0.54	0.5152	0.73	0.0896	229	312	541	443	1	1	3	0	0	0	2	0.4725	0.464	0.81	0.126883	2207	3685	5892
10503	3/18/2012	1	1	3	17	0	0	0	1	0.56	0.5303	0.64	0.0896	233	308	541	443	1	1	3	0	0	0	2	0.4725	0.464	0.81	0.126883	2207	3685	5892
10504	3/18/2012	1	1	3	18	0	0	0	1	0.56	0.5303	0.64	0.1642	165	294	459	443	1	1	3	0	0	0	2	0.4725	0.464	0.81	0.126883	2207	3685	5892
10505	3/18/2012	1	1	3	19	0	0	0	1	0.56	0.5303	0.64	0.1642	118	234	352	443	1	1	3	0	0	0	2	0.4725	0.464	0.81	0.126883	2207	3685	5892
10506	3/18/2012	1	1	3	20	0	0	0	1	0.52	0.5	0.77	0.1343	59	139	198	443	1	1	3	0	0	0	2	0.4725	0.464	0.81	0.126883	2207	3685	5892
10507	3/18/2012	1	1	3	21	0	0	0	1	0.52	0.5	0.72	0.0896	44	129	173	443	1	1	3	0	0	0	2	0.4725	0.464	0.81	0.126883	2207	3685	5892
10508	3/18/2012	1	1	3	22	0	0	0	1	0.5	0.4848	0.77	0.1045	21	79	100	443	1	1	3	0	0	0	2	0.4725	0.464	0.81	0.126883	2207	3685	5892
10509	3/18/2012	1	1	3	23	0	0	0	1	0.48	0.4697	0.82	0.1642	7	39	46	443	1	1	3	0	0	0	2	0.4725	0.464	0.81	0.126883	2207	3685	5892
10510	3/19/2012	1	1	3	0	0	1	1	1	0.48	0.4697	0.82	0.1045	4	19	23	444	1	1	3	0	1	1	1	0.545	0.532821	0.72875	0.162317	982	5171	6153
10511	3/19/2012	1	1	3	1	0	1	1	1	0.46	0.4545	0.88	0.1045	0	15	15	444	1	1	3	0	1	1	1	0.545	0.532821	0.72875	0.162317	982	5171	6153
10512	3/19/2012	1	1	3	2	0	1	1	1	0.46	0.4545	0.88	0.1642	1	7	8	444	1	1	3	0	1	1	1	0.545	0.532821	0.72875	0.162317	982	5171	6153
10513	3/19/2012	1	1	3	3	0	1	1	1	0.46	0.4545	0.88	0.0896	0	2	2	444	1	1	3	0	1	1	1	0.545	0.532821	0.72875	0.162317	982	5171	6153
10514	3/19/2012	1	1	3	4	0	1	1	1	0.44	0.4394	0.94	0	0	3	3	444	1	1	3	0	1	1	1	0.545	0.532821	0.72875	0.162317	982	5171	6153
10515	3/19/2012	1	1	3	5	0	1	1	1	0.44	0.4394	0.94	0	0	31	31	444	1	1	3	0	1	1	1	0.545	0.532821	0.72875	0.162317	982	5171	6153
10516	3/19/2012	1	1	3	6	0	1	1	1	0.46	0.4545	0.88	0.1343	2	118	120	444	1	1	3	0	1	1	1	0.545	0.532821	0.72875	0.162317	982	5171	6153
10517	3/19/2012	1	1	3	7	0	1	1	1	0.46	0.4545	0.88	0.194	25	329	354	444	1	1	3	0	1	1	1	0.545	0.532821	0.72875	0.162317	982	5171	6153
10518	3/19/2012	1	1	3	8	0	1	1	1	0.46	0.4545	0.88	0.1045	16	563	579	444	1	1	3	0	1	1	1	0.545	0.532821	0.72875	0.162317	982	5171	6153
10519	3/19/2012	1	1	3	9	0	1	1	1	0.5	0.4848	0.72	0.1642	55	276	331	444	1	1	3	0	1	1	1	0.545	0.532821	0.72875	0.162317	982	5171	6153
10520	3/19/2012	1	1	3	10	0	1	1	1	0.52	0.5	0.72	0.1343	56	128	184	444	1	1	3	0	1	1	1	0.545	0.532821	0.72875	0.162317	982	5171	6153
10521	3/19/2012	1	1	3	11	0	1	1	1	0.56	0.5303	0.68	0.1642	56	145	201	444	1	1	3	0	1	1	1	0.545	0.532821	0.72875	0.162317	982	5171	6153
10522	3/19/2012	1	1	3	12	0	1	1	1	0.6	0.6061	0.64	0.2537	71	211	282	444	1	1	3	0	1	1	1	0.545	0.532821	0.72875	0.162317	982	5171	6153
10523	3/19/2012	1	1	3	13	0	1	1	1	0.62	0.6061	0.61	0.2537	69	194	263	444	1	1	3	0	1	1	1	0.545	0.532821	0.72875	0.162317	982	5171	6153
10524	3/19/2012	1	1	3	14	0	1	1	2	0.64	0.6212	0.57	0.194	60	200	260	444	1	1	3	0	1	1	1	0.545	0.532821	0.72875	0.162317	982	5171	6153
10525	3/19/2012	1	1	3	15	0	1	1	1	0.64	0.6212	0.57	0.2239	97	189	286	444	1	1	3	0	1	1	1	0.545	0.532821	0.72875	0.162317	982	5171	6153
10526	3/19/2012	1	1	3	16	0	1	1	1	0.66	0.6212	0.5	0.2239	65	320	385	444	1	1	3	0	1	1	1	0.545	0.532821	0.72875	0.162317	982	5171	6153
10527	3/19/2012	1	1	3	17	0	1	1	1	0.64	0.6212	0.53	0.2239	106	615	721	444	1	1	3	0	1	1	1	0.545	0.532821	0.72875	0.162317	982	5171	6153
10528	3/19/2012	1	1	3	18	0	1	1	1	0.64	0.6212	0.57	0.2537	120	681	801	444	1	1	3	0	1	1	1	0.545	0.532821	0.72875	0.162317	982	5171	6153
10529	3/19/2012	1	1	3	19	0	1	1	1	0.62	0.6061	0.61	0.2239	86	463	549	444	1	1	3	0	1	1	1	0.545	0.532821	0.72875	0.162317	982	5171	6153
10530	3/19/2012	1	1	3	20	0	1	1	1	0.6	0.6061	0.64	0.2239	34	296	330	444	1	1	3	0	1	1	1	0.545	0.532821	0.72875	0.162317	982	5171	6153
10531	3/19/2012	1	1	3	21	0	1	1	1	0.6	0.6061	0.64	0.1642	33	190	223	444	1	1	3	0	1	1	1	0.545	0.532821	0.72875	0.162317	982	5171	6153
10532	3/19/2012	1	1	3	22	0	1	1	2	0.56	0.5303	0.73	0.1642	17	131	148	444	1	1	3	0	1	1	1	0.545	0.532821	0.72875	0.162317	982	5171	6153
10533	3/19/2012	1	1	3	23	0	1	1	2	0.56	0.5303	0.78	0.1343	9	45	54	444	1	1	3	0	1	1	1	0.545	0.532821	0.72875	0.162317	982	5171	6153
10534	3/20/2012	1	1	3	0	0	2	1	2	0.56	0.5303	0.78	0.0896	5	24	29	445	1	1	3	0	2	1	1	0.560833	0.538533	0.807917	0.121271	1051	5042	6093
10535	3/20/2012	1	1	3	1	0	2	1	1	0.54	0.5152	0.88	0	6	9	15	445	1	1	3	0	2	1	1	0.560833	0.538533	0.807917	0.121271	1051	5042	6093
10536	3/20/2012	1	1	3	2	0	2	1	1	0.54	0.5152	0.88	0.0896	2	8	10	445	1	1	3	0	2	1	1	0.560833	0.538533	0.807917	0.121271	1051	5042	6093
10537	3/20/2012	1	1	3	3	0	2	1	2	0.54	0.5152	0.88	0	0	3	3	445	1	1	3	0	2	1	1	0.560833	0.538533	0.807917	0.121271	1051	5042	6093
10538	3/20/2012	1	1	3	4	0	2	1	2	0.52	0.5	0.88	0.1343	0	6	6	445	1	1	3	0	2	1	1	0.560833	0.538533	0.807917	0.121271	1051	5042	6093
10539	3/20/2012	1	1	3	5	0	2	1	2	0.52	0.5	0.94	0	0	20	20	445	1	1	3	0	2	1	1	0.560833	0.538533	0.807917	0.121271	1051	5042	6093
10540	3/20/2012	1	1	3	6	0	2	1	2	0.52	0.5	0.94	0.1642	6	94	100	445	1	1	3	0	2	1	1	0.560833	0.538533	0.807917	0.121271	1051	5042	6093
10541	3/20/2012	1	1	3	7	0	2	1	3	0.52	0.5	0.94	0.2239	3	167	170	445	1	1	3	0	2	1	1	0.560833	0.538533	0.807917	0.121271	1051	5042	6093
10542	3/20/2012	1	1	3	8	0	2	1	2	0.52	0.5	0.88	0.1045	28	488	516	445	1	1	3	0	2	1	1	0.560833	0.538533	0.807917	0.121271	1051	5042	6093
10543	3/20/2012	1	1	3	9	0	2	1	2	0.54	0.5152	0.88	0.1642	41	284	325	445	1	1	3	0	2	1	1	0.560833	0.538533	0.807917	0.121271	1051	5042	6093
10544	3/20/2012	1	1	3	10	0	2	1	1	0.54	0.5152	0.88	0.194	44	119	163	445	1	1	3	0	2	1	1	0.560833	0.538533	0.807917	0.121271	1051	5042	6093
10545	3/20/2012	1	1	3	11	0	2	1	1	0.58	0.5455	0.83	0.1343	74	156	230	445	1	1	3	0	2	1	1	0.560833	0.538533	0.807917	0.121271	1051	5042	6093
10546	3/20/2012	1	1	3	12	0	2	1	1	0.6	0.5758	0.78	0.2537	56	205	261	445	1	1	3	0	2	1	1	0.560833	0.538533	0.807917	0.121271	1051	5042	6093
10547	3/20/2012	1	1	3	13	0	2	1	1	0.6	0.5758	0.78	0.194	77	207	284	445	1	1	3	0	2	1	1	0.560833	0.538533	0.807917	0.121271	1051	5042	6093
10548	3/20/2012	1	1	3	14	0	2	1	2	0.6	0.5909	0.73	0.1642	66	182	248	445	1	1	3	0	2	1	1	0.560833	0.538533	0.807917	0.121271	1051	5042	6093
10549	3/20/2012	1	1	3	15	0	2	1	2	0.62	0.6061	0.69	0.1045	67	177	244	445	1	1	3	0	2	1	1	0.560833	0.538533	0.807917	0.121271	1051	5042	6093
10550	3/20/2012	1	1	3	16	0	2	1	1	0.62	0.6061	0.66	0.2239	99	332	431	445	1	1	3	0	2	1	1	0.560833	0.538533	0.807917	0.121271	1051	5042	6093
10551	3/20/2012	1	1	3	17	0	2	1	1	0.6	0.5909	0.73	0.194	108	642	750	445	1	1	3	0	2	1	1	0.560833	0.538533	0.807917	0.121271	1051	5042	6093
10552	3/20/2012	1	1	3	18	0	2	1	1	0.6	0.5909	0.69	0.2537	136	665	801	445	1	1	3	0	2	1	1	0.560833	0.538533	0.807917	0.121271	1051	5042	6093
10553	3/20/2012	1	1	3	19	0	2	1	1	0.58	0.5455	0.73	0.1343	75	480	555	445	1	1	3	0	2	1	1	0.560833	0.538533	0.807917	0.121271	1051	5042	6093
10554	3/20/2012	1	1	3	20	0	2	1	1	0.58	0.5455	0.68	0.0896	78	299	377	445	1	1	3	0	2	1	1	0.560833	0.538533	0.807917	0.121271	1051	5042	6093
10555	3/20/2012	1	1	3	21	0	2	1	1	0.56	0.5303	0.73	0	38	239	277	445	1	1	3	0	2	1	1	0.560833	0.538533	0.807917	0.121271	1051	5042	6093
10556	3/20/2012	1	1	3	22	0	2	1	1	0.54	0.5152	0.77	0	32	156	188	445	1	1	3	0	2	1	1	0.560833	0.538533	0.807917	0.121271	1051	5042	6093
10557	3/20/2012	1	1	3	23	0	2	1	1	0.52	0.5	0.83	0	10	80	90	445	1	1	3	0	2	1	1	0.560833	0.538533	0.807917	0.121271	1051	5042	6093
10558	3/21/2012	2	1	3	0	0	3	1	1	0.52	0.5	0.88	0	4	29	33	446	2	1	3	0	3	1	2	0.531667	0.513258	0.82125	0.0895583	1122	5108	6230
10559	3/21/2012	2	1	3	1	0	3	1	1	0.52	0.5	0.83	0.0896	4	22	26	446	2	1	3	0	3	1	2	0.531667	0.513258	0.82125	0.0895583	1122	5108	6230
10560	3/21/2012	2	1	3	2	0	3	1	1	0.5	0.4848	0.88	0.1343	2	8	10	446	2	1	3	0	3	1	2	0.531667	0.513258	0.82125	0.0895583	1122	5108	6230
10561	3/21/2012	2	1	3	3	0	3	1	2	0.5	0.4848	0.88	0.194	1	7	8	446	2	1	3	0	3	1	2	0.531667	0.513258	0.82125	0.0895583	1122	5108	6230
10562	3/21/2012	2	1	3	4	0	3	1	2	0.5	0.4848	0.88	0.1343	0	4	4	446	2	1	3	0	3	1	2	0.531667	0.513258	0.82125	0.0895583	1122	5108	6230
10563	3/21/2012	2	1	3	5	0	3	1	2	0.5	0.4848	0.88	0.1343	4	35	39	446	2	1	3	0	3	1	2	0.531667	0.513258	0.82125	0.0895583	1122	5108	6230
10564	3/21/2012	2	1	3	6	0	3	1	2	0.48	0.4697	0.94	0.2239	10	139	149	446	2	1	3	0	3	1	2	0.531667	0.513258	0.82125	0.0895583	1122	5108	6230
10565	3/21/2012	2	1	3	7	0	3	1	3	0.48	0.4697	0.94	0.194	34	338	372	446	2	1	3	0	3	1	2	0.531667	0.513258	0.82125	0.0895583	1122	5108	6230
10566	3/21/2012	2	1	3	8	0	3	1	3	0.48	0.4697	0.94	0.1045	33	502	535	446	2	1	3	0	3	1	2	0.531667	0.513258	0.82125	0.0895583	1122	5108	6230
10567	3/21/2012	2	1	3	9	0	3	1	2	0.5	0.4848	0.88	0.1642	38	255	293	446	2	1	3	0	3	1	2	0.531667	0.513258	0.82125	0.0895583	1122	5108	6230
10568	3/21/2012	2	1	3	10	0	3	1	2	0.52	0.5	0.83	0.1642	30	124	154	446	2	1	3	0	3	1	2	0.531667	0.513258	0.82125	0.0895583	1122	5108	6230
10569	3/21/2012	2	1	3	11	0	3	1	2	0.52	0.5	0.83	0.1642	38	154	192	446	2	1	3	0	3	1	2	0.531667	0.513258	0.82125	0.0895583	1122	5108	6230
10570	3/21/2012	2	1	3	12	0	3	1	2	0.54	0.5152	0.77	0	58	171	229	446	2	1	3	0	3	1	2	0.531667	0.513258	0.82125	0.0895583	1122	5108	6230
10571	3/21/2012	2	1	3	13	0	3	1	2	0.54	0.5152	0.83	0	81	222	303	446	2	1	3	0	3	1	2	0.531667	0.513258	0.82125	0.0895583	1122	5108	6230
10572	3/21/2012	2	1	3	14	0	3	1	2	0.56	0.5303	0.78	0	74	151	225	446	2	1	3	0	3	1	2	0.531667	0.513258	0.82125	0.0895583	1122	5108	6230
10573	3/21/2012	2	1	3	15	0	3	1	2	0.56	0.5303	0.78	0	68	175	243	446	2	1	3	0	3	1	2	0.531667	0.513258	0.82125	0.0895583	1122	5108	6230
10574	3/21/2012	2	1	3	16	0	3	1	1	0.58	0.5455	0.73	0	91	287	378	446	2	1	3	0	3	1	2	0.531667	0.513258	0.82125	0.0895583	1122	5108	6230
10575	3/21/2012	2	1	3	17	0	3	1	1	0.6	0.5909	0.69	0.0896	113	616	729	446	2	1	3	0	3	1	2	0.531667	0.513258	0.82125	0.0895583	1122	5108	6230
10576	3/21/2012	2	1	3	18	0	3	1	1	0.6	0.5909	0.69	0	152	627	779	446	2	1	3	0	3	1	2	0.531667	0.513258	0.82125	0.0895583	1122	5108	6230
10577	3/21/2012	2	1	3	19	0	3	1	1	0.6	0.6061	0.64	0	86	496	582	446	2	1	3	0	3	1	2	0.531667	0.513258	0.82125	0.0895583	1122	5108	6230
10578	3/21/2012	2	1	3	20	0	3	1	1	0.56	0.5303	0.78	0.0896	76	298	374	446	2	1	3	0	3	1	2	0.531667	0.513258	0.82125	0.0895583	1122	5108	6230
10579	3/21/2012	2	1	3	21	0	3	1	1	0.54	0.5152	0.83	0.1045	47	204	251	446	2	1	3	0	3	1	2	0.531667	0.513258	0.82125	0.0895583	1122	5108	6230
10580	3/21/2012	2	1	3	22	0	3	1	1	0.52	0.5	0.83	0.1642	41	156	197	446	2	1	3	0	3	1	2	0.531667	0.513258	0.82125	0.0895583	1122	5108	6230
10581	3/21/2012	2	1	3	23	0	3	1	1	0.54	0.5152	0.77	0	37	88	125	446	2	1	3	0	3	1	2	0.531667	0.513258	0.82125	0.0895583	1122	5108	6230
10582	3/22/2012	2	1	3	0	0	4	1	1	0.52	0.5	0.83	0.0896	9	32	41	447	2	1	3	0	4	1	1	0.554167	0.531567	0.83125	0.117562	1334	5537	6871
10583	3/22/2012	2	1	3	1	0	4	1	1	0.52	0.5	0.83	0.0896	14	16	30	447	2	1	3	0	4	1	1	0.554167	0.531567	0.83125	0.117562	1334	5537	6871
10584	3/22/2012	2	1	3	2	0	4	1	1	0.52	0.5	0.83	0.0896	1	5	6	447	2	1	3	0	4	1	1	0.554167	0.531567	0.83125	0.117562	1334	5537	6871
10585	3/22/2012	2	1	3	3	0	4	1	1	0.52	0.5	0.83	0.0896	0	7	7	447	2	1	3	0	4	1	1	0.554167	0.531567	0.83125	0.117562	1334	5537	6871
10586	3/22/2012	2	1	3	4	0	4	1	2	0.48	0.4697	1	0.0896	0	6	6	447	2	1	3	0	4	1	1	0.554167	0.531567	0.83125	0.117562	1334	5537	6871
10587	3/22/2012	2	1	3	5	0	4	1	2	0.48	0.4697	1	0.0896	2	32	34	447	2	1	3	0	4	1	1	0.554167	0.531567	0.83125	0.117562	1334	5537	6871
10588	3/22/2012	2	1	3	6	0	4	1	2	0.48	0.4697	1	0.0896	10	126	136	447	2	1	3	0	4	1	1	0.554167	0.531567	0.83125	0.117562	1334	5537	6871
10589	3/22/2012	2	1	3	7	0	4	1	2	0.48	0.4697	1	0.0896	29	332	361	447	2	1	3	0	4	1	1	0.554167	0.531567	0.83125	0.117562	1334	5537	6871
10590	3/22/2012	2	1	3	8	0	4	1	2	0.5	0.4848	0.94	0.0896	51	598	649	447	2	1	3	0	4	1	1	0.554167	0.531567	0.83125	0.117562	1334	5537	6871
10591	3/22/2012	2	1	3	9	0	4	1	2	0.5	0.4848	0.94	0.0896	41	277	318	447	2	1	3	0	4	1	1	0.554167	0.531567	0.83125	0.117562	1334	5537	6871
10592	3/22/2012	2	1	3	10	0	4	1	2	0.5	0.4848	1	0.0896	32	110	142	447	2	1	3	0	4	1	1	0.554167	0.531567	0.83125	0.117562	1334	5537	6871
10593	3/22/2012	2	1	3	11	0	4	1	2	0.52	0.5	0.94	0	53	166	219	447	2	1	3	0	4	1	1	0.554167	0.531567	0.83125	0.117562	1334	5537	6871
10594	3/22/2012	2	1	3	12	0	4	1	2	0.54	0.5152	0.88	0.194	48	224	272	447	2	1	3	0	4	1	1	0.554167	0.531567	0.83125	0.117562	1334	5537	6871
10595	3/22/2012	2	1	3	13	0	4	1	1	0.58	0.5455	0.78	0.0896	83	215	298	447	2	1	3	0	4	1	1	0.554167	0.531567	0.83125	0.117562	1334	5537	6871
10596	3/22/2012	2	1	3	14	0	4	1	1	0.6	0.5909	0.73	0.1045	96	161	257	447	2	1	3	0	4	1	1	0.554167	0.531567	0.83125	0.117562	1334	5537	6871
10597	3/22/2012	2	1	3	15	0	4	1	1	0.62	0.6061	0.69	0.194	102	202	304	447	2	1	3	0	4	1	1	0.554167	0.531567	0.83125	0.117562	1334	5537	6871
10598	3/22/2012	2	1	3	16	0	4	1	1	0.64	0.6061	0.65	0.194	125	300	425	447	2	1	3	0	4	1	1	0.554167	0.531567	0.83125	0.117562	1334	5537	6871
10599	3/22/2012	2	1	3	17	0	4	1	1	0.66	0.6212	0.65	0.1642	154	656	810	447	2	1	3	0	4	1	1	0.554167	0.531567	0.83125	0.117562	1334	5537	6871
10600	3/22/2012	2	1	3	18	0	4	1	1	0.66	0.6212	0.65	0.1642	147	654	801	447	2	1	3	0	4	1	1	0.554167	0.531567	0.83125	0.117562	1334	5537	6871
10601	3/22/2012	2	1	3	19	0	4	1	1	0.66	0.6212	0.61	0	117	469	586	447	2	1	3	0	4	1	1	0.554167	0.531567	0.83125	0.117562	1334	5537	6871
10602	3/22/2012	2	1	3	20	0	4	1	1	0.62	0.5909	0.73	0.2836	64	360	424	447	2	1	3	0	4	1	1	0.554167	0.531567	0.83125	0.117562	1334	5537	6871
10603	3/22/2012	2	1	3	21	0	4	1	1	0.58	0.5455	0.78	0.1642	66	308	374	447	2	1	3	0	4	1	1	0.554167	0.531567	0.83125	0.117562	1334	5537	6871
10604	3/22/2012	2	1	3	22	0	4	1	1	0.56	0.5303	0.83	0.194	56	164	220	447	2	1	3	0	4	1	1	0.554167	0.531567	0.83125	0.117562	1334	5537	6871
10605	3/22/2012	2	1	3	23	0	4	1	1	0.56	0.5303	0.83	0.0896	34	117	151	447	2	1	3	0	4	1	1	0.554167	0.531567	0.83125	0.117562	1334	5537	6871
10606	3/23/2012	2	1	3	0	0	5	1	1	0.56	0.5303	0.83	0	30	65	95	448	2	1	3	0	5	1	2	0.601667	0.570067	0.694167	0.1163	2469	5893	8362
10607	3/23/2012	2	1	3	1	0	5	1	1	0.54	0.5152	0.88	0	18	32	50	448	2	1	3	0	5	1	2	0.601667	0.570067	0.694167	0.1163	2469	5893	8362
10608	3/23/2012	2	1	3	2	0	5	1	1	0.54	0.5152	0.88	0.0896	12	20	32	448	2	1	3	0	5	1	2	0.601667	0.570067	0.694167	0.1163	2469	5893	8362
10609	3/23/2012	2	1	3	3	0	5	1	1	0.52	0.5	0.88	0.1045	4	6	10	448	2	1	3	0	5	1	2	0.601667	0.570067	0.694167	0.1163	2469	5893	8362
10610	3/23/2012	2	1	3	4	0	5	1	2	0.5	0.4848	0.94	0.1045	0	3	3	448	2	1	3	0	5	1	2	0.601667	0.570067	0.694167	0.1163	2469	5893	8362
10611	3/23/2012	2	1	3	5	0	5	1	2	0.5	0.4848	0.94	0	5	29	34	448	2	1	3	0	5	1	2	0.601667	0.570067	0.694167	0.1163	2469	5893	8362
10612	3/23/2012	2	1	3	6	0	5	1	2	0.5	0.4848	0.88	0	6	110	116	448	2	1	3	0	5	1	2	0.601667	0.570067	0.694167	0.1163	2469	5893	8362
10613	3/23/2012	2	1	3	7	0	5	1	2	0.5	0.4848	0.93	0.1343	28	318	346	448	2	1	3	0	5	1	2	0.601667	0.570067	0.694167	0.1163	2469	5893	8362
10614	3/23/2012	2	1	3	8	0	5	1	2	0.5	0.4848	0.94	0.1343	47	615	662	448	2	1	3	0	5	1	2	0.601667	0.570067	0.694167	0.1163	2469	5893	8362
10615	3/23/2012	2	1	3	9	0	5	1	2	0.52	0.5	0.9	0.0896	75	305	380	448	2	1	3	0	5	1	2	0.601667	0.570067	0.694167	0.1163	2469	5893	8362
10616	3/23/2012	2	1	3	10	0	5	1	2	0.56	0.5303	0.88	0.1045	125	150	275	448	2	1	3	0	5	1	2	0.601667	0.570067	0.694167	0.1163	2469	5893	8362
10617	3/23/2012	2	1	3	11	0	5	1	2	0.62	0.5909	0.73	0.1045	131	187	318	448	2	1	3	0	5	1	2	0.601667	0.570067	0.694167	0.1163	2469	5893	8362
10618	3/23/2012	2	1	3	12	0	5	1	2	0.66	0.6212	0.61	0.2239	199	272	471	448	2	1	3	0	5	1	2	0.601667	0.570067	0.694167	0.1163	2469	5893	8362
10619	3/23/2012	2	1	3	13	0	5	1	2	0.7	0.6515	0.48	0	172	256	428	448	2	1	3	0	5	1	2	0.601667	0.570067	0.694167	0.1163	2469	5893	8362
10620	3/23/2012	2	1	3	14	0	5	1	2	0.72	0.6515	0.42	0.1045	208	224	432	448	2	1	3	0	5	1	2	0.601667	0.570067	0.694167	0.1163	2469	5893	8362
10621	3/23/2012	2	1	3	15	0	5	1	2	0.72	0.6515	0.42	0.1343	191	281	472	448	2	1	3	0	5	1	2	0.601667	0.570067	0.694167	0.1163	2469	5893	8362
10622	3/23/2012	2	1	3	16	0	5	1	2	0.72	0.6515	0.42	0.1642	219	370	589	448	2	1	3	0	5	1	2	0.601667	0.570067	0.694167	0.1163	2469	5893	8362
10623	3/23/2012	2	1	3	17	0	5	1	2	0.72	0.6515	0.42	0.1642	264	693	957	448	2	1	3	0	5	1	2	0.601667	0.570067	0.694167	0.1163	2469	5893	8362
10624	3/23/2012	2	1	3	18	0	5	1	1	0.7	0.6364	0.45	0.1642	237	593	830	448	2	1	3	0	5	1	2	0.601667	0.570067	0.694167	0.1163	2469	5893	8362
10625	3/23/2012	2	1	3	19	0	5	1	1	0.66	0.6212	0.5	0.194	213	473	686	448	2	1	3	0	5	1	2	0.601667	0.570067	0.694167	0.1163	2469	5893	8362
10626	3/23/2012	2	1	3	20	0	5	1	1	0.66	0.6212	0.47	0.1343	117	328	445	448	2	1	3	0	5	1	2	0.601667	0.570067	0.694167	0.1163	2469	5893	8362
10627	3/23/2012	2	1	3	21	0	5	1	1	0.62	0.6212	0.53	0.1045	64	220	284	448	2	1	3	0	5	1	2	0.601667	0.570067	0.694167	0.1163	2469	5893	8362
10628	3/23/2012	2	1	3	22	0	5	1	1	0.6	0.6061	0.64	0.2836	53	218	271	448	2	1	3	0	5	1	2	0.601667	0.570067	0.694167	0.1163	2469	5893	8362
10629	3/23/2012	2	1	3	23	0	5	1	1	0.6	0.5909	0.69	0.2537	51	125	176	448	2	1	3	0	5	1	2	0.601667	0.570067	0.694167	0.1163	2469	5893	8362
10630	3/24/2012	2	1	3	0	0	6	0	1	0.58	0.5455	0.68	0	45	111	156	449	2	1	3	0	6	0	2	0.5025	0.486733	0.885417	0.192783	1033	2339	3372
10631	3/24/2012	2	1	3	1	0	6	0	1	0.56	0.5303	0.73	0.0896	20	108	128	449	2	1	3	0	6	0	2	0.5025	0.486733	0.885417	0.192783	1033	2339	3372
10632	3/24/2012	2	1	3	2	0	6	0	1	0.54	0.5152	0.77	0.1045	14	55	69	449	2	1	3	0	6	0	2	0.5025	0.486733	0.885417	0.192783	1033	2339	3372
10633	3/24/2012	2	1	3	3	0	6	0	1	0.54	0.5152	0.77	0.1045	10	22	32	449	2	1	3	0	6	0	2	0.5025	0.486733	0.885417	0.192783	1033	2339	3372
10634	3/24/2012	2	1	3	4	0	6	0	1	0.52	0.5	0.83	0.0896	1	6	7	449	2	1	3	0	6	0	2	0.5025	0.486733	0.885417	0.192783	1033	2339	3372
10635	3/24/2012	2	1	3	5	0	6	0	2	0.52	0.5	0.83	0.1642	0	4	4	449	2	1	3	0	6	0	2	0.5025	0.486733	0.885417	0.192783	1033	2339	3372
10636	3/24/2012	2	1	3	6	0	6	0	2	0.52	0.5	0.83	0.1642	4	24	28	449	2	1	3	0	6	0	2	0.5025	0.486733	0.885417	0.192783	1033	2339	3372
10637	3/24/2012	2	1	3	7	0	6	0	2	0.5	0.4848	0.88	0.1343	25	45	70	449	2	1	3	0	6	0	2	0.5025	0.486733	0.885417	0.192783	1033	2339	3372
10638	3/24/2012	2	1	3	8	0	6	0	2	0.5	0.4848	0.94	0.194	41	113	154	449	2	1	3	0	6	0	2	0.5025	0.486733	0.885417	0.192783	1033	2339	3372
10639	3/24/2012	2	1	3	9	0	6	0	2	0.52	0.5	0.83	0.1343	96	153	249	449	2	1	3	0	6	0	2	0.5025	0.486733	0.885417	0.192783	1033	2339	3372
10640	3/24/2012	2	1	3	10	0	6	0	2	0.52	0.5	0.88	0.194	148	197	345	449	2	1	3	0	6	0	2	0.5025	0.486733	0.885417	0.192783	1033	2339	3372
10641	3/24/2012	2	1	3	11	0	6	0	2	0.5	0.4848	0.94	0.194	98	175	273	449	2	1	3	0	6	0	2	0.5025	0.486733	0.885417	0.192783	1033	2339	3372
10642	3/24/2012	2	1	3	12	0	6	0	3	0.52	0.5	0.94	0.2239	61	122	183	449	2	1	3	0	6	0	2	0.5025	0.486733	0.885417	0.192783	1033	2339	3372
10643	3/24/2012	2	1	3	13	0	6	0	3	0.52	0.5	0.94	0.2537	62	134	196	449	2	1	3	0	6	0	2	0.5025	0.486733	0.885417	0.192783	1033	2339	3372
10644	3/24/2012	2	1	3	14	0	6	0	3	0.52	0.5	0.88	0.3582	63	160	223	449	2	1	3	0	6	0	2	0.5025	0.486733	0.885417	0.192783	1033	2339	3372
10645	3/24/2012	2	1	3	15	0	6	0	3	0.5	0.4848	0.94	0.4179	118	172	290	449	2	1	3	0	6	0	2	0.5025	0.486733	0.885417	0.192783	1033	2339	3372
10646	3/24/2012	2	1	3	16	0	6	0	3	0.5	0.4848	0.94	0.2985	49	128	177	449	2	1	3	0	6	0	2	0.5025	0.486733	0.885417	0.192783	1033	2339	3372
10647	3/24/2012	2	1	3	17	0	6	0	3	0.5	0.4848	0.88	0.2239	47	68	115	449	2	1	3	0	6	0	2	0.5025	0.486733	0.885417	0.192783	1033	2339	3372
10648	3/24/2012	2	1	3	18	0	6	0	3	0.46	0.4545	0.94	0.2239	27	110	137	449	2	1	3	0	6	0	2	0.5025	0.486733	0.885417	0.192783	1033	2339	3372
10649	3/24/2012	2	1	3	19	0	6	0	3	0.46	0.4545	0.94	0.1343	28	105	133	449	2	1	3	0	6	0	2	0.5025	0.486733	0.885417	0.192783	1033	2339	3372
10650	3/24/2012	2	1	3	20	0	6	0	3	0.44	0.4394	1	0.194	31	80	111	449	2	1	3	0	6	0	2	0.5025	0.486733	0.885417	0.192783	1033	2339	3372
10651	3/24/2012	2	1	3	21	0	6	0	3	0.44	0.4394	1	0.194	16	88	104	449	2	1	3	0	6	0	2	0.5025	0.486733	0.885417	0.192783	1033	2339	3372
10652	3/24/2012	2	1	3	22	0	6	0	3	0.44	0.4394	1	0.2537	12	71	83	449	2	1	3	0	6	0	2	0.5025	0.486733	0.885417	0.192783	1033	2339	3372
10653	3/24/2012	2	1	3	23	0	6	0	2	0.44	0.4394	0.94	0.2836	17	88	105	449	2	1	3	0	6	0	2	0.5025	0.486733	0.885417	0.192783	1033	2339	3372
10654	3/25/2012	2	1	3	0	0	0	0	2	0.44	0.4394	0.94	0.2836	18	62	80	450	2	1	3	0	0	0	2	0.4375	0.437488	0.880833	0.220775	1532	3464	4996
10655	3/25/2012	2	1	3	1	0	0	0	2	0.42	0.4242	1	0.2537	24	65	89	450	2	1	3	0	0	0	2	0.4375	0.437488	0.880833	0.220775	1532	3464	4996
10656	3/25/2012	2	1	3	2	0	0	0	3	0.42	0.4242	1	0.2985	6	29	35	450	2	1	3	0	0	0	2	0.4375	0.437488	0.880833	0.220775	1532	3464	4996
10657	3/25/2012	2	1	3	3	0	0	0	3	0.42	0.4242	0.94	0.2985	8	10	18	450	2	1	3	0	0	0	2	0.4375	0.437488	0.880833	0.220775	1532	3464	4996
10658	3/25/2012	2	1	3	4	0	0	0	2	0.42	0.4242	0.94	0.3284	1	7	8	450	2	1	3	0	0	0	2	0.4375	0.437488	0.880833	0.220775	1532	3464	4996
10659	3/25/2012	2	1	3	5	0	0	0	2	0.4	0.4091	1	0.2537	0	6	6	450	2	1	3	0	0	0	2	0.4375	0.437488	0.880833	0.220775	1532	3464	4996
10660	3/25/2012	2	1	3	6	0	0	0	2	0.4	0.4091	1	0.2537	5	13	18	450	2	1	3	0	0	0	2	0.4375	0.437488	0.880833	0.220775	1532	3464	4996
10661	3/25/2012	2	1	3	7	0	0	0	2	0.4	0.4091	0.94	0.3284	14	25	39	450	2	1	3	0	0	0	2	0.4375	0.437488	0.880833	0.220775	1532	3464	4996
10662	3/25/2012	2	1	3	8	0	0	0	2	0.4	0.4091	0.94	0.3284	21	68	89	450	2	1	3	0	0	0	2	0.4375	0.437488	0.880833	0.220775	1532	3464	4996
10663	3/25/2012	2	1	3	9	0	0	0	2	0.4	0.4091	0.94	0.2537	26	92	118	450	2	1	3	0	0	0	2	0.4375	0.437488	0.880833	0.220775	1532	3464	4996
10664	3/25/2012	2	1	3	10	0	0	0	2	0.4	0.4091	0.87	0.3284	78	172	250	450	2	1	3	0	0	0	2	0.4375	0.437488	0.880833	0.220775	1532	3464	4996
10665	3/25/2012	2	1	3	11	0	0	0	2	0.4	0.4091	0.94	0.2537	106	217	323	450	2	1	3	0	0	0	2	0.4375	0.437488	0.880833	0.220775	1532	3464	4996
10666	3/25/2012	2	1	3	12	0	0	0	2	0.4	0.4091	0.94	0.2239	122	238	360	450	2	1	3	0	0	0	2	0.4375	0.437488	0.880833	0.220775	1532	3464	4996
10667	3/25/2012	2	1	3	13	0	0	0	2	0.42	0.4242	0.88	0.1642	110	257	367	450	2	1	3	0	0	0	2	0.4375	0.437488	0.880833	0.220775	1532	3464	4996
10668	3/25/2012	2	1	3	14	0	0	0	2	0.44	0.4394	0.88	0.1642	123	291	414	450	2	1	3	0	0	0	2	0.4375	0.437488	0.880833	0.220775	1532	3464	4996
10669	3/25/2012	2	1	3	15	0	0	0	2	0.44	0.4394	0.88	0.194	139	282	421	450	2	1	3	0	0	0	2	0.4375	0.437488	0.880833	0.220775	1532	3464	4996
10670	3/25/2012	2	1	3	16	0	0	0	1	0.48	0.4697	0.77	0	153	339	492	450	2	1	3	0	0	0	2	0.4375	0.437488	0.880833	0.220775	1532	3464	4996
10671	3/25/2012	2	1	3	17	0	0	0	1	0.5	0.4848	0.72	0.0896	146	273	419	450	2	1	3	0	0	0	2	0.4375	0.437488	0.880833	0.220775	1532	3464	4996
10672	3/25/2012	2	1	3	18	0	0	0	1	0.5	0.4848	0.72	0.0896	202	289	491	450	2	1	3	0	0	0	2	0.4375	0.437488	0.880833	0.220775	1532	3464	4996
10673	3/25/2012	2	1	3	19	0	0	0	1	0.5	0.4848	0.72	0.2537	114	261	375	450	2	1	3	0	0	0	2	0.4375	0.437488	0.880833	0.220775	1532	3464	4996
10674	3/25/2012	2	1	3	20	0	0	0	1	0.48	0.4697	0.77	0.2239	63	196	259	450	2	1	3	0	0	0	2	0.4375	0.437488	0.880833	0.220775	1532	3464	4996
10675	3/25/2012	2	1	3	21	0	0	0	1	0.48	0.4697	0.77	0.1642	25	124	149	450	2	1	3	0	0	0	2	0.4375	0.437488	0.880833	0.220775	1532	3464	4996
10676	3/25/2012	2	1	3	22	0	0	0	1	0.46	0.4545	0.82	0.1343	19	92	111	450	2	1	3	0	0	0	2	0.4375	0.437488	0.880833	0.220775	1532	3464	4996
10677	3/25/2012	2	1	3	23	0	0	0	1	0.48	0.4697	0.82	0.1343	9	56	65	450	2	1	3	0	0	0	2	0.4375	0.437488	0.880833	0.220775	1532	3464	4996
10678	3/26/2012	2	1	3	0	0	1	1	2	0.48	0.4697	0.82	0.1642	10	23	33	451	2	1	3	0	1	1	1	0.445833	0.43875	0.477917	0.386821	795	4763	5558
10679	3/26/2012	2	1	3	1	0	1	1	1	0.48	0.4697	0.82	0.2537	18	10	28	451	2	1	3	0	1	1	1	0.445833	0.43875	0.477917	0.386821	795	4763	5558
10680	3/26/2012	2	1	3	2	0	1	1	1	0.46	0.4545	0.88	0.2239	14	6	20	451	2	1	3	0	1	1	1	0.445833	0.43875	0.477917	0.386821	795	4763	5558
10681	3/26/2012	2	1	3	3	0	1	1	1	0.46	0.4545	0.82	0.194	0	1	1	451	2	1	3	0	1	1	1	0.445833	0.43875	0.477917	0.386821	795	4763	5558
10682	3/26/2012	2	1	3	4	0	1	1	1	0.44	0.4394	0.82	0.1642	0	4	4	451	2	1	3	0	1	1	1	0.445833	0.43875	0.477917	0.386821	795	4763	5558
10683	3/26/2012	2	1	3	5	0	1	1	1	0.44	0.4394	0.77	0.1642	0	36	36	451	2	1	3	0	1	1	1	0.445833	0.43875	0.477917	0.386821	795	4763	5558
10684	3/26/2012	2	1	3	6	0	1	1	1	0.42	0.4242	0.82	0.194	7	110	117	451	2	1	3	0	1	1	1	0.445833	0.43875	0.477917	0.386821	795	4763	5558
10685	3/26/2012	2	1	3	7	0	1	1	1	0.44	0.4394	0.72	0.194	15	355	370	451	2	1	3	0	1	1	1	0.445833	0.43875	0.477917	0.386821	795	4763	5558
10686	3/26/2012	2	1	3	8	0	1	1	1	0.44	0.4394	0.62	0.2239	32	625	657	451	2	1	3	0	1	1	1	0.445833	0.43875	0.477917	0.386821	795	4763	5558
10687	3/26/2012	2	1	3	9	0	1	1	1	0.46	0.4545	0.47	0.2836	37	245	282	451	2	1	3	0	1	1	1	0.445833	0.43875	0.477917	0.386821	795	4763	5558
10688	3/26/2012	2	1	3	10	0	1	1	1	0.5	0.4848	0.36	0.5821	55	98	153	451	2	1	3	0	1	1	1	0.445833	0.43875	0.477917	0.386821	795	4763	5558
10689	3/26/2012	2	1	3	11	0	1	1	1	0.48	0.4697	0.31	0.5821	47	131	178	451	2	1	3	0	1	1	1	0.445833	0.43875	0.477917	0.386821	795	4763	5558
10690	3/26/2012	2	1	3	12	0	1	1	1	0.48	0.4697	0.33	0.5224	63	216	279	451	2	1	3	0	1	1	1	0.445833	0.43875	0.477917	0.386821	795	4763	5558
10691	3/26/2012	2	1	3	13	0	1	1	1	0.48	0.4697	0.29	0.6866	79	222	301	451	2	1	3	0	1	1	1	0.445833	0.43875	0.477917	0.386821	795	4763	5558
10692	3/26/2012	2	1	3	14	0	1	1	1	0.48	0.4697	0.33	0.4478	58	159	217	451	2	1	3	0	1	1	1	0.445833	0.43875	0.477917	0.386821	795	4763	5558
10693	3/26/2012	2	1	3	15	0	1	1	1	0.48	0.4697	0.29	0.6119	66	157	223	451	2	1	3	0	1	1	1	0.445833	0.43875	0.477917	0.386821	795	4763	5558
10694	3/26/2012	2	1	3	16	0	1	1	1	0.48	0.4697	0.25	0.6418	60	245	305	451	2	1	3	0	1	1	1	0.445833	0.43875	0.477917	0.386821	795	4763	5558
10695	3/26/2012	2	1	3	17	0	1	1	1	0.46	0.4545	0.24	0.4478	65	599	664	451	2	1	3	0	1	1	1	0.445833	0.43875	0.477917	0.386821	795	4763	5558
10696	3/26/2012	2	1	3	18	0	1	1	1	0.44	0.4394	0.26	0.4478	90	594	684	451	2	1	3	0	1	1	1	0.445833	0.43875	0.477917	0.386821	795	4763	5558
10697	3/26/2012	2	1	3	19	0	1	1	1	0.42	0.4242	0.24	0.3582	41	417	458	451	2	1	3	0	1	1	1	0.445833	0.43875	0.477917	0.386821	795	4763	5558
10698	3/26/2012	2	1	3	20	0	1	1	1	0.4	0.4091	0.26	0.5224	12	209	221	451	2	1	3	0	1	1	1	0.445833	0.43875	0.477917	0.386821	795	4763	5558
10699	3/26/2012	2	1	3	21	0	1	1	1	0.38	0.3939	0.25	0.4925	11	175	186	451	2	1	3	0	1	1	1	0.445833	0.43875	0.477917	0.386821	795	4763	5558
10700	3/26/2012	2	1	3	22	0	1	1	1	0.36	0.3333	0.25	0.3582	13	80	93	451	2	1	3	0	1	1	1	0.445833	0.43875	0.477917	0.386821	795	4763	5558
10701	3/26/2012	2	1	3	23	0	1	1	1	0.34	0.2879	0.25	0.5224	2	46	48	451	2	1	3	0	1	1	1	0.445833	0.43875	0.477917	0.386821	795	4763	5558
10702	3/27/2012	2	1	3	0	0	2	1	1	0.32	0.2879	0.26	0.5224	1	9	10	452	2	1	3	0	2	1	1	0.323333	0.315654	0.29	0.187192	531	4571	5102
10703	3/27/2012	2	1	3	1	0	2	1	1	0.3	0.2727	0.26	0.4627	1	4	5	452	2	1	3	0	2	1	1	0.323333	0.315654	0.29	0.187192	531	4571	5102
10704	3/27/2012	2	1	3	2	0	2	1	1	0.26	0.2273	0.3	0.2985	1	6	7	452	2	1	3	0	2	1	1	0.323333	0.315654	0.29	0.187192	531	4571	5102
10705	3/27/2012	2	1	3	3	0	2	1	1	0.26	0.2273	0.3	0.3284	0	4	4	452	2	1	3	0	2	1	1	0.323333	0.315654	0.29	0.187192	531	4571	5102
10706	3/27/2012	2	1	3	4	0	2	1	1	0.24	0.2121	0.32	0.3582	0	3	3	452	2	1	3	0	2	1	1	0.323333	0.315654	0.29	0.187192	531	4571	5102
10707	3/27/2012	2	1	3	5	0	2	1	1	0.22	0.2121	0.37	0.2836	1	16	17	452	2	1	3	0	2	1	1	0.323333	0.315654	0.29	0.187192	531	4571	5102
10708	3/27/2012	2	1	3	6	0	2	1	1	0.22	0.2273	0.37	0.194	5	96	101	452	2	1	3	0	2	1	1	0.323333	0.315654	0.29	0.187192	531	4571	5102
10709	3/27/2012	2	1	3	7	0	2	1	1	0.22	0.2273	0.37	0.194	9	277	286	452	2	1	3	0	2	1	1	0.323333	0.315654	0.29	0.187192	531	4571	5102
10710	3/27/2012	2	1	3	8	0	2	1	1	0.22	0.2121	0.37	0.2985	14	567	581	452	2	1	3	0	2	1	1	0.323333	0.315654	0.29	0.187192	531	4571	5102
10711	3/27/2012	2	1	3	9	0	2	1	1	0.24	0.2273	0.38	0.194	8	259	267	452	2	1	3	0	2	1	1	0.323333	0.315654	0.29	0.187192	531	4571	5102
10712	3/27/2012	2	1	3	10	0	2	1	1	0.26	0.2576	0.35	0.2239	20	118	138	452	2	1	3	0	2	1	1	0.323333	0.315654	0.29	0.187192	531	4571	5102
10713	3/27/2012	2	1	3	11	0	2	1	1	0.3	0.303	0.31	0.1642	34	141	175	452	2	1	3	0	2	1	1	0.323333	0.315654	0.29	0.187192	531	4571	5102
10714	3/27/2012	2	1	3	12	0	2	1	1	0.32	0.3182	0.31	0.1642	34	186	220	452	2	1	3	0	2	1	1	0.323333	0.315654	0.29	0.187192	531	4571	5102
10715	3/27/2012	2	1	3	13	0	2	1	1	0.36	0.3485	0.27	0	46	165	211	452	2	1	3	0	2	1	1	0.323333	0.315654	0.29	0.187192	531	4571	5102
10716	3/27/2012	2	1	3	14	0	2	1	1	0.4	0.4091	0.24	0.1343	37	147	184	452	2	1	3	0	2	1	1	0.323333	0.315654	0.29	0.187192	531	4571	5102
10717	3/27/2012	2	1	3	15	0	2	1	1	0.42	0.4242	0.2	0	42	158	200	452	2	1	3	0	2	1	1	0.323333	0.315654	0.29	0.187192	531	4571	5102
10718	3/27/2012	2	1	3	16	0	2	1	1	0.42	0.4242	0.2	0	38	267	305	452	2	1	3	0	2	1	1	0.323333	0.315654	0.29	0.187192	531	4571	5102
10719	3/27/2012	2	1	3	17	0	2	1	1	0.44	0.4394	0.16	0	72	542	614	452	2	1	3	0	2	1	1	0.323333	0.315654	0.29	0.187192	531	4571	5102
10720	3/27/2012	2	1	3	18	0	2	1	1	0.42	0.4242	0.17	0.0896	67	577	644	452	2	1	3	0	2	1	1	0.323333	0.315654	0.29	0.187192	531	4571	5102
10721	3/27/2012	2	1	3	19	0	2	1	1	0.42	0.4242	0.17	0	40	377	417	452	2	1	3	0	2	1	1	0.323333	0.315654	0.29	0.187192	531	4571	5102
10722	3/27/2012	2	1	3	20	0	2	1	1	0.42	0.4242	0.17	0.0896	28	266	294	452	2	1	3	0	2	1	1	0.323333	0.315654	0.29	0.187192	531	4571	5102
10723	3/27/2012	2	1	3	21	0	2	1	1	0.36	0.3485	0.37	0.1642	21	200	221	452	2	1	3	0	2	1	1	0.323333	0.315654	0.29	0.187192	531	4571	5102
10724	3/27/2012	2	1	3	22	0	2	1	1	0.36	0.3485	0.37	0.1343	7	127	134	452	2	1	3	0	2	1	1	0.323333	0.315654	0.29	0.187192	531	4571	5102
10725	3/27/2012	2	1	3	23	0	2	1	1	0.36	0.3485	0.37	0.194	5	59	64	452	2	1	3	0	2	1	1	0.323333	0.315654	0.29	0.187192	531	4571	5102
10726	3/28/2012	2	1	3	0	0	3	1	1	0.36	0.3333	0.4	0.2836	1	29	30	453	2	1	3	0	3	1	1	0.484167	0.47095	0.48125	0.291671	674	5024	5698
10727	3/28/2012	2	1	3	1	0	3	1	1	0.36	0.3333	0.46	0.2985	0	8	8	453	2	1	3	0	3	1	1	0.484167	0.47095	0.48125	0.291671	674	5024	5698
10728	3/28/2012	2	1	3	2	0	3	1	1	0.34	0.303	0.49	0.2985	0	3	3	453	2	1	3	0	3	1	1	0.484167	0.47095	0.48125	0.291671	674	5024	5698
10729	3/28/2012	2	1	3	3	0	3	1	1	0.34	0.303	0.42	0.3284	1	4	5	453	2	1	3	0	3	1	1	0.484167	0.47095	0.48125	0.291671	674	5024	5698
10730	3/28/2012	2	1	3	4	0	3	1	1	0.36	0.3333	0.43	0.2985	1	0	1	453	2	1	3	0	3	1	1	0.484167	0.47095	0.48125	0.291671	674	5024	5698
10731	3/28/2012	2	1	3	5	0	3	1	1	0.36	0.3333	0.43	0.2985	2	38	40	453	2	1	3	0	3	1	1	0.484167	0.47095	0.48125	0.291671	674	5024	5698
10732	3/28/2012	2	1	3	6	0	3	1	1	0.36	0.3333	0.46	0.3582	4	111	115	453	2	1	3	0	3	1	1	0.484167	0.47095	0.48125	0.291671	674	5024	5698
10733	3/28/2012	2	1	3	7	0	3	1	1	0.36	0.3333	0.46	0.3284	10	348	358	453	2	1	3	0	3	1	1	0.484167	0.47095	0.48125	0.291671	674	5024	5698
10734	3/28/2012	2	1	3	8	0	3	1	1	0.38	0.3939	0.46	0.3582	19	639	658	453	2	1	3	0	3	1	1	0.484167	0.47095	0.48125	0.291671	674	5024	5698
10735	3/28/2012	2	1	3	9	0	3	1	1	0.4	0.4091	0.43	0.4478	16	298	314	453	2	1	3	0	3	1	1	0.484167	0.47095	0.48125	0.291671	674	5024	5698
10736	3/28/2012	2	1	3	10	0	3	1	1	0.46	0.4545	0.41	0.4179	33	140	173	453	2	1	3	0	3	1	1	0.484167	0.47095	0.48125	0.291671	674	5024	5698
10737	3/28/2012	2	1	3	11	0	3	1	1	0.5	0.4848	0.42	0.3881	54	168	222	453	2	1	3	0	3	1	1	0.484167	0.47095	0.48125	0.291671	674	5024	5698
10738	3/28/2012	2	1	3	12	0	3	1	2	0.54	0.5152	0.39	0.3582	50	218	268	453	2	1	3	0	3	1	1	0.484167	0.47095	0.48125	0.291671	674	5024	5698
10739	3/28/2012	2	1	3	13	0	3	1	1	0.56	0.5303	0.43	0.3284	60	213	273	453	2	1	3	0	3	1	1	0.484167	0.47095	0.48125	0.291671	674	5024	5698
10740	3/28/2012	2	1	3	14	0	3	1	1	0.62	0.6212	0.38	0.3582	52	169	221	453	2	1	3	0	3	1	1	0.484167	0.47095	0.48125	0.291671	674	5024	5698
10741	3/28/2012	2	1	3	15	0	3	1	2	0.62	0.6212	0.41	0.2985	47	152	199	453	2	1	3	0	3	1	1	0.484167	0.47095	0.48125	0.291671	674	5024	5698
10742	3/28/2012	2	1	3	16	0	3	1	3	0.62	0.6212	0.43	0.0896	51	170	221	453	2	1	3	0	3	1	1	0.484167	0.47095	0.48125	0.291671	674	5024	5698
10743	3/28/2012	2	1	3	17	0	3	1	1	0.6	0.6061	0.6	0.2239	72	532	604	453	2	1	3	0	3	1	1	0.484167	0.47095	0.48125	0.291671	674	5024	5698
10744	3/28/2012	2	1	3	18	0	3	1	1	0.6	0.6061	0.6	0.2239	61	580	641	453	2	1	3	0	3	1	1	0.484167	0.47095	0.48125	0.291671	674	5024	5698
10745	3/28/2012	2	1	3	19	0	3	1	1	0.6	0.6212	0.56	0.194	41	415	456	453	2	1	3	0	3	1	1	0.484167	0.47095	0.48125	0.291671	674	5024	5698
10746	3/28/2012	2	1	3	20	0	3	1	1	0.6	0.6212	0.56	0.2985	38	324	362	453	2	1	3	0	3	1	1	0.484167	0.47095	0.48125	0.291671	674	5024	5698
10747	3/28/2012	2	1	3	21	0	3	1	1	0.58	0.5455	0.6	0.2537	28	233	261	453	2	1	3	0	3	1	1	0.484167	0.47095	0.48125	0.291671	674	5024	5698
10748	3/28/2012	2	1	3	22	0	3	1	1	0.56	0.5303	0.64	0.1343	21	151	172	453	2	1	3	0	3	1	1	0.484167	0.47095	0.48125	0.291671	674	5024	5698
10749	3/28/2012	2	1	3	23	0	3	1	1	0.54	0.5152	0.68	0.1343	12	81	93	453	2	1	3	0	3	1	1	0.484167	0.47095	0.48125	0.291671	674	5024	5698
10750	3/29/2012	2	1	3	0	0	4	1	1	0.54	0.5152	0.68	0.194	10	38	48	454	2	1	3	0	4	1	1	0.494167	0.482304	0.439167	0.31965	834	5299	6133
10751	3/29/2012	2	1	3	1	0	4	1	1	0.56	0.5303	0.6	0.1343	15	18	33	454	2	1	3	0	4	1	1	0.494167	0.482304	0.439167	0.31965	834	5299	6133
10752	3/29/2012	2	1	3	2	0	4	1	1	0.6	0.6061	0.28	0.2985	0	6	6	454	2	1	3	0	4	1	1	0.494167	0.482304	0.439167	0.31965	834	5299	6133
10753	3/29/2012	2	1	3	3	0	4	1	1	0.58	0.5455	0.28	0.2537	1	4	5	454	2	1	3	0	4	1	1	0.494167	0.482304	0.439167	0.31965	834	5299	6133
10754	3/29/2012	2	1	3	4	0	4	1	1	0.52	0.5	0.36	0.2537	1	8	9	454	2	1	3	0	4	1	1	0.494167	0.482304	0.439167	0.31965	834	5299	6133
10755	3/29/2012	2	1	3	5	0	4	1	1	0.5	0.4848	0.45	0.2239	2	30	32	454	2	1	3	0	4	1	1	0.494167	0.482304	0.439167	0.31965	834	5299	6133
10756	3/29/2012	2	1	3	6	0	4	1	1	0.46	0.4545	0.59	0.2537	3	114	117	454	2	1	3	0	4	1	1	0.494167	0.482304	0.439167	0.31965	834	5299	6133
10757	3/29/2012	2	1	3	7	0	4	1	1	0.46	0.4545	0.51	0.3582	14	353	367	454	2	1	3	0	4	1	1	0.494167	0.482304	0.439167	0.31965	834	5299	6133
10758	3/29/2012	2	1	3	8	0	4	1	1	0.46	0.4545	0.47	0.4179	26	628	654	454	2	1	3	0	4	1	1	0.494167	0.482304	0.439167	0.31965	834	5299	6133
10759	3/29/2012	2	1	3	9	0	4	1	1	0.48	0.4697	0.48	0.4179	22	299	321	454	2	1	3	0	4	1	1	0.494167	0.482304	0.439167	0.31965	834	5299	6133
10760	3/29/2012	2	1	3	10	0	4	1	1	0.46	0.4545	0.47	0.4478	42	124	166	454	2	1	3	0	4	1	1	0.494167	0.482304	0.439167	0.31965	834	5299	6133
10761	3/29/2012	2	1	3	11	0	4	1	1	0.5	0.4848	0.45	0.4179	54	166	220	454	2	1	3	0	4	1	1	0.494167	0.482304	0.439167	0.31965	834	5299	6133
10762	3/29/2012	2	1	3	12	0	4	1	1	0.5	0.4848	0.42	0.4925	64	228	292	454	2	1	3	0	4	1	1	0.494167	0.482304	0.439167	0.31965	834	5299	6133
10763	3/29/2012	2	1	3	13	0	4	1	1	0.46	0.4545	0.44	0.3284	50	223	273	454	2	1	3	0	4	1	1	0.494167	0.482304	0.439167	0.31965	834	5299	6133
10764	3/29/2012	2	1	3	14	0	4	1	1	0.5	0.4848	0.42	0.3582	63	175	238	454	2	1	3	0	4	1	1	0.494167	0.482304	0.439167	0.31965	834	5299	6133
10765	3/29/2012	2	1	3	15	0	4	1	1	0.52	0.5	0.39	0.3582	109	198	307	454	2	1	3	0	4	1	1	0.494167	0.482304	0.439167	0.31965	834	5299	6133
10766	3/29/2012	2	1	3	16	0	4	1	1	0.52	0.5	0.36	0.3284	67	321	388	454	2	1	3	0	4	1	1	0.494167	0.482304	0.439167	0.31965	834	5299	6133
10767	3/29/2012	2	1	3	17	0	4	1	1	0.52	0.5	0.38	0.3881	83	620	703	454	2	1	3	0	4	1	1	0.494167	0.482304	0.439167	0.31965	834	5299	6133
10768	3/29/2012	2	1	3	18	0	4	1	1	0.5	0.4848	0.39	0.2985	83	598	681	454	2	1	3	0	4	1	1	0.494167	0.482304	0.439167	0.31965	834	5299	6133
10769	3/29/2012	2	1	3	19	0	4	1	1	0.48	0.4697	0.39	0.2836	47	421	468	454	2	1	3	0	4	1	1	0.494167	0.482304	0.439167	0.31965	834	5299	6133
10770	3/29/2012	2	1	3	20	0	4	1	1	0.46	0.4545	0.38	0.2985	34	301	335	454	2	1	3	0	4	1	1	0.494167	0.482304	0.439167	0.31965	834	5299	6133
10771	3/29/2012	2	1	3	21	0	4	1	1	0.44	0.4394	0.44	0.2836	10	214	224	454	2	1	3	0	4	1	1	0.494167	0.482304	0.439167	0.31965	834	5299	6133
10772	3/29/2012	2	1	3	22	0	4	1	1	0.42	0.4242	0.44	0.2836	17	135	152	454	2	1	3	0	4	1	1	0.494167	0.482304	0.439167	0.31965	834	5299	6133
10773	3/29/2012	2	1	3	23	0	4	1	1	0.42	0.4242	0.47	0.2985	17	77	94	454	2	1	3	0	4	1	1	0.494167	0.482304	0.439167	0.31965	834	5299	6133
10774	3/30/2012	2	1	3	0	0	5	1	1	0.4	0.4091	0.47	0.2985	10	49	59	455	2	1	3	0	5	1	2	0.37	0.375621	0.580833	0.138067	796	4663	5459
10775	3/30/2012	2	1	3	1	0	5	1	1	0.38	0.3939	0.5	0.2836	6	21	27	455	2	1	3	0	5	1	2	0.37	0.375621	0.580833	0.138067	796	4663	5459
10776	3/30/2012	2	1	3	2	0	5	1	1	0.36	0.3333	0.53	0.2985	1	6	7	455	2	1	3	0	5	1	2	0.37	0.375621	0.580833	0.138067	796	4663	5459
10777	3/30/2012	2	1	3	3	0	5	1	1	0.34	0.3333	0.61	0.1343	0	7	7	455	2	1	3	0	5	1	2	0.37	0.375621	0.580833	0.138067	796	4663	5459
10778	3/30/2012	2	1	3	4	0	5	1	1	0.34	0.3485	0.53	0.0896	1	1	2	455	2	1	3	0	5	1	2	0.37	0.375621	0.580833	0.138067	796	4663	5459
10779	3/30/2012	2	1	3	5	0	5	1	1	0.32	0.3333	0.61	0.0896	0	26	26	455	2	1	3	0	5	1	2	0.37	0.375621	0.580833	0.138067	796	4663	5459
10780	3/30/2012	2	1	3	6	0	5	1	1	0.32	0.3333	0.57	0.1343	5	81	86	455	2	1	3	0	5	1	2	0.37	0.375621	0.580833	0.138067	796	4663	5459
10781	3/30/2012	2	1	3	7	0	5	1	1	0.32	0.3182	0.57	0.1642	9	280	289	455	2	1	3	0	5	1	2	0.37	0.375621	0.580833	0.138067	796	4663	5459
10782	3/30/2012	2	1	3	8	0	5	1	1	0.32	0.3182	0.66	0.1642	38	555	593	455	2	1	3	0	5	1	2	0.37	0.375621	0.580833	0.138067	796	4663	5459
10783	3/30/2012	2	1	3	9	0	5	1	1	0.34	0.3333	0.57	0.1642	29	292	321	455	2	1	3	0	5	1	2	0.37	0.375621	0.580833	0.138067	796	4663	5459
10784	3/30/2012	2	1	3	10	0	5	1	2	0.36	0.3636	0.57	0.1045	50	137	187	455	2	1	3	0	5	1	2	0.37	0.375621	0.580833	0.138067	796	4663	5459
10785	3/30/2012	2	1	3	11	0	5	1	2	0.36	0.3788	0.53	0	48	153	201	455	2	1	3	0	5	1	2	0.37	0.375621	0.580833	0.138067	796	4663	5459
10786	3/30/2012	2	1	3	12	0	5	1	2	0.38	0.3939	0.54	0	62	208	270	455	2	1	3	0	5	1	2	0.37	0.375621	0.580833	0.138067	796	4663	5459
10787	3/30/2012	2	1	3	13	0	5	1	3	0.4	0.4091	0.5	0	44	198	242	455	2	1	3	0	5	1	2	0.37	0.375621	0.580833	0.138067	796	4663	5459
10788	3/30/2012	2	1	3	14	0	5	1	3	0.4	0.4091	0.54	0	56	173	229	455	2	1	3	0	5	1	2	0.37	0.375621	0.580833	0.138067	796	4663	5459
10789	3/30/2012	2	1	3	15	0	5	1	3	0.42	0.4242	0.54	0	73	207	280	455	2	1	3	0	5	1	2	0.37	0.375621	0.580833	0.138067	796	4663	5459
10790	3/30/2012	2	1	3	16	0	5	1	3	0.4	0.4091	0.62	0.2836	75	292	367	455	2	1	3	0	5	1	2	0.37	0.375621	0.580833	0.138067	796	4663	5459
10791	3/30/2012	2	1	3	17	0	5	1	2	0.4	0.4091	0.62	0.2239	93	513	606	455	2	1	3	0	5	1	2	0.37	0.375621	0.580833	0.138067	796	4663	5459
10792	3/30/2012	2	1	3	18	0	5	1	1	0.42	0.4242	0.54	0.194	68	492	560	455	2	1	3	0	5	1	2	0.37	0.375621	0.580833	0.138067	796	4663	5459
10793	3/30/2012	2	1	3	19	0	5	1	1	0.4	0.4091	0.62	0.2239	42	353	395	455	2	1	3	0	5	1	2	0.37	0.375621	0.580833	0.138067	796	4663	5459
10794	3/30/2012	2	1	3	20	0	5	1	1	0.4	0.4091	0.62	0.1642	17	192	209	455	2	1	3	0	5	1	2	0.37	0.375621	0.580833	0.138067	796	4663	5459
10795	3/30/2012	2	1	3	21	0	5	1	1	0.38	0.3939	0.66	0.1343	30	190	220	455	2	1	3	0	5	1	2	0.37	0.375621	0.580833	0.138067	796	4663	5459
10796	3/30/2012	2	1	3	22	0	5	1	1	0.36	0.3485	0.71	0.1642	23	130	153	455	2	1	3	0	5	1	2	0.37	0.375621	0.580833	0.138067	796	4663	5459
10797	3/30/2012	2	1	3	23	0	5	1	1	0.36	0.3788	0.71	0	16	107	123	455	2	1	3	0	5	1	2	0.37	0.375621	0.580833	0.138067	796	4663	5459
10798	3/31/2012	2	1	3	0	0	6	0	1	0.38	0.3939	0.82	0.194	12	80	92	456	2	1	3	0	6	0	2	0.424167	0.421708	0.738333	0.250617	2301	3934	6235
10799	3/31/2012	2	1	3	1	0	6	0	2	0.4	0.4091	0.76	0.194	17	65	82	456	2	1	3	0	6	0	2	0.424167	0.421708	0.738333	0.250617	2301	3934	6235
10800	3/31/2012	2	1	3	2	0	6	0	2	0.42	0.4242	0.77	0.2537	14	55	69	456	2	1	3	0	6	0	2	0.424167	0.421708	0.738333	0.250617	2301	3934	6235
10801	3/31/2012	2	1	3	3	0	6	0	1	0.4	0.4091	0.82	0.2537	10	21	31	456	2	1	3	0	6	0	2	0.424167	0.421708	0.738333	0.250617	2301	3934	6235
10802	3/31/2012	2	1	3	4	0	6	0	1	0.42	0.4242	0.77	0.4179	4	4	8	456	2	1	3	0	6	0	2	0.424167	0.421708	0.738333	0.250617	2301	3934	6235
10803	3/31/2012	2	1	3	5	0	6	0	1	0.4	0.4091	0.82	0.2239	0	5	5	456	2	1	3	0	6	0	2	0.424167	0.421708	0.738333	0.250617	2301	3934	6235
10804	3/31/2012	2	1	3	6	0	6	0	2	0.36	0.3485	0.87	0.1642	7	16	23	456	2	1	3	0	6	0	2	0.424167	0.421708	0.738333	0.250617	2301	3934	6235
10805	3/31/2012	2	1	3	7	0	6	0	2	0.36	0.3485	0.87	0.1642	5	39	44	456	2	1	3	0	6	0	2	0.424167	0.421708	0.738333	0.250617	2301	3934	6235
10806	3/31/2012	2	1	3	8	0	6	0	2	0.36	0.3485	0.87	0.194	19	126	145	456	2	1	3	0	6	0	2	0.424167	0.421708	0.738333	0.250617	2301	3934	6235
10807	3/31/2012	2	1	3	9	0	6	0	2	0.4	0.4091	0.76	0.194	62	161	223	456	2	1	3	0	6	0	2	0.424167	0.421708	0.738333	0.250617	2301	3934	6235
10808	3/31/2012	2	1	3	10	0	6	0	2	0.4	0.4091	0.76	0.1343	108	205	313	456	2	1	3	0	6	0	2	0.424167	0.421708	0.738333	0.250617	2301	3934	6235
10809	3/31/2012	2	1	3	11	0	6	0	1	0.46	0.4545	0.72	0.1343	184	279	463	456	2	1	3	0	6	0	2	0.424167	0.421708	0.738333	0.250617	2301	3934	6235
10810	3/31/2012	2	1	3	12	0	6	0	1	0.48	0.4697	0.67	0	263	358	621	456	2	1	3	0	6	0	2	0.424167	0.421708	0.738333	0.250617	2301	3934	6235
10811	3/31/2012	2	1	3	13	0	6	0	1	0.54	0.5152	0.6	0.1343	265	373	638	456	2	1	3	0	6	0	2	0.424167	0.421708	0.738333	0.250617	2301	3934	6235
10812	3/31/2012	2	1	3	14	0	6	0	2	0.5	0.4848	0.63	0.2537	240	311	551	456	2	1	3	0	6	0	2	0.424167	0.421708	0.738333	0.250617	2301	3934	6235
10813	3/31/2012	2	1	3	15	0	6	0	2	0.52	0.5	0.59	0.2836	275	330	605	456	2	1	3	0	6	0	2	0.424167	0.421708	0.738333	0.250617	2301	3934	6235
10814	3/31/2012	2	1	3	16	0	6	0	2	0.5	0.4848	0.63	0.2985	243	292	535	456	2	1	3	0	6	0	2	0.424167	0.421708	0.738333	0.250617	2301	3934	6235
10815	3/31/2012	2	1	3	17	0	6	0	1	0.48	0.4697	0.67	0.4179	238	305	543	456	2	1	3	0	6	0	2	0.424167	0.421708	0.738333	0.250617	2301	3934	6235
10816	3/31/2012	2	1	3	18	0	6	0	2	0.44	0.4394	0.72	0.4627	102	239	341	456	2	1	3	0	6	0	2	0.424167	0.421708	0.738333	0.250617	2301	3934	6235
10817	3/31/2012	2	1	3	19	0	6	0	1	0.42	0.4242	0.71	0.4478	93	191	284	456	2	1	3	0	6	0	2	0.424167	0.421708	0.738333	0.250617	2301	3934	6235
10818	3/31/2012	2	1	3	20	0	6	0	2	0.4	0.4091	0.71	0.3284	52	156	208	456	2	1	3	0	6	0	2	0.424167	0.421708	0.738333	0.250617	2301	3934	6235
10819	3/31/2012	2	1	3	21	0	6	0	2	0.4	0.4091	0.71	0.3284	36	107	143	456	2	1	3	0	6	0	2	0.424167	0.421708	0.738333	0.250617	2301	3934	6235
10820	3/31/2012	2	1	3	22	0	6	0	2	0.38	0.3939	0.71	0.2537	40	116	156	456	2	1	3	0	6	0	2	0.424167	0.421708	0.738333	0.250617	2301	3934	6235
10821	3/31/2012	2	1	3	23	0	6	0	2	0.36	0.3333	0.76	0.2836	12	100	112	456	2	1	3	0	6	0	2	0.424167	0.421708	0.738333	0.250617	2301	3934	6235
10822	4/1/2012	2	1	4	0	0	0	0	2	0.36	0.3333	0.76	0.2537	8	59	67	457	2	1	4	0	0	0	2	0.425833	0.417287	0.67625	0.172267	2347	3694	6041
10823	4/1/2012	2	1	4	1	0	0	0	2	0.36	0.3485	0.76	0.1642	13	49	62	457	2	1	4	0	0	0	2	0.425833	0.417287	0.67625	0.172267	2347	3694	6041
10824	4/1/2012	2	1	4	2	0	0	0	2	0.36	0.3485	0.76	0.1642	20	61	81	457	2	1	4	0	0	0	2	0.425833	0.417287	0.67625	0.172267	2347	3694	6041
10825	4/1/2012	2	1	4	3	0	0	0	2	0.34	0.3333	0.81	0.1343	4	21	25	457	2	1	4	0	0	0	2	0.425833	0.417287	0.67625	0.172267	2347	3694	6041
10826	4/1/2012	2	1	4	4	0	0	0	2	0.34	0.3485	0.81	0.0896	3	9	12	457	2	1	4	0	0	0	2	0.425833	0.417287	0.67625	0.172267	2347	3694	6041
10827	4/1/2012	2	1	4	5	0	0	0	2	0.34	0.3485	0.81	0.0896	8	10	18	457	2	1	4	0	0	0	2	0.425833	0.417287	0.67625	0.172267	2347	3694	6041
10828	4/1/2012	2	1	4	6	0	0	0	2	0.36	0.3485	0.76	0.1343	9	88	97	457	2	1	4	0	0	0	2	0.425833	0.417287	0.67625	0.172267	2347	3694	6041
10829	4/1/2012	2	1	4	7	0	0	0	2	0.36	0.3485	0.71	0.1343	29	55	84	457	2	1	4	0	0	0	2	0.425833	0.417287	0.67625	0.172267	2347	3694	6041
10830	4/1/2012	2	1	4	8	0	0	0	2	0.36	0.3636	0.76	0.0896	37	88	125	457	2	1	4	0	0	0	2	0.425833	0.417287	0.67625	0.172267	2347	3694	6041
10831	4/1/2012	2	1	4	9	0	0	0	2	0.36	0.3485	0.81	0.1343	102	173	275	457	2	1	4	0	0	0	2	0.425833	0.417287	0.67625	0.172267	2347	3694	6041
10832	4/1/2012	2	1	4	10	0	0	0	2	0.4	0.4091	0.71	0.1045	132	228	360	457	2	1	4	0	0	0	2	0.425833	0.417287	0.67625	0.172267	2347	3694	6041
10833	4/1/2012	2	1	4	11	0	0	0	2	0.4	0.4091	0.71	0.194	180	271	451	457	2	1	4	0	0	0	2	0.425833	0.417287	0.67625	0.172267	2347	3694	6041
10834	4/1/2012	2	1	4	12	0	0	0	2	0.42	0.4242	0.67	0.2239	187	258	445	457	2	1	4	0	0	0	2	0.425833	0.417287	0.67625	0.172267	2347	3694	6041
10835	4/1/2012	2	1	4	13	0	0	0	2	0.44	0.4394	0.62	0.194	190	274	464	457	2	1	4	0	0	0	2	0.425833	0.417287	0.67625	0.172267	2347	3694	6041
10836	4/1/2012	2	1	4	14	0	0	0	2	0.48	0.4697	0.55	0.2239	283	278	561	457	2	1	4	0	0	0	2	0.425833	0.417287	0.67625	0.172267	2347	3694	6041
10837	4/1/2012	2	1	4	15	0	0	0	1	0.5	0.4848	0.55	0.2537	295	278	573	457	2	1	4	0	0	0	2	0.425833	0.417287	0.67625	0.172267	2347	3694	6041
10838	4/1/2012	2	1	4	16	0	0	0	1	0.52	0.5	0.52	0.2537	236	275	511	457	2	1	4	0	0	0	2	0.425833	0.417287	0.67625	0.172267	2347	3694	6041
10839	4/1/2012	2	1	4	17	0	0	0	1	0.52	0.5	0.55	0.2836	232	323	555	457	2	1	4	0	0	0	2	0.425833	0.417287	0.67625	0.172267	2347	3694	6041
10840	4/1/2012	2	1	4	18	0	0	0	1	0.52	0.5	0.52	0.2985	153	279	432	457	2	1	4	0	0	0	2	0.425833	0.417287	0.67625	0.172267	2347	3694	6041
10841	4/1/2012	2	1	4	19	0	0	0	1	0.52	0.5	0.55	0.2239	110	236	346	457	2	1	4	0	0	0	2	0.425833	0.417287	0.67625	0.172267	2347	3694	6041
10842	4/1/2012	2	1	4	20	0	0	0	2	0.5	0.4848	0.59	0.2239	66	166	232	457	2	1	4	0	0	0	2	0.425833	0.417287	0.67625	0.172267	2347	3694	6041
10843	4/1/2012	2	1	4	21	0	0	0	2	0.5	0.4848	0.59	0.1642	33	101	134	457	2	1	4	0	0	0	2	0.425833	0.417287	0.67625	0.172267	2347	3694	6041
10844	4/1/2012	2	1	4	22	0	0	0	3	0.5	0.4848	0.63	0.1045	7	61	68	457	2	1	4	0	0	0	2	0.425833	0.417287	0.67625	0.172267	2347	3694	6041
10845	4/1/2012	2	1	4	23	0	0	0	3	0.46	0.4545	0.72	0	10	53	63	457	2	1	4	0	0	0	2	0.425833	0.417287	0.67625	0.172267	2347	3694	6041
10846	4/2/2012	2	1	4	0	0	1	1	3	0.44	0.4394	0.82	0.1045	6	11	17	458	2	1	4	0	1	1	1	0.433913	0.427513	0.504348	0.312139	1208	4728	5936
10847	4/2/2012	2	1	4	1	0	1	1	3	0.42	0.4242	0.88	0.0896	0	5	5	458	2	1	4	0	1	1	1	0.433913	0.427513	0.504348	0.312139	1208	4728	5936
10848	4/2/2012	2	1	4	2	0	1	1	3	0.44	0.4394	0.94	0.1343	2	3	5	458	2	1	4	0	1	1	1	0.433913	0.427513	0.504348	0.312139	1208	4728	5936
10849	4/2/2012	2	1	4	4	0	1	1	1	0.4	0.4091	0.76	0.4925	2	2	4	458	2	1	4	0	1	1	1	0.433913	0.427513	0.504348	0.312139	1208	4728	5936
10850	4/2/2012	2	1	4	5	0	1	1	1	0.4	0.4091	0.76	0.4925	2	22	24	458	2	1	4	0	1	1	1	0.433913	0.427513	0.504348	0.312139	1208	4728	5936
10851	4/2/2012	2	1	4	6	0	1	1	1	0.36	0.3182	0.71	0.4627	6	104	110	458	2	1	4	0	1	1	1	0.433913	0.427513	0.504348	0.312139	1208	4728	5936
10852	4/2/2012	2	1	4	7	0	1	1	1	0.34	0.303	0.66	0.3881	12	294	306	458	2	1	4	0	1	1	1	0.433913	0.427513	0.504348	0.312139	1208	4728	5936
10853	4/2/2012	2	1	4	8	0	1	1	1	0.36	0.3333	0.57	0.3284	36	553	589	458	2	1	4	0	1	1	1	0.433913	0.427513	0.504348	0.312139	1208	4728	5936
10854	4/2/2012	2	1	4	9	0	1	1	1	0.38	0.3939	0.54	0.3582	52	265	317	458	2	1	4	0	1	1	1	0.433913	0.427513	0.504348	0.312139	1208	4728	5936
10855	4/2/2012	2	1	4	10	0	1	1	1	0.4	0.4091	0.5	0.5224	85	119	204	458	2	1	4	0	1	1	1	0.433913	0.427513	0.504348	0.312139	1208	4728	5936
10856	4/2/2012	2	1	4	11	0	1	1	1	0.42	0.4242	0.47	0.4478	81	128	209	458	2	1	4	0	1	1	1	0.433913	0.427513	0.504348	0.312139	1208	4728	5936
10857	4/2/2012	2	1	4	12	0	1	1	1	0.44	0.4394	0.44	0.4478	100	181	281	458	2	1	4	0	1	1	1	0.433913	0.427513	0.504348	0.312139	1208	4728	5936
10858	4/2/2012	2	1	4	13	0	1	1	1	0.46	0.4545	0.36	0.2985	97	184	281	458	2	1	4	0	1	1	1	0.433913	0.427513	0.504348	0.312139	1208	4728	5936
10859	4/2/2012	2	1	4	14	0	1	1	1	0.46	0.4545	0.31	0.4179	127	141	268	458	2	1	4	0	1	1	1	0.433913	0.427513	0.504348	0.312139	1208	4728	5936
10860	4/2/2012	2	1	4	15	0	1	1	1	0.48	0.4697	0.33	0.4179	132	192	324	458	2	1	4	0	1	1	1	0.433913	0.427513	0.504348	0.312139	1208	4728	5936
10861	4/2/2012	2	1	4	16	0	1	1	1	0.5	0.4848	0.34	0.3284	104	291	395	458	2	1	4	0	1	1	1	0.433913	0.427513	0.504348	0.312139	1208	4728	5936
10862	4/2/2012	2	1	4	17	0	1	1	1	0.5	0.4848	0.29	0.2836	128	601	729	458	2	1	4	0	1	1	1	0.433913	0.427513	0.504348	0.312139	1208	4728	5936
10863	4/2/2012	2	1	4	18	0	1	1	1	0.5	0.4848	0.27	0.2537	75	543	618	458	2	1	4	0	1	1	1	0.433913	0.427513	0.504348	0.312139	1208	4728	5936
10864	4/2/2012	2	1	4	19	0	1	1	1	0.5	0.4848	0.27	0.2537	66	428	494	458	2	1	4	0	1	1	1	0.433913	0.427513	0.504348	0.312139	1208	4728	5936
10865	4/2/2012	2	1	4	20	0	1	1	1	0.46	0.4545	0.31	0.1642	48	281	329	458	2	1	4	0	1	1	1	0.433913	0.427513	0.504348	0.312139	1208	4728	5936
10866	4/2/2012	2	1	4	21	0	1	1	1	0.46	0.4545	0.28	0.1343	24	214	238	458	2	1	4	0	1	1	1	0.433913	0.427513	0.504348	0.312139	1208	4728	5936
10867	4/2/2012	2	1	4	22	0	1	1	1	0.42	0.4242	0.44	0.194	17	106	123	458	2	1	4	0	1	1	1	0.433913	0.427513	0.504348	0.312139	1208	4728	5936
10868	4/2/2012	2	1	4	23	0	1	1	1	0.44	0.4394	0.35	0.1642	6	60	66	458	2	1	4	0	1	1	1	0.433913	0.427513	0.504348	0.312139	1208	4728	5936
10869	4/3/2012	2	1	4	0	0	2	1	1	0.4	0.4091	0.43	0.1343	1	32	33	459	2	1	4	0	2	1	1	0.466667	0.461483	0.396667	0.100133	1348	5424	6772
10870	4/3/2012	2	1	4	1	0	2	1	1	0.38	0.3939	0.46	0.2239	0	11	11	459	2	1	4	0	2	1	1	0.466667	0.461483	0.396667	0.100133	1348	5424	6772
10871	4/3/2012	2	1	4	2	0	2	1	1	0.36	0.3485	0.53	0.1642	0	5	5	459	2	1	4	0	2	1	1	0.466667	0.461483	0.396667	0.100133	1348	5424	6772
10872	4/3/2012	2	1	4	3	0	2	1	1	0.38	0.3939	0.46	0	0	3	3	459	2	1	4	0	2	1	1	0.466667	0.461483	0.396667	0.100133	1348	5424	6772
10873	4/3/2012	2	1	4	4	0	2	1	1	0.32	0.3333	0.66	0.0896	0	1	1	459	2	1	4	0	2	1	1	0.466667	0.461483	0.396667	0.100133	1348	5424	6772
10874	4/3/2012	2	1	4	5	0	2	1	1	0.32	0.3333	0.66	0.0896	2	25	27	459	2	1	4	0	2	1	1	0.466667	0.461483	0.396667	0.100133	1348	5424	6772
10875	4/3/2012	2	1	4	6	0	2	1	1	0.3	0.3182	0.61	0.0896	2	98	100	459	2	1	4	0	2	1	1	0.466667	0.461483	0.396667	0.100133	1348	5424	6772
10876	4/3/2012	2	1	4	7	0	2	1	1	0.32	0.3333	0.66	0.0896	14	327	341	459	2	1	4	0	2	1	1	0.466667	0.461483	0.396667	0.100133	1348	5424	6772
10877	4/3/2012	2	1	4	8	0	2	1	1	0.34	0.3636	0.57	0	27	577	604	459	2	1	4	0	2	1	1	0.466667	0.461483	0.396667	0.100133	1348	5424	6772
10878	4/3/2012	2	1	4	9	0	2	1	1	0.42	0.4242	0.38	0.0896	54	354	408	459	2	1	4	0	2	1	1	0.466667	0.461483	0.396667	0.100133	1348	5424	6772
10879	4/3/2012	2	1	4	10	0	2	1	1	0.44	0.4394	0.33	0	77	142	219	459	2	1	4	0	2	1	1	0.466667	0.461483	0.396667	0.100133	1348	5424	6772
10880	4/3/2012	2	1	4	11	0	2	1	1	0.48	0.4697	0.23	0	91	167	258	459	2	1	4	0	2	1	1	0.466667	0.461483	0.396667	0.100133	1348	5424	6772
10881	4/3/2012	2	1	4	12	0	2	1	1	0.52	0.5	0.25	0	101	230	331	459	2	1	4	0	2	1	1	0.466667	0.461483	0.396667	0.100133	1348	5424	6772
10882	4/3/2012	2	1	4	13	0	2	1	1	0.56	0.5303	0.19	0.2537	120	225	345	459	2	1	4	0	2	1	1	0.466667	0.461483	0.396667	0.100133	1348	5424	6772
10883	4/3/2012	2	1	4	14	0	2	1	1	0.56	0.5303	0.21	0.2239	120	191	311	459	2	1	4	0	2	1	1	0.466667	0.461483	0.396667	0.100133	1348	5424	6772
10884	4/3/2012	2	1	4	15	0	2	1	1	0.6	0.5909	0.2	0.194	109	207	316	459	2	1	4	0	2	1	1	0.466667	0.461483	0.396667	0.100133	1348	5424	6772
10885	4/3/2012	2	1	4	16	0	2	1	1	0.62	0.6061	0.21	0.1642	145	340	485	459	2	1	4	0	2	1	1	0.466667	0.461483	0.396667	0.100133	1348	5424	6772
10886	4/3/2012	2	1	4	17	0	2	1	1	0.62	0.6061	0.17	0.194	123	634	757	459	2	1	4	0	2	1	1	0.466667	0.461483	0.396667	0.100133	1348	5424	6772
10887	4/3/2012	2	1	4	18	0	2	1	1	0.6	0.6061	0.26	0.1642	139	661	800	459	2	1	4	0	2	1	1	0.466667	0.461483	0.396667	0.100133	1348	5424	6772
10888	4/3/2012	2	1	4	19	0	2	1	1	0.56	0.5303	0.26	0.1045	98	460	558	459	2	1	4	0	2	1	1	0.466667	0.461483	0.396667	0.100133	1348	5424	6772
10889	4/3/2012	2	1	4	20	0	2	1	1	0.56	0.5303	0.24	0.1343	54	325	379	459	2	1	4	0	2	1	1	0.466667	0.461483	0.396667	0.100133	1348	5424	6772
10890	4/3/2012	2	1	4	21	0	2	1	1	0.54	0.5152	0.45	0	33	210	243	459	2	1	4	0	2	1	1	0.466667	0.461483	0.396667	0.100133	1348	5424	6772
10891	4/3/2012	2	1	4	22	0	2	1	1	0.5	0.4848	0.51	0	25	133	158	459	2	1	4	0	2	1	1	0.466667	0.461483	0.396667	0.100133	1348	5424	6772
10892	4/3/2012	2	1	4	23	0	2	1	1	0.5	0.4848	0.59	0	13	66	79	459	2	1	4	0	2	1	1	0.466667	0.461483	0.396667	0.100133	1348	5424	6772
10893	4/4/2012	2	1	4	0	0	3	1	1	0.48	0.4697	0.48	0	18	23	41	460	2	1	4	0	3	1	1	0.541667	0.53345	0.469583	0.180975	1058	5378	6436
10894	4/4/2012	2	1	4	1	0	3	1	1	0.46	0.4545	0.59	0	0	11	11	460	2	1	4	0	3	1	1	0.541667	0.53345	0.469583	0.180975	1058	5378	6436
10895	4/4/2012	2	1	4	2	0	3	1	1	0.46	0.4545	0.51	0	0	5	5	460	2	1	4	0	3	1	1	0.541667	0.53345	0.469583	0.180975	1058	5378	6436
10896	4/4/2012	2	1	4	3	0	3	1	1	0.44	0.4394	0.58	0.0896	0	3	3	460	2	1	4	0	3	1	1	0.541667	0.53345	0.469583	0.180975	1058	5378	6436
10897	4/4/2012	2	1	4	4	0	3	1	1	0.42	0.4242	0.67	0.0896	0	1	1	460	2	1	4	0	3	1	1	0.541667	0.53345	0.469583	0.180975	1058	5378	6436
10898	4/4/2012	2	1	4	5	0	3	1	1	0.42	0.4242	0.67	0.0896	0	27	27	460	2	1	4	0	3	1	1	0.541667	0.53345	0.469583	0.180975	1058	5378	6436
10899	4/4/2012	2	1	4	6	0	3	1	2	0.42	0.4242	0.58	0	6	120	126	460	2	1	4	0	3	1	1	0.541667	0.53345	0.469583	0.180975	1058	5378	6436
10900	4/4/2012	2	1	4	7	0	3	1	2	0.44	0.4394	0.62	0	12	354	366	460	2	1	4	0	3	1	1	0.541667	0.53345	0.469583	0.180975	1058	5378	6436
10901	4/4/2012	2	1	4	8	0	3	1	2	0.44	0.4394	0.72	0.1045	31	653	684	460	2	1	4	0	3	1	1	0.541667	0.53345	0.469583	0.180975	1058	5378	6436
10902	4/4/2012	2	1	4	9	0	3	1	2	0.48	0.4697	0.55	0.1343	47	316	363	460	2	1	4	0	3	1	1	0.541667	0.53345	0.469583	0.180975	1058	5378	6436
10903	4/4/2012	2	1	4	10	0	3	1	2	0.54	0.5152	0.45	0.1343	68	99	167	460	2	1	4	0	3	1	1	0.541667	0.53345	0.469583	0.180975	1058	5378	6436
10904	4/4/2012	2	1	4	11	0	3	1	2	0.6	0.6212	0.43	0.3582	61	152	213	460	2	1	4	0	3	1	1	0.541667	0.53345	0.469583	0.180975	1058	5378	6436
10905	4/4/2012	2	1	4	12	0	3	1	2	0.6	0.6212	0.46	0.4179	73	210	283	460	2	1	4	0	3	1	1	0.541667	0.53345	0.469583	0.180975	1058	5378	6436
10906	4/4/2012	2	1	4	13	0	3	1	2	0.6	0.6212	0.46	0.2537	70	181	251	460	2	1	4	0	3	1	1	0.541667	0.53345	0.469583	0.180975	1058	5378	6436
10907	4/4/2012	2	1	4	14	0	3	1	2	0.62	0.6212	0.46	0.194	82	176	258	460	2	1	4	0	3	1	1	0.541667	0.53345	0.469583	0.180975	1058	5378	6436
10908	4/4/2012	2	1	4	15	0	3	1	2	0.64	0.6212	0.44	0.2836	86	182	268	460	2	1	4	0	3	1	1	0.541667	0.53345	0.469583	0.180975	1058	5378	6436
10909	4/4/2012	2	1	4	16	0	3	1	2	0.64	0.6212	0.44	0.2836	86	304	390	460	2	1	4	0	3	1	1	0.541667	0.53345	0.469583	0.180975	1058	5378	6436
10910	4/4/2012	2	1	4	17	0	3	1	1	0.66	0.6212	0.41	0.2985	99	645	744	460	2	1	4	0	3	1	1	0.541667	0.53345	0.469583	0.180975	1058	5378	6436
10911	4/4/2012	2	1	4	18	0	3	1	1	0.66	0.6212	0.41	0.2537	113	646	759	460	2	1	4	0	3	1	1	0.541667	0.53345	0.469583	0.180975	1058	5378	6436
10912	4/4/2012	2	1	4	19	0	3	1	1	0.66	0.6212	0.39	0.2239	75	419	494	460	2	1	4	0	3	1	1	0.541667	0.53345	0.469583	0.180975	1058	5378	6436
10913	4/4/2012	2	1	4	20	0	3	1	1	0.64	0.6212	0.27	0.2239	39	333	372	460	2	1	4	0	3	1	1	0.541667	0.53345	0.469583	0.180975	1058	5378	6436
10914	4/4/2012	2	1	4	21	0	3	1	1	0.6	0.6061	0.23	0.3284	43	255	298	460	2	1	4	0	3	1	1	0.541667	0.53345	0.469583	0.180975	1058	5378	6436
10915	4/4/2012	2	1	4	22	0	3	1	1	0.56	0.5303	0.22	0.1642	30	151	181	460	2	1	4	0	3	1	1	0.541667	0.53345	0.469583	0.180975	1058	5378	6436
10916	4/4/2012	2	1	4	23	0	3	1	1	0.52	0.5	0.23	0.4179	19	112	131	460	2	1	4	0	3	1	1	0.541667	0.53345	0.469583	0.180975	1058	5378	6436
10917	4/5/2012	2	1	4	0	0	4	1	1	0.52	0.5	0.23	0.4179	12	33	45	461	2	1	4	0	4	1	1	0.435	0.431163	0.374167	0.219529	1192	5265	6457
10918	4/5/2012	2	1	4	1	0	4	1	1	0.48	0.4697	0.27	0.3284	4	9	13	461	2	1	4	0	4	1	1	0.435	0.431163	0.374167	0.219529	1192	5265	6457
10919	4/5/2012	2	1	4	2	0	4	1	1	0.46	0.4545	0.33	0.4478	7	11	18	461	2	1	4	0	4	1	1	0.435	0.431163	0.374167	0.219529	1192	5265	6457
10920	4/5/2012	2	1	4	3	0	4	1	1	0.42	0.4242	0.41	0.2985	0	5	5	461	2	1	4	0	4	1	1	0.435	0.431163	0.374167	0.219529	1192	5265	6457
10921	4/5/2012	2	1	4	4	0	4	1	1	0.38	0.3939	0.43	0.2836	0	1	1	461	2	1	4	0	4	1	1	0.435	0.431163	0.374167	0.219529	1192	5265	6457
10922	4/5/2012	2	1	4	5	0	4	1	1	0.38	0.3939	0.43	0.2836	1	28	29	461	2	1	4	0	4	1	1	0.435	0.431163	0.374167	0.219529	1192	5265	6457
10923	4/5/2012	2	1	4	6	0	4	1	1	0.36	0.3333	0.46	0.3284	8	118	126	461	2	1	4	0	4	1	1	0.435	0.431163	0.374167	0.219529	1192	5265	6457
10924	4/5/2012	2	1	4	7	0	4	1	1	0.34	0.3333	0.49	0.194	15	339	354	461	2	1	4	0	4	1	1	0.435	0.431163	0.374167	0.219529	1192	5265	6457
10925	4/5/2012	2	1	4	8	0	4	1	1	0.36	0.3485	0.46	0.2239	28	610	638	461	2	1	4	0	4	1	1	0.435	0.431163	0.374167	0.219529	1192	5265	6457
10926	4/5/2012	2	1	4	9	0	4	1	1	0.4	0.4091	0.37	0.2537	61	290	351	461	2	1	4	0	4	1	1	0.435	0.431163	0.374167	0.219529	1192	5265	6457
10927	4/5/2012	2	1	4	10	0	4	1	1	0.42	0.4242	0.35	0.2836	88	158	246	461	2	1	4	0	4	1	1	0.435	0.431163	0.374167	0.219529	1192	5265	6457
10928	4/5/2012	2	1	4	11	0	4	1	2	0.42	0.4242	0.38	0.2239	109	159	268	461	2	1	4	0	4	1	1	0.435	0.431163	0.374167	0.219529	1192	5265	6457
10929	4/5/2012	2	1	4	12	0	4	1	1	0.44	0.4394	0.33	0	66	210	276	461	2	1	4	0	4	1	1	0.435	0.431163	0.374167	0.219529	1192	5265	6457
10930	4/5/2012	2	1	4	13	0	4	1	1	0.46	0.4545	0.31	0	89	202	291	461	2	1	4	0	4	1	1	0.435	0.431163	0.374167	0.219529	1192	5265	6457
10931	4/5/2012	2	1	4	14	0	4	1	1	0.46	0.4545	0.33	0.1642	143	144	287	461	2	1	4	0	4	1	1	0.435	0.431163	0.374167	0.219529	1192	5265	6457
10932	4/5/2012	2	1	4	15	0	4	1	1	0.5	0.4848	0.31	0.1045	98	171	269	461	2	1	4	0	4	1	1	0.435	0.431163	0.374167	0.219529	1192	5265	6457
10933	4/5/2012	2	1	4	16	0	4	1	1	0.5	0.4848	0.31	0.194	84	318	402	461	2	1	4	0	4	1	1	0.435	0.431163	0.374167	0.219529	1192	5265	6457
10934	4/5/2012	2	1	4	17	0	4	1	1	0.5	0.4848	0.31	0.1642	145	677	822	461	2	1	4	0	4	1	1	0.435	0.431163	0.374167	0.219529	1192	5265	6457
10935	4/5/2012	2	1	4	18	0	4	1	1	0.5	0.4848	0.31	0.1045	80	618	698	461	2	1	4	0	4	1	1	0.435	0.431163	0.374167	0.219529	1192	5265	6457
10936	4/5/2012	2	1	4	19	0	4	1	1	0.48	0.4697	0.31	0.2537	64	423	487	461	2	1	4	0	4	1	1	0.435	0.431163	0.374167	0.219529	1192	5265	6457
10937	4/5/2012	2	1	4	20	0	4	1	1	0.44	0.4394	0.41	0.194	33	279	312	461	2	1	4	0	4	1	1	0.435	0.431163	0.374167	0.219529	1192	5265	6457
10938	4/5/2012	2	1	4	21	0	4	1	1	0.42	0.4242	0.47	0.194	25	209	234	461	2	1	4	0	4	1	1	0.435	0.431163	0.374167	0.219529	1192	5265	6457
10939	4/5/2012	2	1	4	22	0	4	1	1	0.4	0.4091	0.47	0.194	20	129	149	461	2	1	4	0	4	1	1	0.435	0.431163	0.374167	0.219529	1192	5265	6457
10940	4/5/2012	2	1	4	23	0	4	1	1	0.4	0.4091	0.5	0.1343	12	124	136	461	2	1	4	0	4	1	1	0.435	0.431163	0.374167	0.219529	1192	5265	6457
10941	4/6/2012	2	1	4	0	0	5	1	1	0.4	0.4091	0.43	0	12	49	61	462	2	1	4	0	5	1	1	0.403333	0.390767	0.377083	0.300388	1807	4653	6460
10942	4/6/2012	2	1	4	1	0	5	1	1	0.36	0.3485	0.62	0.1343	10	28	38	462	2	1	4	0	5	1	1	0.403333	0.390767	0.377083	0.300388	1807	4653	6460
10943	4/6/2012	2	1	4	2	0	5	1	1	0.36	0.3333	0.5	0.3881	6	5	11	462	2	1	4	0	5	1	1	0.403333	0.390767	0.377083	0.300388	1807	4653	6460
10944	4/6/2012	2	1	4	3	0	5	1	1	0.34	0.303	0.53	0.3284	3	5	8	462	2	1	4	0	5	1	1	0.403333	0.390767	0.377083	0.300388	1807	4653	6460
10945	4/6/2012	2	1	4	4	0	5	1	1	0.34	0.3182	0.49	0.2537	2	3	5	462	2	1	4	0	5	1	1	0.403333	0.390767	0.377083	0.300388	1807	4653	6460
10946	4/6/2012	2	1	4	5	0	5	1	1	0.32	0.303	0.53	0.3284	0	23	23	462	2	1	4	0	5	1	1	0.403333	0.390767	0.377083	0.300388	1807	4653	6460
10947	4/6/2012	2	1	4	6	0	5	1	1	0.3	0.2727	0.49	0.3881	0	80	80	462	2	1	4	0	5	1	1	0.403333	0.390767	0.377083	0.300388	1807	4653	6460
10948	4/6/2012	2	1	4	7	0	5	1	1	0.3	0.2879	0.49	0.2836	15	231	246	462	2	1	4	0	5	1	1	0.403333	0.390767	0.377083	0.300388	1807	4653	6460
10949	4/6/2012	2	1	4	8	0	5	1	1	0.3	0.2727	0.49	0.3284	19	489	508	462	2	1	4	0	5	1	1	0.403333	0.390767	0.377083	0.300388	1807	4653	6460
10950	4/6/2012	2	1	4	9	0	5	1	1	0.34	0.303	0.42	0.3284	58	318	376	462	2	1	4	0	5	1	1	0.403333	0.390767	0.377083	0.300388	1807	4653	6460
10951	4/6/2012	2	1	4	10	0	5	1	1	0.36	0.3333	0.4	0.3284	81	157	238	462	2	1	4	0	5	1	1	0.403333	0.390767	0.377083	0.300388	1807	4653	6460
10952	4/6/2012	2	1	4	11	0	5	1	1	0.4	0.4091	0.37	0.2985	112	179	291	462	2	1	4	0	5	1	1	0.403333	0.390767	0.377083	0.300388	1807	4653	6460
10953	4/6/2012	2	1	4	12	0	5	1	1	0.42	0.4242	0.35	0.2985	113	224	337	462	2	1	4	0	5	1	1	0.403333	0.390767	0.377083	0.300388	1807	4653	6460
10954	4/6/2012	2	1	4	13	0	5	1	1	0.44	0.4394	0.33	0.3284	173	238	411	462	2	1	4	0	5	1	1	0.403333	0.390767	0.377083	0.300388	1807	4653	6460
10955	4/6/2012	2	1	4	14	0	5	1	1	0.48	0.4697	0.29	0.3881	240	250	490	462	2	1	4	0	5	1	1	0.403333	0.390767	0.377083	0.300388	1807	4653	6460
10956	4/6/2012	2	1	4	15	0	5	1	1	0.5	0.4848	0.27	0.2836	218	319	537	462	2	1	4	0	5	1	1	0.403333	0.390767	0.377083	0.300388	1807	4653	6460
10957	4/6/2012	2	1	4	16	0	5	1	1	0.5	0.4848	0.22	0.4179	184	352	536	462	2	1	4	0	5	1	1	0.403333	0.390767	0.377083	0.300388	1807	4653	6460
10958	4/6/2012	2	1	4	17	0	5	1	1	0.52	0.5	0.23	0.4179	172	483	655	462	2	1	4	0	5	1	1	0.403333	0.390767	0.377083	0.300388	1807	4653	6460
10959	4/6/2012	2	1	4	18	0	5	1	1	0.5	0.4848	0.22	0.4627	104	380	484	462	2	1	4	0	5	1	1	0.403333	0.390767	0.377083	0.300388	1807	4653	6460
10960	4/6/2012	2	1	4	19	0	5	1	1	0.48	0.4697	0.23	0.2985	115	297	412	462	2	1	4	0	5	1	1	0.403333	0.390767	0.377083	0.300388	1807	4653	6460
10961	4/6/2012	2	1	4	20	0	5	1	1	0.46	0.4545	0.24	0.2836	61	191	252	462	2	1	4	0	5	1	1	0.403333	0.390767	0.377083	0.300388	1807	4653	6460
10962	4/6/2012	2	1	4	21	0	5	1	1	0.44	0.4394	0.26	0.1343	54	136	190	462	2	1	4	0	5	1	1	0.403333	0.390767	0.377083	0.300388	1807	4653	6460
10963	4/6/2012	2	1	4	22	0	5	1	1	0.4	0.4091	0.35	0.2239	34	124	158	462	2	1	4	0	5	1	1	0.403333	0.390767	0.377083	0.300388	1807	4653	6460
10964	4/6/2012	2	1	4	23	0	5	1	1	0.42	0.4242	0.3	0.2836	21	92	113	462	2	1	4	0	5	1	1	0.403333	0.390767	0.377083	0.300388	1807	4653	6460
10965	4/7/2012	2	1	4	0	0	6	0	1	0.42	0.4242	0.26	0.2985	9	85	94	463	2	1	4	0	6	0	1	0.4375	0.426129	0.254167	0.274871	3252	3605	6857
10966	4/7/2012	2	1	4	1	0	6	0	1	0.4	0.4091	0.28	0.2537	9	60	69	463	2	1	4	0	6	0	1	0.4375	0.426129	0.254167	0.274871	3252	3605	6857
10967	4/7/2012	2	1	4	2	0	6	0	1	0.36	0.3333	0.29	0.3582	11	25	36	463	2	1	4	0	6	0	1	0.4375	0.426129	0.254167	0.274871	3252	3605	6857
10968	4/7/2012	2	1	4	3	0	6	0	1	0.36	0.3333	0.32	0.2537	7	21	28	463	2	1	4	0	6	0	1	0.4375	0.426129	0.254167	0.274871	3252	3605	6857
10969	4/7/2012	2	1	4	4	0	6	0	1	0.32	0.3182	0.36	0.1642	3	4	7	463	2	1	4	0	6	0	1	0.4375	0.426129	0.254167	0.274871	3252	3605	6857
10970	4/7/2012	2	1	4	5	0	6	0	1	0.32	0.3182	0.33	0.1642	0	2	2	463	2	1	4	0	6	0	1	0.4375	0.426129	0.254167	0.274871	3252	3605	6857
10971	4/7/2012	2	1	4	6	0	6	0	1	0.32	0.3182	0.36	0.194	1	18	19	463	2	1	4	0	6	0	1	0.4375	0.426129	0.254167	0.274871	3252	3605	6857
10972	4/7/2012	2	1	4	7	0	6	0	1	0.32	0.303	0.33	0.2836	14	40	54	463	2	1	4	0	6	0	1	0.4375	0.426129	0.254167	0.274871	3252	3605	6857
10973	4/7/2012	2	1	4	8	0	6	0	1	0.34	0.3182	0.34	0.2537	29	94	123	463	2	1	4	0	6	0	1	0.4375	0.426129	0.254167	0.274871	3252	3605	6857
10974	4/7/2012	2	1	4	9	0	6	0	1	0.4	0.4091	0.3	0.2537	103	173	276	463	2	1	4	0	6	0	1	0.4375	0.426129	0.254167	0.274871	3252	3605	6857
10975	4/7/2012	2	1	4	10	0	6	0	1	0.42	0.4242	0.28	0.2537	187	176	363	463	2	1	4	0	6	0	1	0.4375	0.426129	0.254167	0.274871	3252	3605	6857
10976	4/7/2012	2	1	4	11	0	6	0	1	0.44	0.4394	0.24	0.2985	251	244	495	463	2	1	4	0	6	0	1	0.4375	0.426129	0.254167	0.274871	3252	3605	6857
10977	4/7/2012	2	1	4	12	0	6	0	1	0.46	0.4545	0.23	0.3881	320	270	590	463	2	1	4	0	6	0	1	0.4375	0.426129	0.254167	0.274871	3252	3605	6857
10978	4/7/2012	2	1	4	13	0	6	0	1	0.5	0.4848	0.22	0.194	355	288	643	463	2	1	4	0	6	0	1	0.4375	0.426129	0.254167	0.274871	3252	3605	6857
10979	4/7/2012	2	1	4	14	0	6	0	1	0.5	0.4848	0.22	0.2985	326	252	578	463	2	1	4	0	6	0	1	0.4375	0.426129	0.254167	0.274871	3252	3605	6857
10980	4/7/2012	2	1	4	15	0	6	0	1	0.52	0.5	0.19	0.4179	321	305	626	463	2	1	4	0	6	0	1	0.4375	0.426129	0.254167	0.274871	3252	3605	6857
10981	4/7/2012	2	1	4	16	0	6	0	1	0.54	0.5152	0.19	0.3881	354	261	615	463	2	1	4	0	6	0	1	0.4375	0.426129	0.254167	0.274871	3252	3605	6857
10982	4/7/2012	2	1	4	17	0	6	0	1	0.54	0.5152	0.19	0.4179	299	268	567	463	2	1	4	0	6	0	1	0.4375	0.426129	0.254167	0.274871	3252	3605	6857
10983	4/7/2012	2	1	4	18	0	6	0	1	0.54	0.5152	0.18	0.2985	227	290	517	463	2	1	4	0	6	0	1	0.4375	0.426129	0.254167	0.274871	3252	3605	6857
10984	4/7/2012	2	1	4	19	0	6	0	1	0.54	0.5152	0.16	0.3284	170	243	413	463	2	1	4	0	6	0	1	0.4375	0.426129	0.254167	0.274871	3252	3605	6857
10985	4/7/2012	2	1	4	20	0	6	0	1	0.5	0.4848	0.2	0.2239	73	135	208	463	2	1	4	0	6	0	1	0.4375	0.426129	0.254167	0.274871	3252	3605	6857
10986	4/7/2012	2	1	4	21	0	6	0	1	0.5	0.4848	0.2	0.194	75	159	234	463	2	1	4	0	6	0	1	0.4375	0.426129	0.254167	0.274871	3252	3605	6857
10987	4/7/2012	2	1	4	22	0	6	0	1	0.48	0.4697	0.2	0.194	76	106	182	463	2	1	4	0	6	0	1	0.4375	0.426129	0.254167	0.274871	3252	3605	6857
10988	4/7/2012	2	1	4	23	0	6	0	1	0.46	0.4545	0.23	0.2239	32	86	118	463	2	1	4	0	6	0	1	0.4375	0.426129	0.254167	0.274871	3252	3605	6857
10989	4/8/2012	2	1	4	0	0	0	0	1	0.44	0.4394	0.24	0.2239	21	64	85	464	2	1	4	0	0	0	1	0.5	0.492425	0.275833	0.232596	2230	2939	5169
10990	4/8/2012	2	1	4	1	0	0	0	1	0.44	0.4394	0.24	0.2239	14	50	64	464	2	1	4	0	0	0	1	0.5	0.492425	0.275833	0.232596	2230	2939	5169
10991	4/8/2012	2	1	4	2	0	0	0	1	0.44	0.4394	0.24	0.2239	7	25	32	464	2	1	4	0	0	0	1	0.5	0.492425	0.275833	0.232596	2230	2939	5169
10992	4/8/2012	2	1	4	3	0	0	0	1	0.42	0.4242	0.26	0.1343	8	18	26	464	2	1	4	0	0	0	1	0.5	0.492425	0.275833	0.232596	2230	2939	5169
10993	4/8/2012	2	1	4	4	0	0	0	1	0.4	0.4091	0.4	0	0	7	7	464	2	1	4	0	0	0	1	0.5	0.492425	0.275833	0.232596	2230	2939	5169
10994	4/8/2012	2	1	4	5	0	0	0	1	0.38	0.3939	0.46	0	4	8	12	464	2	1	4	0	0	0	1	0.5	0.492425	0.275833	0.232596	2230	2939	5169
10995	4/8/2012	2	1	4	6	0	0	0	1	0.36	0.3788	0.37	0	7	21	28	464	2	1	4	0	0	0	1	0.5	0.492425	0.275833	0.232596	2230	2939	5169
10996	4/8/2012	2	1	4	7	0	0	0	1	0.38	0.3939	0.27	0.1642	12	25	37	464	2	1	4	0	0	0	1	0.5	0.492425	0.275833	0.232596	2230	2939	5169
10997	4/8/2012	2	1	4	8	0	0	0	1	0.4	0.4091	0.3	0.194	19	65	84	464	2	1	4	0	0	0	1	0.5	0.492425	0.275833	0.232596	2230	2939	5169
10998	4/8/2012	2	1	4	9	0	0	0	1	0.44	0.4394	0.26	0.2239	71	108	179	464	2	1	4	0	0	0	1	0.5	0.492425	0.275833	0.232596	2230	2939	5169
10999	4/8/2012	2	1	4	10	0	0	0	1	0.5	0.4848	0.25	0.2239	113	186	299	464	2	1	4	0	0	0	1	0.5	0.492425	0.275833	0.232596	2230	2939	5169
11000	4/8/2012	2	1	4	11	0	0	0	1	0.5	0.4848	0.25	0.2836	195	209	404	464	2	1	4	0	0	0	1	0.5	0.492425	0.275833	0.232596	2230	2939	5169
11001	4/8/2012	2	1	4	12	0	0	0	1	0.54	0.5152	0.24	0.2537	198	259	457	464	2	1	4	0	0	0	1	0.5	0.492425	0.275833	0.232596	2230	2939	5169
11002	4/8/2012	2	1	4	13	0	0	0	1	0.58	0.5455	0.23	0.1642	229	254	483	464	2	1	4	0	0	0	1	0.5	0.492425	0.275833	0.232596	2230	2939	5169
11003	4/8/2012	2	1	4	14	0	0	0	1	0.6	0.5909	0.18	0.4478	254	249	503	464	2	1	4	0	0	0	1	0.5	0.492425	0.275833	0.232596	2230	2939	5169
11004	4/8/2012	2	1	4	15	0	0	0	1	0.62	0.6061	0.17	0.3582	260	226	486	464	2	1	4	0	0	0	1	0.5	0.492425	0.275833	0.232596	2230	2939	5169
11005	4/8/2012	2	1	4	16	0	0	0	1	0.64	0.6061	0.19	0.3284	232	244	476	464	2	1	4	0	0	0	1	0.5	0.492425	0.275833	0.232596	2230	2939	5169
11006	4/8/2012	2	1	4	17	0	0	0	1	0.62	0.6061	0.22	0.2985	185	226	411	464	2	1	4	0	0	0	1	0.5	0.492425	0.275833	0.232596	2230	2939	5169
11007	4/8/2012	2	1	4	18	0	0	0	1	0.62	0.6061	0.25	0.3284	151	159	310	464	2	1	4	0	0	0	1	0.5	0.492425	0.275833	0.232596	2230	2939	5169
11008	4/8/2012	2	1	4	19	0	0	0	1	0.6	0.6061	0.23	0.3881	89	187	276	464	2	1	4	0	0	0	1	0.5	0.492425	0.275833	0.232596	2230	2939	5169
11009	4/8/2012	2	1	4	20	0	0	0	1	0.56	0.5303	0.28	0.4179	65	146	211	464	2	1	4	0	0	0	1	0.5	0.492425	0.275833	0.232596	2230	2939	5169
11010	4/8/2012	2	1	4	21	0	0	0	1	0.52	0.5	0.34	0.2239	53	77	130	464	2	1	4	0	0	0	1	0.5	0.492425	0.275833	0.232596	2230	2939	5169
11011	4/8/2012	2	1	4	22	0	0	0	1	0.5	0.4848	0.36	0.2239	33	85	118	464	2	1	4	0	0	0	1	0.5	0.492425	0.275833	0.232596	2230	2939	5169
11012	4/8/2012	2	1	4	23	0	0	0	1	0.5	0.4848	0.39	0.2537	10	41	51	464	2	1	4	0	0	0	1	0.5	0.492425	0.275833	0.232596	2230	2939	5169
11013	4/9/2012	2	1	4	0	0	1	1	1	0.48	0.4697	0.39	0.2836	8	29	37	465	2	1	4	0	1	1	1	0.489167	0.476638	0.3175	0.358196	905	4680	5585
11014	4/9/2012	2	1	4	1	0	1	1	1	0.46	0.4545	0.41	0.1343	4	12	16	465	2	1	4	0	1	1	1	0.489167	0.476638	0.3175	0.358196	905	4680	5585
11015	4/9/2012	2	1	4	2	0	1	1	1	0.46	0.4545	0.31	0.194	2	4	6	465	2	1	4	0	1	1	1	0.489167	0.476638	0.3175	0.358196	905	4680	5585
11016	4/9/2012	2	1	4	3	0	1	1	1	0.44	0.4394	0.3	0.1642	0	3	3	465	2	1	4	0	1	1	1	0.489167	0.476638	0.3175	0.358196	905	4680	5585
11017	4/9/2012	2	1	4	4	0	1	1	1	0.44	0.4394	0.24	0.194	2	3	5	465	2	1	4	0	1	1	1	0.489167	0.476638	0.3175	0.358196	905	4680	5585
11018	4/9/2012	2	1	4	5	0	1	1	1	0.44	0.4394	0.24	0.194	2	30	32	465	2	1	4	0	1	1	1	0.489167	0.476638	0.3175	0.358196	905	4680	5585
11019	4/9/2012	2	1	4	6	0	1	1	1	0.42	0.4242	0.26	0.2239	3	108	111	465	2	1	4	0	1	1	1	0.489167	0.476638	0.3175	0.358196	905	4680	5585
11020	4/9/2012	2	1	4	7	0	1	1	1	0.42	0.4242	0.28	0.194	11	320	331	465	2	1	4	0	1	1	1	0.489167	0.476638	0.3175	0.358196	905	4680	5585
11021	4/9/2012	2	1	4	8	0	1	1	1	0.44	0.4394	0.3	0.194	22	595	617	465	2	1	4	0	1	1	1	0.489167	0.476638	0.3175	0.358196	905	4680	5585
11022	4/9/2012	2	1	4	9	0	1	1	1	0.46	0.4545	0.31	0.3582	50	236	286	465	2	1	4	0	1	1	1	0.489167	0.476638	0.3175	0.358196	905	4680	5585
11023	4/9/2012	2	1	4	10	0	1	1	1	0.5	0.4848	0.27	0.4925	65	113	178	465	2	1	4	0	1	1	1	0.489167	0.476638	0.3175	0.358196	905	4680	5585
11024	4/9/2012	2	1	4	11	0	1	1	1	0.52	0.5	0.27	0.4179	96	127	223	465	2	1	4	0	1	1	1	0.489167	0.476638	0.3175	0.358196	905	4680	5585
11025	4/9/2012	2	1	4	12	0	1	1	1	0.54	0.5152	0.28	0.7164	94	186	280	465	2	1	4	0	1	1	1	0.489167	0.476638	0.3175	0.358196	905	4680	5585
11026	4/9/2012	2	1	4	13	0	1	1	1	0.54	0.5152	0.28	0.5821	108	173	281	465	2	1	4	0	1	1	1	0.489167	0.476638	0.3175	0.358196	905	4680	5585
11027	4/9/2012	2	1	4	14	0	1	1	1	0.56	0.5303	0.28	0.5522	66	152	218	465	2	1	4	0	1	1	1	0.489167	0.476638	0.3175	0.358196	905	4680	5585
11028	4/9/2012	2	1	4	15	0	1	1	1	0.58	0.5455	0.28	0.5522	82	173	255	465	2	1	4	0	1	1	1	0.489167	0.476638	0.3175	0.358196	905	4680	5585
11029	4/9/2012	2	1	4	16	0	1	1	1	0.56	0.5303	0.3	0.4179	81	310	391	465	2	1	4	0	1	1	1	0.489167	0.476638	0.3175	0.358196	905	4680	5585
11030	4/9/2012	2	1	4	17	0	1	1	1	0.54	0.5152	0.32	0.4179	67	565	632	465	2	1	4	0	1	1	1	0.489167	0.476638	0.3175	0.358196	905	4680	5585
11031	4/9/2012	2	1	4	18	0	1	1	1	0.54	0.5152	0.34	0.2985	60	586	646	465	2	1	4	0	1	1	1	0.489167	0.476638	0.3175	0.358196	905	4680	5585
11032	4/9/2012	2	1	4	19	0	1	1	1	0.52	0.5	0.34	0.3582	35	386	421	465	2	1	4	0	1	1	1	0.489167	0.476638	0.3175	0.358196	905	4680	5585
11033	4/9/2012	2	1	4	20	0	1	1	1	0.5	0.4848	0.36	0.4478	21	255	276	465	2	1	4	0	1	1	1	0.489167	0.476638	0.3175	0.358196	905	4680	5585
11034	4/9/2012	2	1	4	21	0	1	1	3	0.48	0.4697	0.41	0.4179	14	151	165	465	2	1	4	0	1	1	1	0.489167	0.476638	0.3175	0.358196	905	4680	5585
11035	4/9/2012	2	1	4	22	0	1	1	2	0.46	0.4545	0.41	0.4925	6	102	108	465	2	1	4	0	1	1	1	0.489167	0.476638	0.3175	0.358196	905	4680	5585
11036	4/9/2012	2	1	4	23	0	1	1	1	0.44	0.4394	0.44	0.2985	6	61	67	465	2	1	4	0	1	1	1	0.489167	0.476638	0.3175	0.358196	905	4680	5585
11037	4/10/2012	2	1	4	0	0	2	1	2	0.44	0.4394	0.47	0.2836	3	23	26	466	2	1	4	0	2	1	1	0.446667	0.436233	0.435	0.249375	819	5099	5918
11038	4/10/2012	2	1	4	1	0	2	1	1	0.42	0.4242	0.5	0.2239	0	9	9	466	2	1	4	0	2	1	1	0.446667	0.436233	0.435	0.249375	819	5099	5918
11039	4/10/2012	2	1	4	2	0	2	1	1	0.36	0.3485	0.71	0.1343	0	2	2	466	2	1	4	0	2	1	1	0.446667	0.436233	0.435	0.249375	819	5099	5918
11040	4/10/2012	2	1	4	3	0	2	1	1	0.36	0.3485	0.71	0.1343	0	2	2	466	2	1	4	0	2	1	1	0.446667	0.436233	0.435	0.249375	819	5099	5918
11041	4/10/2012	2	1	4	4	0	2	1	1	0.34	0.3333	0.71	0.1343	0	2	2	466	2	1	4	0	2	1	1	0.446667	0.436233	0.435	0.249375	819	5099	5918
11042	4/10/2012	2	1	4	5	0	2	1	1	0.34	0.3333	0.71	0.1343	0	24	24	466	2	1	4	0	2	1	1	0.446667	0.436233	0.435	0.249375	819	5099	5918
11043	4/10/2012	2	1	4	6	0	2	1	1	0.34	0.3485	0.71	0.1045	3	100	103	466	2	1	4	0	2	1	1	0.446667	0.436233	0.435	0.249375	819	5099	5918
11044	4/10/2012	2	1	4	7	0	2	1	1	0.34	0.3485	0.71	0.1045	16	368	384	466	2	1	4	0	2	1	1	0.446667	0.436233	0.435	0.249375	819	5099	5918
11045	4/10/2012	2	1	4	8	0	2	1	1	0.38	0.3939	0.62	0.1343	22	670	692	466	2	1	4	0	2	1	1	0.446667	0.436233	0.435	0.249375	819	5099	5918
11046	4/10/2012	2	1	4	9	0	2	1	1	0.42	0.4242	0.67	0.194	16	303	319	466	2	1	4	0	2	1	1	0.446667	0.436233	0.435	0.249375	819	5099	5918
11047	4/10/2012	2	1	4	10	0	2	1	1	0.46	0.4545	0.47	0.1642	49	132	181	466	2	1	4	0	2	1	1	0.446667	0.436233	0.435	0.249375	819	5099	5918
11048	4/10/2012	2	1	4	11	0	2	1	1	0.5	0.4848	0.36	0	78	161	239	466	2	1	4	0	2	1	1	0.446667	0.436233	0.435	0.249375	819	5099	5918
11049	4/10/2012	2	1	4	12	0	2	1	1	0.54	0.5152	0.22	0.2836	75	184	259	466	2	1	4	0	2	1	1	0.446667	0.436233	0.435	0.249375	819	5099	5918
11050	4/10/2012	2	1	4	13	0	2	1	1	0.52	0.5	0.23	0.1642	81	202	283	466	2	1	4	0	2	1	1	0.446667	0.436233	0.435	0.249375	819	5099	5918
11051	4/10/2012	2	1	4	14	0	2	1	1	0.54	0.5152	0.24	0.194	75	149	224	466	2	1	4	0	2	1	1	0.446667	0.436233	0.435	0.249375	819	5099	5918
11052	4/10/2012	2	1	4	15	0	2	1	1	0.56	0.5303	0.21	0.2985	46	157	203	466	2	1	4	0	2	1	1	0.446667	0.436233	0.435	0.249375	819	5099	5918
11053	4/10/2012	2	1	4	16	0	2	1	1	0.58	0.5455	0.21	0.2537	66	296	362	466	2	1	4	0	2	1	1	0.446667	0.436233	0.435	0.249375	819	5099	5918
11054	4/10/2012	2	1	4	17	0	2	1	1	0.56	0.5303	0.21	0.5224	88	656	744	466	2	1	4	0	2	1	1	0.446667	0.436233	0.435	0.249375	819	5099	5918
11055	4/10/2012	2	1	4	18	0	2	1	1	0.54	0.5152	0.22	0.4179	78	626	704	466	2	1	4	0	2	1	1	0.446667	0.436233	0.435	0.249375	819	5099	5918
11056	4/10/2012	2	1	4	19	0	2	1	1	0.52	0.5	0.2	0.3582	51	428	479	466	2	1	4	0	2	1	1	0.446667	0.436233	0.435	0.249375	819	5099	5918
11057	4/10/2012	2	1	4	20	0	2	1	1	0.46	0.4545	0.28	0.3881	34	248	282	466	2	1	4	0	2	1	1	0.446667	0.436233	0.435	0.249375	819	5099	5918
11058	4/10/2012	2	1	4	21	0	2	1	1	0.44	0.4394	0.3	0.4478	15	191	206	466	2	1	4	0	2	1	1	0.446667	0.436233	0.435	0.249375	819	5099	5918
11059	4/10/2012	2	1	4	22	0	2	1	1	0.4	0.4091	0.37	0.4925	9	118	127	466	2	1	4	0	2	1	1	0.446667	0.436233	0.435	0.249375	819	5099	5918
11060	4/10/2012	2	1	4	23	0	2	1	1	0.36	0.3333	0.4	0.4179	14	48	62	466	2	1	4	0	2	1	1	0.446667	0.436233	0.435	0.249375	819	5099	5918
11061	4/11/2012	2	1	4	0	0	3	1	1	0.34	0.303	0.36	0.4179	8	22	30	467	2	1	4	0	3	1	1	0.348696	0.337274	0.469565	0.295274	482	4380	4862
11062	4/11/2012	2	1	4	1	0	3	1	1	0.34	0.3182	0.39	0.2836	3	9	12	467	2	1	4	0	3	1	1	0.348696	0.337274	0.469565	0.295274	482	4380	4862
11063	4/11/2012	2	1	4	2	0	3	1	1	0.32	0.303	0.45	0.2836	0	2	2	467	2	1	4	0	3	1	1	0.348696	0.337274	0.469565	0.295274	482	4380	4862
11064	4/11/2012	2	1	4	3	0	3	1	1	0.3	0.2879	0.49	0.2239	0	2	2	467	2	1	4	0	3	1	1	0.348696	0.337274	0.469565	0.295274	482	4380	4862
11065	4/11/2012	2	1	4	5	0	3	1	1	0.28	0.2727	0.56	0.194	1	26	27	467	2	1	4	0	3	1	1	0.348696	0.337274	0.469565	0.295274	482	4380	4862
11066	4/11/2012	2	1	4	6	0	3	1	1	0.28	0.2879	0.56	0.1045	3	103	106	467	2	1	4	0	3	1	1	0.348696	0.337274	0.469565	0.295274	482	4380	4862
11067	4/11/2012	2	1	4	7	0	3	1	1	0.28	0.2879	0.52	0.1343	18	303	321	467	2	1	4	0	3	1	1	0.348696	0.337274	0.469565	0.295274	482	4380	4862
11068	4/11/2012	2	1	4	8	0	3	1	1	0.3	0.2879	0.49	0.2239	14	581	595	467	2	1	4	0	3	1	1	0.348696	0.337274	0.469565	0.295274	482	4380	4862
11069	4/11/2012	2	1	4	9	0	3	1	2	0.32	0.303	0.49	0.2985	20	282	302	467	2	1	4	0	3	1	1	0.348696	0.337274	0.469565	0.295274	482	4380	4862
11070	4/11/2012	2	1	4	10	0	3	1	2	0.34	0.303	0.49	0.3284	26	127	153	467	2	1	4	0	3	1	1	0.348696	0.337274	0.469565	0.295274	482	4380	4862
11071	4/11/2012	2	1	4	11	0	3	1	2	0.38	0.3939	0.43	0.3284	38	142	180	467	2	1	4	0	3	1	1	0.348696	0.337274	0.469565	0.295274	482	4380	4862
11072	4/11/2012	2	1	4	12	0	3	1	2	0.36	0.3333	0.46	0.3881	35	147	182	467	2	1	4	0	3	1	1	0.348696	0.337274	0.469565	0.295274	482	4380	4862
11073	4/11/2012	2	1	4	13	0	3	1	2	0.4	0.4091	0.4	0.3582	16	147	163	467	2	1	4	0	3	1	1	0.348696	0.337274	0.469565	0.295274	482	4380	4862
11074	4/11/2012	2	1	4	14	0	3	1	1	0.36	0.3485	0.57	0.194	34	101	135	467	2	1	4	0	3	1	1	0.348696	0.337274	0.469565	0.295274	482	4380	4862
11075	4/11/2012	2	1	4	15	0	3	1	3	0.38	0.3939	0.46	0.2239	50	152	202	467	2	1	4	0	3	1	1	0.348696	0.337274	0.469565	0.295274	482	4380	4862
11076	4/11/2012	2	1	4	16	0	3	1	1	0.44	0.4394	0.33	0.2985	51	256	307	467	2	1	4	0	3	1	1	0.348696	0.337274	0.469565	0.295274	482	4380	4862
11077	4/11/2012	2	1	4	17	0	3	1	1	0.42	0.4242	0.35	0.3881	52	527	579	467	2	1	4	0	3	1	1	0.348696	0.337274	0.469565	0.295274	482	4380	4862
11078	4/11/2012	2	1	4	18	0	3	1	3	0.4	0.4091	0.43	0.4179	39	546	585	467	2	1	4	0	3	1	1	0.348696	0.337274	0.469565	0.295274	482	4380	4862
11079	4/11/2012	2	1	4	19	0	3	1	1	0.4	0.4091	0.4	0.3582	28	356	384	467	2	1	4	0	3	1	1	0.348696	0.337274	0.469565	0.295274	482	4380	4862
11080	4/11/2012	2	1	4	20	0	3	1	1	0.36	0.3333	0.46	0.3284	22	213	235	467	2	1	4	0	3	1	1	0.348696	0.337274	0.469565	0.295274	482	4380	4862
11081	4/11/2012	2	1	4	21	0	3	1	1	0.34	0.303	0.57	0.3881	11	154	165	467	2	1	4	0	3	1	1	0.348696	0.337274	0.469565	0.295274	482	4380	4862
11082	4/11/2012	2	1	4	22	0	3	1	1	0.34	0.303	0.57	0.3284	4	130	134	467	2	1	4	0	3	1	1	0.348696	0.337274	0.469565	0.295274	482	4380	4862
11083	4/11/2012	2	1	4	23	0	3	1	1	0.34	0.303	0.57	0.2985	9	52	61	467	2	1	4	0	3	1	1	0.348696	0.337274	0.469565	0.295274	482	4380	4862
11084	4/12/2012	2	1	4	0	0	4	1	1	0.32	0.303	0.66	0.2836	1	22	23	468	2	1	4	0	4	1	1	0.3975	0.387604	0.46625	0.290429	663	4746	5409
11085	4/12/2012	2	1	4	1	0	4	1	1	0.32	0.303	0.66	0.2239	2	7	9	468	2	1	4	0	4	1	1	0.3975	0.387604	0.46625	0.290429	663	4746	5409
11086	4/12/2012	2	1	4	2	0	4	1	1	0.32	0.303	0.61	0.2836	0	4	4	468	2	1	4	0	4	1	1	0.3975	0.387604	0.46625	0.290429	663	4746	5409
11087	4/12/2012	2	1	4	3	0	4	1	1	0.32	0.303	0.61	0.2537	2	3	5	468	2	1	4	0	4	1	1	0.3975	0.387604	0.46625	0.290429	663	4746	5409
11088	4/12/2012	2	1	4	4	0	4	1	1	0.3	0.2879	0.61	0.2239	0	1	1	468	2	1	4	0	4	1	1	0.3975	0.387604	0.46625	0.290429	663	4746	5409
11089	4/12/2012	2	1	4	5	0	4	1	1	0.3	0.2879	0.61	0.2239	0	21	21	468	2	1	4	0	4	1	1	0.3975	0.387604	0.46625	0.290429	663	4746	5409
11090	4/12/2012	2	1	4	6	0	4	1	1	0.3	0.2879	0.65	0.2537	2	94	96	468	2	1	4	0	4	1	1	0.3975	0.387604	0.46625	0.290429	663	4746	5409
11091	4/12/2012	2	1	4	7	0	4	1	1	0.3	0.2727	0.65	0.3284	12	294	306	468	2	1	4	0	4	1	1	0.3975	0.387604	0.46625	0.290429	663	4746	5409
11092	4/12/2012	2	1	4	8	0	4	1	1	0.32	0.303	0.66	0.3284	20	604	624	468	2	1	4	0	4	1	1	0.3975	0.387604	0.46625	0.290429	663	4746	5409
11093	4/12/2012	2	1	4	9	0	4	1	1	0.36	0.3333	0.57	0.3582	16	271	287	468	2	1	4	0	4	1	1	0.3975	0.387604	0.46625	0.290429	663	4746	5409
11094	4/12/2012	2	1	4	10	0	4	1	1	0.4	0.4091	0.5	0.2985	38	103	141	468	2	1	4	0	4	1	1	0.3975	0.387604	0.46625	0.290429	663	4746	5409
11095	4/12/2012	2	1	4	11	0	4	1	1	0.42	0.4242	0.47	0.2985	50	174	224	468	2	1	4	0	4	1	1	0.3975	0.387604	0.46625	0.290429	663	4746	5409
11096	4/12/2012	2	1	4	12	0	4	1	1	0.46	0.4545	0.41	0.4478	60	199	259	468	2	1	4	0	4	1	1	0.3975	0.387604	0.46625	0.290429	663	4746	5409
11097	4/12/2012	2	1	4	13	0	4	1	1	0.48	0.4697	0.36	0.4478	55	148	203	468	2	1	4	0	4	1	1	0.3975	0.387604	0.46625	0.290429	663	4746	5409
11098	4/12/2012	2	1	4	14	0	4	1	1	0.5	0.4848	0.31	0.3284	74	150	224	468	2	1	4	0	4	1	1	0.3975	0.387604	0.46625	0.290429	663	4746	5409
11099	4/12/2012	2	1	4	15	0	4	1	1	0.48	0.4697	0.31	0.2537	42	169	211	468	2	1	4	0	4	1	1	0.3975	0.387604	0.46625	0.290429	663	4746	5409
11100	4/12/2012	2	1	4	16	0	4	1	1	0.48	0.4697	0.31	0.2836	54	299	353	468	2	1	4	0	4	1	1	0.3975	0.387604	0.46625	0.290429	663	4746	5409
11101	4/12/2012	2	1	4	17	0	4	1	1	0.5	0.4848	0.27	0.3881	60	596	656	468	2	1	4	0	4	1	1	0.3975	0.387604	0.46625	0.290429	663	4746	5409
11102	4/12/2012	2	1	4	18	0	4	1	1	0.5	0.4848	0.27	0.3881	63	547	610	468	2	1	4	0	4	1	1	0.3975	0.387604	0.46625	0.290429	663	4746	5409
11103	4/12/2012	2	1	4	19	0	4	1	1	0.46	0.4545	0.31	0.2985	50	383	433	468	2	1	4	0	4	1	1	0.3975	0.387604	0.46625	0.290429	663	4746	5409
11104	4/12/2012	2	1	4	20	0	4	1	1	0.44	0.4394	0.33	0.2537	26	254	280	468	2	1	4	0	4	1	1	0.3975	0.387604	0.46625	0.290429	663	4746	5409
11105	4/12/2012	2	1	4	21	0	4	1	1	0.42	0.4242	0.35	0.1343	13	174	187	468	2	1	4	0	4	1	1	0.3975	0.387604	0.46625	0.290429	663	4746	5409
11106	4/12/2012	2	1	4	22	0	4	1	1	0.42	0.4242	0.35	0.194	15	143	158	468	2	1	4	0	4	1	1	0.3975	0.387604	0.46625	0.290429	663	4746	5409
11107	4/12/2012	2	1	4	23	0	4	1	1	0.42	0.4242	0.35	0.194	8	86	94	468	2	1	4	0	4	1	1	0.3975	0.387604	0.46625	0.290429	663	4746	5409
11108	4/13/2012	2	1	4	0	0	5	1	1	0.4	0.4091	0.37	0.2537	14	41	55	469	2	1	4	0	5	1	1	0.4425	0.431808	0.408333	0.155471	1252	5146	6398
11109	4/13/2012	2	1	4	1	0	5	1	1	0.36	0.3485	0.46	0.194	2	28	30	469	2	1	4	0	5	1	1	0.4425	0.431808	0.408333	0.155471	1252	5146	6398
11110	4/13/2012	2	1	4	2	0	5	1	1	0.34	0.3333	0.49	0.194	6	5	11	469	2	1	4	0	5	1	1	0.4425	0.431808	0.408333	0.155471	1252	5146	6398
11111	4/13/2012	2	1	4	3	0	5	1	1	0.34	0.3333	0.61	0.1642	3	8	11	469	2	1	4	0	5	1	1	0.4425	0.431808	0.408333	0.155471	1252	5146	6398
11112	4/13/2012	2	1	4	4	0	5	1	2	0.34	0.3333	0.53	0.1343	1	4	5	469	2	1	4	0	5	1	1	0.4425	0.431808	0.408333	0.155471	1252	5146	6398
11113	4/13/2012	2	1	4	5	0	5	1	2	0.34	0.3333	0.53	0.1642	2	19	21	469	2	1	4	0	5	1	1	0.4425	0.431808	0.408333	0.155471	1252	5146	6398
11114	4/13/2012	2	1	4	6	0	5	1	1	0.32	0.3182	0.57	0.1642	0	84	84	469	2	1	4	0	5	1	1	0.4425	0.431808	0.408333	0.155471	1252	5146	6398
11115	4/13/2012	2	1	4	7	0	5	1	1	0.34	0.3182	0.61	0.2239	13	283	296	469	2	1	4	0	5	1	1	0.4425	0.431808	0.408333	0.155471	1252	5146	6398
11116	4/13/2012	2	1	4	8	0	5	1	1	0.38	0.3939	0.46	0.1642	24	539	563	469	2	1	4	0	5	1	1	0.4425	0.431808	0.408333	0.155471	1252	5146	6398
11117	4/13/2012	2	1	4	9	0	5	1	1	0.42	0.4242	0.41	0.1642	36	294	330	469	2	1	4	0	5	1	1	0.4425	0.431808	0.408333	0.155471	1252	5146	6398
11118	4/13/2012	2	1	4	10	0	5	1	1	0.44	0.4394	0.38	0.194	59	133	192	469	2	1	4	0	5	1	1	0.4425	0.431808	0.408333	0.155471	1252	5146	6398
11119	4/13/2012	2	1	4	11	0	5	1	1	0.46	0.4545	0.36	0.1343	75	158	233	469	2	1	4	0	5	1	1	0.4425	0.431808	0.408333	0.155471	1252	5146	6398
11120	4/13/2012	2	1	4	12	0	5	1	1	0.5	0.4848	0.31	0	104	218	322	469	2	1	4	0	5	1	1	0.4425	0.431808	0.408333	0.155471	1252	5146	6398
11121	4/13/2012	2	1	4	13	0	5	1	1	0.52	0.5	0.27	0.2836	112	246	358	469	2	1	4	0	5	1	1	0.4425	0.431808	0.408333	0.155471	1252	5146	6398
11122	4/13/2012	2	1	4	14	0	5	1	1	0.52	0.5	0.27	0	125	223	348	469	2	1	4	0	5	1	1	0.4425	0.431808	0.408333	0.155471	1252	5146	6398
11123	4/13/2012	2	1	4	15	0	5	1	1	0.54	0.5152	0.28	0.2537	115	237	352	469	2	1	4	0	5	1	1	0.4425	0.431808	0.408333	0.155471	1252	5146	6398
11124	4/13/2012	2	1	4	16	0	5	1	1	0.56	0.5303	0.26	0.2537	113	350	463	469	2	1	4	0	5	1	1	0.4425	0.431808	0.408333	0.155471	1252	5146	6398
11125	4/13/2012	2	1	4	17	0	5	1	1	0.56	0.5303	0.24	0.1642	117	621	738	469	2	1	4	0	5	1	1	0.4425	0.431808	0.408333	0.155471	1252	5146	6398
11126	4/13/2012	2	1	4	18	0	5	1	1	0.54	0.5152	0.26	0.1343	107	564	671	469	2	1	4	0	5	1	1	0.4425	0.431808	0.408333	0.155471	1252	5146	6398
11127	4/13/2012	2	1	4	19	0	5	1	1	0.54	0.5152	0.24	0.1642	75	352	427	469	2	1	4	0	5	1	1	0.4425	0.431808	0.408333	0.155471	1252	5146	6398
11128	4/13/2012	2	1	4	20	0	5	1	1	0.5	0.4848	0.29	0.1343	44	242	286	469	2	1	4	0	5	1	1	0.4425	0.431808	0.408333	0.155471	1252	5146	6398
11129	4/13/2012	2	1	4	21	0	5	1	1	0.5	0.4848	0.36	0	36	153	189	469	2	1	4	0	5	1	1	0.4425	0.431808	0.408333	0.155471	1252	5146	6398
11130	4/13/2012	2	1	4	22	0	5	1	1	0.44	0.4394	0.62	0.1045	34	181	215	469	2	1	4	0	5	1	1	0.4425	0.431808	0.408333	0.155471	1252	5146	6398
11131	4/13/2012	2	1	4	23	0	5	1	1	0.42	0.4242	0.62	0.0896	35	163	198	469	2	1	4	0	5	1	1	0.4425	0.431808	0.408333	0.155471	1252	5146	6398
11132	4/14/2012	2	1	4	0	0	6	0	1	0.4	0.4091	0.58	0.1343	11	85	96	470	2	1	4	0	6	0	1	0.495	0.487996	0.502917	0.190917	2795	4665	7460
11133	4/14/2012	2	1	4	1	0	6	0	1	0.4	0.4091	0.58	0.1343	10	60	70	470	2	1	4	0	6	0	1	0.495	0.487996	0.502917	0.190917	2795	4665	7460
11134	4/14/2012	2	1	4	2	0	6	0	1	0.38	0.3939	0.66	0.1343	3	53	56	470	2	1	4	0	6	0	1	0.495	0.487996	0.502917	0.190917	2795	4665	7460
11135	4/14/2012	2	1	4	3	0	6	0	1	0.36	0.3636	0.66	0.0896	6	26	32	470	2	1	4	0	6	0	1	0.495	0.487996	0.502917	0.190917	2795	4665	7460
11136	4/14/2012	2	1	4	4	0	6	0	1	0.36	0.3636	0.71	0.1045	5	9	14	470	2	1	4	0	6	0	1	0.495	0.487996	0.502917	0.190917	2795	4665	7460
11137	4/14/2012	2	1	4	5	0	6	0	1	0.36	0.3636	0.66	0.1045	2	5	7	470	2	1	4	0	6	0	1	0.495	0.487996	0.502917	0.190917	2795	4665	7460
11138	4/14/2012	2	1	4	6	0	6	0	1	0.34	0.3333	0.76	0.1642	2	19	21	470	2	1	4	0	6	0	1	0.495	0.487996	0.502917	0.190917	2795	4665	7460
11139	4/14/2012	2	1	4	7	0	6	0	1	0.36	0.3636	0.71	0.1045	8	56	64	470	2	1	4	0	6	0	1	0.495	0.487996	0.502917	0.190917	2795	4665	7460
11140	4/14/2012	2	1	4	8	0	6	0	1	0.36	0.3485	0.71	0.1343	24	136	160	470	2	1	4	0	6	0	1	0.495	0.487996	0.502917	0.190917	2795	4665	7460
11141	4/14/2012	2	1	4	9	0	6	0	1	0.42	0.4242	0.54	0.1343	59	206	265	470	2	1	4	0	6	0	1	0.495	0.487996	0.502917	0.190917	2795	4665	7460
11142	4/14/2012	2	1	4	10	0	6	0	1	0.46	0.4545	0.51	0.1642	139	267	406	470	2	1	4	0	6	0	1	0.495	0.487996	0.502917	0.190917	2795	4665	7460
11143	4/14/2012	2	1	4	11	0	6	0	1	0.52	0.5	0.45	0.194	207	357	564	470	2	1	4	0	6	0	1	0.495	0.487996	0.502917	0.190917	2795	4665	7460
11144	4/14/2012	2	1	4	12	0	6	0	1	0.58	0.5455	0.35	0.2537	274	404	678	470	2	1	4	0	6	0	1	0.495	0.487996	0.502917	0.190917	2795	4665	7460
11145	4/14/2012	2	1	4	13	0	6	0	1	0.62	0.6212	0.33	0.2985	308	370	678	470	2	1	4	0	6	0	1	0.495	0.487996	0.502917	0.190917	2795	4665	7460
11146	4/14/2012	2	1	4	14	0	6	0	2	0.64	0.6212	0.27	0.4478	288	372	660	470	2	1	4	0	6	0	1	0.495	0.487996	0.502917	0.190917	2795	4665	7460
11147	4/14/2012	2	1	4	15	0	6	0	2	0.64	0.6212	0.27	0.3582	311	347	658	470	2	1	4	0	6	0	1	0.495	0.487996	0.502917	0.190917	2795	4665	7460
11148	4/14/2012	2	1	4	16	0	6	0	2	0.64	0.6212	0.27	0.3582	253	329	582	470	2	1	4	0	6	0	1	0.495	0.487996	0.502917	0.190917	2795	4665	7460
11149	4/14/2012	2	1	4	17	0	6	0	2	0.62	0.6212	0.33	0.2537	251	309	560	470	2	1	4	0	6	0	1	0.495	0.487996	0.502917	0.190917	2795	4665	7460
11150	4/14/2012	2	1	4	18	0	6	0	2	0.62	0.6212	0.35	0.2239	197	284	481	470	2	1	4	0	6	0	1	0.495	0.487996	0.502917	0.190917	2795	4665	7460
11151	4/14/2012	2	1	4	19	0	6	0	2	0.6	0.6212	0.4	0.1642	163	296	459	470	2	1	4	0	6	0	1	0.495	0.487996	0.502917	0.190917	2795	4665	7460
11152	4/14/2012	2	1	4	20	0	6	0	2	0.56	0.5303	0.46	0.1343	112	209	321	470	2	1	4	0	6	0	1	0.495	0.487996	0.502917	0.190917	2795	4665	7460
11153	4/14/2012	2	1	4	21	0	6	0	2	0.56	0.5303	0.43	0.1343	53	167	220	470	2	1	4	0	6	0	1	0.495	0.487996	0.502917	0.190917	2795	4665	7460
11154	4/14/2012	2	1	4	22	0	6	0	2	0.54	0.5152	0.52	0.1642	64	148	212	470	2	1	4	0	6	0	1	0.495	0.487996	0.502917	0.190917	2795	4665	7460
11155	4/14/2012	2	1	4	23	0	6	0	2	0.54	0.5152	0.56	0.194	45	151	196	470	2	1	4	0	6	0	1	0.495	0.487996	0.502917	0.190917	2795	4665	7460
11156	4/15/2012	2	1	4	0	0	0	0	2	0.54	0.5152	0.56	0.194	30	94	124	471	2	1	4	0	0	0	1	0.606667	0.573875	0.507917	0.225129	2846	4286	7132
11157	4/15/2012	2	1	4	1	0	0	0	2	0.54	0.5152	0.56	0.1642	17	89	106	471	2	1	4	0	0	0	1	0.606667	0.573875	0.507917	0.225129	2846	4286	7132
11158	4/15/2012	2	1	4	2	0	0	0	2	0.54	0.5152	0.56	0.1045	20	54	74	471	2	1	4	0	0	0	1	0.606667	0.573875	0.507917	0.225129	2846	4286	7132
11159	4/15/2012	2	1	4	3	0	0	0	2	0.52	0.5	0.59	0.1343	18	27	45	471	2	1	4	0	0	0	1	0.606667	0.573875	0.507917	0.225129	2846	4286	7132
11160	4/15/2012	2	1	4	4	0	0	0	2	0.54	0.5152	0.52	0	2	10	12	471	2	1	4	0	0	0	1	0.606667	0.573875	0.507917	0.225129	2846	4286	7132
11161	4/15/2012	2	1	4	5	0	0	0	1	0.5	0.4848	0.68	0.1642	4	6	10	471	2	1	4	0	0	0	1	0.606667	0.573875	0.507917	0.225129	2846	4286	7132
11162	4/15/2012	2	1	4	6	0	0	0	1	0.5	0.4848	0.63	0.1343	5	11	16	471	2	1	4	0	0	0	1	0.606667	0.573875	0.507917	0.225129	2846	4286	7132
11163	4/15/2012	2	1	4	7	0	0	0	1	0.5	0.4848	0.63	0.1045	16	30	46	471	2	1	4	0	0	0	1	0.606667	0.573875	0.507917	0.225129	2846	4286	7132
11164	4/15/2012	2	1	4	8	0	0	0	1	0.52	0.5	0.59	0	33	64	97	471	2	1	4	0	0	0	1	0.606667	0.573875	0.507917	0.225129	2846	4286	7132
11165	4/15/2012	2	1	4	9	0	0	0	1	0.54	0.5152	0.56	0.2239	97	154	251	471	2	1	4	0	0	0	1	0.606667	0.573875	0.507917	0.225129	2846	4286	7132
11166	4/15/2012	2	1	4	10	0	0	0	1	0.58	0.5455	0.53	0.2239	186	235	421	471	2	1	4	0	0	0	1	0.606667	0.573875	0.507917	0.225129	2846	4286	7132
11167	4/15/2012	2	1	4	11	0	0	0	1	0.62	0.6212	0.46	0.2985	227	301	528	471	2	1	4	0	0	0	1	0.606667	0.573875	0.507917	0.225129	2846	4286	7132
11168	4/15/2012	2	1	4	12	0	0	0	1	0.64	0.6212	0.44	0.2836	275	360	635	471	2	1	4	0	0	0	1	0.606667	0.573875	0.507917	0.225129	2846	4286	7132
11169	4/15/2012	2	1	4	13	0	0	0	1	0.66	0.6212	0.44	0.2836	298	383	681	471	2	1	4	0	0	0	1	0.606667	0.573875	0.507917	0.225129	2846	4286	7132
11170	4/15/2012	2	1	4	14	0	0	0	1	0.7	0.6364	0.39	0.2836	282	346	628	471	2	1	4	0	0	0	1	0.606667	0.573875	0.507917	0.225129	2846	4286	7132
11171	4/15/2012	2	1	4	15	0	0	0	1	0.7	0.6364	0.39	0.3881	266	351	617	471	2	1	4	0	0	0	1	0.606667	0.573875	0.507917	0.225129	2846	4286	7132
11172	4/15/2012	2	1	4	16	0	0	0	1	0.72	0.6515	0.39	0.3582	286	330	616	471	2	1	4	0	0	0	1	0.606667	0.573875	0.507917	0.225129	2846	4286	7132
11173	4/15/2012	2	1	4	17	0	0	0	1	0.7	0.6364	0.42	0.3284	262	361	623	471	2	1	4	0	0	0	1	0.606667	0.573875	0.507917	0.225129	2846	4286	7132
11174	4/15/2012	2	1	4	18	0	0	0	1	0.7	0.6364	0.42	0.2537	184	295	479	471	2	1	4	0	0	0	1	0.606667	0.573875	0.507917	0.225129	2846	4286	7132
11175	4/15/2012	2	1	4	19	0	0	0	1	0.7	0.6364	0.42	0.2537	114	265	379	471	2	1	4	0	0	0	1	0.606667	0.573875	0.507917	0.225129	2846	4286	7132
11176	4/15/2012	2	1	4	20	0	0	0	1	0.64	0.6212	0.5	0.2239	86	205	291	471	2	1	4	0	0	0	1	0.606667	0.573875	0.507917	0.225129	2846	4286	7132
11177	4/15/2012	2	1	4	21	0	0	0	1	0.62	0.6212	0.57	0.2537	76	153	229	471	2	1	4	0	0	0	1	0.606667	0.573875	0.507917	0.225129	2846	4286	7132
11178	4/15/2012	2	1	4	22	0	0	0	1	0.68	0.6364	0.44	0.3582	37	97	134	471	2	1	4	0	0	0	1	0.606667	0.573875	0.507917	0.225129	2846	4286	7132
11179	4/15/2012	2	1	4	23	0	0	0	1	0.66	0.6212	0.5	0.3881	25	65	90	471	2	1	4	0	0	0	1	0.606667	0.573875	0.507917	0.225129	2846	4286	7132
11180	4/16/2012	2	1	4	0	1	1	0	1	0.64	0.6212	0.53	0.3284	15	26	41	472	2	1	4	1	1	0	1	0.664167	0.614925	0.561667	0.284829	1198	5172	6370
11181	4/16/2012	2	1	4	1	1	1	0	1	0.62	0.6061	0.61	0.3582	7	21	28	472	2	1	4	1	1	0	1	0.664167	0.614925	0.561667	0.284829	1198	5172	6370
11182	4/16/2012	2	1	4	2	1	1	0	1	0.6	0.6061	0.64	0.2537	5	9	14	472	2	1	4	1	1	0	1	0.664167	0.614925	0.561667	0.284829	1198	5172	6370
11183	4/16/2012	2	1	4	3	1	1	0	1	0.58	0.5455	0.68	0.194	3	5	8	472	2	1	4	1	1	0	1	0.664167	0.614925	0.561667	0.284829	1198	5172	6370
11184	4/16/2012	2	1	4	4	1	1	0	1	0.54	0.5152	0.77	0.2239	0	6	6	472	2	1	4	1	1	0	1	0.664167	0.614925	0.561667	0.284829	1198	5172	6370
11185	4/16/2012	2	1	4	5	1	1	0	1	0.54	0.5152	0.77	0.2239	4	34	38	472	2	1	4	1	1	0	1	0.664167	0.614925	0.561667	0.284829	1198	5172	6370
11186	4/16/2012	2	1	4	6	1	1	0	1	0.52	0.5	0.83	0.1642	10	123	133	472	2	1	4	1	1	0	1	0.664167	0.614925	0.561667	0.284829	1198	5172	6370
11187	4/16/2012	2	1	4	7	1	1	0	1	0.52	0.5	0.83	0.1343	20	367	387	472	2	1	4	1	1	0	1	0.664167	0.614925	0.561667	0.284829	1198	5172	6370
11188	4/16/2012	2	1	4	8	1	1	0	2	0.56	0.5303	0.83	0.1642	48	549	597	472	2	1	4	1	1	0	1	0.664167	0.614925	0.561667	0.284829	1198	5172	6370
11189	4/16/2012	2	1	4	9	1	1	0	1	0.62	0.6061	0.69	0.2239	59	238	297	472	2	1	4	1	1	0	1	0.664167	0.614925	0.561667	0.284829	1198	5172	6370
11190	4/16/2012	2	1	4	10	1	1	0	1	0.62	0.6061	0.69	0.2537	75	149	224	472	2	1	4	1	1	0	1	0.664167	0.614925	0.561667	0.284829	1198	5172	6370
11191	4/16/2012	2	1	4	11	1	1	0	1	0.64	0.6061	0.65	0.2537	115	136	251	472	2	1	4	1	1	0	1	0.664167	0.614925	0.561667	0.284829	1198	5172	6370
11192	4/16/2012	2	1	4	12	1	1	0	1	0.68	0.6364	0.57	0.2537	75	196	271	472	2	1	4	1	1	0	1	0.664167	0.614925	0.561667	0.284829	1198	5172	6370
11193	4/16/2012	2	1	4	13	1	1	0	1	0.74	0.6667	0.45	0.2985	79	184	263	472	2	1	4	1	1	0	1	0.664167	0.614925	0.561667	0.284829	1198	5172	6370
11194	4/16/2012	2	1	4	14	1	1	0	1	0.76	0.6818	0.45	0.3284	105	183	288	472	2	1	4	1	1	0	1	0.664167	0.614925	0.561667	0.284829	1198	5172	6370
11195	4/16/2012	2	1	4	15	1	1	0	1	0.8	0.697	0.33	0.4478	81	194	275	472	2	1	4	1	1	0	1	0.664167	0.614925	0.561667	0.284829	1198	5172	6370
11196	4/16/2012	2	1	4	16	1	1	0	1	0.8	0.697	0.33	0.4627	92	266	358	472	2	1	4	1	1	0	1	0.664167	0.614925	0.561667	0.284829	1198	5172	6370
11197	4/16/2012	2	1	4	17	1	1	0	1	0.8	0.697	0.33	0.3881	111	601	712	472	2	1	4	1	1	0	1	0.664167	0.614925	0.561667	0.284829	1198	5172	6370
11198	4/16/2012	2	1	4	18	1	1	0	1	0.8	0.697	0.31	0.3881	87	589	676	472	2	1	4	1	1	0	1	0.664167	0.614925	0.561667	0.284829	1198	5172	6370
11199	4/16/2012	2	1	4	19	1	1	0	1	0.76	0.6667	0.35	0.3881	61	461	522	472	2	1	4	1	1	0	1	0.664167	0.614925	0.561667	0.284829	1198	5172	6370
11200	4/16/2012	2	1	4	20	1	1	0	1	0.74	0.6515	0.37	0.2985	48	327	375	472	2	1	4	1	1	0	1	0.664167	0.614925	0.561667	0.284829	1198	5172	6370
11201	4/16/2012	2	1	4	21	1	1	0	1	0.68	0.6364	0.51	0.2537	39	232	271	472	2	1	4	1	1	0	1	0.664167	0.614925	0.561667	0.284829	1198	5172	6370
11202	4/16/2012	2	1	4	22	1	1	0	1	0.68	0.6364	0.51	0.2537	35	179	214	472	2	1	4	1	1	0	1	0.664167	0.614925	0.561667	0.284829	1198	5172	6370
11203	4/16/2012	2	1	4	23	1	1	0	1	0.7	0.6364	0.45	0.2985	24	97	121	472	2	1	4	1	1	0	1	0.664167	0.614925	0.561667	0.284829	1198	5172	6370
11204	4/17/2012	2	1	4	0	0	2	1	1	0.66	0.6212	0.54	0.194	10	33	43	473	2	1	4	0	2	1	1	0.608333	0.598487	0.390417	0.273629	989	5702	6691
11205	4/17/2012	2	1	4	1	0	2	1	1	0.64	0.6212	0.57	0.1642	6	5	11	473	2	1	4	0	2	1	1	0.608333	0.598487	0.390417	0.273629	989	5702	6691
11206	4/17/2012	2	1	4	2	0	2	1	1	0.56	0.5303	0.83	0.1045	1	3	4	473	2	1	4	0	2	1	1	0.608333	0.598487	0.390417	0.273629	989	5702	6691
11207	4/17/2012	2	1	4	3	0	2	1	1	0.56	0.5303	0.83	0.0896	0	6	6	473	2	1	4	0	2	1	1	0.608333	0.598487	0.390417	0.273629	989	5702	6691
11208	4/17/2012	2	1	4	4	0	2	1	1	0.66	0.6212	0.44	0.2239	3	6	9	473	2	1	4	0	2	1	1	0.608333	0.598487	0.390417	0.273629	989	5702	6691
11209	4/17/2012	2	1	4	5	0	2	1	1	0.6	0.6212	0.53	0.2537	1	29	30	473	2	1	4	0	2	1	1	0.608333	0.598487	0.390417	0.273629	989	5702	6691
11210	4/17/2012	2	1	4	6	0	2	1	1	0.6	0.6212	0.46	0.2537	8	136	144	473	2	1	4	0	2	1	1	0.608333	0.598487	0.390417	0.273629	989	5702	6691
11211	4/17/2012	2	1	4	7	0	2	1	1	0.6	0.6212	0.43	0.2537	18	443	461	473	2	1	4	0	2	1	1	0.608333	0.598487	0.390417	0.273629	989	5702	6691
11212	4/17/2012	2	1	4	8	0	2	1	1	0.6	0.6212	0.43	0.2239	42	631	673	473	2	1	4	0	2	1	1	0.608333	0.598487	0.390417	0.273629	989	5702	6691
11213	4/17/2012	2	1	4	9	0	2	1	1	0.6	0.6212	0.38	0.4925	71	329	400	473	2	1	4	0	2	1	1	0.608333	0.598487	0.390417	0.273629	989	5702	6691
11214	4/17/2012	2	1	4	10	0	2	1	1	0.6	0.6212	0.38	0.4179	52	165	217	473	2	1	4	0	2	1	1	0.608333	0.598487	0.390417	0.273629	989	5702	6691
11215	4/17/2012	2	1	4	11	0	2	1	1	0.6	0.6212	0.33	0.4179	65	174	239	473	2	1	4	0	2	1	1	0.608333	0.598487	0.390417	0.273629	989	5702	6691
11216	4/17/2012	2	1	4	12	0	2	1	1	0.6	0.6212	0.33	0.3582	65	179	244	473	2	1	4	0	2	1	1	0.608333	0.598487	0.390417	0.273629	989	5702	6691
11217	4/17/2012	2	1	4	13	0	2	1	1	0.62	0.6212	0.29	0.2537	52	187	239	473	2	1	4	0	2	1	1	0.608333	0.598487	0.390417	0.273629	989	5702	6691
11218	4/17/2012	2	1	4	14	0	2	1	1	0.64	0.6212	0.27	0.2836	59	198	257	473	2	1	4	0	2	1	1	0.608333	0.598487	0.390417	0.273629	989	5702	6691
11219	4/17/2012	2	1	4	15	0	2	1	1	0.66	0.6212	0.24	0.3284	91	217	308	473	2	1	4	0	2	1	1	0.608333	0.598487	0.390417	0.273629	989	5702	6691
11220	4/17/2012	2	1	4	16	0	2	1	1	0.68	0.6212	0.22	0.3582	50	320	370	473	2	1	4	0	2	1	1	0.608333	0.598487	0.390417	0.273629	989	5702	6691
11221	4/17/2012	2	1	4	17	0	2	1	1	0.64	0.6061	0.25	0.2985	108	673	781	473	2	1	4	0	2	1	1	0.608333	0.598487	0.390417	0.273629	989	5702	6691
11222	4/17/2012	2	1	4	18	0	2	1	1	0.64	0.6061	0.25	0.2836	105	670	775	473	2	1	4	0	2	1	1	0.608333	0.598487	0.390417	0.273629	989	5702	6691
11223	4/17/2012	2	1	4	19	0	2	1	1	0.6	0.6061	0.26	0.2537	73	464	537	473	2	1	4	0	2	1	1	0.608333	0.598487	0.390417	0.273629	989	5702	6691
11224	4/17/2012	2	1	4	20	0	2	1	1	0.6	0.6061	0.23	0.2836	44	358	402	473	2	1	4	0	2	1	1	0.608333	0.598487	0.390417	0.273629	989	5702	6691
11225	4/17/2012	2	1	4	21	0	2	1	1	0.56	0.5303	0.26	0.2985	37	260	297	473	2	1	4	0	2	1	1	0.608333	0.598487	0.390417	0.273629	989	5702	6691
11226	4/17/2012	2	1	4	22	0	2	1	1	0.54	0.5152	0.3	0.2537	18	144	162	473	2	1	4	0	2	1	1	0.608333	0.598487	0.390417	0.273629	989	5702	6691
11227	4/17/2012	2	1	4	23	0	2	1	1	0.54	0.5152	0.32	0.2239	10	72	82	473	2	1	4	0	2	1	1	0.608333	0.598487	0.390417	0.273629	989	5702	6691
11228	4/18/2012	2	1	4	0	0	3	1	1	0.54	0.5152	0.32	0.1642	3	35	38	474	2	1	4	0	3	1	2	0.463333	0.457038	0.569167	0.167912	347	4020	4367
11229	4/18/2012	2	1	4	1	0	3	1	1	0.52	0.5	0.34	0.194	1	13	14	474	2	1	4	0	3	1	2	0.463333	0.457038	0.569167	0.167912	347	4020	4367
11230	4/18/2012	2	1	4	2	0	3	1	2	0.5	0.4848	0.42	0.194	1	8	9	474	2	1	4	0	3	1	2	0.463333	0.457038	0.569167	0.167912	347	4020	4367
11231	4/18/2012	2	1	4	3	0	3	1	2	0.5	0.4848	0.42	0.2239	0	6	6	474	2	1	4	0	3	1	2	0.463333	0.457038	0.569167	0.167912	347	4020	4367
11232	4/18/2012	2	1	4	4	0	3	1	2	0.5	0.4848	0.42	0.2836	0	7	7	474	2	1	4	0	3	1	2	0.463333	0.457038	0.569167	0.167912	347	4020	4367
11233	4/18/2012	2	1	4	5	0	3	1	2	0.5	0.4848	0.39	0.2836	0	34	34	474	2	1	4	0	3	1	2	0.463333	0.457038	0.569167	0.167912	347	4020	4367
11234	4/18/2012	2	1	4	6	0	3	1	2	0.5	0.4848	0.39	0.2836	6	128	134	474	2	1	4	0	3	1	2	0.463333	0.457038	0.569167	0.167912	347	4020	4367
11235	4/18/2012	2	1	4	7	0	3	1	2	0.5	0.4848	0.39	0.194	10	408	418	474	2	1	4	0	3	1	2	0.463333	0.457038	0.569167	0.167912	347	4020	4367
11236	4/18/2012	2	1	4	8	0	3	1	3	0.5	0.4848	0.39	0.194	25	551	576	474	2	1	4	0	3	1	2	0.463333	0.457038	0.569167	0.167912	347	4020	4367
11237	4/18/2012	2	1	4	9	0	3	1	3	0.48	0.4697	0.44	0.2985	20	245	265	474	2	1	4	0	3	1	2	0.463333	0.457038	0.569167	0.167912	347	4020	4367
11238	4/18/2012	2	1	4	10	0	3	1	3	0.48	0.4697	0.47	0.2239	31	116	147	474	2	1	4	0	3	1	2	0.463333	0.457038	0.569167	0.167912	347	4020	4367
11239	4/18/2012	2	1	4	11	0	3	1	3	0.46	0.4545	0.47	0.2537	14	105	119	474	2	1	4	0	3	1	2	0.463333	0.457038	0.569167	0.167912	347	4020	4367
11240	4/18/2012	2	1	4	12	0	3	1	3	0.46	0.4545	0.51	0.1045	15	95	110	474	2	1	4	0	3	1	2	0.463333	0.457038	0.569167	0.167912	347	4020	4367
11241	4/18/2012	2	1	4	13	0	3	1	3	0.46	0.4545	0.59	0	13	51	64	474	2	1	4	0	3	1	2	0.463333	0.457038	0.569167	0.167912	347	4020	4367
11242	4/18/2012	2	1	4	14	0	3	1	3	0.44	0.4394	0.72	0.1045	8	43	51	474	2	1	4	0	3	1	2	0.463333	0.457038	0.569167	0.167912	347	4020	4367
11243	4/18/2012	2	1	4	15	0	3	1	3	0.42	0.4242	0.77	0.194	10	88	98	474	2	1	4	0	3	1	2	0.463333	0.457038	0.569167	0.167912	347	4020	4367
11244	4/18/2012	2	1	4	16	0	3	1	2	0.42	0.4242	0.77	0.2239	36	199	235	474	2	1	4	0	3	1	2	0.463333	0.457038	0.569167	0.167912	347	4020	4367
11245	4/18/2012	2	1	4	17	0	3	1	2	0.42	0.4242	0.77	0.194	46	442	488	474	2	1	4	0	3	1	2	0.463333	0.457038	0.569167	0.167912	347	4020	4367
11246	4/18/2012	2	1	4	18	0	3	1	2	0.42	0.4242	0.77	0	27	478	505	474	2	1	4	0	3	1	2	0.463333	0.457038	0.569167	0.167912	347	4020	4367
11247	4/18/2012	2	1	4	19	0	3	1	2	0.42	0.4242	0.77	0.1343	26	342	368	474	2	1	4	0	3	1	2	0.463333	0.457038	0.569167	0.167912	347	4020	4367
11248	4/18/2012	2	1	4	20	0	3	1	2	0.42	0.4242	0.77	0.1045	8	252	260	474	2	1	4	0	3	1	2	0.463333	0.457038	0.569167	0.167912	347	4020	4367
11249	4/18/2012	2	1	4	21	0	3	1	2	0.42	0.4242	0.82	0.0896	24	165	189	474	2	1	4	0	3	1	2	0.463333	0.457038	0.569167	0.167912	347	4020	4367
11250	4/18/2012	2	1	4	22	0	3	1	2	0.42	0.4242	0.77	0.0896	9	153	162	474	2	1	4	0	3	1	2	0.463333	0.457038	0.569167	0.167912	347	4020	4367
11251	4/18/2012	2	1	4	23	0	3	1	2	0.42	0.4242	0.77	0	14	56	70	474	2	1	4	0	3	1	2	0.463333	0.457038	0.569167	0.167912	347	4020	4367
11252	4/19/2012	2	1	4	0	0	4	1	3	0.42	0.4242	0.77	0	5	20	25	475	2	1	4	0	4	1	1	0.498333	0.493046	0.6125	0.0659292	846	5719	6565
11253	4/19/2012	2	1	4	1	0	4	1	3	0.42	0.4242	0.77	0.1045	2	11	13	475	2	1	4	0	4	1	1	0.498333	0.493046	0.6125	0.0659292	846	5719	6565
11254	4/19/2012	2	1	4	2	0	4	1	2	0.42	0.4242	0.77	0	2	4	6	475	2	1	4	0	4	1	1	0.498333	0.493046	0.6125	0.0659292	846	5719	6565
11255	4/19/2012	2	1	4	3	0	4	1	2	0.42	0.4242	0.77	0	1	3	4	475	2	1	4	0	4	1	1	0.498333	0.493046	0.6125	0.0659292	846	5719	6565
11256	4/19/2012	2	1	4	4	0	4	1	2	0.42	0.4242	0.71	0	0	4	4	475	2	1	4	0	4	1	1	0.498333	0.493046	0.6125	0.0659292	846	5719	6565
11257	4/19/2012	2	1	4	5	0	4	1	1	0.4	0.4091	0.82	0	0	30	30	475	2	1	4	0	4	1	1	0.498333	0.493046	0.6125	0.0659292	846	5719	6565
11258	4/19/2012	2	1	4	6	0	4	1	2	0.4	0.4091	0.82	0.1045	4	116	120	475	2	1	4	0	4	1	1	0.498333	0.493046	0.6125	0.0659292	846	5719	6565
11259	4/19/2012	2	1	4	7	0	4	1	2	0.4	0.4091	0.82	0.1343	15	391	406	475	2	1	4	0	4	1	1	0.498333	0.493046	0.6125	0.0659292	846	5719	6565
11260	4/19/2012	2	1	4	8	0	4	1	2	0.42	0.4242	0.82	0.1045	26	651	677	475	2	1	4	0	4	1	1	0.498333	0.493046	0.6125	0.0659292	846	5719	6565
11261	4/19/2012	2	1	4	9	0	4	1	2	0.46	0.4545	0.72	0	31	270	301	475	2	1	4	0	4	1	1	0.498333	0.493046	0.6125	0.0659292	846	5719	6565
11262	4/19/2012	2	1	4	10	0	4	1	1	0.48	0.4697	0.63	0.0896	46	143	189	475	2	1	4	0	4	1	1	0.498333	0.493046	0.6125	0.0659292	846	5719	6565
11263	4/19/2012	2	1	4	11	0	4	1	1	0.52	0.5	0.48	0	46	183	229	475	2	1	4	0	4	1	1	0.498333	0.493046	0.6125	0.0659292	846	5719	6565
11264	4/19/2012	2	1	4	12	0	4	1	1	0.54	0.5152	0.49	0	51	213	264	475	2	1	4	0	4	1	1	0.498333	0.493046	0.6125	0.0659292	846	5719	6565
11265	4/19/2012	2	1	4	13	0	4	1	1	0.56	0.5303	0.46	0	52	186	238	475	2	1	4	0	4	1	1	0.498333	0.493046	0.6125	0.0659292	846	5719	6565
11266	4/19/2012	2	1	4	14	0	4	1	1	0.58	0.5455	0.43	0	54	183	237	475	2	1	4	0	4	1	1	0.498333	0.493046	0.6125	0.0659292	846	5719	6565
11267	4/19/2012	2	1	4	15	0	4	1	1	0.6	0.6212	0.43	0	66	196	262	475	2	1	4	0	4	1	1	0.498333	0.493046	0.6125	0.0659292	846	5719	6565
11268	4/19/2012	2	1	4	16	0	4	1	1	0.62	0.6212	0.41	0.1045	63	324	387	475	2	1	4	0	4	1	1	0.498333	0.493046	0.6125	0.0659292	846	5719	6565
11269	4/19/2012	2	1	4	17	0	4	1	1	0.6	0.6212	0.43	0.0896	85	663	748	475	2	1	4	0	4	1	1	0.498333	0.493046	0.6125	0.0659292	846	5719	6565
11270	4/19/2012	2	1	4	18	0	4	1	1	0.6	0.6212	0.43	0.0896	99	677	776	475	2	1	4	0	4	1	1	0.498333	0.493046	0.6125	0.0659292	846	5719	6565
11271	4/19/2012	2	1	4	19	0	4	1	1	0.58	0.5455	0.46	0.1343	70	516	586	475	2	1	4	0	4	1	1	0.498333	0.493046	0.6125	0.0659292	846	5719	6565
11272	4/19/2012	2	1	4	20	0	4	1	1	0.56	0.5303	0.49	0.2239	52	352	404	475	2	1	4	0	4	1	1	0.498333	0.493046	0.6125	0.0659292	846	5719	6565
11273	4/19/2012	2	1	4	21	0	4	1	1	0.52	0.5	0.55	0.1045	27	240	267	475	2	1	4	0	4	1	1	0.498333	0.493046	0.6125	0.0659292	846	5719	6565
11274	4/19/2012	2	1	4	22	0	4	1	1	0.52	0.5	0.59	0.194	29	219	248	475	2	1	4	0	4	1	1	0.498333	0.493046	0.6125	0.0659292	846	5719	6565
11275	4/19/2012	2	1	4	23	0	4	1	1	0.5	0.4848	0.63	0.1045	20	124	144	475	2	1	4	0	4	1	1	0.498333	0.493046	0.6125	0.0659292	846	5719	6565
11276	4/20/2012	2	1	4	0	0	5	1	1	0.48	0.4697	0.67	0.1045	5	59	64	476	2	1	4	0	5	1	1	0.526667	0.515775	0.694583	0.149871	1340	5950	7290
11277	4/20/2012	2	1	4	1	0	5	1	1	0.46	0.4545	0.82	0.194	3	22	25	476	2	1	4	0	5	1	1	0.526667	0.515775	0.694583	0.149871	1340	5950	7290
11278	4/20/2012	2	1	4	2	0	5	1	1	0.44	0.4394	0.88	0.194	3	18	21	476	2	1	4	0	5	1	1	0.526667	0.515775	0.694583	0.149871	1340	5950	7290
11279	4/20/2012	2	1	4	3	0	5	1	1	0.44	0.4394	0.88	0.1045	1	9	10	476	2	1	4	0	5	1	1	0.526667	0.515775	0.694583	0.149871	1340	5950	7290
11280	4/20/2012	2	1	4	4	0	5	1	1	0.42	0.4242	0.94	0.1045	0	3	3	476	2	1	4	0	5	1	1	0.526667	0.515775	0.694583	0.149871	1340	5950	7290
11281	4/20/2012	2	1	4	5	0	5	1	1	0.42	0.4242	0.94	0	1	24	25	476	2	1	4	0	5	1	1	0.526667	0.515775	0.694583	0.149871	1340	5950	7290
11282	4/20/2012	2	1	4	6	0	5	1	1	0.42	0.4242	0.88	0	8	105	113	476	2	1	4	0	5	1	1	0.526667	0.515775	0.694583	0.149871	1340	5950	7290
11283	4/20/2012	2	1	4	7	0	5	1	1	0.42	0.4242	0.94	0	9	350	359	476	2	1	4	0	5	1	1	0.526667	0.515775	0.694583	0.149871	1340	5950	7290
11284	4/20/2012	2	1	4	8	0	5	1	1	0.44	0.4394	0.94	0	32	668	700	476	2	1	4	0	5	1	1	0.526667	0.515775	0.694583	0.149871	1340	5950	7290
11285	4/20/2012	2	1	4	9	0	5	1	1	0.46	0.4545	0.88	0.0896	30	329	359	476	2	1	4	0	5	1	1	0.526667	0.515775	0.694583	0.149871	1340	5950	7290
11286	4/20/2012	2	1	4	10	0	5	1	1	0.5	0.4848	0.77	0.194	67	170	237	476	2	1	4	0	5	1	1	0.526667	0.515775	0.694583	0.149871	1340	5950	7290
11287	4/20/2012	2	1	4	11	0	5	1	1	0.54	0.5152	0.68	0.1642	64	190	254	476	2	1	4	0	5	1	1	0.526667	0.515775	0.694583	0.149871	1340	5950	7290
11288	4/20/2012	2	1	4	12	0	5	1	1	0.58	0.5455	0.53	0.194	102	260	362	476	2	1	4	0	5	1	1	0.526667	0.515775	0.694583	0.149871	1340	5950	7290
11289	4/20/2012	2	1	4	13	0	5	1	1	0.62	0.6212	0.43	0.194	105	276	381	476	2	1	4	0	5	1	1	0.526667	0.515775	0.694583	0.149871	1340	5950	7290
11290	4/20/2012	2	1	4	14	0	5	1	1	0.64	0.6212	0.44	0.2239	156	238	394	476	2	1	4	0	5	1	1	0.526667	0.515775	0.694583	0.149871	1340	5950	7290
11291	4/20/2012	2	1	4	15	0	5	1	1	0.64	0.6212	0.47	0.194	145	262	407	476	2	1	4	0	5	1	1	0.526667	0.515775	0.694583	0.149871	1340	5950	7290
11292	4/20/2012	2	1	4	16	0	5	1	1	0.66	0.6212	0.44	0.194	151	429	580	476	2	1	4	0	5	1	1	0.526667	0.515775	0.694583	0.149871	1340	5950	7290
11293	4/20/2012	2	1	4	17	0	5	1	1	0.64	0.6212	0.47	0.2836	122	697	819	476	2	1	4	0	5	1	1	0.526667	0.515775	0.694583	0.149871	1340	5950	7290
11294	4/20/2012	2	1	4	18	0	5	1	1	0.62	0.6212	0.5	0.2836	110	558	668	476	2	1	4	0	5	1	1	0.526667	0.515775	0.694583	0.149871	1340	5950	7290
11295	4/20/2012	2	1	4	19	0	5	1	1	0.6	0.6212	0.53	0.194	82	410	492	476	2	1	4	0	5	1	1	0.526667	0.515775	0.694583	0.149871	1340	5950	7290
11296	4/20/2012	2	1	4	20	0	5	1	1	0.58	0.5455	0.56	0.1642	52	289	341	476	2	1	4	0	5	1	1	0.526667	0.515775	0.694583	0.149871	1340	5950	7290
11297	4/20/2012	2	1	4	21	0	5	1	1	0.56	0.5303	0.68	0.1343	35	252	287	476	2	1	4	0	5	1	1	0.526667	0.515775	0.694583	0.149871	1340	5950	7290
11298	4/20/2012	2	1	4	22	0	5	1	1	0.54	0.5152	0.68	0.2537	26	176	202	476	2	1	4	0	5	1	1	0.526667	0.515775	0.694583	0.149871	1340	5950	7290
11299	4/20/2012	2	1	4	23	0	5	1	1	0.52	0.5	0.72	0.1343	31	156	187	476	2	1	4	0	5	1	1	0.526667	0.515775	0.694583	0.149871	1340	5950	7290
11300	4/21/2012	2	1	4	0	0	6	0	1	0.52	0.5	0.77	0.2239	31	111	142	477	2	1	4	0	6	0	1	0.57	0.542921	0.682917	0.283587	2541	4083	6624
11301	4/21/2012	2	1	4	1	0	6	0	1	0.52	0.5	0.77	0.2239	24	64	88	477	2	1	4	0	6	0	1	0.57	0.542921	0.682917	0.283587	2541	4083	6624
11302	4/21/2012	2	1	4	2	0	6	0	1	0.52	0.5	0.77	0.1343	12	69	81	477	2	1	4	0	6	0	1	0.57	0.542921	0.682917	0.283587	2541	4083	6624
11303	4/21/2012	2	1	4	3	0	6	0	1	0.5	0.4848	0.82	0.2239	4	25	29	477	2	1	4	0	6	0	1	0.57	0.542921	0.682917	0.283587	2541	4083	6624
11304	4/21/2012	2	1	4	4	0	6	0	1	0.5	0.4848	0.82	0.2537	0	9	9	477	2	1	4	0	6	0	1	0.57	0.542921	0.682917	0.283587	2541	4083	6624
11305	4/21/2012	2	1	4	5	0	6	0	1	0.5	0.4848	0.82	0.2537	0	1	1	477	2	1	4	0	6	0	1	0.57	0.542921	0.682917	0.283587	2541	4083	6624
11306	4/21/2012	2	1	4	6	0	6	0	1	0.5	0.4848	0.82	0.2239	10	21	31	477	2	1	4	0	6	0	1	0.57	0.542921	0.682917	0.283587	2541	4083	6624
11307	4/21/2012	2	1	4	7	0	6	0	1	0.5	0.4848	0.82	0.2836	21	55	76	477	2	1	4	0	6	0	1	0.57	0.542921	0.682917	0.283587	2541	4083	6624
11308	4/21/2012	2	1	4	8	0	6	0	1	0.52	0.5	0.81	0.2537	52	149	201	477	2	1	4	0	6	0	1	0.57	0.542921	0.682917	0.283587	2541	4083	6624
11309	4/21/2012	2	1	4	9	0	6	0	1	0.54	0.5152	0.77	0.1642	115	216	331	477	2	1	4	0	6	0	1	0.57	0.542921	0.682917	0.283587	2541	4083	6624
11310	4/21/2012	2	1	4	10	0	6	0	1	0.6	0.6061	0.64	0.2836	183	299	482	477	2	1	4	0	6	0	1	0.57	0.542921	0.682917	0.283587	2541	4083	6624
11311	4/21/2012	2	1	4	11	0	6	0	1	0.62	0.6061	0.61	0.3284	260	348	608	477	2	1	4	0	6	0	1	0.57	0.542921	0.682917	0.283587	2541	4083	6624
11312	4/21/2012	2	1	4	12	0	6	0	1	0.64	0.6212	0.57	0.2239	262	378	640	477	2	1	4	0	6	0	1	0.57	0.542921	0.682917	0.283587	2541	4083	6624
11313	4/21/2012	2	1	4	13	0	6	0	1	0.66	0.6212	0.54	0.2239	291	358	649	477	2	1	4	0	6	0	1	0.57	0.542921	0.682917	0.283587	2541	4083	6624
11314	4/21/2012	2	1	4	14	0	6	0	1	0.7	0.6364	0.45	0.2836	278	331	609	477	2	1	4	0	6	0	1	0.57	0.542921	0.682917	0.283587	2541	4083	6624
11315	4/21/2012	2	1	4	15	0	6	0	1	0.72	0.6515	0.39	0.2537	267	361	628	477	2	1	4	0	6	0	1	0.57	0.542921	0.682917	0.283587	2541	4083	6624
11316	4/21/2012	2	1	4	16	0	6	0	1	0.7	0.6364	0.42	0.3284	267	372	639	477	2	1	4	0	6	0	1	0.57	0.542921	0.682917	0.283587	2541	4083	6624
11317	4/21/2012	2	1	4	17	0	6	0	2	0.74	0.6515	0.3	0.3881	259	309	568	477	2	1	4	0	6	0	1	0.57	0.542921	0.682917	0.283587	2541	4083	6624
11318	4/21/2012	2	1	4	18	0	6	0	2	0.68	0.6364	0.47	0.4925	133	283	416	477	2	1	4	0	6	0	1	0.57	0.542921	0.682917	0.283587	2541	4083	6624
11319	4/21/2012	2	1	4	19	0	6	0	3	0.56	0.5303	0.73	0.4925	9	45	54	477	2	1	4	0	6	0	1	0.57	0.542921	0.682917	0.283587	2541	4083	6624
11320	4/21/2012	2	1	4	20	0	6	0	3	0.5	0.4848	0.82	0.2985	5	34	39	477	2	1	4	0	6	0	1	0.57	0.542921	0.682917	0.283587	2541	4083	6624
11321	4/21/2012	2	1	4	21	0	6	0	3	0.5	0.4848	0.82	0.3881	20	82	102	477	2	1	4	0	6	0	1	0.57	0.542921	0.682917	0.283587	2541	4083	6624
11322	4/21/2012	2	1	4	22	0	6	0	1	0.48	0.4697	0.82	0.2985	20	90	110	477	2	1	4	0	6	0	1	0.57	0.542921	0.682917	0.283587	2541	4083	6624
11323	4/21/2012	2	1	4	23	0	6	0	2	0.46	0.4545	0.82	0.2836	18	73	91	477	2	1	4	0	6	0	1	0.57	0.542921	0.682917	0.283587	2541	4083	6624
11324	4/22/2012	2	1	4	0	0	0	0	2	0.46	0.4545	0.82	0.194	32	85	117	478	2	1	4	0	0	0	3	0.396667	0.389504	0.835417	0.344546	120	907	1027
11325	4/22/2012	2	1	4	1	0	0	0	2	0.46	0.4545	0.82	0.3284	10	63	73	478	2	1	4	0	0	0	3	0.396667	0.389504	0.835417	0.344546	120	907	1027
11326	4/22/2012	2	1	4	2	0	0	0	1	0.46	0.4545	0.72	0.2836	7	49	56	478	2	1	4	0	0	0	3	0.396667	0.389504	0.835417	0.344546	120	907	1027
11327	4/22/2012	2	1	4	3	0	0	0	2	0.44	0.4394	0.82	0.1642	7	33	40	478	2	1	4	0	0	0	3	0.396667	0.389504	0.835417	0.344546	120	907	1027
11328	4/22/2012	2	1	4	4	0	0	0	2	0.44	0.4394	0.77	0.1642	0	7	7	478	2	1	4	0	0	0	3	0.396667	0.389504	0.835417	0.344546	120	907	1027
11329	4/22/2012	2	1	4	5	0	0	0	2	0.44	0.4394	0.77	0.2239	0	6	6	478	2	1	4	0	0	0	3	0.396667	0.389504	0.835417	0.344546	120	907	1027
11330	4/22/2012	2	1	4	6	0	0	0	2	0.44	0.4394	0.72	0.3284	6	6	12	478	2	1	4	0	0	0	3	0.396667	0.389504	0.835417	0.344546	120	907	1027
11331	4/22/2012	2	1	4	7	0	0	0	3	0.42	0.4242	0.77	0.3881	2	22	24	478	2	1	4	0	0	0	3	0.396667	0.389504	0.835417	0.344546	120	907	1027
11332	4/22/2012	2	1	4	8	0	0	0	3	0.4	0.4091	0.82	0.2537	8	43	51	478	2	1	4	0	0	0	3	0.396667	0.389504	0.835417	0.344546	120	907	1027
11333	4/22/2012	2	1	4	9	0	0	0	3	0.4	0.4091	0.82	0.2537	8	71	79	478	2	1	4	0	0	0	3	0.396667	0.389504	0.835417	0.344546	120	907	1027
11334	4/22/2012	2	1	4	10	0	0	0	3	0.38	0.3939	0.82	0.3284	11	57	68	478	2	1	4	0	0	0	3	0.396667	0.389504	0.835417	0.344546	120	907	1027
11335	4/22/2012	2	1	4	11	0	0	0	3	0.38	0.3939	0.87	0.2985	7	70	77	478	2	1	4	0	0	0	3	0.396667	0.389504	0.835417	0.344546	120	907	1027
11336	4/22/2012	2	1	4	12	0	0	0	3	0.38	0.3939	0.87	0.3284	5	56	61	478	2	1	4	0	0	0	3	0.396667	0.389504	0.835417	0.344546	120	907	1027
11337	4/22/2012	2	1	4	13	0	0	0	3	0.38	0.3939	0.82	0.3582	5	47	52	478	2	1	4	0	0	0	3	0.396667	0.389504	0.835417	0.344546	120	907	1027
11338	4/22/2012	2	1	4	14	0	0	0	3	0.38	0.3939	0.87	0.3284	3	50	53	478	2	1	4	0	0	0	3	0.396667	0.389504	0.835417	0.344546	120	907	1027
11339	4/22/2012	2	1	4	15	0	0	0	3	0.38	0.3939	0.87	0.3881	0	38	38	478	2	1	4	0	0	0	3	0.396667	0.389504	0.835417	0.344546	120	907	1027
11340	4/22/2012	2	1	4	16	0	0	0	3	0.38	0.3939	0.87	0.4478	4	32	36	478	2	1	4	0	0	0	3	0.396667	0.389504	0.835417	0.344546	120	907	1027
11341	4/22/2012	2	1	4	17	0	0	0	3	0.36	0.3182	0.93	0.4478	2	25	27	478	2	1	4	0	0	0	3	0.396667	0.389504	0.835417	0.344546	120	907	1027
11342	4/22/2012	2	1	4	18	0	0	0	3	0.36	0.3182	0.93	0.4478	1	38	39	478	2	1	4	0	0	0	3	0.396667	0.389504	0.835417	0.344546	120	907	1027
11343	4/22/2012	2	1	4	19	0	0	0	3	0.36	0.3182	0.87	0.5224	1	34	35	478	2	1	4	0	0	0	3	0.396667	0.389504	0.835417	0.344546	120	907	1027
11344	4/22/2012	2	1	4	20	0	0	0	3	0.36	0.3333	0.93	0.4179	1	34	35	478	2	1	4	0	0	0	3	0.396667	0.389504	0.835417	0.344546	120	907	1027
11345	4/22/2012	2	1	4	21	0	0	0	3	0.36	0.3333	0.87	0.3881	0	11	11	478	2	1	4	0	0	0	3	0.396667	0.389504	0.835417	0.344546	120	907	1027
11346	4/22/2012	2	1	4	22	0	0	0	3	0.34	0.2879	0.87	0.5224	0	13	13	478	2	1	4	0	0	0	3	0.396667	0.389504	0.835417	0.344546	120	907	1027
11347	4/22/2012	2	1	4	23	0	0	0	3	0.36	0.3182	0.81	0.4627	0	17	17	478	2	1	4	0	0	0	3	0.396667	0.389504	0.835417	0.344546	120	907	1027
11348	4/23/2012	2	1	4	0	0	1	1	3	0.36	0.3333	0.81	0.4179	0	6	6	479	2	1	4	0	1	1	2	0.321667	0.301125	0.766667	0.303496	195	3019	3214
11349	4/23/2012	2	1	4	1	0	1	1	3	0.34	0.303	0.87	0.3582	1	1	2	479	2	1	4	0	1	1	2	0.321667	0.301125	0.766667	0.303496	195	3019	3214
11350	4/23/2012	2	1	4	2	0	1	1	2	0.32	0.303	0.87	0.3284	1	3	4	479	2	1	4	0	1	1	2	0.321667	0.301125	0.766667	0.303496	195	3019	3214
11351	4/23/2012	2	1	4	3	0	1	1	2	0.32	0.303	0.81	0.2836	0	1	1	479	2	1	4	0	1	1	2	0.321667	0.301125	0.766667	0.303496	195	3019	3214
11352	4/23/2012	2	1	4	4	0	1	1	3	0.3	0.2879	0.81	0.2836	0	3	3	479	2	1	4	0	1	1	2	0.321667	0.301125	0.766667	0.303496	195	3019	3214
11353	4/23/2012	2	1	4	5	0	1	1	3	0.3	0.2879	0.81	0.2836	0	14	14	479	2	1	4	0	1	1	2	0.321667	0.301125	0.766667	0.303496	195	3019	3214
11354	4/23/2012	2	1	4	6	0	1	1	2	0.3	0.2727	0.81	0.2985	2	43	45	479	2	1	4	0	1	1	2	0.321667	0.301125	0.766667	0.303496	195	3019	3214
11355	4/23/2012	2	1	4	7	0	1	1	3	0.3	0.2879	0.81	0.2537	1	206	207	479	2	1	4	0	1	1	2	0.321667	0.301125	0.766667	0.303496	195	3019	3214
11356	4/23/2012	2	1	4	8	0	1	1	2	0.3	0.2727	0.75	0.3284	11	471	482	479	2	1	4	0	1	1	2	0.321667	0.301125	0.766667	0.303496	195	3019	3214
11357	4/23/2012	2	1	4	9	0	1	1	2	0.3	0.2727	0.75	0.3881	17	255	272	479	2	1	4	0	1	1	2	0.321667	0.301125	0.766667	0.303496	195	3019	3214
11358	4/23/2012	2	1	4	10	0	1	1	2	0.32	0.303	0.7	0.3284	12	88	100	479	2	1	4	0	1	1	2	0.321667	0.301125	0.766667	0.303496	195	3019	3214
11359	4/23/2012	2	1	4	11	0	1	1	2	0.32	0.2879	0.7	0.3582	10	91	101	479	2	1	4	0	1	1	2	0.321667	0.301125	0.766667	0.303496	195	3019	3214
11360	4/23/2012	2	1	4	12	0	1	1	3	0.34	0.303	0.71	0.3582	12	117	129	479	2	1	4	0	1	1	2	0.321667	0.301125	0.766667	0.303496	195	3019	3214
11361	4/23/2012	2	1	4	13	0	1	1	3	0.34	0.303	0.66	0.3881	9	98	107	479	2	1	4	0	1	1	2	0.321667	0.301125	0.766667	0.303496	195	3019	3214
11362	4/23/2012	2	1	4	14	0	1	1	3	0.36	0.3182	0.62	0.4478	12	102	114	479	2	1	4	0	1	1	2	0.321667	0.301125	0.766667	0.303496	195	3019	3214
11363	4/23/2012	2	1	4	15	0	1	1	2	0.36	0.3333	0.62	0.3881	11	101	112	479	2	1	4	0	1	1	2	0.321667	0.301125	0.766667	0.303496	195	3019	3214
11364	4/23/2012	2	1	4	16	0	1	1	3	0.3	0.2727	0.81	0.3582	10	93	103	479	2	1	4	0	1	1	2	0.321667	0.301125	0.766667	0.303496	195	3019	3214
11365	4/23/2012	2	1	4	17	0	1	1	3	0.3	0.2727	0.82	0.3284	13	219	232	479	2	1	4	0	1	1	2	0.321667	0.301125	0.766667	0.303496	195	3019	3214
11366	4/23/2012	2	1	4	18	0	1	1	3	0.32	0.3333	0.81	0.1343	10	369	379	479	2	1	4	0	1	1	2	0.321667	0.301125	0.766667	0.303496	195	3019	3214
11367	4/23/2012	2	1	4	19	0	1	1	2	0.34	0.3182	0.76	0.2239	11	287	298	479	2	1	4	0	1	1	2	0.321667	0.301125	0.766667	0.303496	195	3019	3214
11368	4/23/2012	2	1	4	20	0	1	1	2	0.32	0.3182	0.76	0.1642	17	186	203	479	2	1	4	0	1	1	2	0.321667	0.301125	0.766667	0.303496	195	3019	3214
11369	4/23/2012	2	1	4	21	0	1	1	2	0.32	0.303	0.81	0.2239	7	145	152	479	2	1	4	0	1	1	2	0.321667	0.301125	0.766667	0.303496	195	3019	3214
11370	4/23/2012	2	1	4	22	0	1	1	1	0.32	0.3182	0.76	0.194	18	71	89	479	2	1	4	0	1	1	2	0.321667	0.301125	0.766667	0.303496	195	3019	3214
11371	4/23/2012	2	1	4	23	0	1	1	1	0.32	0.3182	0.76	0.1642	10	49	59	479	2	1	4	0	1	1	2	0.321667	0.301125	0.766667	0.303496	195	3019	3214
11372	4/24/2012	2	1	4	0	0	2	1	2	0.32	0.3333	0.76	0.1343	0	13	13	480	2	1	4	0	2	1	1	0.413333	0.405283	0.454167	0.249383	518	5115	5633
11373	4/24/2012	2	1	4	1	0	2	1	2	0.32	0.3333	0.81	0.1343	1	6	7	480	2	1	4	0	2	1	1	0.413333	0.405283	0.454167	0.249383	518	5115	5633
11374	4/24/2012	2	1	4	2	0	2	1	1	0.32	0.3182	0.81	0.194	0	3	3	480	2	1	4	0	2	1	1	0.413333	0.405283	0.454167	0.249383	518	5115	5633
11375	4/24/2012	2	1	4	3	0	2	1	1	0.32	0.303	0.81	0.2239	0	2	2	480	2	1	4	0	2	1	1	0.413333	0.405283	0.454167	0.249383	518	5115	5633
11376	4/24/2012	2	1	4	4	0	2	1	1	0.3	0.2879	0.7	0.194	0	3	3	480	2	1	4	0	2	1	1	0.413333	0.405283	0.454167	0.249383	518	5115	5633
11377	4/24/2012	2	1	4	5	0	2	1	1	0.3	0.2879	0.7	0.194	0	22	22	480	2	1	4	0	2	1	1	0.413333	0.405283	0.454167	0.249383	518	5115	5633
11378	4/24/2012	2	1	4	6	0	2	1	1	0.3	0.2879	0.7	0.2239	3	117	120	480	2	1	4	0	2	1	1	0.413333	0.405283	0.454167	0.249383	518	5115	5633
11379	4/24/2012	2	1	4	7	0	2	1	1	0.32	0.303	0.66	0.2836	3	387	390	480	2	1	4	0	2	1	1	0.413333	0.405283	0.454167	0.249383	518	5115	5633
11380	4/24/2012	2	1	4	8	0	2	1	1	0.34	0.3182	0.61	0.2537	12	599	611	480	2	1	4	0	2	1	1	0.413333	0.405283	0.454167	0.249383	518	5115	5633
11381	4/24/2012	2	1	4	9	0	2	1	1	0.4	0.4091	0.47	0.3582	6	302	308	480	2	1	4	0	2	1	1	0.413333	0.405283	0.454167	0.249383	518	5115	5633
11382	4/24/2012	2	1	4	10	0	2	1	1	0.42	0.4242	0.47	0.2985	33	129	162	480	2	1	4	0	2	1	1	0.413333	0.405283	0.454167	0.249383	518	5115	5633
11383	4/24/2012	2	1	4	11	0	2	1	1	0.46	0.4545	0.31	0.3881	27	157	184	480	2	1	4	0	2	1	1	0.413333	0.405283	0.454167	0.249383	518	5115	5633
11384	4/24/2012	2	1	4	12	0	2	1	1	0.48	0.4697	0.29	0.3881	36	188	224	480	2	1	4	0	2	1	1	0.413333	0.405283	0.454167	0.249383	518	5115	5633
11385	4/24/2012	2	1	4	13	0	2	1	1	0.5	0.4848	0.29	0.3881	35	189	224	480	2	1	4	0	2	1	1	0.413333	0.405283	0.454167	0.249383	518	5115	5633
11386	4/24/2012	2	1	4	14	0	2	1	1	0.5	0.4848	0.25	0.3881	50	166	216	480	2	1	4	0	2	1	1	0.413333	0.405283	0.454167	0.249383	518	5115	5633
11387	4/24/2012	2	1	4	15	0	2	1	1	0.5	0.4848	0.23	0.4179	60	176	236	480	2	1	4	0	2	1	1	0.413333	0.405283	0.454167	0.249383	518	5115	5633
11388	4/24/2012	2	1	4	16	0	2	1	1	0.5	0.4848	0.23	0.194	54	308	362	480	2	1	4	0	2	1	1	0.413333	0.405283	0.454167	0.249383	518	5115	5633
11389	4/24/2012	2	1	4	17	0	2	1	1	0.52	0.5	0.22	0.3881	72	619	691	480	2	1	4	0	2	1	1	0.413333	0.405283	0.454167	0.249383	518	5115	5633
11390	4/24/2012	2	1	4	18	0	2	1	1	0.5	0.4848	0.18	0	52	580	632	480	2	1	4	0	2	1	1	0.413333	0.405283	0.454167	0.249383	518	5115	5633
11391	4/24/2012	2	1	4	19	0	2	1	1	0.5	0.4848	0.18	0.2537	33	449	482	480	2	1	4	0	2	1	1	0.413333	0.405283	0.454167	0.249383	518	5115	5633
11392	4/24/2012	2	1	4	20	0	2	1	1	0.48	0.4697	0.21	0.3284	16	269	285	480	2	1	4	0	2	1	1	0.413333	0.405283	0.454167	0.249383	518	5115	5633
11393	4/24/2012	2	1	4	21	0	2	1	2	0.46	0.4545	0.28	0.1642	13	213	226	480	2	1	4	0	2	1	1	0.413333	0.405283	0.454167	0.249383	518	5115	5633
11394	4/24/2012	2	1	4	22	0	2	1	1	0.44	0.4394	0.35	0.1045	8	149	157	480	2	1	4	0	2	1	1	0.413333	0.405283	0.454167	0.249383	518	5115	5633
11395	4/24/2012	2	1	4	23	0	2	1	1	0.42	0.4242	0.38	0.0896	4	69	73	480	2	1	4	0	2	1	1	0.413333	0.405283	0.454167	0.249383	518	5115	5633
11396	4/25/2012	2	1	4	0	0	3	1	1	0.44	0.4394	0.38	0	13	23	36	481	2	1	4	0	3	1	1	0.476667	0.470317	0.427917	0.118792	655	5541	6196
11397	4/25/2012	2	1	4	1	0	3	1	1	0.42	0.4242	0.41	0	8	17	25	481	2	1	4	0	3	1	1	0.476667	0.470317	0.427917	0.118792	655	5541	6196
11398	4/25/2012	2	1	4	2	0	3	1	1	0.36	0.3788	0.62	0	1	6	7	481	2	1	4	0	3	1	1	0.476667	0.470317	0.427917	0.118792	655	5541	6196
11399	4/25/2012	2	1	4	3	0	3	1	1	0.32	0.3333	0.7	0.0896	0	3	3	481	2	1	4	0	3	1	1	0.476667	0.470317	0.427917	0.118792	655	5541	6196
11400	4/25/2012	2	1	4	4	0	3	1	1	0.34	0.3485	0.66	0.0896	0	6	6	481	2	1	4	0	3	1	1	0.476667	0.470317	0.427917	0.118792	655	5541	6196
11401	4/25/2012	2	1	4	5	0	3	1	1	0.34	0.3636	0.66	0	0	24	24	481	2	1	4	0	3	1	1	0.476667	0.470317	0.427917	0.118792	655	5541	6196
11402	4/25/2012	2	1	4	6	0	3	1	1	0.34	0.3636	0.66	0	3	103	106	481	2	1	4	0	3	1	1	0.476667	0.470317	0.427917	0.118792	655	5541	6196
11403	4/25/2012	2	1	4	7	0	3	1	1	0.34	0.3636	0.71	0	13	376	389	481	2	1	4	0	3	1	1	0.476667	0.470317	0.427917	0.118792	655	5541	6196
11404	4/25/2012	2	1	4	8	0	3	1	1	0.36	0.3636	0.76	0.0896	20	634	654	481	2	1	4	0	3	1	1	0.476667	0.470317	0.427917	0.118792	655	5541	6196
11405	4/25/2012	2	1	4	9	0	3	1	1	0.42	0.4242	0.54	0	33	288	321	481	2	1	4	0	3	1	1	0.476667	0.470317	0.427917	0.118792	655	5541	6196
11406	4/25/2012	2	1	4	10	0	3	1	1	0.52	0.5	0.34	0	44	138	182	481	2	1	4	0	3	1	1	0.476667	0.470317	0.427917	0.118792	655	5541	6196
11407	4/25/2012	2	1	4	11	0	3	1	1	0.52	0.5	0.32	0.1343	42	177	219	481	2	1	4	0	3	1	1	0.476667	0.470317	0.427917	0.118792	655	5541	6196
11408	4/25/2012	2	1	4	12	0	3	1	1	0.54	0.5152	0.28	0.2836	49	220	269	481	2	1	4	0	3	1	1	0.476667	0.470317	0.427917	0.118792	655	5541	6196
11409	4/25/2012	2	1	4	13	0	3	1	1	0.56	0.5303	0.26	0.2239	35	193	228	481	2	1	4	0	3	1	1	0.476667	0.470317	0.427917	0.118792	655	5541	6196
11410	4/25/2012	2	1	4	14	0	3	1	1	0.56	0.5303	0.22	0.3582	47	176	223	481	2	1	4	0	3	1	1	0.476667	0.470317	0.427917	0.118792	655	5541	6196
11411	4/25/2012	2	1	4	15	0	3	1	1	0.58	0.5455	0.19	0.1642	47	182	229	481	2	1	4	0	3	1	1	0.476667	0.470317	0.427917	0.118792	655	5541	6196
11412	4/25/2012	2	1	4	16	0	3	1	1	0.6	0.5909	0.2	0.3284	49	327	376	481	2	1	4	0	3	1	1	0.476667	0.470317	0.427917	0.118792	655	5541	6196
11413	4/25/2012	2	1	4	17	0	3	1	1	0.6	0.5909	0.2	0.2985	68	664	732	481	2	1	4	0	3	1	1	0.476667	0.470317	0.427917	0.118792	655	5541	6196
11414	4/25/2012	2	1	4	18	0	3	1	1	0.6	0.5909	0.2	0.2836	60	649	709	481	2	1	4	0	3	1	1	0.476667	0.470317	0.427917	0.118792	655	5541	6196
11415	4/25/2012	2	1	4	19	0	3	1	1	0.6	0.5909	0.2	0.194	42	501	543	481	2	1	4	0	3	1	1	0.476667	0.470317	0.427917	0.118792	655	5541	6196
11416	4/25/2012	2	1	4	20	0	3	1	1	0.56	0.5303	0.22	0.0896	22	358	380	481	2	1	4	0	3	1	1	0.476667	0.470317	0.427917	0.118792	655	5541	6196
11417	4/25/2012	2	1	4	21	0	3	1	1	0.52	0.5	0.52	0.1343	27	212	239	481	2	1	4	0	3	1	1	0.476667	0.470317	0.427917	0.118792	655	5541	6196
11418	4/25/2012	2	1	4	22	0	3	1	1	0.5	0.4848	0.51	0	22	170	192	481	2	1	4	0	3	1	1	0.476667	0.470317	0.427917	0.118792	655	5541	6196
11419	4/25/2012	2	1	4	23	0	3	1	2	0.5	0.4848	0.51	0.0896	10	94	104	481	2	1	4	0	3	1	1	0.476667	0.470317	0.427917	0.118792	655	5541	6196
11420	4/26/2012	2	1	4	0	0	4	1	2	0.48	0.4697	0.63	0	1	42	43	482	2	1	4	0	4	1	2	0.498333	0.483583	0.756667	0.176625	475	4551	5026
11421	4/26/2012	2	1	4	1	0	4	1	2	0.48	0.4697	0.48	0.0896	1	22	23	482	2	1	4	0	4	1	2	0.498333	0.483583	0.756667	0.176625	475	4551	5026
11422	4/26/2012	2	1	4	2	0	4	1	2	0.48	0.4697	0.55	0.1045	3	10	13	482	2	1	4	0	4	1	2	0.498333	0.483583	0.756667	0.176625	475	4551	5026
11423	4/26/2012	2	1	4	3	0	4	1	2	0.48	0.4697	0.55	0.0896	1	5	6	482	2	1	4	0	4	1	2	0.498333	0.483583	0.756667	0.176625	475	4551	5026
11424	4/26/2012	2	1	4	4	0	4	1	2	0.48	0.4697	0.59	0.0896	1	2	3	482	2	1	4	0	4	1	2	0.498333	0.483583	0.756667	0.176625	475	4551	5026
11425	4/26/2012	2	1	4	5	0	4	1	2	0.48	0.4697	0.63	0.1343	0	17	17	482	2	1	4	0	4	1	2	0.498333	0.483583	0.756667	0.176625	475	4551	5026
11426	4/26/2012	2	1	4	6	0	4	1	2	0.48	0.4697	0.63	0.2537	5	122	127	482	2	1	4	0	4	1	2	0.498333	0.483583	0.756667	0.176625	475	4551	5026
11427	4/26/2012	2	1	4	7	0	4	1	3	0.46	0.4545	0.82	0.3582	3	222	225	482	2	1	4	0	4	1	2	0.498333	0.483583	0.756667	0.176625	475	4551	5026
11428	4/26/2012	2	1	4	8	0	4	1	3	0.46	0.4545	0.82	0.194	4	358	362	482	2	1	4	0	4	1	2	0.498333	0.483583	0.756667	0.176625	475	4551	5026
11429	4/26/2012	2	1	4	9	0	4	1	3	0.46	0.4545	0.88	0.1642	12	189	201	482	2	1	4	0	4	1	2	0.498333	0.483583	0.756667	0.176625	475	4551	5026
11430	4/26/2012	2	1	4	10	0	4	1	2	0.46	0.4545	0.94	0.1642	14	125	139	482	2	1	4	0	4	1	2	0.498333	0.483583	0.756667	0.176625	475	4551	5026
11431	4/26/2012	2	1	4	11	0	4	1	2	0.46	0.4545	0.94	0.2239	16	135	151	482	2	1	4	0	4	1	2	0.498333	0.483583	0.756667	0.176625	475	4551	5026
11432	4/26/2012	2	1	4	12	0	4	1	2	0.52	0.5	0.83	0.1343	24	180	204	482	2	1	4	0	4	1	2	0.498333	0.483583	0.756667	0.176625	475	4551	5026
11433	4/26/2012	2	1	4	13	0	4	1	2	0.5	0.4848	0.82	0.1642	19	178	197	482	2	1	4	0	4	1	2	0.498333	0.483583	0.756667	0.176625	475	4551	5026
11434	4/26/2012	2	1	4	14	0	4	1	2	0.54	0.5152	0.77	0.194	37	132	169	482	2	1	4	0	4	1	2	0.498333	0.483583	0.756667	0.176625	475	4551	5026
11435	4/26/2012	2	1	4	15	0	4	1	2	0.52	0.5	0.83	0.3284	39	165	204	482	2	1	4	0	4	1	2	0.498333	0.483583	0.756667	0.176625	475	4551	5026
11436	4/26/2012	2	1	4	16	0	4	1	2	0.52	0.5	0.83	0.2239	37	281	318	482	2	1	4	0	4	1	2	0.498333	0.483583	0.756667	0.176625	475	4551	5026
11437	4/26/2012	2	1	4	17	0	4	1	1	0.54	0.5152	0.77	0.1642	49	565	614	482	2	1	4	0	4	1	2	0.498333	0.483583	0.756667	0.176625	475	4551	5026
11438	4/26/2012	2	1	4	18	0	4	1	2	0.54	0.5152	0.77	0.194	75	589	664	482	2	1	4	0	4	1	2	0.498333	0.483583	0.756667	0.176625	475	4551	5026
11439	4/26/2012	2	1	4	19	0	4	1	2	0.54	0.5152	0.77	0.2239	57	407	464	482	2	1	4	0	4	1	2	0.498333	0.483583	0.756667	0.176625	475	4551	5026
11440	4/26/2012	2	1	4	20	0	4	1	1	0.54	0.5152	0.77	0.194	23	314	337	482	2	1	4	0	4	1	2	0.498333	0.483583	0.756667	0.176625	475	4551	5026
11441	4/26/2012	2	1	4	21	0	4	1	1	0.52	0.5	0.83	0.2239	28	222	250	482	2	1	4	0	4	1	2	0.498333	0.483583	0.756667	0.176625	475	4551	5026
11442	4/26/2012	2	1	4	22	0	4	1	1	0.52	0.5	0.83	0.1642	20	163	183	482	2	1	4	0	4	1	2	0.498333	0.483583	0.756667	0.176625	475	4551	5026
11443	4/26/2012	2	1	4	23	0	4	1	1	0.5	0.4848	0.88	0.1642	6	106	112	482	2	1	4	0	4	1	2	0.498333	0.483583	0.756667	0.176625	475	4551	5026
11444	4/27/2012	2	1	4	0	0	5	1	1	0.54	0.5152	0.68	0.5522	12	61	73	483	2	1	4	0	5	1	1	0.4575	0.452637	0.400833	0.347633	1014	5219	6233
11445	4/27/2012	2	1	4	1	0	5	1	1	0.5	0.4848	0.59	0.4478	3	32	35	483	2	1	4	0	5	1	1	0.4575	0.452637	0.400833	0.347633	1014	5219	6233
11446	4/27/2012	2	1	4	2	0	5	1	1	0.48	0.4697	0.59	0.4179	4	18	22	483	2	1	4	0	5	1	1	0.4575	0.452637	0.400833	0.347633	1014	5219	6233
11447	4/27/2012	2	1	4	3	0	5	1	1	0.44	0.4394	0.47	0.4925	1	2	3	483	2	1	4	0	5	1	1	0.4575	0.452637	0.400833	0.347633	1014	5219	6233
11448	4/27/2012	2	1	4	4	0	5	1	1	0.42	0.4242	0.44	0.2537	0	6	6	483	2	1	4	0	5	1	1	0.4575	0.452637	0.400833	0.347633	1014	5219	6233
11449	4/27/2012	2	1	4	5	0	5	1	1	0.42	0.4242	0.44	0.3582	0	19	19	483	2	1	4	0	5	1	1	0.4575	0.452637	0.400833	0.347633	1014	5219	6233
11450	4/27/2012	2	1	4	6	0	5	1	1	0.4	0.4091	0.43	0.2537	5	115	120	483	2	1	4	0	5	1	1	0.4575	0.452637	0.400833	0.347633	1014	5219	6233
11451	4/27/2012	2	1	4	7	0	5	1	1	0.38	0.3939	0.5	0.2836	10	305	315	483	2	1	4	0	5	1	1	0.4575	0.452637	0.400833	0.347633	1014	5219	6233
11452	4/27/2012	2	1	4	8	0	5	1	1	0.4	0.4091	0.5	0	17	575	592	483	2	1	4	0	5	1	1	0.4575	0.452637	0.400833	0.347633	1014	5219	6233
11453	4/27/2012	2	1	4	9	0	5	1	1	0.42	0.4242	0.44	0.4925	42	292	334	483	2	1	4	0	5	1	1	0.4575	0.452637	0.400833	0.347633	1014	5219	6233
11454	4/27/2012	2	1	4	10	0	5	1	1	0.44	0.4394	0.38	0.4179	64	172	236	483	2	1	4	0	5	1	1	0.4575	0.452637	0.400833	0.347633	1014	5219	6233
11455	4/27/2012	2	1	4	11	0	5	1	1	0.44	0.4394	0.38	0.3284	47	186	233	483	2	1	4	0	5	1	1	0.4575	0.452637	0.400833	0.347633	1014	5219	6233
11456	4/27/2012	2	1	4	12	0	5	1	1	0.46	0.4545	0.36	0.3582	63	244	307	483	2	1	4	0	5	1	1	0.4575	0.452637	0.400833	0.347633	1014	5219	6233
11457	4/27/2012	2	1	4	13	0	5	1	1	0.46	0.4545	0.33	0.3881	94	212	306	483	2	1	4	0	5	1	1	0.4575	0.452637	0.400833	0.347633	1014	5219	6233
11458	4/27/2012	2	1	4	14	0	5	1	1	0.46	0.4545	0.33	0.3284	94	206	300	483	2	1	4	0	5	1	1	0.4575	0.452637	0.400833	0.347633	1014	5219	6233
11459	4/27/2012	2	1	4	15	0	5	1	1	0.52	0.5	0.29	0.4925	101	223	324	483	2	1	4	0	5	1	1	0.4575	0.452637	0.400833	0.347633	1014	5219	6233
11460	4/27/2012	2	1	4	16	0	5	1	1	0.52	0.5	0.29	0.2537	105	335	440	483	2	1	4	0	5	1	1	0.4575	0.452637	0.400833	0.347633	1014	5219	6233
11461	4/27/2012	2	1	4	17	0	5	1	1	0.54	0.5152	0.24	0.3881	89	613	702	483	2	1	4	0	5	1	1	0.4575	0.452637	0.400833	0.347633	1014	5219	6233
11462	4/27/2012	2	1	4	18	0	5	1	1	0.52	0.5	0.25	0.3582	94	560	654	483	2	1	4	0	5	1	1	0.4575	0.452637	0.400833	0.347633	1014	5219	6233
11463	4/27/2012	2	1	4	19	0	5	1	1	0.5	0.4848	0.27	0.3881	62	379	441	483	2	1	4	0	5	1	1	0.4575	0.452637	0.400833	0.347633	1014	5219	6233
11464	4/27/2012	2	1	4	20	0	5	1	1	0.46	0.4545	0.31	0.2836	49	240	289	483	2	1	4	0	5	1	1	0.4575	0.452637	0.400833	0.347633	1014	5219	6233
11465	4/27/2012	2	1	4	21	0	5	1	1	0.44	0.4394	0.33	0.2985	23	185	208	483	2	1	4	0	5	1	1	0.4575	0.452637	0.400833	0.347633	1014	5219	6233
11466	4/27/2012	2	1	4	22	0	5	1	1	0.42	0.4242	0.38	0.2537	24	134	158	483	2	1	4	0	5	1	1	0.4575	0.452637	0.400833	0.347633	1014	5219	6233
11467	4/27/2012	2	1	4	23	0	5	1	1	0.4	0.4091	0.4	0.2537	11	105	116	483	2	1	4	0	5	1	1	0.4575	0.452637	0.400833	0.347633	1014	5219	6233
11468	4/28/2012	2	1	4	0	0	6	0	1	0.38	0.3939	0.43	0.1642	4	99	103	484	2	1	4	0	6	0	2	0.376667	0.377504	0.489583	0.129975	1120	3100	4220
11469	4/28/2012	2	1	4	1	0	6	0	1	0.36	0.3333	0.5	0.2985	7	60	67	484	2	1	4	0	6	0	2	0.376667	0.377504	0.489583	0.129975	1120	3100	4220
11470	4/28/2012	2	1	4	2	0	6	0	1	0.36	0.3485	0.43	0.1642	8	49	57	484	2	1	4	0	6	0	2	0.376667	0.377504	0.489583	0.129975	1120	3100	4220
11471	4/28/2012	2	1	4	3	0	6	0	1	0.34	0.3182	0.49	0.2239	3	23	26	484	2	1	4	0	6	0	2	0.376667	0.377504	0.489583	0.129975	1120	3100	4220
11472	4/28/2012	2	1	4	4	0	6	0	1	0.34	0.3333	0.49	0.1642	0	2	2	484	2	1	4	0	6	0	2	0.376667	0.377504	0.489583	0.129975	1120	3100	4220
11473	4/28/2012	2	1	4	5	0	6	0	1	0.34	0.3333	0.46	0.1343	2	3	5	484	2	1	4	0	6	0	2	0.376667	0.377504	0.489583	0.129975	1120	3100	4220
11474	4/28/2012	2	1	4	6	0	6	0	1	0.34	0.3333	0.49	0.194	10	18	28	484	2	1	4	0	6	0	2	0.376667	0.377504	0.489583	0.129975	1120	3100	4220
11475	4/28/2012	2	1	4	7	0	6	0	1	0.34	0.3333	0.49	0.1642	10	45	55	484	2	1	4	0	6	0	2	0.376667	0.377504	0.489583	0.129975	1120	3100	4220
11476	4/28/2012	2	1	4	8	0	6	0	1	0.38	0.3939	0.4	0.1343	24	134	158	484	2	1	4	0	6	0	2	0.376667	0.377504	0.489583	0.129975	1120	3100	4220
11477	4/28/2012	2	1	4	9	0	6	0	2	0.38	0.3939	0.37	0	45	169	214	484	2	1	4	0	6	0	2	0.376667	0.377504	0.489583	0.129975	1120	3100	4220
11478	4/28/2012	2	1	4	10	0	6	0	2	0.38	0.3939	0.4	0.1642	60	231	291	484	2	1	4	0	6	0	2	0.376667	0.377504	0.489583	0.129975	1120	3100	4220
11479	4/28/2012	2	1	4	11	0	6	0	2	0.38	0.3939	0.4	0.1045	96	262	358	484	2	1	4	0	6	0	2	0.376667	0.377504	0.489583	0.129975	1120	3100	4220
11480	4/28/2012	2	1	4	12	0	6	0	2	0.38	0.3939	0.43	0	105	276	381	484	2	1	4	0	6	0	2	0.376667	0.377504	0.489583	0.129975	1120	3100	4220
11481	4/28/2012	2	1	4	13	0	6	0	2	0.4	0.4091	0.37	0	120	269	389	484	2	1	4	0	6	0	2	0.376667	0.377504	0.489583	0.129975	1120	3100	4220
11482	4/28/2012	2	1	4	14	0	6	0	1	0.42	0.4242	0.38	0.1045	147	293	440	484	2	1	4	0	6	0	2	0.376667	0.377504	0.489583	0.129975	1120	3100	4220
11483	4/28/2012	2	1	4	15	0	6	0	1	0.42	0.4242	0.41	0.2239	148	260	408	484	2	1	4	0	6	0	2	0.376667	0.377504	0.489583	0.129975	1120	3100	4220
11484	4/28/2012	2	1	4	16	0	6	0	2	0.44	0.4394	0.38	0.194	132	244	376	484	2	1	4	0	6	0	2	0.376667	0.377504	0.489583	0.129975	1120	3100	4220
11485	4/28/2012	2	1	4	17	0	6	0	2	0.42	0.4242	0.41	0.1343	98	224	322	484	2	1	4	0	6	0	2	0.376667	0.377504	0.489583	0.129975	1120	3100	4220
11486	4/28/2012	2	1	4	18	0	6	0	3	0.4	0.4091	0.47	0	17	73	90	484	2	1	4	0	6	0	2	0.376667	0.377504	0.489583	0.129975	1120	3100	4220
11487	4/28/2012	2	1	4	19	0	6	0	3	0.36	0.3485	0.71	0.1343	29	110	139	484	2	1	4	0	6	0	2	0.376667	0.377504	0.489583	0.129975	1120	3100	4220
11488	4/28/2012	2	1	4	20	0	6	0	2	0.38	0.3939	0.66	0	21	81	102	484	2	1	4	0	6	0	2	0.376667	0.377504	0.489583	0.129975	1120	3100	4220
11489	4/28/2012	2	1	4	21	0	6	0	3	0.36	0.3485	0.71	0.194	12	72	84	484	2	1	4	0	6	0	2	0.376667	0.377504	0.489583	0.129975	1120	3100	4220
11490	4/28/2012	2	1	4	22	0	6	0	2	0.36	0.3485	0.71	0.1343	17	66	83	484	2	1	4	0	6	0	2	0.376667	0.377504	0.489583	0.129975	1120	3100	4220
11491	4/28/2012	2	1	4	23	0	6	0	2	0.38	0.3939	0.76	0.0896	5	37	42	484	2	1	4	0	6	0	2	0.376667	0.377504	0.489583	0.129975	1120	3100	4220
11492	4/29/2012	2	1	4	0	0	0	0	3	0.36	0.3485	0.81	0.1343	0	36	36	485	2	1	4	0	0	0	1	0.458333	0.450121	0.587083	0.116908	2229	4075	6304
11493	4/29/2012	2	1	4	1	0	0	0	2	0.36	0.3485	0.81	0.1343	5	37	42	485	2	1	4	0	0	0	1	0.458333	0.450121	0.587083	0.116908	2229	4075	6304
11494	4/29/2012	2	1	4	2	0	0	0	2	0.36	0.3636	0.87	0.1045	4	36	40	485	2	1	4	0	0	0	1	0.458333	0.450121	0.587083	0.116908	2229	4075	6304
11495	4/29/2012	2	1	4	3	0	0	0	2	0.36	0.3485	0.87	0.194	2	14	16	485	2	1	4	0	0	0	1	0.458333	0.450121	0.587083	0.116908	2229	4075	6304
11496	4/29/2012	2	1	4	4	0	0	0	2	0.36	0.3485	0.87	0.1343	0	4	4	485	2	1	4	0	0	0	1	0.458333	0.450121	0.587083	0.116908	2229	4075	6304
11497	4/29/2012	2	1	4	5	0	0	0	1	0.34	0.3636	0.87	0	0	6	6	485	2	1	4	0	0	0	1	0.458333	0.450121	0.587083	0.116908	2229	4075	6304
11498	4/29/2012	2	1	4	6	0	0	0	1	0.34	0.3333	0.87	0.1343	1	6	7	485	2	1	4	0	0	0	1	0.458333	0.450121	0.587083	0.116908	2229	4075	6304
11499	4/29/2012	2	1	4	7	0	0	0	2	0.34	0.3333	0.87	0.1343	7	20	27	485	2	1	4	0	0	0	1	0.458333	0.450121	0.587083	0.116908	2229	4075	6304
11500	4/29/2012	2	1	4	8	0	0	0	1	0.38	0.3939	0.76	0.1343	26	81	107	485	2	1	4	0	0	0	1	0.458333	0.450121	0.587083	0.116908	2229	4075	6304
11501	4/29/2012	2	1	4	9	0	0	0	1	0.4	0.4091	0.71	0.1343	52	133	185	485	2	1	4	0	0	0	1	0.458333	0.450121	0.587083	0.116908	2229	4075	6304
11502	4/29/2012	2	1	4	10	0	0	0	1	0.42	0.4242	0.67	0.0896	127	253	380	485	2	1	4	0	0	0	1	0.458333	0.450121	0.587083	0.116908	2229	4075	6304
11503	4/29/2012	2	1	4	11	0	0	0	1	0.46	0.4545	0.51	0	128	283	411	485	2	1	4	0	0	0	1	0.458333	0.450121	0.587083	0.116908	2229	4075	6304
11504	4/29/2012	2	1	4	12	0	0	0	1	0.48	0.4697	0.44	0.1045	223	361	584	485	2	1	4	0	0	0	1	0.458333	0.450121	0.587083	0.116908	2229	4075	6304
11505	4/29/2012	2	1	4	13	0	0	0	1	0.5	0.4848	0.45	0.1045	226	369	595	485	2	1	4	0	0	0	1	0.458333	0.450121	0.587083	0.116908	2229	4075	6304
11506	4/29/2012	2	1	4	14	0	0	0	1	0.54	0.5152	0.34	0	281	372	653	485	2	1	4	0	0	0	1	0.458333	0.450121	0.587083	0.116908	2229	4075	6304
11507	4/29/2012	2	1	4	15	0	0	0	1	0.56	0.5303	0.37	0.1343	279	324	603	485	2	1	4	0	0	0	1	0.458333	0.450121	0.587083	0.116908	2229	4075	6304
11508	4/29/2012	2	1	4	16	0	0	0	1	0.6	0.6061	0.28	0.194	240	347	587	485	2	1	4	0	0	0	1	0.458333	0.450121	0.587083	0.116908	2229	4075	6304
11509	4/29/2012	2	1	4	17	0	0	0	1	0.62	0.6061	0.27	0.2985	188	334	522	485	2	1	4	0	0	0	1	0.458333	0.450121	0.587083	0.116908	2229	4075	6304
11510	4/29/2012	2	1	4	18	0	0	0	1	0.6	0.6061	0.26	0.2836	164	323	487	485	2	1	4	0	0	0	1	0.458333	0.450121	0.587083	0.116908	2229	4075	6304
11511	4/29/2012	2	1	4	19	0	0	0	1	0.56	0.5303	0.35	0.1343	128	247	375	485	2	1	4	0	0	0	1	0.458333	0.450121	0.587083	0.116908	2229	4075	6304
11512	4/29/2012	2	1	4	20	0	0	0	1	0.56	0.5303	0.32	0.0896	45	198	243	485	2	1	4	0	0	0	1	0.458333	0.450121	0.587083	0.116908	2229	4075	6304
11513	4/29/2012	2	1	4	21	0	0	0	1	0.52	0.5	0.48	0.1343	65	139	204	485	2	1	4	0	0	0	1	0.458333	0.450121	0.587083	0.116908	2229	4075	6304
11514	4/29/2012	2	1	4	22	0	0	0	1	0.5	0.4848	0.45	0	23	85	108	485	2	1	4	0	0	0	1	0.458333	0.450121	0.587083	0.116908	2229	4075	6304
11515	4/29/2012	2	1	4	23	0	0	0	1	0.48	0.4697	0.59	0	15	67	82	485	2	1	4	0	0	0	1	0.458333	0.450121	0.587083	0.116908	2229	4075	6304
11516	4/30/2012	2	1	4	0	0	1	1	1	0.44	0.4394	0.72	0.1045	12	36	48	486	2	1	4	0	1	1	2	0.464167	0.457696	0.57	0.171638	665	4907	5572
11517	4/30/2012	2	1	4	1	0	1	1	1	0.42	0.4242	0.77	0.0896	9	15	24	486	2	1	4	0	1	1	2	0.464167	0.457696	0.57	0.171638	665	4907	5572
11518	4/30/2012	2	1	4	2	0	1	1	1	0.42	0.4242	0.71	0.1343	3	5	8	486	2	1	4	0	1	1	2	0.464167	0.457696	0.57	0.171638	665	4907	5572
11519	4/30/2012	2	1	4	3	0	1	1	1	0.4	0.4091	0.76	0.1642	0	4	4	486	2	1	4	0	1	1	2	0.464167	0.457696	0.57	0.171638	665	4907	5572
11520	4/30/2012	2	1	4	4	0	1	1	1	0.38	0.3939	0.62	0.2537	0	2	2	486	2	1	4	0	1	1	2	0.464167	0.457696	0.57	0.171638	665	4907	5572
11521	4/30/2012	2	1	4	5	0	1	1	1	0.38	0.3939	0.62	0.2537	1	19	20	486	2	1	4	0	1	1	2	0.464167	0.457696	0.57	0.171638	665	4907	5572
11522	4/30/2012	2	1	4	6	0	1	1	1	0.4	0.4091	0.47	0.194	2	121	123	486	2	1	4	0	1	1	2	0.464167	0.457696	0.57	0.171638	665	4907	5572
11523	4/30/2012	2	1	4	7	0	1	1	1	0.4	0.4091	0.5	0.194	6	343	349	486	2	1	4	0	1	1	2	0.464167	0.457696	0.57	0.171638	665	4907	5572
11524	4/30/2012	2	1	4	8	0	1	1	1	0.4	0.4091	0.43	0.194	17	579	596	486	2	1	4	0	1	1	2	0.464167	0.457696	0.57	0.171638	665	4907	5572
11525	4/30/2012	2	1	4	9	0	1	1	2	0.4	0.4091	0.43	0.194	29	239	268	486	2	1	4	0	1	1	2	0.464167	0.457696	0.57	0.171638	665	4907	5572
11526	4/30/2012	2	1	4	10	0	1	1	2	0.42	0.4242	0.41	0.1642	41	116	157	486	2	1	4	0	1	1	2	0.464167	0.457696	0.57	0.171638	665	4907	5572
11527	4/30/2012	2	1	4	11	0	1	1	2	0.44	0.4394	0.44	0.1045	52	111	163	486	2	1	4	0	1	1	2	0.464167	0.457696	0.57	0.171638	665	4907	5572
11528	4/30/2012	2	1	4	12	0	1	1	2	0.44	0.4394	0.47	0.1343	45	180	225	486	2	1	4	0	1	1	2	0.464167	0.457696	0.57	0.171638	665	4907	5572
11529	4/30/2012	2	1	4	13	0	1	1	2	0.48	0.4697	0.51	0.0896	48	199	247	486	2	1	4	0	1	1	2	0.464167	0.457696	0.57	0.171638	665	4907	5572
11530	4/30/2012	2	1	4	14	0	1	1	2	0.5	0.4848	0.55	0.1343	56	162	218	486	2	1	4	0	1	1	2	0.464167	0.457696	0.57	0.171638	665	4907	5572
11531	4/30/2012	2	1	4	15	0	1	1	2	0.52	0.5	0.55	0.1045	55	176	231	486	2	1	4	0	1	1	2	0.464167	0.457696	0.57	0.171638	665	4907	5572
11532	4/30/2012	2	1	4	16	0	1	1	1	0.56	0.5303	0.6	0.194	44	303	347	486	2	1	4	0	1	1	2	0.464167	0.457696	0.57	0.171638	665	4907	5572
11533	4/30/2012	2	1	4	17	0	1	1	1	0.56	0.5303	0.6	0.1642	66	617	683	486	2	1	4	0	1	1	2	0.464167	0.457696	0.57	0.171638	665	4907	5572
11534	4/30/2012	2	1	4	18	0	1	1	2	0.56	0.5303	0.6	0.2239	53	611	664	486	2	1	4	0	1	1	2	0.464167	0.457696	0.57	0.171638	665	4907	5572
11535	4/30/2012	2	1	4	19	0	1	1	2	0.54	0.5152	0.64	0.2537	51	420	471	486	2	1	4	0	1	1	2	0.464167	0.457696	0.57	0.171638	665	4907	5572
11536	4/30/2012	2	1	4	20	0	1	1	2	0.52	0.5	0.59	0.194	28	281	309	486	2	1	4	0	1	1	2	0.464167	0.457696	0.57	0.171638	665	4907	5572
11537	4/30/2012	2	1	4	21	0	1	1	2	0.52	0.5	0.59	0.194	26	195	221	486	2	1	4	0	1	1	2	0.464167	0.457696	0.57	0.171638	665	4907	5572
11538	4/30/2012	2	1	4	22	0	1	1	2	0.52	0.5	0.55	0.1642	11	123	134	486	2	1	4	0	1	1	2	0.464167	0.457696	0.57	0.171638	665	4907	5572
11539	4/30/2012	2	1	4	23	0	1	1	2	0.52	0.5	0.55	0.2239	10	50	60	486	2	1	4	0	1	1	2	0.464167	0.457696	0.57	0.171638	665	4907	5572
11540	5/1/2012	2	1	5	0	0	2	1	2	0.5	0.4848	0.59	0.194	7	28	35	487	2	1	5	0	2	1	2	0.613333	0.577021	0.659583	0.156096	653	5087	5740
11541	5/1/2012	2	1	5	1	0	2	1	2	0.5	0.4848	0.63	0.1343	0	21	21	487	2	1	5	0	2	1	2	0.613333	0.577021	0.659583	0.156096	653	5087	5740
11542	5/1/2012	2	1	5	2	0	2	1	2	0.5	0.4848	0.72	0.0896	1	7	8	487	2	1	5	0	2	1	2	0.613333	0.577021	0.659583	0.156096	653	5087	5740
11543	5/1/2012	2	1	5	3	0	2	1	2	0.5	0.4848	0.77	0	1	2	3	487	2	1	5	0	2	1	2	0.613333	0.577021	0.659583	0.156096	653	5087	5740
11544	5/1/2012	2	1	5	4	0	2	1	2	0.52	0.5	0.72	0.0896	1	7	8	487	2	1	5	0	2	1	2	0.613333	0.577021	0.659583	0.156096	653	5087	5740
11545	5/1/2012	2	1	5	5	0	2	1	2	0.52	0.5	0.72	0.0896	0	17	17	487	2	1	5	0	2	1	2	0.613333	0.577021	0.659583	0.156096	653	5087	5740
11546	5/1/2012	2	1	5	6	0	2	1	3	0.52	0.5	0.77	0.1045	2	24	26	487	2	1	5	0	2	1	2	0.613333	0.577021	0.659583	0.156096	653	5087	5740
11547	5/1/2012	2	1	5	7	0	2	1	2	0.5	0.4848	0.94	0.2537	8	161	169	487	2	1	5	0	2	1	2	0.613333	0.577021	0.659583	0.156096	653	5087	5740
11548	5/1/2012	2	1	5	8	0	2	1	2	0.52	0.5	0.94	0.2836	19	538	557	487	2	1	5	0	2	1	2	0.613333	0.577021	0.659583	0.156096	653	5087	5740
11549	5/1/2012	2	1	5	9	0	2	1	2	0.54	0.5152	0.88	0.194	18	331	349	487	2	1	5	0	2	1	2	0.613333	0.577021	0.659583	0.156096	653	5087	5740
11550	5/1/2012	2	1	5	10	0	2	1	1	0.62	0.5909	0.78	0.2537	30	144	174	487	2	1	5	0	2	1	2	0.613333	0.577021	0.659583	0.156096	653	5087	5740
11551	5/1/2012	2	1	5	11	0	2	1	2	0.66	0.6212	0.65	0.2836	50	179	229	487	2	1	5	0	2	1	2	0.613333	0.577021	0.659583	0.156096	653	5087	5740
11552	5/1/2012	2	1	5	12	0	2	1	2	0.7	0.6515	0.58	0.2239	41	228	269	487	2	1	5	0	2	1	2	0.613333	0.577021	0.659583	0.156096	653	5087	5740
11553	5/1/2012	2	1	5	13	0	2	1	2	0.72	0.6667	0.51	0.2239	41	208	249	487	2	1	5	0	2	1	2	0.613333	0.577021	0.659583	0.156096	653	5087	5740
11554	5/1/2012	2	1	5	14	0	2	1	2	0.74	0.6667	0.48	0.2537	37	167	204	487	2	1	5	0	2	1	2	0.613333	0.577021	0.659583	0.156096	653	5087	5740
11555	5/1/2012	2	1	5	15	0	2	1	2	0.74	0.6667	0.45	0.2239	48	186	234	487	2	1	5	0	2	1	2	0.613333	0.577021	0.659583	0.156096	653	5087	5740
11556	5/1/2012	2	1	5	16	0	2	1	1	0.74	0.6667	0.45	0.194	41	313	354	487	2	1	5	0	2	1	2	0.613333	0.577021	0.659583	0.156096	653	5087	5740
11557	5/1/2012	2	1	5	17	0	2	1	1	0.74	0.6667	0.48	0.0896	65	616	681	487	2	1	5	0	2	1	2	0.613333	0.577021	0.659583	0.156096	653	5087	5740
11558	5/1/2012	2	1	5	18	0	2	1	1	0.7	0.6515	0.54	0.1343	81	662	743	487	2	1	5	0	2	1	2	0.613333	0.577021	0.659583	0.156096	653	5087	5740
11559	5/1/2012	2	1	5	19	0	2	1	1	0.7	0.6515	0.54	0.1343	58	429	487	487	2	1	5	0	2	1	2	0.613333	0.577021	0.659583	0.156096	653	5087	5740
11560	5/1/2012	2	1	5	20	0	2	1	1	0.66	0.6212	0.61	0.1642	36	299	335	487	2	1	5	0	2	1	2	0.613333	0.577021	0.659583	0.156096	653	5087	5740
11561	5/1/2012	2	1	5	21	0	2	1	1	0.64	0.6061	0.65	0.1343	31	251	282	487	2	1	5	0	2	1	2	0.613333	0.577021	0.659583	0.156096	653	5087	5740
11562	5/1/2012	2	1	5	22	0	2	1	1	0.64	0.6061	0.65	0	21	190	211	487	2	1	5	0	2	1	2	0.613333	0.577021	0.659583	0.156096	653	5087	5740
11563	5/1/2012	2	1	5	23	0	2	1	1	0.6	0.5758	0.78	0	16	79	95	487	2	1	5	0	2	1	2	0.613333	0.577021	0.659583	0.156096	653	5087	5740
11564	5/2/2012	2	1	5	0	0	3	1	1	0.6	0.5758	0.78	0.1045	4	43	47	488	2	1	5	0	3	1	1	0.564167	0.537896	0.797083	0.138058	667	5502	6169
11565	5/2/2012	2	1	5	1	0	3	1	1	0.56	0.5303	0.83	0	8	7	15	488	2	1	5	0	3	1	1	0.564167	0.537896	0.797083	0.138058	667	5502	6169
11566	5/2/2012	2	1	5	2	0	3	1	1	0.56	0.5303	0.83	0	7	9	16	488	2	1	5	0	3	1	1	0.564167	0.537896	0.797083	0.138058	667	5502	6169
11567	5/2/2012	2	1	5	3	0	3	1	1	0.56	0.5303	0.83	0.0896	0	6	6	488	2	1	5	0	3	1	1	0.564167	0.537896	0.797083	0.138058	667	5502	6169
11568	5/2/2012	2	1	5	4	0	3	1	1	0.54	0.5152	0.88	0	2	2	4	488	2	1	5	0	3	1	1	0.564167	0.537896	0.797083	0.138058	667	5502	6169
11569	5/2/2012	2	1	5	5	0	3	1	1	0.54	0.5152	0.9	0.1343	2	31	33	488	2	1	5	0	3	1	1	0.564167	0.537896	0.797083	0.138058	667	5502	6169
11570	5/2/2012	2	1	5	6	0	3	1	3	0.56	0.5303	0.84	0	3	117	120	488	2	1	5	0	3	1	1	0.564167	0.537896	0.797083	0.138058	667	5502	6169
11571	5/2/2012	2	1	5	7	0	3	1	2	0.54	0.5152	0.88	0.194	14	344	358	488	2	1	5	0	3	1	1	0.564167	0.537896	0.797083	0.138058	667	5502	6169
11572	5/2/2012	2	1	5	8	0	3	1	2	0.56	0.5303	0.88	0	26	640	666	488	2	1	5	0	3	1	1	0.564167	0.537896	0.797083	0.138058	667	5502	6169
11573	5/2/2012	2	1	5	9	0	3	1	2	0.56	0.5303	0.88	0	26	289	315	488	2	1	5	0	3	1	1	0.564167	0.537896	0.797083	0.138058	667	5502	6169
11574	5/2/2012	2	1	5	10	0	3	1	2	0.58	0.5455	0.83	0.1045	28	147	175	488	2	1	5	0	3	1	1	0.564167	0.537896	0.797083	0.138058	667	5502	6169
11575	5/2/2012	2	1	5	11	0	3	1	2	0.58	0.5455	0.81	0.1343	39	145	184	488	2	1	5	0	3	1	1	0.564167	0.537896	0.797083	0.138058	667	5502	6169
11576	5/2/2012	2	1	5	12	0	3	1	2	0.58	0.5455	0.83	0.2239	35	210	245	488	2	1	5	0	3	1	1	0.564167	0.537896	0.797083	0.138058	667	5502	6169
11577	5/2/2012	2	1	5	13	0	3	1	2	0.58	0.5455	0.78	0.194	49	179	228	488	2	1	5	0	3	1	1	0.564167	0.537896	0.797083	0.138058	667	5502	6169
11578	5/2/2012	2	1	5	14	0	3	1	1	0.62	0.6061	0.69	0.0896	51	189	240	488	2	1	5	0	3	1	1	0.564167	0.537896	0.797083	0.138058	667	5502	6169
11579	5/2/2012	2	1	5	15	0	3	1	1	0.64	0.6061	0.65	0.194	52	204	256	488	2	1	5	0	3	1	1	0.564167	0.537896	0.797083	0.138058	667	5502	6169
11580	5/2/2012	2	1	5	16	0	3	1	1	0.64	0.6061	0.65	0.1642	54	313	367	488	2	1	5	0	3	1	1	0.564167	0.537896	0.797083	0.138058	667	5502	6169
11581	5/2/2012	2	1	5	17	0	3	1	1	0.6	0.5909	0.73	0.2537	70	659	729	488	2	1	5	0	3	1	1	0.564167	0.537896	0.797083	0.138058	667	5502	6169
11582	5/2/2012	2	1	5	18	0	3	1	1	0.56	0.5303	0.73	0.2239	43	770	813	488	2	1	5	0	3	1	1	0.564167	0.537896	0.797083	0.138058	667	5502	6169
11583	5/2/2012	2	1	5	19	0	3	1	1	0.54	0.5152	0.77	0.2537	43	461	504	488	2	1	5	0	3	1	1	0.564167	0.537896	0.797083	0.138058	667	5502	6169
11584	5/2/2012	2	1	5	20	0	3	1	1	0.52	0.5	0.77	0.2537	42	296	338	488	2	1	5	0	3	1	1	0.564167	0.537896	0.797083	0.138058	667	5502	6169
11585	5/2/2012	2	1	5	21	0	3	1	1	0.52	0.5	0.77	0.2239	21	218	239	488	2	1	5	0	3	1	1	0.564167	0.537896	0.797083	0.138058	667	5502	6169
11586	5/2/2012	2	1	5	22	0	3	1	1	0.5	0.4848	0.82	0.2239	27	146	173	488	2	1	5	0	3	1	1	0.564167	0.537896	0.797083	0.138058	667	5502	6169
11587	5/2/2012	2	1	5	23	0	3	1	2	0.5	0.4848	0.77	0.2537	21	77	98	488	2	1	5	0	3	1	1	0.564167	0.537896	0.797083	0.138058	667	5502	6169
11588	5/3/2012	2	1	5	0	0	4	1	2	0.48	0.4697	0.82	0.2239	15	75	90	489	2	1	5	0	4	1	2	0.56	0.537242	0.768333	0.133696	764	5657	6421
11589	5/3/2012	2	1	5	1	0	4	1	2	0.46	0.4545	0.88	0.1045	9	15	24	489	2	1	5	0	4	1	2	0.56	0.537242	0.768333	0.133696	764	5657	6421
11590	5/3/2012	2	1	5	2	0	4	1	2	0.46	0.4545	0.88	0.1343	4	13	17	489	2	1	5	0	4	1	2	0.56	0.537242	0.768333	0.133696	764	5657	6421
11591	5/3/2012	2	1	5	3	0	4	1	2	0.46	0.4545	0.88	0	2	4	6	489	2	1	5	0	4	1	2	0.56	0.537242	0.768333	0.133696	764	5657	6421
11592	5/3/2012	2	1	5	4	0	4	1	2	0.46	0.4545	0.88	0.2537	0	2	2	489	2	1	5	0	4	1	2	0.56	0.537242	0.768333	0.133696	764	5657	6421
11593	5/3/2012	2	1	5	5	0	4	1	2	0.46	0.4545	0.88	0.2537	1	20	21	489	2	1	5	0	4	1	2	0.56	0.537242	0.768333	0.133696	764	5657	6421
11594	5/3/2012	2	1	5	6	0	4	1	2	0.46	0.4545	0.88	0.1642	8	128	136	489	2	1	5	0	4	1	2	0.56	0.537242	0.768333	0.133696	764	5657	6421
11595	5/3/2012	2	1	5	7	0	4	1	3	0.44	0.4394	0.94	0.1045	8	376	384	489	2	1	5	0	4	1	2	0.56	0.537242	0.768333	0.133696	764	5657	6421
11596	5/3/2012	2	1	5	8	0	4	1	3	0.46	0.4545	0.88	0.194	19	608	627	489	2	1	5	0	4	1	2	0.56	0.537242	0.768333	0.133696	764	5657	6421
11597	5/3/2012	2	1	5	9	0	4	1	2	0.48	0.4697	0.88	0.1045	25	279	304	489	2	1	5	0	4	1	2	0.56	0.537242	0.768333	0.133696	764	5657	6421
11598	5/3/2012	2	1	5	10	0	4	1	2	0.52	0.5	0.77	0	36	132	168	489	2	1	5	0	4	1	2	0.56	0.537242	0.768333	0.133696	764	5657	6421
11599	5/3/2012	2	1	5	11	0	4	1	1	0.54	0.5152	0.77	0	34	167	201	489	2	1	5	0	4	1	2	0.56	0.537242	0.768333	0.133696	764	5657	6421
11600	5/3/2012	2	1	5	12	0	4	1	1	0.56	0.5303	0.73	0.1343	64	237	301	489	2	1	5	0	4	1	2	0.56	0.537242	0.768333	0.133696	764	5657	6421
11601	5/3/2012	2	1	5	13	0	4	1	1	0.6	0.5909	0.69	0.194	48	217	265	489	2	1	5	0	4	1	2	0.56	0.537242	0.768333	0.133696	764	5657	6421
11602	5/3/2012	2	1	5	14	0	4	1	1	0.64	0.6061	0.65	0.194	33	171	204	489	2	1	5	0	4	1	2	0.56	0.537242	0.768333	0.133696	764	5657	6421
11603	5/3/2012	2	1	5	15	0	4	1	1	0.66	0.6212	0.61	0.194	63	220	283	489	2	1	5	0	4	1	2	0.56	0.537242	0.768333	0.133696	764	5657	6421
11604	5/3/2012	2	1	5	16	0	4	1	1	0.68	0.6364	0.57	0.1642	45	325	370	489	2	1	5	0	4	1	2	0.56	0.537242	0.768333	0.133696	764	5657	6421
11605	5/3/2012	2	1	5	17	0	4	1	1	0.72	0.6667	0.54	0.1343	87	617	704	489	2	1	5	0	4	1	2	0.56	0.537242	0.768333	0.133696	764	5657	6421
11606	5/3/2012	2	1	5	18	0	4	1	1	0.72	0.6667	0.58	0.1343	64	642	706	489	2	1	5	0	4	1	2	0.56	0.537242	0.768333	0.133696	764	5657	6421
11607	5/3/2012	2	1	5	19	0	4	1	1	0.7	0.6515	0.61	0.194	55	467	522	489	2	1	5	0	4	1	2	0.56	0.537242	0.768333	0.133696	764	5657	6421
11608	5/3/2012	2	1	5	20	0	4	1	1	0.64	0.6061	0.73	0.194	52	368	420	489	2	1	5	0	4	1	2	0.56	0.537242	0.768333	0.133696	764	5657	6421
11609	5/3/2012	2	1	5	21	0	4	1	1	0.62	0.5909	0.78	0.1343	42	257	299	489	2	1	5	0	4	1	2	0.56	0.537242	0.768333	0.133696	764	5657	6421
11610	5/3/2012	2	1	5	22	0	4	1	1	0.62	0.5909	0.78	0	29	217	246	489	2	1	5	0	4	1	2	0.56	0.537242	0.768333	0.133696	764	5657	6421
11611	5/3/2012	2	1	5	23	0	4	1	1	0.6	0.5606	0.83	0	21	100	121	489	2	1	5	0	4	1	2	0.56	0.537242	0.768333	0.133696	764	5657	6421
11612	5/4/2012	2	1	5	0	0	5	1	1	0.6	0.5758	0.78	0.3284	19	70	89	490	2	1	5	0	5	1	1	0.6275	0.590917	0.735417	0.162938	1069	5227	6296
11613	5/4/2012	2	1	5	1	0	5	1	1	0.6	0.5758	0.78	0.1045	15	33	48	490	2	1	5	0	5	1	1	0.6275	0.590917	0.735417	0.162938	1069	5227	6296
11614	5/4/2012	2	1	5	2	0	5	1	1	0.58	0.5455	0.83	0.1343	0	11	11	490	2	1	5	0	5	1	1	0.6275	0.590917	0.735417	0.162938	1069	5227	6296
11615	5/4/2012	2	1	5	3	0	5	1	1	0.56	0.5303	0.88	0.2239	0	14	14	490	2	1	5	0	5	1	1	0.6275	0.590917	0.735417	0.162938	1069	5227	6296
11616	5/4/2012	2	1	5	4	0	5	1	1	0.56	0.5303	0.88	0.194	0	4	4	490	2	1	5	0	5	1	1	0.6275	0.590917	0.735417	0.162938	1069	5227	6296
11617	5/4/2012	2	1	5	5	0	5	1	1	0.56	0.5303	0.88	0.194	0	24	24	490	2	1	5	0	5	1	1	0.6275	0.590917	0.735417	0.162938	1069	5227	6296
11618	5/4/2012	2	1	5	6	0	5	1	1	0.54	0.5152	0.94	0.1045	8	127	135	490	2	1	5	0	5	1	1	0.6275	0.590917	0.735417	0.162938	1069	5227	6296
11619	5/4/2012	2	1	5	7	0	5	1	1	0.56	0.5303	0.88	0	9	347	356	490	2	1	5	0	5	1	1	0.6275	0.590917	0.735417	0.162938	1069	5227	6296
11620	5/4/2012	2	1	5	8	0	5	1	1	0.56	0.5303	0.88	0	34	584	618	490	2	1	5	0	5	1	1	0.6275	0.590917	0.735417	0.162938	1069	5227	6296
11621	5/4/2012	2	1	5	9	0	5	1	1	0.6	0.5758	0.78	0	32	262	294	490	2	1	5	0	5	1	1	0.6275	0.590917	0.735417	0.162938	1069	5227	6296
11622	5/4/2012	2	1	5	10	0	5	1	2	0.62	0.5909	0.73	0.1343	45	154	199	490	2	1	5	0	5	1	1	0.6275	0.590917	0.735417	0.162938	1069	5227	6296
11623	5/4/2012	2	1	5	11	0	5	1	2	0.7	0.6515	0.61	0	77	181	258	490	2	1	5	0	5	1	1	0.6275	0.590917	0.735417	0.162938	1069	5227	6296
11624	5/4/2012	2	1	5	12	0	5	1	3	0.62	0.5909	0.78	0.3582	46	125	171	490	2	1	5	0	5	1	1	0.6275	0.590917	0.735417	0.162938	1069	5227	6296
11625	5/4/2012	2	1	5	13	0	5	1	2	0.64	0.6061	0.73	0	71	207	278	490	2	1	5	0	5	1	1	0.6275	0.590917	0.735417	0.162938	1069	5227	6296
11626	5/4/2012	2	1	5	14	0	5	1	2	0.66	0.6212	0.74	0.2836	83	159	242	490	2	1	5	0	5	1	1	0.6275	0.590917	0.735417	0.162938	1069	5227	6296
11627	5/4/2012	2	1	5	15	0	5	1	2	0.72	0.6818	0.62	0.1045	103	240	343	490	2	1	5	0	5	1	1	0.6275	0.590917	0.735417	0.162938	1069	5227	6296
11628	5/4/2012	2	1	5	16	0	5	1	1	0.76	0.6818	0.48	0.1642	82	358	440	490	2	1	5	0	5	1	1	0.6275	0.590917	0.735417	0.162938	1069	5227	6296
11629	5/4/2012	2	1	5	17	0	5	1	1	0.7	0.6515	0.54	0.4627	96	547	643	490	2	1	5	0	5	1	1	0.6275	0.590917	0.735417	0.162938	1069	5227	6296
11630	5/4/2012	2	1	5	18	0	5	1	1	0.7	0.6515	0.54	0.4627	77	564	641	490	2	1	5	0	5	1	1	0.6275	0.590917	0.735417	0.162938	1069	5227	6296
11631	5/4/2012	2	1	5	19	0	5	1	1	0.7	0.6515	0.51	0.1343	64	388	452	490	2	1	5	0	5	1	1	0.6275	0.590917	0.735417	0.162938	1069	5227	6296
11632	5/4/2012	2	1	5	20	0	5	1	1	0.68	0.6364	0.51	0.1045	58	255	313	490	2	1	5	0	5	1	1	0.6275	0.590917	0.735417	0.162938	1069	5227	6296
11633	5/4/2012	2	1	5	21	0	5	1	1	0.64	0.6061	0.69	0.194	49	186	235	490	2	1	5	0	5	1	1	0.6275	0.590917	0.735417	0.162938	1069	5227	6296
11634	5/4/2012	2	1	5	22	0	5	1	1	0.6	0.5606	0.83	0.1343	50	182	232	490	2	1	5	0	5	1	1	0.6275	0.590917	0.735417	0.162938	1069	5227	6296
11635	5/4/2012	2	1	5	23	0	5	1	1	0.6	0.5606	0.83	0.0896	51	205	256	490	2	1	5	0	5	1	1	0.6275	0.590917	0.735417	0.162938	1069	5227	6296
11636	5/5/2012	2	1	5	0	0	6	0	1	0.6	0.5606	0.83	0	42	111	153	491	2	1	5	0	6	0	2	0.621667	0.584608	0.756667	0.152992	2496	4387	6883
11637	5/5/2012	2	1	5	1	0	6	0	1	0.6	0.5606	0.83	0	28	79	107	491	2	1	5	0	6	0	2	0.621667	0.584608	0.756667	0.152992	2496	4387	6883
11638	5/5/2012	2	1	5	2	0	6	0	1	0.58	0.5455	0.88	0	24	51	75	491	2	1	5	0	6	0	2	0.621667	0.584608	0.756667	0.152992	2496	4387	6883
11639	5/5/2012	2	1	5	3	0	6	0	1	0.58	0.5455	0.83	0	11	21	32	491	2	1	5	0	6	0	2	0.621667	0.584608	0.756667	0.152992	2496	4387	6883
11640	5/5/2012	2	1	5	4	0	6	0	1	0.56	0.5303	0.88	0.1045	0	9	9	491	2	1	5	0	6	0	2	0.621667	0.584608	0.756667	0.152992	2496	4387	6883
11641	5/5/2012	2	1	5	5	0	6	0	1	0.56	0.5303	0.88	0.0896	8	14	22	491	2	1	5	0	6	0	2	0.621667	0.584608	0.756667	0.152992	2496	4387	6883
11642	5/5/2012	2	1	5	6	0	6	0	2	0.54	0.5152	0.94	0	9	33	42	491	2	1	5	0	6	0	2	0.621667	0.584608	0.756667	0.152992	2496	4387	6883
11643	5/5/2012	2	1	5	7	0	6	0	1	0.56	0.5303	0.88	0	8	79	87	491	2	1	5	0	6	0	2	0.621667	0.584608	0.756667	0.152992	2496	4387	6883
11644	5/5/2012	2	1	5	8	0	6	0	1	0.58	0.5455	0.83	0.0896	42	155	197	491	2	1	5	0	6	0	2	0.621667	0.584608	0.756667	0.152992	2496	4387	6883
11645	5/5/2012	2	1	5	9	0	6	0	1	0.62	0.5909	0.78	0.1045	61	223	284	491	2	1	5	0	6	0	2	0.621667	0.584608	0.756667	0.152992	2496	4387	6883
11646	5/5/2012	2	1	5	10	0	6	0	1	0.66	0.6212	0.65	0.1343	148	284	432	491	2	1	5	0	6	0	2	0.621667	0.584608	0.756667	0.152992	2496	4387	6883
11647	5/5/2012	2	1	5	11	0	6	0	1	0.7	0.6515	0.58	0.0896	221	354	575	491	2	1	5	0	6	0	2	0.621667	0.584608	0.756667	0.152992	2496	4387	6883
11648	5/5/2012	2	1	5	12	0	6	0	1	0.72	0.6667	0.58	0.1045	220	330	550	491	2	1	5	0	6	0	2	0.621667	0.584608	0.756667	0.152992	2496	4387	6883
11649	5/5/2012	2	1	5	13	0	6	0	1	0.74	0.6818	0.55	0.1343	217	307	524	491	2	1	5	0	6	0	2	0.621667	0.584608	0.756667	0.152992	2496	4387	6883
11650	5/5/2012	2	1	5	14	0	6	0	3	0.7	0.6515	0.61	0.2985	187	241	428	491	2	1	5	0	6	0	2	0.621667	0.584608	0.756667	0.152992	2496	4387	6883
11651	5/5/2012	2	1	5	15	0	6	0	3	0.66	0.6212	0.74	0.194	241	300	541	491	2	1	5	0	6	0	2	0.621667	0.584608	0.756667	0.152992	2496	4387	6883
11652	5/5/2012	2	1	5	16	0	6	0	2	0.68	0.6364	0.65	0.3881	230	310	540	491	2	1	5	0	6	0	2	0.621667	0.584608	0.756667	0.152992	2496	4387	6883
11653	5/5/2012	2	1	5	17	0	6	0	2	0.68	0.6364	0.65	0.2985	204	298	502	491	2	1	5	0	6	0	2	0.621667	0.584608	0.756667	0.152992	2496	4387	6883
11654	5/5/2012	2	1	5	18	0	6	0	2	0.66	0.6212	0.69	0.3582	156	278	434	491	2	1	5	0	6	0	2	0.621667	0.584608	0.756667	0.152992	2496	4387	6883
11655	5/5/2012	2	1	5	19	0	6	0	2	0.62	0.5909	0.73	0.3284	151	254	405	491	2	1	5	0	6	0	2	0.621667	0.584608	0.756667	0.152992	2496	4387	6883
11656	5/5/2012	2	1	5	20	0	6	0	1	0.6	0.5758	0.78	0.2537	100	209	309	491	2	1	5	0	6	0	2	0.621667	0.584608	0.756667	0.152992	2496	4387	6883
11657	5/5/2012	2	1	5	21	0	6	0	2	0.58	0.5455	0.78	0.2239	86	183	269	491	2	1	5	0	6	0	2	0.621667	0.584608	0.756667	0.152992	2496	4387	6883
11658	5/5/2012	2	1	5	22	0	6	0	2	0.58	0.5455	0.78	0.194	67	150	217	491	2	1	5	0	6	0	2	0.621667	0.584608	0.756667	0.152992	2496	4387	6883
11659	5/5/2012	2	1	5	23	0	6	0	2	0.56	0.5303	0.83	0.2836	35	114	149	491	2	1	5	0	6	0	2	0.621667	0.584608	0.756667	0.152992	2496	4387	6883
11660	5/6/2012	2	1	5	0	0	0	0	2	0.56	0.5303	0.83	0.1343	23	111	134	492	2	1	5	0	0	0	2	0.5625	0.546737	0.74	0.149879	2135	4224	6359
11661	5/6/2012	2	1	5	1	0	0	0	2	0.54	0.5152	0.83	0.2239	37	84	121	492	2	1	5	0	0	0	2	0.5625	0.546737	0.74	0.149879	2135	4224	6359
11662	5/6/2012	2	1	5	2	0	0	0	2	0.54	0.5152	0.83	0.2836	29	64	93	492	2	1	5	0	0	0	2	0.5625	0.546737	0.74	0.149879	2135	4224	6359
11663	5/6/2012	2	1	5	3	0	0	0	2	0.54	0.5152	0.83	0.194	9	19	28	492	2	1	5	0	0	0	2	0.5625	0.546737	0.74	0.149879	2135	4224	6359
11664	5/6/2012	2	1	5	4	0	0	0	3	0.52	0.5	0.83	0.1642	9	7	16	492	2	1	5	0	0	0	2	0.5625	0.546737	0.74	0.149879	2135	4224	6359
11665	5/6/2012	2	1	5	5	0	0	0	3	0.52	0.5	0.83	0.1642	1	10	11	492	2	1	5	0	0	0	2	0.5625	0.546737	0.74	0.149879	2135	4224	6359
11666	5/6/2012	2	1	5	6	0	0	0	3	0.52	0.5	0.83	0.2239	3	14	17	492	2	1	5	0	0	0	2	0.5625	0.546737	0.74	0.149879	2135	4224	6359
11667	5/6/2012	2	1	5	7	0	0	0	3	0.52	0.5	0.83	0.1642	5	31	36	492	2	1	5	0	0	0	2	0.5625	0.546737	0.74	0.149879	2135	4224	6359
11668	5/6/2012	2	1	5	8	0	0	0	2	0.5	0.4848	0.88	0.1343	23	91	114	492	2	1	5	0	0	0	2	0.5625	0.546737	0.74	0.149879	2135	4224	6359
11669	5/6/2012	2	1	5	9	0	0	0	2	0.52	0.5	0.83	0.1642	63	128	191	492	2	1	5	0	0	0	2	0.5625	0.546737	0.74	0.149879	2135	4224	6359
11670	5/6/2012	2	1	5	10	0	0	0	2	0.54	0.5152	0.77	0.1045	112	221	333	492	2	1	5	0	0	0	2	0.5625	0.546737	0.74	0.149879	2135	4224	6359
11671	5/6/2012	2	1	5	11	0	0	0	1	0.56	0.5303	0.73	0.1045	144	270	414	492	2	1	5	0	0	0	2	0.5625	0.546737	0.74	0.149879	2135	4224	6359
11672	5/6/2012	2	1	5	12	0	0	0	2	0.6	0.6061	0.64	0.0896	207	351	558	492	2	1	5	0	0	0	2	0.5625	0.546737	0.74	0.149879	2135	4224	6359
11673	5/6/2012	2	1	5	13	0	0	0	2	0.6	0.6061	0.64	0	197	368	565	492	2	1	5	0	0	0	2	0.5625	0.546737	0.74	0.149879	2135	4224	6359
11674	5/6/2012	2	1	5	14	0	0	0	2	0.6	0.6061	0.64	0.1045	226	292	518	492	2	1	5	0	0	0	2	0.5625	0.546737	0.74	0.149879	2135	4224	6359
11675	5/6/2012	2	1	5	15	0	0	0	2	0.62	0.6061	0.61	0.1045	229	342	571	492	2	1	5	0	0	0	2	0.5625	0.546737	0.74	0.149879	2135	4224	6359
11676	5/6/2012	2	1	5	16	0	0	0	2	0.62	0.6061	0.61	0	181	363	544	492	2	1	5	0	0	0	2	0.5625	0.546737	0.74	0.149879	2135	4224	6359
11677	5/6/2012	2	1	5	17	0	0	0	2	0.62	0.6061	0.65	0.1343	195	316	511	492	2	1	5	0	0	0	2	0.5625	0.546737	0.74	0.149879	2135	4224	6359
11678	5/6/2012	2	1	5	18	0	0	0	2	0.62	0.6061	0.61	0.194	131	332	463	492	2	1	5	0	0	0	2	0.5625	0.546737	0.74	0.149879	2135	4224	6359
11679	5/6/2012	2	1	5	19	0	0	0	2	0.6	0.6061	0.64	0.1642	117	266	383	492	2	1	5	0	0	0	2	0.5625	0.546737	0.74	0.149879	2135	4224	6359
11680	5/6/2012	2	1	5	20	0	0	0	1	0.6	0.6061	0.64	0.194	73	203	276	492	2	1	5	0	0	0	2	0.5625	0.546737	0.74	0.149879	2135	4224	6359
11681	5/6/2012	2	1	5	21	0	0	0	1	0.56	0.5303	0.73	0.194	55	148	203	492	2	1	5	0	0	0	2	0.5625	0.546737	0.74	0.149879	2135	4224	6359
11682	5/6/2012	2	1	5	22	0	0	0	1	0.56	0.5303	0.73	0.1642	44	113	157	492	2	1	5	0	0	0	2	0.5625	0.546737	0.74	0.149879	2135	4224	6359
11683	5/6/2012	2	1	5	23	0	0	0	1	0.52	0.5	0.77	0.194	22	80	102	492	2	1	5	0	0	0	2	0.5625	0.546737	0.74	0.149879	2135	4224	6359
11684	5/7/2012	2	1	5	0	0	1	1	2	0.52	0.5	0.77	0.1343	13	21	34	493	2	1	5	0	1	1	2	0.5375	0.527142	0.664167	0.230721	1008	5265	6273
11685	5/7/2012	2	1	5	1	0	1	1	2	0.52	0.5	0.77	0.194	1	8	9	493	2	1	5	0	1	1	2	0.5375	0.527142	0.664167	0.230721	1008	5265	6273
11686	5/7/2012	2	1	5	2	0	1	1	1	0.5	0.4848	0.77	0.194	1	5	6	493	2	1	5	0	1	1	2	0.5375	0.527142	0.664167	0.230721	1008	5265	6273
11687	5/7/2012	2	1	5	3	0	1	1	1	0.5	0.4848	0.77	0.194	2	3	5	493	2	1	5	0	1	1	2	0.5375	0.527142	0.664167	0.230721	1008	5265	6273
11688	5/7/2012	2	1	5	4	0	1	1	2	0.46	0.4545	0.88	0.1343	0	2	2	493	2	1	5	0	1	1	2	0.5375	0.527142	0.664167	0.230721	1008	5265	6273
11689	5/7/2012	2	1	5	5	0	1	1	1	0.46	0.4545	0.88	0.1045	2	21	23	493	2	1	5	0	1	1	2	0.5375	0.527142	0.664167	0.230721	1008	5265	6273
11690	5/7/2012	2	1	5	6	0	1	1	1	0.46	0.4545	0.88	0.1045	8	134	142	493	2	1	5	0	1	1	2	0.5375	0.527142	0.664167	0.230721	1008	5265	6273
11691	5/7/2012	2	1	5	7	0	1	1	2	0.48	0.4697	0.82	0.1045	18	367	385	493	2	1	5	0	1	1	2	0.5375	0.527142	0.664167	0.230721	1008	5265	6273
11692	5/7/2012	2	1	5	8	0	1	1	2	0.5	0.4848	0.82	0.194	31	608	639	493	2	1	5	0	1	1	2	0.5375	0.527142	0.664167	0.230721	1008	5265	6273
11693	5/7/2012	2	1	5	9	0	1	1	2	0.5	0.4848	0.82	0.2239	61	289	350	493	2	1	5	0	1	1	2	0.5375	0.527142	0.664167	0.230721	1008	5265	6273
11694	5/7/2012	2	1	5	10	0	1	1	2	0.52	0.5	0.77	0.194	62	128	190	493	2	1	5	0	1	1	2	0.5375	0.527142	0.664167	0.230721	1008	5265	6273
11695	5/7/2012	2	1	5	11	0	1	1	2	0.54	0.5152	0.73	0.194	64	149	213	493	2	1	5	0	1	1	2	0.5375	0.527142	0.664167	0.230721	1008	5265	6273
11696	5/7/2012	2	1	5	12	0	1	1	2	0.56	0.5303	0.68	0.2239	74	189	263	493	2	1	5	0	1	1	2	0.5375	0.527142	0.664167	0.230721	1008	5265	6273
11697	5/7/2012	2	1	5	13	0	1	1	2	0.6	0.6212	0.53	0.3284	75	197	272	493	2	1	5	0	1	1	2	0.5375	0.527142	0.664167	0.230721	1008	5265	6273
11698	5/7/2012	2	1	5	14	0	1	1	2	0.62	0.6212	0.5	0.3582	59	180	239	493	2	1	5	0	1	1	2	0.5375	0.527142	0.664167	0.230721	1008	5265	6273
11699	5/7/2012	2	1	5	15	0	1	1	2	0.62	0.6212	0.53	0.2985	76	186	262	493	2	1	5	0	1	1	2	0.5375	0.527142	0.664167	0.230721	1008	5265	6273
11700	5/7/2012	2	1	5	16	0	1	1	2	0.6	0.6212	0.53	0.3881	68	320	388	493	2	1	5	0	1	1	2	0.5375	0.527142	0.664167	0.230721	1008	5265	6273
11701	5/7/2012	2	1	5	17	0	1	1	2	0.6	0.6212	0.53	0.3284	102	667	769	493	2	1	5	0	1	1	2	0.5375	0.527142	0.664167	0.230721	1008	5265	6273
11702	5/7/2012	2	1	5	18	0	1	1	2	0.6	0.6212	0.53	0.3582	78	602	680	493	2	1	5	0	1	1	2	0.5375	0.527142	0.664167	0.230721	1008	5265	6273
11703	5/7/2012	2	1	5	19	0	1	1	1	0.58	0.5455	0.56	0.3284	83	463	546	493	2	1	5	0	1	1	2	0.5375	0.527142	0.664167	0.230721	1008	5265	6273
11704	5/7/2012	2	1	5	20	0	1	1	1	0.54	0.5152	0.52	0.2836	46	277	323	493	2	1	5	0	1	1	2	0.5375	0.527142	0.664167	0.230721	1008	5265	6273
11705	5/7/2012	2	1	5	21	0	1	1	2	0.54	0.5152	0.45	0.2239	37	210	247	493	2	1	5	0	1	1	2	0.5375	0.527142	0.664167	0.230721	1008	5265	6273
11706	5/7/2012	2	1	5	22	0	1	1	2	0.54	0.5152	0.45	0.2537	26	147	173	493	2	1	5	0	1	1	2	0.5375	0.527142	0.664167	0.230721	1008	5265	6273
11707	5/7/2012	2	1	5	23	0	1	1	2	0.54	0.5152	0.45	0.194	21	92	113	493	2	1	5	0	1	1	2	0.5375	0.527142	0.664167	0.230721	1008	5265	6273
11708	5/8/2012	2	1	5	0	0	2	1	2	0.52	0.5	0.52	0.2537	10	28	38	494	2	1	5	0	2	1	2	0.581667	0.557471	0.685833	0.296029	738	4990	5728
11709	5/8/2012	2	1	5	1	0	2	1	2	0.52	0.5	0.59	0.2239	6	3	9	494	2	1	5	0	2	1	2	0.581667	0.557471	0.685833	0.296029	738	4990	5728
11710	5/8/2012	2	1	5	2	0	2	1	2	0.52	0.5	0.63	0.2985	9	7	16	494	2	1	5	0	2	1	2	0.581667	0.557471	0.685833	0.296029	738	4990	5728
11711	5/8/2012	2	1	5	3	0	2	1	2	0.52	0.5	0.68	0.2836	2	4	6	494	2	1	5	0	2	1	2	0.581667	0.557471	0.685833	0.296029	738	4990	5728
11712	5/8/2012	2	1	5	4	0	2	1	2	0.52	0.5	0.68	0.3284	0	5	5	494	2	1	5	0	2	1	2	0.581667	0.557471	0.685833	0.296029	738	4990	5728
11713	5/8/2012	2	1	5	5	0	2	1	2	0.52	0.5	0.72	0.2836	0	20	20	494	2	1	5	0	2	1	2	0.581667	0.557471	0.685833	0.296029	738	4990	5728
11714	5/8/2012	2	1	5	6	0	2	1	1	0.5	0.4848	0.77	0.2985	7	158	165	494	2	1	5	0	2	1	2	0.581667	0.557471	0.685833	0.296029	738	4990	5728
11715	5/8/2012	2	1	5	7	0	2	1	1	0.52	0.5	0.72	0.2836	21	442	463	494	2	1	5	0	2	1	2	0.581667	0.557471	0.685833	0.296029	738	4990	5728
11716	5/8/2012	2	1	5	8	0	2	1	2	0.54	0.5152	0.73	0.2985	36	605	641	494	2	1	5	0	2	1	2	0.581667	0.557471	0.685833	0.296029	738	4990	5728
11717	5/8/2012	2	1	5	9	0	2	1	2	0.56	0.5303	0.68	0.3582	37	258	295	494	2	1	5	0	2	1	2	0.581667	0.557471	0.685833	0.296029	738	4990	5728
11718	5/8/2012	2	1	5	10	0	2	1	2	0.58	0.5455	0.68	0.4179	46	111	157	494	2	1	5	0	2	1	2	0.581667	0.557471	0.685833	0.296029	738	4990	5728
11719	5/8/2012	2	1	5	11	0	2	1	2	0.6	0.6061	0.64	0.3881	60	157	217	494	2	1	5	0	2	1	2	0.581667	0.557471	0.685833	0.296029	738	4990	5728
11720	5/8/2012	2	1	5	12	0	2	1	2	0.62	0.6061	0.65	0.3284	60	203	263	494	2	1	5	0	2	1	2	0.581667	0.557471	0.685833	0.296029	738	4990	5728
11721	5/8/2012	2	1	5	13	0	2	1	3	0.64	0.6061	0.65	0.2537	53	166	219	494	2	1	5	0	2	1	2	0.581667	0.557471	0.685833	0.296029	738	4990	5728
11722	5/8/2012	2	1	5	14	0	2	1	3	0.62	0.6061	0.69	0.3284	8	63	71	494	2	1	5	0	2	1	2	0.581667	0.557471	0.685833	0.296029	738	4990	5728
11723	5/8/2012	2	1	5	15	0	2	1	3	0.62	0.5909	0.73	0.2537	40	94	134	494	2	1	5	0	2	1	2	0.581667	0.557471	0.685833	0.296029	738	4990	5728
11724	5/8/2012	2	1	5	16	0	2	1	3	0.64	0.6061	0.73	0.2239	54	335	389	494	2	1	5	0	2	1	2	0.581667	0.557471	0.685833	0.296029	738	4990	5728
11725	5/8/2012	2	1	5	17	0	2	1	2	0.64	0.6061	0.69	0.2836	77	640	717	494	2	1	5	0	2	1	2	0.581667	0.557471	0.685833	0.296029	738	4990	5728
11726	5/8/2012	2	1	5	18	0	2	1	2	0.64	0.6061	0.69	0.2836	69	641	710	494	2	1	5	0	2	1	2	0.581667	0.557471	0.685833	0.296029	738	4990	5728
11727	5/8/2012	2	1	5	19	0	2	1	2	0.64	0.6061	0.69	0.2836	59	399	458	494	2	1	5	0	2	1	2	0.581667	0.557471	0.685833	0.296029	738	4990	5728
11728	5/8/2012	2	1	5	20	0	2	1	2	0.64	0.6061	0.69	0.2836	40	262	302	494	2	1	5	0	2	1	2	0.581667	0.557471	0.685833	0.296029	738	4990	5728
11729	5/8/2012	2	1	5	21	0	2	1	2	0.64	0.6061	0.65	0.2836	21	202	223	494	2	1	5	0	2	1	2	0.581667	0.557471	0.685833	0.296029	738	4990	5728
11730	5/8/2012	2	1	5	22	0	2	1	3	0.6	0.5758	0.78	0.2537	13	134	147	494	2	1	5	0	2	1	2	0.581667	0.557471	0.685833	0.296029	738	4990	5728
11731	5/8/2012	2	1	5	23	0	2	1	3	0.6	0.5758	0.78	0.3284	10	53	63	494	2	1	5	0	2	1	2	0.581667	0.557471	0.685833	0.296029	738	4990	5728
11732	5/9/2012	2	1	5	0	0	3	1	2	0.58	0.5455	0.83	0.194	8	27	35	495	2	1	5	0	3	1	2	0.575	0.553025	0.744167	0.216412	620	4097	4717
11733	5/9/2012	2	1	5	1	0	3	1	2	0.6	0.5758	0.78	0.2537	3	11	14	495	2	1	5	0	3	1	2	0.575	0.553025	0.744167	0.216412	620	4097	4717
11734	5/9/2012	2	1	5	2	0	3	1	3	0.56	0.5303	0.88	0.4478	0	1	1	495	2	1	5	0	3	1	2	0.575	0.553025	0.744167	0.216412	620	4097	4717
11735	5/9/2012	2	1	5	3	0	3	1	3	0.56	0.5303	0.88	0.1642	0	2	2	495	2	1	5	0	3	1	2	0.575	0.553025	0.744167	0.216412	620	4097	4717
11736	5/9/2012	2	1	5	4	0	3	1	3	0.56	0.5303	0.88	0.2239	0	5	5	495	2	1	5	0	3	1	2	0.575	0.553025	0.744167	0.216412	620	4097	4717
11737	5/9/2012	2	1	5	5	0	3	1	2	0.56	0.5303	0.88	0.1343	1	27	28	495	2	1	5	0	3	1	2	0.575	0.553025	0.744167	0.216412	620	4097	4717
11738	5/9/2012	2	1	5	6	0	3	1	2	0.56	0.5303	0.88	0.1045	5	121	126	495	2	1	5	0	3	1	2	0.575	0.553025	0.744167	0.216412	620	4097	4717
11739	5/9/2012	2	1	5	7	0	3	1	2	0.56	0.5303	0.94	0.194	17	401	418	495	2	1	5	0	3	1	2	0.575	0.553025	0.744167	0.216412	620	4097	4717
11740	5/9/2012	2	1	5	8	0	3	1	2	0.6	0.5606	0.83	0.1343	28	594	622	495	2	1	5	0	3	1	2	0.575	0.553025	0.744167	0.216412	620	4097	4717
11741	5/9/2012	2	1	5	9	0	3	1	2	0.6	0.5606	0.83	0	40	285	325	495	2	1	5	0	3	1	2	0.575	0.553025	0.744167	0.216412	620	4097	4717
11742	5/9/2012	2	1	5	10	0	3	1	2	0.62	0.6061	0.65	0.2537	40	113	153	495	2	1	5	0	3	1	2	0.575	0.553025	0.744167	0.216412	620	4097	4717
11743	5/9/2012	2	1	5	11	0	3	1	2	0.62	0.6212	0.59	0.2985	45	156	201	495	2	1	5	0	3	1	2	0.575	0.553025	0.744167	0.216412	620	4097	4717
11744	5/9/2012	2	1	5	12	0	3	1	2	0.62	0.6212	0.57	0.2239	58	222	280	495	2	1	5	0	3	1	2	0.575	0.553025	0.744167	0.216412	620	4097	4717
11745	5/9/2012	2	1	5	13	0	3	1	2	0.64	0.6212	0.53	0.2537	50	216	266	495	2	1	5	0	3	1	2	0.575	0.553025	0.744167	0.216412	620	4097	4717
11746	5/9/2012	2	1	5	14	0	3	1	2	0.64	0.6212	0.53	0.2537	68	175	243	495	2	1	5	0	3	1	2	0.575	0.553025	0.744167	0.216412	620	4097	4717
11747	5/9/2012	2	1	5	15	0	3	1	2	0.64	0.6212	0.53	0.1045	68	191	259	495	2	1	5	0	3	1	2	0.575	0.553025	0.744167	0.216412	620	4097	4717
11748	5/9/2012	2	1	5	16	0	3	1	2	0.66	0.6212	0.5	0.194	68	289	357	495	2	1	5	0	3	1	2	0.575	0.553025	0.744167	0.216412	620	4097	4717
11749	5/9/2012	2	1	5	17	0	3	1	2	0.64	0.6212	0.53	0.1343	76	629	705	495	2	1	5	0	3	1	2	0.575	0.553025	0.744167	0.216412	620	4097	4717
11750	5/9/2012	2	1	5	18	0	3	1	3	0.52	0.5	0.77	0.5821	23	349	372	495	2	1	5	0	3	1	2	0.575	0.553025	0.744167	0.216412	620	4097	4717
11751	5/9/2012	2	1	5	19	0	3	1	3	0.5	0.4848	0.77	0.3582	2	96	98	495	2	1	5	0	3	1	2	0.575	0.553025	0.744167	0.216412	620	4097	4717
11752	5/9/2012	2	1	5	20	0	3	1	3	0.5	0.4848	0.82	0.2239	3	48	51	495	2	1	5	0	3	1	2	0.575	0.553025	0.744167	0.216412	620	4097	4717
11753	5/9/2012	2	1	5	21	0	3	1	3	0.5	0.4848	0.82	0.1642	4	30	34	495	2	1	5	0	3	1	2	0.575	0.553025	0.744167	0.216412	620	4097	4717
11754	5/9/2012	2	1	5	22	0	3	1	3	0.48	0.4697	0.82	0.1045	5	62	67	495	2	1	5	0	3	1	2	0.575	0.553025	0.744167	0.216412	620	4097	4717
11755	5/9/2012	2	1	5	23	0	3	1	3	0.48	0.4697	0.82	0.194	8	47	55	495	2	1	5	0	3	1	2	0.575	0.553025	0.744167	0.216412	620	4097	4717
11756	5/10/2012	2	1	5	0	0	4	1	3	0.5	0.4848	0.77	0.1642	2	31	33	496	2	1	5	0	4	1	1	0.505833	0.491783	0.552083	0.314063	1026	5546	6572
11757	5/10/2012	2	1	5	1	0	4	1	2	0.48	0.4697	0.88	0.1343	2	9	11	496	2	1	5	0	4	1	1	0.505833	0.491783	0.552083	0.314063	1026	5546	6572
11758	5/10/2012	2	1	5	2	0	4	1	2	0.48	0.4697	0.88	0.1045	0	3	3	496	2	1	5	0	4	1	1	0.505833	0.491783	0.552083	0.314063	1026	5546	6572
11759	5/10/2012	2	1	5	3	0	4	1	1	0.46	0.4545	0.88	0.2239	0	3	3	496	2	1	5	0	4	1	1	0.505833	0.491783	0.552083	0.314063	1026	5546	6572
11760	5/10/2012	2	1	5	4	0	4	1	1	0.46	0.4545	0.77	0.194	0	2	2	496	2	1	5	0	4	1	1	0.505833	0.491783	0.552083	0.314063	1026	5546	6572
11761	5/10/2012	2	1	5	5	0	4	1	1	0.46	0.4545	0.72	0.2985	1	23	24	496	2	1	5	0	4	1	1	0.505833	0.491783	0.552083	0.314063	1026	5546	6572
11762	5/10/2012	2	1	5	6	0	4	1	1	0.44	0.4394	0.72	0.2239	9	130	139	496	2	1	5	0	4	1	1	0.505833	0.491783	0.552083	0.314063	1026	5546	6572
11763	5/10/2012	2	1	5	7	0	4	1	1	0.44	0.4394	0.72	0.2985	8	393	401	496	2	1	5	0	4	1	1	0.505833	0.491783	0.552083	0.314063	1026	5546	6572
11764	5/10/2012	2	1	5	8	0	4	1	1	0.46	0.4545	0.67	0.3582	27	603	630	496	2	1	5	0	4	1	1	0.505833	0.491783	0.552083	0.314063	1026	5546	6572
11765	5/10/2012	2	1	5	9	0	4	1	1	0.5	0.4848	0.59	0.4627	62	299	361	496	2	1	5	0	4	1	1	0.505833	0.491783	0.552083	0.314063	1026	5546	6572
11766	5/10/2012	2	1	5	10	0	4	1	1	0.5	0.4848	0.51	0.4179	42	112	154	496	2	1	5	0	4	1	1	0.505833	0.491783	0.552083	0.314063	1026	5546	6572
11767	5/10/2012	2	1	5	11	0	4	1	1	0.52	0.5	0.48	0.5224	77	179	256	496	2	1	5	0	4	1	1	0.505833	0.491783	0.552083	0.314063	1026	5546	6572
11768	5/10/2012	2	1	5	12	0	4	1	1	0.52	0.5	0.48	0.4179	65	207	272	496	2	1	5	0	4	1	1	0.505833	0.491783	0.552083	0.314063	1026	5546	6572
11769	5/10/2012	2	1	5	13	0	4	1	1	0.54	0.5152	0.39	0.4478	90	228	318	496	2	1	5	0	4	1	1	0.505833	0.491783	0.552083	0.314063	1026	5546	6572
11770	5/10/2012	2	1	5	14	0	4	1	1	0.56	0.5303	0.37	0.4179	61	186	247	496	2	1	5	0	4	1	1	0.505833	0.491783	0.552083	0.314063	1026	5546	6572
11771	5/10/2012	2	1	5	15	0	4	1	1	0.54	0.5152	0.37	0.3881	79	192	271	496	2	1	5	0	4	1	1	0.505833	0.491783	0.552083	0.314063	1026	5546	6572
11772	5/10/2012	2	1	5	16	0	4	1	1	0.58	0.5455	0.3	0.4627	87	334	421	496	2	1	5	0	4	1	1	0.505833	0.491783	0.552083	0.314063	1026	5546	6572
11773	5/10/2012	2	1	5	17	0	4	1	1	0.6	0.6212	0.31	0.3881	84	648	732	496	2	1	5	0	4	1	1	0.505833	0.491783	0.552083	0.314063	1026	5546	6572
11774	5/10/2012	2	1	5	18	0	4	1	1	0.56	0.5303	0.35	0.5224	109	661	770	496	2	1	5	0	4	1	1	0.505833	0.491783	0.552083	0.314063	1026	5546	6572
11775	5/10/2012	2	1	5	19	0	4	1	1	0.54	0.5152	0.37	0.3582	84	469	553	496	2	1	5	0	4	1	1	0.505833	0.491783	0.552083	0.314063	1026	5546	6572
11776	5/10/2012	2	1	5	20	0	4	1	1	0.52	0.5	0.4	0.3284	59	315	374	496	2	1	5	0	4	1	1	0.505833	0.491783	0.552083	0.314063	1026	5546	6572
11777	5/10/2012	2	1	5	21	0	4	1	1	0.5	0.4848	0.42	0.194	19	211	230	496	2	1	5	0	4	1	1	0.505833	0.491783	0.552083	0.314063	1026	5546	6572
11778	5/10/2012	2	1	5	22	0	4	1	1	0.5	0.4848	0.42	0.1045	36	196	232	496	2	1	5	0	4	1	1	0.505833	0.491783	0.552083	0.314063	1026	5546	6572
11779	5/10/2012	2	1	5	23	0	4	1	1	0.48	0.4697	0.48	0.1045	23	112	135	496	2	1	5	0	4	1	1	0.505833	0.491783	0.552083	0.314063	1026	5546	6572
11780	5/11/2012	2	1	5	0	0	5	1	1	0.46	0.4545	0.55	0.1045	17	47	64	497	2	1	5	0	5	1	1	0.533333	0.520833	0.360417	0.236937	1319	5711	7030
11781	5/11/2012	2	1	5	1	0	5	1	1	0.46	0.4545	0.51	0.1343	14	32	46	497	2	1	5	0	5	1	1	0.533333	0.520833	0.360417	0.236937	1319	5711	7030
11782	5/11/2012	2	1	5	2	0	5	1	1	0.46	0.4545	0.44	0.1642	15	16	31	497	2	1	5	0	5	1	1	0.533333	0.520833	0.360417	0.236937	1319	5711	7030
11783	5/11/2012	2	1	5	3	0	5	1	1	0.46	0.4545	0.41	0.2836	5	8	13	497	2	1	5	0	5	1	1	0.533333	0.520833	0.360417	0.236937	1319	5711	7030
11784	5/11/2012	2	1	5	4	0	5	1	1	0.42	0.4242	0.5	0.194	3	6	9	497	2	1	5	0	5	1	1	0.533333	0.520833	0.360417	0.236937	1319	5711	7030
11785	5/11/2012	2	1	5	5	0	5	1	1	0.42	0.4242	0.47	0.1642	3	23	26	497	2	1	5	0	5	1	1	0.533333	0.520833	0.360417	0.236937	1319	5711	7030
11786	5/11/2012	2	1	5	6	0	5	1	1	0.42	0.4242	0.5	0.2537	7	128	135	497	2	1	5	0	5	1	1	0.533333	0.520833	0.360417	0.236937	1319	5711	7030
11787	5/11/2012	2	1	5	7	0	5	1	1	0.42	0.4242	0.5	0.2537	6	345	351	497	2	1	5	0	5	1	1	0.533333	0.520833	0.360417	0.236937	1319	5711	7030
11788	5/11/2012	2	1	5	8	0	5	1	1	0.46	0.4545	0.44	0.2537	41	579	620	497	2	1	5	0	5	1	1	0.533333	0.520833	0.360417	0.236937	1319	5711	7030
11789	5/11/2012	2	1	5	9	0	5	1	1	0.48	0.4697	0.41	0.2985	34	288	322	497	2	1	5	0	5	1	1	0.533333	0.520833	0.360417	0.236937	1319	5711	7030
11790	5/11/2012	2	1	5	10	0	5	1	1	0.52	0.5	0.36	0.3284	69	141	210	497	2	1	5	0	5	1	1	0.533333	0.520833	0.360417	0.236937	1319	5711	7030
11791	5/11/2012	2	1	5	11	0	5	1	1	0.56	0.5303	0.35	0.2537	88	203	291	497	2	1	5	0	5	1	1	0.533333	0.520833	0.360417	0.236937	1319	5711	7030
11792	5/11/2012	2	1	5	12	0	5	1	1	0.56	0.5303	0.28	0.4179	89	259	348	497	2	1	5	0	5	1	1	0.533333	0.520833	0.360417	0.236937	1319	5711	7030
11793	5/11/2012	2	1	5	13	0	5	1	1	0.6	0.6061	0.26	0.3881	100	263	363	497	2	1	5	0	5	1	1	0.533333	0.520833	0.360417	0.236937	1319	5711	7030
11794	5/11/2012	2	1	5	14	0	5	1	1	0.62	0.6061	0.23	0.2239	116	218	334	497	2	1	5	0	5	1	1	0.533333	0.520833	0.360417	0.236937	1319	5711	7030
11795	5/11/2012	2	1	5	15	0	5	1	1	0.62	0.6061	0.25	0.194	140	299	439	497	2	1	5	0	5	1	1	0.533333	0.520833	0.360417	0.236937	1319	5711	7030
11796	5/11/2012	2	1	5	16	0	5	1	1	0.62	0.6061	0.25	0.3284	128	397	525	497	2	1	5	0	5	1	1	0.533333	0.520833	0.360417	0.236937	1319	5711	7030
11797	5/11/2012	2	1	5	17	0	5	1	1	0.64	0.6061	0.23	0.2537	102	677	779	497	2	1	5	0	5	1	1	0.533333	0.520833	0.360417	0.236937	1319	5711	7030
11798	5/11/2012	2	1	5	18	0	5	1	1	0.64	0.6061	0.23	0.2836	78	518	596	497	2	1	5	0	5	1	1	0.533333	0.520833	0.360417	0.236937	1319	5711	7030
11799	5/11/2012	2	1	5	19	0	5	1	1	0.64	0.6061	0.23	0.2537	73	430	503	497	2	1	5	0	5	1	1	0.533333	0.520833	0.360417	0.236937	1319	5711	7030
11800	5/11/2012	2	1	5	20	0	5	1	1	0.62	0.6061	0.25	0.1343	64	277	341	497	2	1	5	0	5	1	1	0.533333	0.520833	0.360417	0.236937	1319	5711	7030
11801	5/11/2012	2	1	5	21	0	5	1	1	0.6	0.6061	0.28	0.1045	45	225	270	497	2	1	5	0	5	1	1	0.533333	0.520833	0.360417	0.236937	1319	5711	7030
11802	5/11/2012	2	1	5	22	0	5	1	1	0.56	0.5303	0.35	0.2239	44	190	234	497	2	1	5	0	5	1	1	0.533333	0.520833	0.360417	0.236937	1319	5711	7030
11803	5/11/2012	2	1	5	23	0	5	1	1	0.54	0.5152	0.37	0.194	38	142	180	497	2	1	5	0	5	1	1	0.533333	0.520833	0.360417	0.236937	1319	5711	7030
11804	5/12/2012	2	1	5	0	0	6	0	1	0.52	0.5	0.42	0.1642	25	111	136	498	2	1	5	0	6	0	1	0.564167	0.544817	0.480417	0.123133	2622	4807	7429
11805	5/12/2012	2	1	5	1	0	6	0	1	0.5	0.4848	0.48	0	14	79	93	498	2	1	5	0	6	0	1	0.564167	0.544817	0.480417	0.123133	2622	4807	7429
11806	5/12/2012	2	1	5	2	0	6	0	1	0.46	0.4545	0.59	0.1343	10	46	56	498	2	1	5	0	6	0	1	0.564167	0.544817	0.480417	0.123133	2622	4807	7429
11807	5/12/2012	2	1	5	3	0	6	0	1	0.48	0.4697	0.59	0	14	20	34	498	2	1	5	0	6	0	1	0.564167	0.544817	0.480417	0.123133	2622	4807	7429
11808	5/12/2012	2	1	5	4	0	6	0	1	0.44	0.4394	0.67	0.1045	3	6	9	498	2	1	5	0	6	0	1	0.564167	0.544817	0.480417	0.123133	2622	4807	7429
11809	5/12/2012	2	1	5	5	0	6	0	1	0.42	0.4242	0.67	0.1343	5	8	13	498	2	1	5	0	6	0	1	0.564167	0.544817	0.480417	0.123133	2622	4807	7429
11810	5/12/2012	2	1	5	6	0	6	0	1	0.42	0.4242	0.67	0.0896	10	23	33	498	2	1	5	0	6	0	1	0.564167	0.544817	0.480417	0.123133	2622	4807	7429
11811	5/12/2012	2	1	5	7	0	6	0	1	0.42	0.4242	0.71	0.1343	10	57	67	498	2	1	5	0	6	0	1	0.564167	0.544817	0.480417	0.123133	2622	4807	7429
11812	5/12/2012	2	1	5	8	0	6	0	1	0.52	0.5	0.48	0	22	156	178	498	2	1	5	0	6	0	1	0.564167	0.544817	0.480417	0.123133	2622	4807	7429
11813	5/12/2012	2	1	5	9	0	6	0	1	0.54	0.5152	0.49	0	87	248	335	498	2	1	5	0	6	0	1	0.564167	0.544817	0.480417	0.123133	2622	4807	7429
11814	5/12/2012	2	1	5	10	0	6	0	1	0.56	0.5303	0.49	0.0896	132	279	411	498	2	1	5	0	6	0	1	0.564167	0.544817	0.480417	0.123133	2622	4807	7429
11815	5/12/2012	2	1	5	11	0	6	0	1	0.62	0.6212	0.41	0.0896	157	365	522	498	2	1	5	0	6	0	1	0.564167	0.544817	0.480417	0.123133	2622	4807	7429
11816	5/12/2012	2	1	5	12	0	6	0	1	0.64	0.6212	0.36	0.1642	206	353	559	498	2	1	5	0	6	0	1	0.564167	0.544817	0.480417	0.123133	2622	4807	7429
11817	5/12/2012	2	1	5	13	0	6	0	1	0.64	0.6212	0.36	0.194	293	366	659	498	2	1	5	0	6	0	1	0.564167	0.544817	0.480417	0.123133	2622	4807	7429
11818	5/12/2012	2	1	5	14	0	6	0	1	0.66	0.6212	0.36	0.194	257	358	615	498	2	1	5	0	6	0	1	0.564167	0.544817	0.480417	0.123133	2622	4807	7429
11819	5/12/2012	2	1	5	15	0	6	0	1	0.68	0.6212	0.24	0.194	269	321	590	498	2	1	5	0	6	0	1	0.564167	0.544817	0.480417	0.123133	2622	4807	7429
11820	5/12/2012	2	1	5	16	0	6	0	2	0.7	0.6364	0.21	0.194	254	337	591	498	2	1	5	0	6	0	1	0.564167	0.544817	0.480417	0.123133	2622	4807	7429
11821	5/12/2012	2	1	5	17	0	6	0	2	0.66	0.6212	0.36	0.194	233	343	576	498	2	1	5	0	6	0	1	0.564167	0.544817	0.480417	0.123133	2622	4807	7429
11822	5/12/2012	2	1	5	18	0	6	0	2	0.66	0.6212	0.31	0.194	164	382	546	498	2	1	5	0	6	0	1	0.564167	0.544817	0.480417	0.123133	2622	4807	7429
11823	5/12/2012	2	1	5	19	0	6	0	2	0.64	0.6212	0.36	0.1642	166	273	439	498	2	1	5	0	6	0	1	0.564167	0.544817	0.480417	0.123133	2622	4807	7429
11824	5/12/2012	2	1	5	20	0	6	0	1	0.62	0.6212	0.46	0.1642	113	174	287	498	2	1	5	0	6	0	1	0.564167	0.544817	0.480417	0.123133	2622	4807	7429
11825	5/12/2012	2	1	5	21	0	6	0	2	0.6	0.6061	0.6	0.1343	74	156	230	498	2	1	5	0	6	0	1	0.564167	0.544817	0.480417	0.123133	2622	4807	7429
11826	5/12/2012	2	1	5	22	0	6	0	1	0.56	0.5303	0.68	0.1343	62	212	274	498	2	1	5	0	6	0	1	0.564167	0.544817	0.480417	0.123133	2622	4807	7429
11827	5/12/2012	2	1	5	23	0	6	0	1	0.58	0.5455	0.56	0.0896	42	134	176	498	2	1	5	0	6	0	1	0.564167	0.544817	0.480417	0.123133	2622	4807	7429
11828	5/13/2012	2	1	5	0	0	0	0	1	0.56	0.5303	0.64	0.1642	19	79	98	499	2	1	5	0	0	0	1	0.6125	0.585238	0.57625	0.225117	2172	3946	6118
11829	5/13/2012	2	1	5	1	0	0	0	2	0.54	0.5152	0.68	0.1343	22	72	94	499	2	1	5	0	0	0	1	0.6125	0.585238	0.57625	0.225117	2172	3946	6118
11830	5/13/2012	2	1	5	2	0	0	0	2	0.54	0.5152	0.68	0.1642	22	60	82	499	2	1	5	0	0	0	1	0.6125	0.585238	0.57625	0.225117	2172	3946	6118
11831	5/13/2012	2	1	5	3	0	0	0	2	0.54	0.5152	0.64	0.1343	2	26	28	499	2	1	5	0	0	0	1	0.6125	0.585238	0.57625	0.225117	2172	3946	6118
11832	5/13/2012	2	1	5	4	0	0	0	2	0.54	0.5152	0.68	0.194	2	7	9	499	2	1	5	0	0	0	1	0.6125	0.585238	0.57625	0.225117	2172	3946	6118
11833	5/13/2012	2	1	5	5	0	0	0	1	0.52	0.5	0.72	0.194	4	8	12	499	2	1	5	0	0	0	1	0.6125	0.585238	0.57625	0.225117	2172	3946	6118
11834	5/13/2012	2	1	5	6	0	0	0	1	0.52	0.5	0.68	0.1642	6	15	21	499	2	1	5	0	0	0	1	0.6125	0.585238	0.57625	0.225117	2172	3946	6118
11835	5/13/2012	2	1	5	7	0	0	0	1	0.52	0.5	0.68	0.1642	18	42	60	499	2	1	5	0	0	0	1	0.6125	0.585238	0.57625	0.225117	2172	3946	6118
11836	5/13/2012	2	1	5	8	0	0	0	1	0.56	0.5303	0.64	0.1642	32	124	156	499	2	1	5	0	0	0	1	0.6125	0.585238	0.57625	0.225117	2172	3946	6118
11837	5/13/2012	2	1	5	9	0	0	0	1	0.6	0.6212	0.56	0.1343	79	143	222	499	2	1	5	0	0	0	1	0.6125	0.585238	0.57625	0.225117	2172	3946	6118
11838	5/13/2012	2	1	5	10	0	0	0	1	0.6	0.6061	0.6	0.2537	128	222	350	499	2	1	5	0	0	0	1	0.6125	0.585238	0.57625	0.225117	2172	3946	6118
11839	5/13/2012	2	1	5	11	0	0	0	1	0.62	0.6212	0.57	0.2537	150	278	428	499	2	1	5	0	0	0	1	0.6125	0.585238	0.57625	0.225117	2172	3946	6118
11840	5/13/2012	2	1	5	12	0	0	0	1	0.64	0.6212	0.57	0.2239	189	342	531	499	2	1	5	0	0	0	1	0.6125	0.585238	0.57625	0.225117	2172	3946	6118
11841	5/13/2012	2	1	5	13	0	0	0	1	0.68	0.6364	0.54	0.2537	255	347	602	499	2	1	5	0	0	0	1	0.6125	0.585238	0.57625	0.225117	2172	3946	6118
11842	5/13/2012	2	1	5	14	0	0	0	1	0.7	0.6515	0.48	0.1343	228	324	552	499	2	1	5	0	0	0	1	0.6125	0.585238	0.57625	0.225117	2172	3946	6118
11843	5/13/2012	2	1	5	15	0	0	0	1	0.72	0.6515	0.45	0.3582	190	309	499	499	2	1	5	0	0	0	1	0.6125	0.585238	0.57625	0.225117	2172	3946	6118
11844	5/13/2012	2	1	5	16	0	0	0	1	0.72	0.6515	0.42	0.2537	225	339	564	499	2	1	5	0	0	0	1	0.6125	0.585238	0.57625	0.225117	2172	3946	6118
11845	5/13/2012	2	1	5	17	0	0	0	1	0.7	0.6364	0.45	0.4179	191	287	478	499	2	1	5	0	0	0	1	0.6125	0.585238	0.57625	0.225117	2172	3946	6118
11846	5/13/2012	2	1	5	18	0	0	0	2	0.68	0.6364	0.44	0.3582	129	260	389	499	2	1	5	0	0	0	1	0.6125	0.585238	0.57625	0.225117	2172	3946	6118
11847	5/13/2012	2	1	5	19	0	0	0	2	0.66	0.6212	0.5	0.4179	107	232	339	499	2	1	5	0	0	0	1	0.6125	0.585238	0.57625	0.225117	2172	3946	6118
11848	5/13/2012	2	1	5	20	0	0	0	2	0.66	0.6212	0.5	0.2836	67	163	230	499	2	1	5	0	0	0	1	0.6125	0.585238	0.57625	0.225117	2172	3946	6118
11849	5/13/2012	2	1	5	21	0	0	0	2	0.64	0.6212	0.53	0.194	48	121	169	499	2	1	5	0	0	0	1	0.6125	0.585238	0.57625	0.225117	2172	3946	6118
11850	5/13/2012	2	1	5	22	0	0	0	2	0.62	0.6061	0.61	0.1642	42	89	131	499	2	1	5	0	0	0	1	0.6125	0.585238	0.57625	0.225117	2172	3946	6118
11851	5/13/2012	2	1	5	23	0	0	0	2	0.62	0.6212	0.57	0.2239	17	57	74	499	2	1	5	0	0	0	1	0.6125	0.585238	0.57625	0.225117	2172	3946	6118
11852	5/14/2012	2	1	5	0	0	1	1	2	0.6	0.6212	0.56	0.2537	21	14	35	500	2	1	5	0	1	1	2	0.573333	0.5499	0.789583	0.212692	342	2501	2843
11853	5/14/2012	2	1	5	1	0	1	1	2	0.6	0.6061	0.6	0.2836	5	6	11	500	2	1	5	0	1	1	2	0.573333	0.5499	0.789583	0.212692	342	2501	2843
11854	5/14/2012	2	1	5	2	0	1	1	1	0.6	0.6061	0.6	0.2985	1	1	2	500	2	1	5	0	1	1	2	0.573333	0.5499	0.789583	0.212692	342	2501	2843
11855	5/14/2012	2	1	5	3	0	1	1	2	0.58	0.5455	0.68	0.3284	0	2	2	500	2	1	5	0	1	1	2	0.573333	0.5499	0.789583	0.212692	342	2501	2843
11856	5/14/2012	2	1	5	4	0	1	1	2	0.54	0.5152	0.77	0.2239	3	3	6	500	2	1	5	0	1	1	2	0.573333	0.5499	0.789583	0.212692	342	2501	2843
11857	5/14/2012	2	1	5	5	0	1	1	2	0.54	0.5152	0.77	0.1642	1	25	26	500	2	1	5	0	1	1	2	0.573333	0.5499	0.789583	0.212692	342	2501	2843
11858	5/14/2012	2	1	5	6	0	1	1	3	0.52	0.5	0.94	0.2985	3	62	65	500	2	1	5	0	1	1	2	0.573333	0.5499	0.789583	0.212692	342	2501	2843
11859	5/14/2012	2	1	5	7	0	1	1	3	0.52	0.5	0.94	0.194	3	72	75	500	2	1	5	0	1	1	2	0.573333	0.5499	0.789583	0.212692	342	2501	2843
11860	5/14/2012	2	1	5	8	0	1	1	3	0.54	0.5152	0.88	0.2239	1	155	156	500	2	1	5	0	1	1	2	0.573333	0.5499	0.789583	0.212692	342	2501	2843
11861	5/14/2012	2	1	5	9	0	1	1	3	0.54	0.5152	0.88	0.2836	5	105	110	500	2	1	5	0	1	1	2	0.573333	0.5499	0.789583	0.212692	342	2501	2843
11862	5/14/2012	2	1	5	10	0	1	1	3	0.54	0.5152	0.88	0.2537	6	53	59	500	2	1	5	0	1	1	2	0.573333	0.5499	0.789583	0.212692	342	2501	2843
11863	5/14/2012	2	1	5	11	0	1	1	2	0.56	0.5303	0.83	0.2239	12	67	79	500	2	1	5	0	1	1	2	0.573333	0.5499	0.789583	0.212692	342	2501	2843
11864	5/14/2012	2	1	5	12	0	1	1	2	0.56	0.5303	0.88	0.2836	53	132	185	500	2	1	5	0	1	1	2	0.573333	0.5499	0.789583	0.212692	342	2501	2843
11865	5/14/2012	2	1	5	13	0	1	1	2	0.62	0.5909	0.73	0.2239	33	143	176	500	2	1	5	0	1	1	2	0.573333	0.5499	0.789583	0.212692	342	2501	2843
11866	5/14/2012	2	1	5	14	0	1	1	2	0.62	0.5909	0.73	0.2537	43	128	171	500	2	1	5	0	1	1	2	0.573333	0.5499	0.789583	0.212692	342	2501	2843
11867	5/14/2012	2	1	5	15	0	1	1	2	0.62	0.5909	0.73	0.1642	40	156	196	500	2	1	5	0	1	1	2	0.573333	0.5499	0.789583	0.212692	342	2501	2843
11868	5/14/2012	2	1	5	16	0	1	1	3	0.62	0.6061	0.69	0.2836	20	91	111	500	2	1	5	0	1	1	2	0.573333	0.5499	0.789583	0.212692	342	2501	2843
11869	5/14/2012	2	1	5	17	0	1	1	3	0.56	0.5303	0.88	0.2537	25	204	229	500	2	1	5	0	1	1	2	0.573333	0.5499	0.789583	0.212692	342	2501	2843
11870	5/14/2012	2	1	5	18	0	1	1	2	0.58	0.5455	0.83	0	17	283	300	500	2	1	5	0	1	1	2	0.573333	0.5499	0.789583	0.212692	342	2501	2843
11871	5/14/2012	2	1	5	19	0	1	1	3	0.58	0.5455	0.88	0.1343	10	294	304	500	2	1	5	0	1	1	2	0.573333	0.5499	0.789583	0.212692	342	2501	2843
11872	5/14/2012	2	1	5	20	0	1	1	2	0.58	0.5455	0.88	0.194	11	178	189	500	2	1	5	0	1	1	2	0.573333	0.5499	0.789583	0.212692	342	2501	2843
11873	5/14/2012	2	1	5	21	0	1	1	2	0.58	0.5455	0.83	0.0896	7	145	152	500	2	1	5	0	1	1	2	0.573333	0.5499	0.789583	0.212692	342	2501	2843
11874	5/14/2012	2	1	5	22	0	1	1	2	0.58	0.5455	0.78	0.0896	11	118	129	500	2	1	5	0	1	1	2	0.573333	0.5499	0.789583	0.212692	342	2501	2843
11875	5/14/2012	2	1	5	23	0	1	1	2	0.58	0.5455	0.78	0.1045	11	64	75	500	2	1	5	0	1	1	2	0.573333	0.5499	0.789583	0.212692	342	2501	2843
11876	5/15/2012	2	1	5	0	0	2	1	2	0.56	0.5303	0.88	0.1343	7	25	32	501	2	1	5	0	2	1	2	0.611667	0.576404	0.794583	0.147392	625	4490	5115
11877	5/15/2012	2	1	5	1	0	2	1	3	0.56	0.5303	0.88	0.1343	5	14	19	501	2	1	5	0	2	1	2	0.611667	0.576404	0.794583	0.147392	625	4490	5115
11878	5/15/2012	2	1	5	2	0	2	1	2	0.56	0.5303	0.88	0.1343	1	3	4	501	2	1	5	0	2	1	2	0.611667	0.576404	0.794583	0.147392	625	4490	5115
11879	5/15/2012	2	1	5	3	0	2	1	3	0.58	0.5455	0.83	0.1343	1	5	6	501	2	1	5	0	2	1	2	0.611667	0.576404	0.794583	0.147392	625	4490	5115
11880	5/15/2012	2	1	5	4	0	2	1	3	0.56	0.5303	0.94	0	1	4	5	501	2	1	5	0	2	1	2	0.611667	0.576404	0.794583	0.147392	625	4490	5115
11881	5/15/2012	2	1	5	5	0	2	1	3	0.56	0.5303	0.94	0.2239	0	8	8	501	2	1	5	0	2	1	2	0.611667	0.576404	0.794583	0.147392	625	4490	5115
11882	5/15/2012	2	1	5	6	0	2	1	3	0.56	0.5303	0.94	0.2239	2	22	24	501	2	1	5	0	2	1	2	0.611667	0.576404	0.794583	0.147392	625	4490	5115
11883	5/15/2012	2	1	5	7	0	2	1	3	0.56	0.5303	0.94	0.1343	1	91	92	501	2	1	5	0	2	1	2	0.611667	0.576404	0.794583	0.147392	625	4490	5115
11884	5/15/2012	2	1	5	8	0	2	1	2	0.58	0.5455	0.88	0.0896	8	401	409	501	2	1	5	0	2	1	2	0.611667	0.576404	0.794583	0.147392	625	4490	5115
11885	5/15/2012	2	1	5	9	0	2	1	2	0.58	0.5455	0.88	0.0896	28	327	355	501	2	1	5	0	2	1	2	0.611667	0.576404	0.794583	0.147392	625	4490	5115
11886	5/15/2012	2	1	5	10	0	2	1	1	0.62	0.5909	0.78	0.1045	27	144	171	501	2	1	5	0	2	1	2	0.611667	0.576404	0.794583	0.147392	625	4490	5115
11887	5/15/2012	2	1	5	11	0	2	1	1	0.64	0.5909	0.78	0.194	38	186	224	501	2	1	5	0	2	1	2	0.611667	0.576404	0.794583	0.147392	625	4490	5115
11888	5/15/2012	2	1	5	12	0	2	1	1	0.64	0.6061	0.73	0.194	44	220	264	501	2	1	5	0	2	1	2	0.611667	0.576404	0.794583	0.147392	625	4490	5115
11889	5/15/2012	2	1	5	13	0	2	1	3	0.64	0.6061	0.73	0.194	35	204	239	501	2	1	5	0	2	1	2	0.611667	0.576404	0.794583	0.147392	625	4490	5115
11890	5/15/2012	2	1	5	14	0	2	1	2	0.64	0.6061	0.73	0.194	39	145	184	501	2	1	5	0	2	1	2	0.611667	0.576404	0.794583	0.147392	625	4490	5115
11891	5/15/2012	2	1	5	15	0	2	1	2	0.7	0.6515	0.61	0.0896	51	205	256	501	2	1	5	0	2	1	2	0.611667	0.576404	0.794583	0.147392	625	4490	5115
11892	5/15/2012	2	1	5	16	0	2	1	1	0.68	0.6364	0.65	0.1642	74	300	374	501	2	1	5	0	2	1	2	0.611667	0.576404	0.794583	0.147392	625	4490	5115
11893	5/15/2012	2	1	5	17	0	2	1	1	0.68	0.6364	0.65	0.1045	75	603	678	501	2	1	5	0	2	1	2	0.611667	0.576404	0.794583	0.147392	625	4490	5115
11894	5/15/2012	2	1	5	18	0	2	1	1	0.7	0.6515	0.61	0.0896	68	665	733	501	2	1	5	0	2	1	2	0.611667	0.576404	0.794583	0.147392	625	4490	5115
11895	5/15/2012	2	1	5	19	0	2	1	1	0.66	0.6212	0.69	0.1642	57	455	512	501	2	1	5	0	2	1	2	0.611667	0.576404	0.794583	0.147392	625	4490	5115
11896	5/15/2012	2	1	5	20	0	2	1	3	0.64	0.6061	0.73	0.1343	30	233	263	501	2	1	5	0	2	1	2	0.611667	0.576404	0.794583	0.147392	625	4490	5115
11897	5/15/2012	2	1	5	21	0	2	1	3	0.64	0.6061	0.73	0.2836	11	98	109	501	2	1	5	0	2	1	2	0.611667	0.576404	0.794583	0.147392	625	4490	5115
11898	5/15/2012	2	1	5	22	0	2	1	1	0.58	0.5455	0.78	0.2239	9	74	83	501	2	1	5	0	2	1	2	0.611667	0.576404	0.794583	0.147392	625	4490	5115
11899	5/15/2012	2	1	5	23	0	2	1	3	0.56	0.5303	0.88	0.1045	13	58	71	501	2	1	5	0	2	1	2	0.611667	0.576404	0.794583	0.147392	625	4490	5115
11900	5/16/2012	2	1	5	0	0	3	1	2	0.58	0.5455	0.88	0	12	27	39	502	2	1	5	0	3	1	1	0.636667	0.595975	0.697917	0.122512	991	6433	7424
11901	5/16/2012	2	1	5	1	0	3	1	2	0.58	0.5455	0.88	0.1343	7	14	21	502	2	1	5	0	3	1	1	0.636667	0.595975	0.697917	0.122512	991	6433	7424
11902	5/16/2012	2	1	5	2	0	3	1	1	0.56	0.5303	0.94	0.194	5	14	19	502	2	1	5	0	3	1	1	0.636667	0.595975	0.697917	0.122512	991	6433	7424
11903	5/16/2012	2	1	5	3	0	3	1	1	0.56	0.5303	0.88	0.1045	1	5	6	502	2	1	5	0	3	1	1	0.636667	0.595975	0.697917	0.122512	991	6433	7424
11904	5/16/2012	2	1	5	4	0	3	1	1	0.54	0.5152	0.94	0.1343	1	3	4	502	2	1	5	0	3	1	1	0.636667	0.595975	0.697917	0.122512	991	6433	7424
11905	5/16/2012	2	1	5	5	0	3	1	1	0.54	0.5152	0.94	0.1045	4	34	38	502	2	1	5	0	3	1	1	0.636667	0.595975	0.697917	0.122512	991	6433	7424
11906	5/16/2012	2	1	5	6	0	3	1	1	0.54	0.5152	0.94	0.0896	8	150	158	502	2	1	5	0	3	1	1	0.636667	0.595975	0.697917	0.122512	991	6433	7424
11907	5/16/2012	2	1	5	7	0	3	1	1	0.56	0.5303	0.83	0	14	426	440	502	2	1	5	0	3	1	1	0.636667	0.595975	0.697917	0.122512	991	6433	7424
11908	5/16/2012	2	1	5	8	0	3	1	1	0.58	0.5455	0.83	0	33	617	650	502	2	1	5	0	3	1	1	0.636667	0.595975	0.697917	0.122512	991	6433	7424
11909	5/16/2012	2	1	5	9	0	3	1	2	0.6	0.5758	0.78	0.1343	33	314	347	502	2	1	5	0	3	1	1	0.636667	0.595975	0.697917	0.122512	991	6433	7424
11910	5/16/2012	2	1	5	10	0	3	1	1	0.66	0.6212	0.61	0	43	149	192	502	2	1	5	0	3	1	1	0.636667	0.595975	0.697917	0.122512	991	6433	7424
11911	5/16/2012	2	1	5	11	0	3	1	1	0.7	0.6515	0.54	0.1343	55	212	267	502	2	1	5	0	3	1	1	0.636667	0.595975	0.697917	0.122512	991	6433	7424
11912	5/16/2012	2	1	5	12	0	3	1	1	0.7	0.6515	0.54	0.194	59	271	330	502	2	1	5	0	3	1	1	0.636667	0.595975	0.697917	0.122512	991	6433	7424
11913	5/16/2012	2	1	5	13	0	3	1	1	0.72	0.6515	0.42	0	77	273	350	502	2	1	5	0	3	1	1	0.636667	0.595975	0.697917	0.122512	991	6433	7424
11914	5/16/2012	2	1	5	14	0	3	1	1	0.72	0.6515	0.42	0.0896	42	221	263	502	2	1	5	0	3	1	1	0.636667	0.595975	0.697917	0.122512	991	6433	7424
11915	5/16/2012	2	1	5	15	0	3	1	2	0.72	0.6667	0.48	0.1045	52	222	274	502	2	1	5	0	3	1	1	0.636667	0.595975	0.697917	0.122512	991	6433	7424
11916	5/16/2012	2	1	5	16	0	3	1	1	0.72	0.6515	0.45	0.1045	70	376	446	502	2	1	5	0	3	1	1	0.636667	0.595975	0.697917	0.122512	991	6433	7424
11917	5/16/2012	2	1	5	17	0	3	1	1	0.72	0.6667	0.51	0.194	104	769	873	502	2	1	5	0	3	1	1	0.636667	0.595975	0.697917	0.122512	991	6433	7424
11918	5/16/2012	2	1	5	18	0	3	1	1	0.72	0.6667	0.51	0.2239	97	749	846	502	2	1	5	0	3	1	1	0.636667	0.595975	0.697917	0.122512	991	6433	7424
11919	5/16/2012	2	1	5	19	0	3	1	1	0.7	0.6515	0.54	0.2836	91	499	590	502	2	1	5	0	3	1	1	0.636667	0.595975	0.697917	0.122512	991	6433	7424
11920	5/16/2012	2	1	5	20	0	3	1	1	0.66	0.6212	0.65	0.2537	61	398	459	502	2	1	5	0	3	1	1	0.636667	0.595975	0.697917	0.122512	991	6433	7424
11921	5/16/2012	2	1	5	21	0	3	1	1	0.64	0.6061	0.73	0.194	63	330	393	502	2	1	5	0	3	1	1	0.636667	0.595975	0.697917	0.122512	991	6433	7424
11922	5/16/2012	2	1	5	22	0	3	1	1	0.64	0.6061	0.73	0.1642	33	253	286	502	2	1	5	0	3	1	1	0.636667	0.595975	0.697917	0.122512	991	6433	7424
11923	5/16/2012	2	1	5	23	0	3	1	1	0.62	0.5909	0.78	0.1045	26	107	133	502	2	1	5	0	3	1	1	0.636667	0.595975	0.697917	0.122512	991	6433	7424
11924	5/17/2012	2	1	5	0	0	4	1	1	0.6	0.5758	0.78	0.1343	30	49	79	503	2	1	5	0	4	1	1	0.593333	0.572613	0.52	0.229475	1242	6142	7384
11925	5/17/2012	2	1	5	1	0	4	1	1	0.6	0.5606	0.83	0.1642	12	16	28	503	2	1	5	0	4	1	1	0.593333	0.572613	0.52	0.229475	1242	6142	7384
11926	5/17/2012	2	1	5	2	0	4	1	1	0.6	0.5758	0.78	0.1642	8	8	16	503	2	1	5	0	4	1	1	0.593333	0.572613	0.52	0.229475	1242	6142	7384
11927	5/17/2012	2	1	5	3	0	4	1	1	0.6	0.5909	0.73	0.2537	0	3	3	503	2	1	5	0	4	1	1	0.593333	0.572613	0.52	0.229475	1242	6142	7384
11928	5/17/2012	2	1	5	4	0	4	1	1	0.6	0.6061	0.64	0.3284	3	13	16	503	2	1	5	0	4	1	1	0.593333	0.572613	0.52	0.229475	1242	6142	7384
11929	5/17/2012	2	1	5	5	0	4	1	1	0.56	0.5303	0.68	0.3284	1	34	35	503	2	1	5	0	4	1	1	0.593333	0.572613	0.52	0.229475	1242	6142	7384
11930	5/17/2012	2	1	5	6	0	4	1	1	0.54	0.5152	0.73	0.3582	10	149	159	503	2	1	5	0	4	1	1	0.593333	0.572613	0.52	0.229475	1242	6142	7384
11931	5/17/2012	2	1	5	7	0	4	1	1	0.54	0.5152	0.73	0.3881	25	449	474	503	2	1	5	0	4	1	1	0.593333	0.572613	0.52	0.229475	1242	6142	7384
11932	5/17/2012	2	1	5	8	0	4	1	1	0.52	0.5	0.55	0.4478	29	605	634	503	2	1	5	0	4	1	1	0.593333	0.572613	0.52	0.229475	1242	6142	7384
11933	5/17/2012	2	1	5	9	0	4	1	1	0.54	0.5152	0.52	0.4179	57	289	346	503	2	1	5	0	4	1	1	0.593333	0.572613	0.52	0.229475	1242	6142	7384
11934	5/17/2012	2	1	5	10	0	4	1	1	0.56	0.5303	0.52	0.2537	43	162	205	503	2	1	5	0	4	1	1	0.593333	0.572613	0.52	0.229475	1242	6142	7384
11935	5/17/2012	2	1	5	11	0	4	1	1	0.58	0.5455	0.49	0.2239	77	202	279	503	2	1	5	0	4	1	1	0.593333	0.572613	0.52	0.229475	1242	6142	7384
11936	5/17/2012	2	1	5	12	0	4	1	1	0.6	0.6212	0.43	0.194	72	276	348	503	2	1	5	0	4	1	1	0.593333	0.572613	0.52	0.229475	1242	6142	7384
11937	5/17/2012	2	1	5	13	0	4	1	1	0.62	0.6212	0.41	0.194	86	241	327	503	2	1	5	0	4	1	1	0.593333	0.572613	0.52	0.229475	1242	6142	7384
11938	5/17/2012	2	1	5	14	0	4	1	1	0.64	0.6212	0.38	0.194	68	202	270	503	2	1	5	0	4	1	1	0.593333	0.572613	0.52	0.229475	1242	6142	7384
11939	5/17/2012	2	1	5	15	0	4	1	1	0.64	0.6212	0.36	0.2537	83	233	316	503	2	1	5	0	4	1	1	0.593333	0.572613	0.52	0.229475	1242	6142	7384
11940	5/17/2012	2	1	5	16	0	4	1	1	0.66	0.6212	0.31	0.194	86	344	430	503	2	1	5	0	4	1	1	0.593333	0.572613	0.52	0.229475	1242	6142	7384
11941	5/17/2012	2	1	5	17	0	4	1	1	0.66	0.6212	0.31	0.1343	133	719	852	503	2	1	5	0	4	1	1	0.593333	0.572613	0.52	0.229475	1242	6142	7384
11942	5/17/2012	2	1	5	18	0	4	1	1	0.66	0.6212	0.27	0.1642	134	734	868	503	2	1	5	0	4	1	1	0.593333	0.572613	0.52	0.229475	1242	6142	7384
11943	5/17/2012	2	1	5	19	0	4	1	1	0.64	0.6212	0.31	0.194	86	451	537	503	2	1	5	0	4	1	1	0.593333	0.572613	0.52	0.229475	1242	6142	7384
11944	5/17/2012	2	1	5	20	0	4	1	1	0.6	0.6212	0.4	0.194	83	363	446	503	2	1	5	0	4	1	1	0.593333	0.572613	0.52	0.229475	1242	6142	7384
11945	5/17/2012	2	1	5	21	0	4	1	1	0.58	0.5455	0.4	0.1045	45	254	299	503	2	1	5	0	4	1	1	0.593333	0.572613	0.52	0.229475	1242	6142	7384
11946	5/17/2012	2	1	5	22	0	4	1	1	0.56	0.5303	0.43	0.0896	42	209	251	503	2	1	5	0	4	1	1	0.593333	0.572613	0.52	0.229475	1242	6142	7384
11947	5/17/2012	2	1	5	23	0	4	1	1	0.54	0.5152	0.49	0.1343	29	137	166	503	2	1	5	0	4	1	1	0.593333	0.572613	0.52	0.229475	1242	6142	7384
11948	5/18/2012	2	1	5	0	0	5	1	1	0.52	0.5	0.59	0.1045	13	57	70	504	2	1	5	0	5	1	1	0.564167	0.551121	0.523333	0.136817	1521	6118	7639
11949	5/18/2012	2	1	5	1	0	5	1	1	0.5	0.4848	0.59	0.0896	16	33	49	504	2	1	5	0	5	1	1	0.564167	0.551121	0.523333	0.136817	1521	6118	7639
11950	5/18/2012	2	1	5	2	0	5	1	1	0.48	0.4697	0.67	0.1343	12	9	21	504	2	1	5	0	5	1	1	0.564167	0.551121	0.523333	0.136817	1521	6118	7639
11951	5/18/2012	2	1	5	3	0	5	1	1	0.46	0.4545	0.72	0.0896	6	8	14	504	2	1	5	0	5	1	1	0.564167	0.551121	0.523333	0.136817	1521	6118	7639
11952	5/18/2012	2	1	5	4	0	5	1	1	0.46	0.4545	0.77	0.1642	0	11	11	504	2	1	5	0	5	1	1	0.564167	0.551121	0.523333	0.136817	1521	6118	7639
11953	5/18/2012	2	1	5	5	0	5	1	1	0.46	0.4545	0.77	0.1045	1	33	34	504	2	1	5	0	5	1	1	0.564167	0.551121	0.523333	0.136817	1521	6118	7639
11954	5/18/2012	2	1	5	6	0	5	1	1	0.44	0.4394	0.77	0.1343	14	168	182	504	2	1	5	0	5	1	1	0.564167	0.551121	0.523333	0.136817	1521	6118	7639
11955	5/18/2012	2	1	5	7	0	5	1	1	0.46	0.4545	0.82	0.1045	40	475	515	504	2	1	5	0	5	1	1	0.564167	0.551121	0.523333	0.136817	1521	6118	7639
11956	5/18/2012	2	1	5	8	0	5	1	1	0.52	0.5	0.59	0.1343	49	696	745	504	2	1	5	0	5	1	1	0.564167	0.551121	0.523333	0.136817	1521	6118	7639
11957	5/18/2012	2	1	5	9	0	5	1	1	0.56	0.5303	0.56	0.1045	57	304	361	504	2	1	5	0	5	1	1	0.564167	0.551121	0.523333	0.136817	1521	6118	7639
11958	5/18/2012	2	1	5	10	0	5	1	1	0.6	0.6212	0.46	0.1343	74	181	255	504	2	1	5	0	5	1	1	0.564167	0.551121	0.523333	0.136817	1521	6118	7639
11959	5/18/2012	2	1	5	11	0	5	1	1	0.62	0.6212	0.43	0	109	225	334	504	2	1	5	0	5	1	1	0.564167	0.551121	0.523333	0.136817	1521	6118	7639
11960	5/18/2012	2	1	5	12	0	5	1	1	0.62	0.6212	0.41	0.194	108	252	360	504	2	1	5	0	5	1	1	0.564167	0.551121	0.523333	0.136817	1521	6118	7639
11961	5/18/2012	2	1	5	13	0	5	1	1	0.64	0.6212	0.36	0.1642	98	297	395	504	2	1	5	0	5	1	1	0.564167	0.551121	0.523333	0.136817	1521	6118	7639
11962	5/18/2012	2	1	5	14	0	5	1	1	0.66	0.6212	0.34	0.1343	108	242	350	504	2	1	5	0	5	1	1	0.564167	0.551121	0.523333	0.136817	1521	6118	7639
11963	5/18/2012	2	1	5	15	0	5	1	1	0.66	0.6212	0.36	0.194	131	260	391	504	2	1	5	0	5	1	1	0.564167	0.551121	0.523333	0.136817	1521	6118	7639
11964	5/18/2012	2	1	5	16	0	5	1	1	0.66	0.6212	0.34	0.2537	151	417	568	504	2	1	5	0	5	1	1	0.564167	0.551121	0.523333	0.136817	1521	6118	7639
11965	5/18/2012	2	1	5	17	0	5	1	1	0.66	0.6212	0.34	0.1343	124	688	812	504	2	1	5	0	5	1	1	0.564167	0.551121	0.523333	0.136817	1521	6118	7639
11966	5/18/2012	2	1	5	18	0	5	1	1	0.64	0.6212	0.38	0.2239	99	570	669	504	2	1	5	0	5	1	1	0.564167	0.551121	0.523333	0.136817	1521	6118	7639
11967	5/18/2012	2	1	5	19	0	5	1	1	0.62	0.6212	0.41	0.194	91	392	483	504	2	1	5	0	5	1	1	0.564167	0.551121	0.523333	0.136817	1521	6118	7639
11968	5/18/2012	2	1	5	20	0	5	1	1	0.62	0.6212	0.41	0.1642	73	264	337	504	2	1	5	0	5	1	1	0.564167	0.551121	0.523333	0.136817	1521	6118	7639
11969	5/18/2012	2	1	5	21	0	5	1	1	0.6	0.6212	0.4	0	49	209	258	504	2	1	5	0	5	1	1	0.564167	0.551121	0.523333	0.136817	1521	6118	7639
11970	5/18/2012	2	1	5	22	0	5	1	1	0.56	0.5303	0.52	0.3284	57	194	251	504	2	1	5	0	5	1	1	0.564167	0.551121	0.523333	0.136817	1521	6118	7639
11971	5/18/2012	2	1	5	23	0	5	1	1	0.52	0.5	0.55	0	41	133	174	504	2	1	5	0	5	1	1	0.564167	0.551121	0.523333	0.136817	1521	6118	7639
11972	5/19/2012	2	1	5	0	0	6	0	1	0.52	0.5	0.48	0.1045	30	118	148	505	2	1	5	0	6	0	1	0.6	0.566908	0.45625	0.083975	3410	4884	8294
11973	5/19/2012	2	1	5	1	0	6	0	1	0.5	0.4848	0.48	0	20	84	104	505	2	1	5	0	6	0	1	0.6	0.566908	0.45625	0.083975	3410	4884	8294
11974	5/19/2012	2	1	5	2	0	6	0	1	0.5	0.4848	0.51	0.1045	13	56	69	505	2	1	5	0	6	0	1	0.6	0.566908	0.45625	0.083975	3410	4884	8294
11975	5/19/2012	2	1	5	3	0	6	0	1	0.5	0.4848	0.48	0.1045	10	23	33	505	2	1	5	0	6	0	1	0.6	0.566908	0.45625	0.083975	3410	4884	8294
11976	5/19/2012	2	1	5	4	0	6	0	1	0.48	0.4697	0.59	0.0896	6	8	14	505	2	1	5	0	6	0	1	0.6	0.566908	0.45625	0.083975	3410	4884	8294
11977	5/19/2012	2	1	5	5	0	6	0	1	0.46	0.4545	0.67	0	1	11	12	505	2	1	5	0	6	0	1	0.6	0.566908	0.45625	0.083975	3410	4884	8294
11978	5/19/2012	2	1	5	6	0	6	0	1	0.44	0.4394	0.72	0.0896	12	38	50	505	2	1	5	0	6	0	1	0.6	0.566908	0.45625	0.083975	3410	4884	8294
11979	5/19/2012	2	1	5	7	0	6	0	1	0.46	0.4545	0.67	0.1045	28	67	95	505	2	1	5	0	6	0	1	0.6	0.566908	0.45625	0.083975	3410	4884	8294
11980	5/19/2012	2	1	5	8	0	6	0	1	0.52	0.5	0.52	0.1642	33	162	195	505	2	1	5	0	6	0	1	0.6	0.566908	0.45625	0.083975	3410	4884	8294
11981	5/19/2012	2	1	5	9	0	6	0	1	0.56	0.5303	0.43	0.1642	79	213	292	505	2	1	5	0	6	0	1	0.6	0.566908	0.45625	0.083975	3410	4884	8294
11982	5/19/2012	2	1	5	10	0	6	0	1	0.56	0.5303	0.43	0	177	275	452	505	2	1	5	0	6	0	1	0.6	0.566908	0.45625	0.083975	3410	4884	8294
11983	5/19/2012	2	1	5	11	0	6	0	1	0.62	0.6212	0.38	0.0896	235	351	586	505	2	1	5	0	6	0	1	0.6	0.566908	0.45625	0.083975	3410	4884	8294
11984	5/19/2012	2	1	5	12	0	6	0	1	0.66	0.6212	0.36	0	276	366	642	505	2	1	5	0	6	0	1	0.6	0.566908	0.45625	0.083975	3410	4884	8294
11985	5/19/2012	2	1	5	13	0	6	0	1	0.7	0.6364	0.37	0.1343	332	372	704	505	2	1	5	0	6	0	1	0.6	0.566908	0.45625	0.083975	3410	4884	8294
11986	5/19/2012	2	1	5	14	0	6	0	1	0.72	0.6515	0.3	0.0896	361	369	730	505	2	1	5	0	6	0	1	0.6	0.566908	0.45625	0.083975	3410	4884	8294
11987	5/19/2012	2	1	5	15	0	6	0	1	0.72	0.6515	0.3	0.1045	356	316	672	505	2	1	5	0	6	0	1	0.6	0.566908	0.45625	0.083975	3410	4884	8294
11988	5/19/2012	2	1	5	16	0	6	0	1	0.74	0.6515	0.3	0.1045	331	311	642	505	2	1	5	0	6	0	1	0.6	0.566908	0.45625	0.083975	3410	4884	8294
11989	5/19/2012	2	1	5	17	0	6	0	1	0.74	0.6515	0.3	0.0896	279	347	626	505	2	1	5	0	6	0	1	0.6	0.566908	0.45625	0.083975	3410	4884	8294
11990	5/19/2012	2	1	5	18	0	6	0	1	0.74	0.6515	0.33	0.0896	254	391	645	505	2	1	5	0	6	0	1	0.6	0.566908	0.45625	0.083975	3410	4884	8294
11991	5/19/2012	2	1	5	19	0	6	0	1	0.7	0.6364	0.39	0.1343	203	229	432	505	2	1	5	0	6	0	1	0.6	0.566908	0.45625	0.083975	3410	4884	8294
11992	5/19/2012	2	1	5	20	0	6	0	1	0.68	0.6364	0.41	0.0896	118	197	315	505	2	1	5	0	6	0	1	0.6	0.566908	0.45625	0.083975	3410	4884	8294
11993	5/19/2012	2	1	5	21	0	6	0	1	0.64	0.6212	0.5	0	81	178	259	505	2	1	5	0	6	0	1	0.6	0.566908	0.45625	0.083975	3410	4884	8294
11994	5/19/2012	2	1	5	22	0	6	0	1	0.64	0.6212	0.47	0	104	234	338	505	2	1	5	0	6	0	1	0.6	0.566908	0.45625	0.083975	3410	4884	8294
11995	5/19/2012	2	1	5	23	0	6	0	1	0.6	0.6212	0.56	0.1642	71	168	239	505	2	1	5	0	6	0	1	0.6	0.566908	0.45625	0.083975	3410	4884	8294
11996	5/20/2012	2	1	5	0	0	0	0	1	0.58	0.5455	0.53	0.1045	42	128	170	506	2	1	5	0	0	0	1	0.620833	0.583967	0.530417	0.254367	2704	4425	7129
11997	5/20/2012	2	1	5	1	0	0	0	1	0.56	0.5303	0.52	0	28	102	130	506	2	1	5	0	0	0	1	0.620833	0.583967	0.530417	0.254367	2704	4425	7129
11998	5/20/2012	2	1	5	2	0	0	0	1	0.56	0.5303	0.52	0	36	62	98	506	2	1	5	0	0	0	1	0.620833	0.583967	0.530417	0.254367	2704	4425	7129
11999	5/20/2012	2	1	5	3	0	0	0	1	0.54	0.5152	0.56	0.0896	26	40	66	506	2	1	5	0	0	0	1	0.620833	0.583967	0.530417	0.254367	2704	4425	7129
12000	5/20/2012	2	1	5	4	0	0	0	1	0.52	0.5	0.68	0.0896	2	14	16	506	2	1	5	0	0	0	1	0.620833	0.583967	0.530417	0.254367	2704	4425	7129
12001	5/20/2012	2	1	5	5	0	0	0	1	0.5	0.4848	0.72	0.1045	1	7	8	506	2	1	5	0	0	0	1	0.620833	0.583967	0.530417	0.254367	2704	4425	7129
12002	5/20/2012	2	1	5	6	0	0	0	1	0.5	0.4848	0.63	0.1343	4	21	25	506	2	1	5	0	0	0	1	0.620833	0.583967	0.530417	0.254367	2704	4425	7129
12003	5/20/2012	2	1	5	7	0	0	0	1	0.52	0.5	0.68	0.194	35	55	90	506	2	1	5	0	0	0	1	0.620833	0.583967	0.530417	0.254367	2704	4425	7129
12004	5/20/2012	2	1	5	8	0	0	0	1	0.56	0.5303	0.56	0.1642	51	120	171	506	2	1	5	0	0	0	1	0.620833	0.583967	0.530417	0.254367	2704	4425	7129
12005	5/20/2012	2	1	5	9	0	0	0	1	0.62	0.6212	0.32	0.2537	129	184	313	506	2	1	5	0	0	0	1	0.620833	0.583967	0.530417	0.254367	2704	4425	7129
12006	5/20/2012	2	1	5	10	0	0	0	1	0.66	0.6212	0.34	0.2985	174	258	432	506	2	1	5	0	0	0	1	0.620833	0.583967	0.530417	0.254367	2704	4425	7129
12007	5/20/2012	2	1	5	11	0	0	0	1	0.66	0.6212	0.36	0.3284	258	323	581	506	2	1	5	0	0	0	1	0.620833	0.583967	0.530417	0.254367	2704	4425	7129
12008	5/20/2012	2	1	5	12	0	0	0	1	0.68	0.6364	0.36	0.3284	247	390	637	506	2	1	5	0	0	0	1	0.620833	0.583967	0.530417	0.254367	2704	4425	7129
12009	5/20/2012	2	1	5	13	0	0	0	1	0.7	0.6364	0.37	0.2836	244	363	607	506	2	1	5	0	0	0	1	0.620833	0.583967	0.530417	0.254367	2704	4425	7129
12010	5/20/2012	2	1	5	14	0	0	0	1	0.72	0.6515	0.39	0.3881	236	307	543	506	2	1	5	0	0	0	1	0.620833	0.583967	0.530417	0.254367	2704	4425	7129
12011	5/20/2012	2	1	5	15	0	0	0	2	0.7	0.6364	0.39	0.4179	246	256	502	506	2	1	5	0	0	0	1	0.620833	0.583967	0.530417	0.254367	2704	4425	7129
12012	5/20/2012	2	1	5	16	0	0	0	1	0.72	0.6515	0.42	0.3582	238	339	577	506	2	1	5	0	0	0	1	0.620833	0.583967	0.530417	0.254367	2704	4425	7129
12013	5/20/2012	2	1	5	17	0	0	0	1	0.72	0.6515	0.45	0.3284	209	340	549	506	2	1	5	0	0	0	1	0.620833	0.583967	0.530417	0.254367	2704	4425	7129
12014	5/20/2012	2	1	5	18	0	0	0	1	0.7	0.6515	0.51	0.3284	146	328	474	506	2	1	5	0	0	0	1	0.620833	0.583967	0.530417	0.254367	2704	4425	7129
12015	5/20/2012	2	1	5	19	0	0	0	1	0.66	0.6212	0.61	0.4179	142	260	402	506	2	1	5	0	0	0	1	0.620833	0.583967	0.530417	0.254367	2704	4425	7129
12016	5/20/2012	2	1	5	20	0	0	0	1	0.66	0.6212	0.61	0.4179	83	191	274	506	2	1	5	0	0	0	1	0.620833	0.583967	0.530417	0.254367	2704	4425	7129
12017	5/20/2012	2	1	5	21	0	0	0	1	0.64	0.6061	0.69	0.3881	51	182	233	506	2	1	5	0	0	0	1	0.620833	0.583967	0.530417	0.254367	2704	4425	7129
12018	5/20/2012	2	1	5	22	0	0	0	1	0.62	0.5909	0.73	0.3284	44	101	145	506	2	1	5	0	0	0	1	0.620833	0.583967	0.530417	0.254367	2704	4425	7129
12019	5/20/2012	2	1	5	23	0	0	0	3	0.6	0.5758	0.78	0.3582	32	54	86	506	2	1	5	0	0	0	1	0.620833	0.583967	0.530417	0.254367	2704	4425	7129
12020	5/21/2012	2	1	5	0	0	1	1	3	0.58	0.5455	0.88	0.2985	12	28	40	507	2	1	5	0	1	1	2	0.598333	0.565667	0.81125	0.233204	630	3729	4359
12021	5/21/2012	2	1	5	1	0	1	1	3	0.58	0.5455	0.88	0.3582	4	11	15	507	2	1	5	0	1	1	2	0.598333	0.565667	0.81125	0.233204	630	3729	4359
12022	5/21/2012	2	1	5	2	0	1	1	3	0.56	0.5303	0.94	0.2537	2	9	11	507	2	1	5	0	1	1	2	0.598333	0.565667	0.81125	0.233204	630	3729	4359
12023	5/21/2012	2	1	5	3	0	1	1	2	0.56	0.5303	0.88	0.2985	0	2	2	507	2	1	5	0	1	1	2	0.598333	0.565667	0.81125	0.233204	630	3729	4359
12024	5/21/2012	2	1	5	4	0	1	1	3	0.56	0.5303	0.88	0.2985	2	5	7	507	2	1	5	0	1	1	2	0.598333	0.565667	0.81125	0.233204	630	3729	4359
12025	5/21/2012	2	1	5	5	0	1	1	3	0.56	0.5303	0.88	0.2985	1	14	15	507	2	1	5	0	1	1	2	0.598333	0.565667	0.81125	0.233204	630	3729	4359
12026	5/21/2012	2	1	5	6	0	1	1	3	0.56	0.5303	0.88	0.2985	3	76	79	507	2	1	5	0	1	1	2	0.598333	0.565667	0.81125	0.233204	630	3729	4359
12027	5/21/2012	2	1	5	7	0	1	1	3	0.56	0.5303	0.88	0.2985	7	146	153	507	2	1	5	0	1	1	2	0.598333	0.565667	0.81125	0.233204	630	3729	4359
12028	5/21/2012	2	1	5	8	0	1	1	3	0.56	0.5303	0.88	0.2537	12	258	270	507	2	1	5	0	1	1	2	0.598333	0.565667	0.81125	0.233204	630	3729	4359
12029	5/21/2012	2	1	5	9	0	1	1	3	0.56	0.5303	0.88	0.2239	14	172	186	507	2	1	5	0	1	1	2	0.598333	0.565667	0.81125	0.233204	630	3729	4359
12030	5/21/2012	2	1	5	10	0	1	1	3	0.58	0.5455	0.88	0.2836	28	71	99	507	2	1	5	0	1	1	2	0.598333	0.565667	0.81125	0.233204	630	3729	4359
12031	5/21/2012	2	1	5	11	0	1	1	2	0.6	0.5606	0.83	0.1642	24	82	106	507	2	1	5	0	1	1	2	0.598333	0.565667	0.81125	0.233204	630	3729	4359
12032	5/21/2012	2	1	5	12	0	1	1	2	0.6	0.5606	0.83	0.2537	46	124	170	507	2	1	5	0	1	1	2	0.598333	0.565667	0.81125	0.233204	630	3729	4359
12033	5/21/2012	2	1	5	13	0	1	1	3	0.6	0.5606	0.83	0.2537	49	135	184	507	2	1	5	0	1	1	2	0.598333	0.565667	0.81125	0.233204	630	3729	4359
12034	5/21/2012	2	1	5	14	0	1	1	3	0.6	0.5606	0.83	0.194	45	135	180	507	2	1	5	0	1	1	2	0.598333	0.565667	0.81125	0.233204	630	3729	4359
12035	5/21/2012	2	1	5	15	0	1	1	2	0.64	0.6061	0.73	0.194	67	158	225	507	2	1	5	0	1	1	2	0.598333	0.565667	0.81125	0.233204	630	3729	4359
12036	5/21/2012	2	1	5	16	0	1	1	2	0.64	0.6061	0.73	0.2537	46	269	315	507	2	1	5	0	1	1	2	0.598333	0.565667	0.81125	0.233204	630	3729	4359
12037	5/21/2012	2	1	5	17	0	1	1	2	0.66	0.6212	0.69	0.2537	40	468	508	507	2	1	5	0	1	1	2	0.598333	0.565667	0.81125	0.233204	630	3729	4359
12038	5/21/2012	2	1	5	18	0	1	1	1	0.64	0.6061	0.73	0.1045	52	478	530	507	2	1	5	0	1	1	2	0.598333	0.565667	0.81125	0.233204	630	3729	4359
12039	5/21/2012	2	1	5	19	0	1	1	1	0.66	0.6212	0.69	0.0896	57	391	448	507	2	1	5	0	1	1	2	0.598333	0.565667	0.81125	0.233204	630	3729	4359
12040	5/21/2012	2	1	5	20	0	1	1	1	0.64	0.6061	0.69	0.1343	44	292	336	507	2	1	5	0	1	1	2	0.598333	0.565667	0.81125	0.233204	630	3729	4359
12041	5/21/2012	2	1	5	21	0	1	1	1	0.62	0.6061	0.69	0.0896	31	210	241	507	2	1	5	0	1	1	2	0.598333	0.565667	0.81125	0.233204	630	3729	4359
12042	5/21/2012	2	1	5	22	0	1	1	2	0.62	0.5909	0.73	0.1642	26	116	142	507	2	1	5	0	1	1	2	0.598333	0.565667	0.81125	0.233204	630	3729	4359
12043	5/21/2012	2	1	5	23	0	1	1	1	0.62	0.5909	0.73	0.2836	18	79	97	507	2	1	5	0	1	1	2	0.598333	0.565667	0.81125	0.233204	630	3729	4359
12044	5/22/2012	2	1	5	0	0	2	1	1	0.58	0.5455	0.83	0.2537	10	26	36	508	2	1	5	0	2	1	2	0.615	0.580825	0.765833	0.118167	819	5254	6073
12045	5/22/2012	2	1	5	1	0	2	1	2	0.58	0.5455	0.83	0.1343	11	16	27	508	2	1	5	0	2	1	2	0.615	0.580825	0.765833	0.118167	819	5254	6073
12046	5/22/2012	2	1	5	2	0	2	1	2	0.58	0.5455	0.83	0.1045	1	10	11	508	2	1	5	0	2	1	2	0.615	0.580825	0.765833	0.118167	819	5254	6073
12047	5/22/2012	2	1	5	3	0	2	1	2	0.58	0.5455	0.83	0.1045	0	5	5	508	2	1	5	0	2	1	2	0.615	0.580825	0.765833	0.118167	819	5254	6073
12048	5/22/2012	2	1	5	4	0	2	1	2	0.56	0.5303	0.88	0.1642	0	7	7	508	2	1	5	0	2	1	2	0.615	0.580825	0.765833	0.118167	819	5254	6073
12049	5/22/2012	2	1	5	5	0	2	1	3	0.56	0.5303	0.88	0.194	0	17	17	508	2	1	5	0	2	1	2	0.615	0.580825	0.765833	0.118167	819	5254	6073
12050	5/22/2012	2	1	5	6	0	2	1	3	0.56	0.5303	0.88	0.1045	8	129	137	508	2	1	5	0	2	1	2	0.615	0.580825	0.765833	0.118167	819	5254	6073
12051	5/22/2012	2	1	5	7	0	2	1	3	0.56	0.5303	0.88	0.1045	9	315	324	508	2	1	5	0	2	1	2	0.615	0.580825	0.765833	0.118167	819	5254	6073
12052	5/22/2012	2	1	5	8	0	2	1	2	0.56	0.5303	0.88	0.1343	20	570	590	508	2	1	5	0	2	1	2	0.615	0.580825	0.765833	0.118167	819	5254	6073
12053	5/22/2012	2	1	5	9	0	2	1	2	0.6	0.5606	0.83	0.1045	46	287	333	508	2	1	5	0	2	1	2	0.615	0.580825	0.765833	0.118167	819	5254	6073
12054	5/22/2012	2	1	5	10	0	2	1	2	0.6	0.5758	0.78	0.0896	52	148	200	508	2	1	5	0	2	1	2	0.615	0.580825	0.765833	0.118167	819	5254	6073
12055	5/22/2012	2	1	5	11	0	2	1	2	0.6	0.5758	0.78	0	39	150	189	508	2	1	5	0	2	1	2	0.615	0.580825	0.765833	0.118167	819	5254	6073
12056	5/22/2012	2	1	5	12	0	2	1	2	0.62	0.5909	0.78	0.1045	76	178	254	508	2	1	5	0	2	1	2	0.615	0.580825	0.765833	0.118167	819	5254	6073
12057	5/22/2012	2	1	5	13	0	2	1	2	0.64	0.6061	0.73	0	48	195	243	508	2	1	5	0	2	1	2	0.615	0.580825	0.765833	0.118167	819	5254	6073
12058	5/22/2012	2	1	5	14	0	2	1	2	0.64	0.6061	0.73	0.1045	73	149	222	508	2	1	5	0	2	1	2	0.615	0.580825	0.765833	0.118167	819	5254	6073
12059	5/22/2012	2	1	5	15	0	2	1	1	0.7	0.6515	0.61	0.0896	54	191	245	508	2	1	5	0	2	1	2	0.615	0.580825	0.765833	0.118167	819	5254	6073
12060	5/22/2012	2	1	5	16	0	2	1	1	0.68	0.6364	0.61	0.1045	70	316	386	508	2	1	5	0	2	1	2	0.615	0.580825	0.765833	0.118167	819	5254	6073
12061	5/22/2012	2	1	5	17	0	2	1	1	0.72	0.6667	0.54	0	69	716	785	508	2	1	5	0	2	1	2	0.615	0.580825	0.765833	0.118167	819	5254	6073
12062	5/22/2012	2	1	5	18	0	2	1	1	0.68	0.6364	0.61	0.1343	76	709	785	508	2	1	5	0	2	1	2	0.615	0.580825	0.765833	0.118167	819	5254	6073
12063	5/22/2012	2	1	5	19	0	2	1	1	0.66	0.6212	0.69	0.2239	44	320	364	508	2	1	5	0	2	1	2	0.615	0.580825	0.765833	0.118167	819	5254	6073
12064	5/22/2012	2	1	5	20	0	2	1	1	0.64	0.6061	0.73	0.2537	54	319	373	508	2	1	5	0	2	1	2	0.615	0.580825	0.765833	0.118167	819	5254	6073
12065	5/22/2012	2	1	5	21	0	2	1	1	0.62	0.5909	0.78	0.1343	28	233	261	508	2	1	5	0	2	1	2	0.615	0.580825	0.765833	0.118167	819	5254	6073
12066	5/22/2012	2	1	5	22	0	2	1	1	0.62	0.5909	0.73	0.0896	17	157	174	508	2	1	5	0	2	1	2	0.615	0.580825	0.765833	0.118167	819	5254	6073
12067	5/22/2012	2	1	5	23	0	2	1	1	0.62	0.5909	0.73	0.1045	14	91	105	508	2	1	5	0	2	1	2	0.615	0.580825	0.765833	0.118167	819	5254	6073
12068	5/23/2012	2	1	5	0	0	3	1	1	0.62	0.5909	0.78	0.1343	19	28	47	509	2	1	5	0	3	1	2	0.621667	0.584612	0.774583	0.102	766	4494	5260
12069	5/23/2012	2	1	5	1	0	3	1	1	0.6	0.5606	0.83	0.1642	23	9	32	509	2	1	5	0	3	1	2	0.621667	0.584612	0.774583	0.102	766	4494	5260
12070	5/23/2012	2	1	5	2	0	3	1	2	0.6	0.5606	0.83	0.1642	2	10	12	509	2	1	5	0	3	1	2	0.621667	0.584612	0.774583	0.102	766	4494	5260
12071	5/23/2012	2	1	5	3	0	3	1	1	0.6	0.5758	0.78	0.1045	0	5	5	509	2	1	5	0	3	1	2	0.621667	0.584612	0.774583	0.102	766	4494	5260
12072	5/23/2012	2	1	5	4	0	3	1	3	0.58	0.5455	0.83	0.194	0	3	3	509	2	1	5	0	3	1	2	0.621667	0.584612	0.774583	0.102	766	4494	5260
12073	5/23/2012	2	1	5	5	0	3	1	3	0.56	0.5303	0.88	0.2537	6	29	35	509	2	1	5	0	3	1	2	0.621667	0.584612	0.774583	0.102	766	4494	5260
12074	5/23/2012	2	1	5	6	0	3	1	1	0.56	0.5303	0.88	0.1045	6	154	160	509	2	1	5	0	3	1	2	0.621667	0.584612	0.774583	0.102	766	4494	5260
12075	5/23/2012	2	1	5	7	0	3	1	1	0.58	0.5455	0.83	0	16	452	468	509	2	1	5	0	3	1	2	0.621667	0.584612	0.774583	0.102	766	4494	5260
12076	5/23/2012	2	1	5	8	0	3	1	1	0.58	0.5455	0.83	0	38	681	719	509	2	1	5	0	3	1	2	0.621667	0.584612	0.774583	0.102	766	4494	5260
12077	5/23/2012	2	1	5	9	0	3	1	2	0.62	0.5909	0.78	0	39	258	297	509	2	1	5	0	3	1	2	0.621667	0.584612	0.774583	0.102	766	4494	5260
12078	5/23/2012	2	1	5	10	0	3	1	1	0.62	0.5909	0.78	0.0896	52	139	191	509	2	1	5	0	3	1	2	0.621667	0.584612	0.774583	0.102	766	4494	5260
12079	5/23/2012	2	1	5	11	0	3	1	1	0.64	0.6061	0.73	0	46	151	197	509	2	1	5	0	3	1	2	0.621667	0.584612	0.774583	0.102	766	4494	5260
12080	5/23/2012	2	1	5	12	0	3	1	2	0.66	0.6212	0.69	0.0896	42	206	248	509	2	1	5	0	3	1	2	0.621667	0.584612	0.774583	0.102	766	4494	5260
12081	5/23/2012	2	1	5	13	0	3	1	2	0.66	0.6212	0.74	0.1642	69	201	270	509	2	1	5	0	3	1	2	0.621667	0.584612	0.774583	0.102	766	4494	5260
12082	5/23/2012	2	1	5	14	0	3	1	1	0.68	0.6364	0.65	0.1343	67	181	248	509	2	1	5	0	3	1	2	0.621667	0.584612	0.774583	0.102	766	4494	5260
12083	5/23/2012	2	1	5	15	0	3	1	2	0.7	0.6515	0.61	0	65	192	257	509	2	1	5	0	3	1	2	0.621667	0.584612	0.774583	0.102	766	4494	5260
12084	5/23/2012	2	1	5	16	0	3	1	3	0.7	0.6515	0.61	0.0896	62	216	278	509	2	1	5	0	3	1	2	0.621667	0.584612	0.774583	0.102	766	4494	5260
12085	5/23/2012	2	1	5	17	0	3	1	3	0.64	0.6061	0.69	0.1045	45	240	285	509	2	1	5	0	3	1	2	0.621667	0.584612	0.774583	0.102	766	4494	5260
12086	5/23/2012	2	1	5	18	0	3	1	3	0.64	0.6061	0.69	0.1045	31	296	327	509	2	1	5	0	3	1	2	0.621667	0.584612	0.774583	0.102	766	4494	5260
12087	5/23/2012	2	1	5	19	0	3	1	2	0.62	0.5758	0.83	0.1642	40	336	376	509	2	1	5	0	3	1	2	0.621667	0.584612	0.774583	0.102	766	4494	5260
12088	5/23/2012	2	1	5	20	0	3	1	2	0.62	0.5758	0.83	0.0896	28	267	295	509	2	1	5	0	3	1	2	0.621667	0.584612	0.774583	0.102	766	4494	5260
12089	5/23/2012	2	1	5	21	0	3	1	2	0.62	0.5758	0.83	0	24	221	245	509	2	1	5	0	3	1	2	0.621667	0.584612	0.774583	0.102	766	4494	5260
12090	5/23/2012	2	1	5	22	0	3	1	2	0.62	0.5758	0.83	0.1642	23	136	159	509	2	1	5	0	3	1	2	0.621667	0.584612	0.774583	0.102	766	4494	5260
12091	5/23/2012	2	1	5	23	0	3	1	1	0.6	0.5606	0.83	0.1343	23	83	106	509	2	1	5	0	3	1	2	0.621667	0.584612	0.774583	0.102	766	4494	5260
12092	5/24/2012	2	1	5	0	0	4	1	1	0.6	0.5606	0.83	0.0896	7	49	56	510	2	1	5	0	4	1	1	0.655	0.6067	0.716667	0.172896	1059	5711	6770
12093	5/24/2012	2	1	5	1	0	4	1	1	0.6	0.5455	0.88	0.0896	9	21	30	510	2	1	5	0	4	1	1	0.655	0.6067	0.716667	0.172896	1059	5711	6770
12094	5/24/2012	2	1	5	2	0	4	1	1	0.6	0.5455	0.88	0	1	15	16	510	2	1	5	0	4	1	1	0.655	0.6067	0.716667	0.172896	1059	5711	6770
12095	5/24/2012	2	1	5	3	0	4	1	2	0.6	0.5455	0.88	0.1045	1	3	4	510	2	1	5	0	4	1	1	0.655	0.6067	0.716667	0.172896	1059	5711	6770
12096	5/24/2012	2	1	5	4	0	4	1	2	0.6	0.5455	0.88	0.1642	0	5	5	510	2	1	5	0	4	1	1	0.655	0.6067	0.716667	0.172896	1059	5711	6770
12097	5/24/2012	2	1	5	5	0	4	1	2	0.6	0.5455	0.88	0.1642	1	29	30	510	2	1	5	0	4	1	1	0.655	0.6067	0.716667	0.172896	1059	5711	6770
12098	5/24/2012	2	1	5	6	0	4	1	2	0.6	0.5455	0.88	0.1642	10	146	156	510	2	1	5	0	4	1	1	0.655	0.6067	0.716667	0.172896	1059	5711	6770
12099	5/24/2012	2	1	5	7	0	4	1	1	0.6	0.5606	0.83	0.1045	22	393	415	510	2	1	5	0	4	1	1	0.655	0.6067	0.716667	0.172896	1059	5711	6770
12100	5/24/2012	2	1	5	8	0	4	1	1	0.62	0.5909	0.73	0.1343	33	659	692	510	2	1	5	0	4	1	1	0.655	0.6067	0.716667	0.172896	1059	5711	6770
12101	5/24/2012	2	1	5	9	0	4	1	1	0.62	0.5909	0.73	0.1642	34	267	301	510	2	1	5	0	4	1	1	0.655	0.6067	0.716667	0.172896	1059	5711	6770
12102	5/24/2012	2	1	5	10	0	4	1	1	0.64	0.6061	0.65	0.1343	47	138	185	510	2	1	5	0	4	1	1	0.655	0.6067	0.716667	0.172896	1059	5711	6770
12103	5/24/2012	2	1	5	11	0	4	1	1	0.66	0.6212	0.65	0.1343	61	160	221	510	2	1	5	0	4	1	1	0.655	0.6067	0.716667	0.172896	1059	5711	6770
12104	5/24/2012	2	1	5	12	0	4	1	1	0.7	0.6515	0.58	0.1045	76	213	289	510	2	1	5	0	4	1	1	0.655	0.6067	0.716667	0.172896	1059	5711	6770
12105	5/24/2012	2	1	5	13	0	4	1	1	0.72	0.6667	0.54	0.1642	69	233	302	510	2	1	5	0	4	1	1	0.655	0.6067	0.716667	0.172896	1059	5711	6770
12106	5/24/2012	2	1	5	14	0	4	1	1	0.74	0.6818	0.55	0.2239	72	180	252	510	2	1	5	0	4	1	1	0.655	0.6067	0.716667	0.172896	1059	5711	6770
12107	5/24/2012	2	1	5	15	0	4	1	1	0.74	0.6818	0.55	0.2537	69	222	291	510	2	1	5	0	4	1	1	0.655	0.6067	0.716667	0.172896	1059	5711	6770
12108	5/24/2012	2	1	5	16	0	4	1	1	0.74	0.6818	0.55	0.3582	61	329	390	510	2	1	5	0	4	1	1	0.655	0.6067	0.716667	0.172896	1059	5711	6770
12109	5/24/2012	2	1	5	17	0	4	1	1	0.74	0.6818	0.55	0.2836	120	678	798	510	2	1	5	0	4	1	1	0.655	0.6067	0.716667	0.172896	1059	5711	6770
12110	5/24/2012	2	1	5	18	0	4	1	1	0.72	0.6667	0.54	0.3284	118	634	752	510	2	1	5	0	4	1	1	0.655	0.6067	0.716667	0.172896	1059	5711	6770
12111	5/24/2012	2	1	5	19	0	4	1	1	0.7	0.6515	0.61	0.2985	76	416	492	510	2	1	5	0	4	1	1	0.655	0.6067	0.716667	0.172896	1059	5711	6770
12112	5/24/2012	2	1	5	20	0	4	1	2	0.66	0.6212	0.69	0.2836	55	343	398	510	2	1	5	0	4	1	1	0.655	0.6067	0.716667	0.172896	1059	5711	6770
12113	5/24/2012	2	1	5	21	0	4	1	3	0.64	0.5909	0.78	0.1642	48	237	285	510	2	1	5	0	4	1	1	0.655	0.6067	0.716667	0.172896	1059	5711	6770
12114	5/24/2012	2	1	5	22	0	4	1	2	0.64	0.5909	0.78	0.1045	33	210	243	510	2	1	5	0	4	1	1	0.655	0.6067	0.716667	0.172896	1059	5711	6770
12115	5/24/2012	2	1	5	23	0	4	1	2	0.64	0.5909	0.78	0.1343	36	131	167	510	2	1	5	0	4	1	1	0.655	0.6067	0.716667	0.172896	1059	5711	6770
12116	5/25/2012	2	1	5	0	0	5	1	1	0.62	0.5758	0.83	0.1343	10	63	73	511	2	1	5	0	5	1	1	0.68	0.627529	0.747083	0.14055	1417	5317	6734
12117	5/25/2012	2	1	5	1	0	5	1	1	0.62	0.5758	0.83	0.0896	8	34	42	511	2	1	5	0	5	1	1	0.68	0.627529	0.747083	0.14055	1417	5317	6734
12118	5/25/2012	2	1	5	2	0	5	1	2	0.62	0.5758	0.83	0	7	16	23	511	2	1	5	0	5	1	1	0.68	0.627529	0.747083	0.14055	1417	5317	6734
12119	5/25/2012	2	1	5	3	0	5	1	2	0.62	0.5606	0.88	0.1045	8	6	14	511	2	1	5	0	5	1	1	0.68	0.627529	0.747083	0.14055	1417	5317	6734
12120	5/25/2012	2	1	5	4	0	5	1	2	0.62	0.5606	0.88	0	3	6	9	511	2	1	5	0	5	1	1	0.68	0.627529	0.747083	0.14055	1417	5317	6734
12121	5/25/2012	2	1	5	5	0	5	1	2	0.62	0.5606	0.88	0.0896	2	28	30	511	2	1	5	0	5	1	1	0.68	0.627529	0.747083	0.14055	1417	5317	6734
12122	5/25/2012	2	1	5	6	0	5	1	2	0.62	0.5606	0.88	0.1045	5	108	113	511	2	1	5	0	5	1	1	0.68	0.627529	0.747083	0.14055	1417	5317	6734
12123	5/25/2012	2	1	5	7	0	5	1	2	0.62	0.5606	0.88	0.1642	7	352	359	511	2	1	5	0	5	1	1	0.68	0.627529	0.747083	0.14055	1417	5317	6734
12124	5/25/2012	2	1	5	8	0	5	1	2	0.64	0.5758	0.89	0.1045	32	551	583	511	2	1	5	0	5	1	1	0.68	0.627529	0.747083	0.14055	1417	5317	6734
12125	5/25/2012	2	1	5	9	0	5	1	2	0.64	0.5758	0.89	0.1343	52	288	340	511	2	1	5	0	5	1	1	0.68	0.627529	0.747083	0.14055	1417	5317	6734
12126	5/25/2012	2	1	5	10	0	5	1	1	0.68	0.6364	0.79	0.1642	69	163	232	511	2	1	5	0	5	1	1	0.68	0.627529	0.747083	0.14055	1417	5317	6734
12127	5/25/2012	2	1	5	11	0	5	1	1	0.68	0.6364	0.79	0.1343	90	193	283	511	2	1	5	0	5	1	1	0.68	0.627529	0.747083	0.14055	1417	5317	6734
12128	5/25/2012	2	1	5	12	0	5	1	1	0.72	0.6818	0.66	0.1045	84	237	321	511	2	1	5	0	5	1	1	0.68	0.627529	0.747083	0.14055	1417	5317	6734
12129	5/25/2012	2	1	5	13	0	5	1	1	0.74	0.6818	0.62	0.1343	86	247	333	511	2	1	5	0	5	1	1	0.68	0.627529	0.747083	0.14055	1417	5317	6734
12130	5/25/2012	2	1	5	14	0	5	1	1	0.74	0.6818	0.58	0.1343	104	263	367	511	2	1	5	0	5	1	1	0.68	0.627529	0.747083	0.14055	1417	5317	6734
12131	5/25/2012	2	1	5	15	0	5	1	1	0.76	0.7121	0.62	0.194	106	360	466	511	2	1	5	0	5	1	1	0.68	0.627529	0.747083	0.14055	1417	5317	6734
12132	5/25/2012	2	1	5	16	0	5	1	1	0.78	0.7121	0.52	0.2239	137	447	584	511	2	1	5	0	5	1	1	0.68	0.627529	0.747083	0.14055	1417	5317	6734
12133	5/25/2012	2	1	5	17	0	5	1	1	0.76	0.7121	0.62	0.2836	124	529	653	511	2	1	5	0	5	1	1	0.68	0.627529	0.747083	0.14055	1417	5317	6734
12134	5/25/2012	2	1	5	18	0	5	1	1	0.76	0.7121	0.62	0.194	131	391	522	511	2	1	5	0	5	1	1	0.68	0.627529	0.747083	0.14055	1417	5317	6734
12135	5/25/2012	2	1	5	19	0	5	1	1	0.74	0.6818	0.62	0.2537	111	293	404	511	2	1	5	0	5	1	1	0.68	0.627529	0.747083	0.14055	1417	5317	6734
12136	5/25/2012	2	1	5	20	0	5	1	1	0.7	0.6515	0.65	0.1642	80	270	350	511	2	1	5	0	5	1	1	0.68	0.627529	0.747083	0.14055	1417	5317	6734
12137	5/25/2012	2	1	5	21	0	5	1	1	0.7	0.6515	0.65	0.1343	62	193	255	511	2	1	5	0	5	1	1	0.68	0.627529	0.747083	0.14055	1417	5317	6734
12138	5/25/2012	2	1	5	22	0	5	1	1	0.66	0.6212	0.74	0.1045	65	147	212	511	2	1	5	0	5	1	1	0.68	0.627529	0.747083	0.14055	1417	5317	6734
12139	5/25/2012	2	1	5	23	0	5	1	1	0.66	0.6061	0.78	0.2239	34	132	166	511	2	1	5	0	5	1	1	0.68	0.627529	0.747083	0.14055	1417	5317	6734
12140	5/26/2012	2	1	5	0	0	6	0	1	0.64	0.5758	0.83	0.1642	18	98	116	512	2	1	5	0	6	0	1	0.6925	0.642696	0.7325	0.198992	2855	3681	6536
12141	5/26/2012	2	1	5	1	0	6	0	1	0.64	0.5758	0.83	0.1343	18	64	82	512	2	1	5	0	6	0	1	0.6925	0.642696	0.7325	0.198992	2855	3681	6536
12142	5/26/2012	2	1	5	2	0	6	0	1	0.64	0.5758	0.89	0.1343	9	55	64	512	2	1	5	0	6	0	1	0.6925	0.642696	0.7325	0.198992	2855	3681	6536
12143	5/26/2012	2	1	5	3	0	6	0	1	0.62	0.5606	0.88	0.1045	9	22	31	512	2	1	5	0	6	0	1	0.6925	0.642696	0.7325	0.198992	2855	3681	6536
12144	5/26/2012	2	1	5	4	0	6	0	1	0.62	0.5606	0.88	0.1343	0	2	2	512	2	1	5	0	6	0	1	0.6925	0.642696	0.7325	0.198992	2855	3681	6536
12145	5/26/2012	2	1	5	5	0	6	0	1	0.62	0.5758	0.83	0.2537	0	10	10	512	2	1	5	0	6	0	1	0.6925	0.642696	0.7325	0.198992	2855	3681	6536
12146	5/26/2012	2	1	5	6	0	6	0	1	0.62	0.5606	0.88	0.194	6	25	31	512	2	1	5	0	6	0	1	0.6925	0.642696	0.7325	0.198992	2855	3681	6536
12147	5/26/2012	2	1	5	7	0	6	0	2	0.62	0.5606	0.88	0.1642	10	44	54	512	2	1	5	0	6	0	1	0.6925	0.642696	0.7325	0.198992	2855	3681	6536
12148	5/26/2012	2	1	5	8	0	6	0	1	0.64	0.5909	0.78	0.1343	38	103	141	512	2	1	5	0	6	0	1	0.6925	0.642696	0.7325	0.198992	2855	3681	6536
12149	5/26/2012	2	1	5	9	0	6	0	1	0.64	0.5758	0.83	0.194	97	192	289	512	2	1	5	0	6	0	1	0.6925	0.642696	0.7325	0.198992	2855	3681	6536
12150	5/26/2012	2	1	5	10	0	6	0	1	0.68	0.6364	0.79	0.2239	181	256	437	512	2	1	5	0	6	0	1	0.6925	0.642696	0.7325	0.198992	2855	3681	6536
12151	5/26/2012	2	1	5	11	0	6	0	1	0.7	0.6667	0.74	0.194	208	312	520	512	2	1	5	0	6	0	1	0.6925	0.642696	0.7325	0.198992	2855	3681	6536
12152	5/26/2012	2	1	5	12	0	6	0	1	0.74	0.697	0.66	0.2239	236	293	529	512	2	1	5	0	6	0	1	0.6925	0.642696	0.7325	0.198992	2855	3681	6536
12153	5/26/2012	2	1	5	13	0	6	0	1	0.76	0.7273	0.66	0.194	265	274	539	512	2	1	5	0	6	0	1	0.6925	0.642696	0.7325	0.198992	2855	3681	6536
12154	5/26/2012	2	1	5	14	0	6	0	1	0.76	0.7273	0.66	0.2239	307	257	564	512	2	1	5	0	6	0	1	0.6925	0.642696	0.7325	0.198992	2855	3681	6536
12155	5/26/2012	2	1	5	15	0	6	0	1	0.76	0.7273	0.66	0.2836	274	239	513	512	2	1	5	0	6	0	1	0.6925	0.642696	0.7325	0.198992	2855	3681	6536
12156	5/26/2012	2	1	5	16	0	6	0	1	0.78	0.7273	0.55	0.2537	261	243	504	512	2	1	5	0	6	0	1	0.6925	0.642696	0.7325	0.198992	2855	3681	6536
12157	5/26/2012	2	1	5	17	0	6	0	2	0.78	0.7121	0.52	0.2537	235	227	462	512	2	1	5	0	6	0	1	0.6925	0.642696	0.7325	0.198992	2855	3681	6536
12158	5/26/2012	2	1	5	18	0	6	0	2	0.76	0.697	0.52	0.194	199	216	415	512	2	1	5	0	6	0	1	0.6925	0.642696	0.7325	0.198992	2855	3681	6536
12159	5/26/2012	2	1	5	19	0	6	0	2	0.74	0.697	0.66	0.2239	159	214	373	512	2	1	5	0	6	0	1	0.6925	0.642696	0.7325	0.198992	2855	3681	6536
12160	5/26/2012	2	1	5	20	0	6	0	2	0.74	0.6818	0.55	0.194	103	152	255	512	2	1	5	0	6	0	1	0.6925	0.642696	0.7325	0.198992	2855	3681	6536
12161	5/26/2012	2	1	5	21	0	6	0	2	0.72	0.6818	0.62	0.194	100	151	251	512	2	1	5	0	6	0	1	0.6925	0.642696	0.7325	0.198992	2855	3681	6536
12162	5/26/2012	2	1	5	22	0	6	0	1	0.7	0.6667	0.74	0.2537	86	118	204	512	2	1	5	0	6	0	1	0.6925	0.642696	0.7325	0.198992	2855	3681	6536
12163	5/26/2012	2	1	5	23	0	6	0	1	0.7	0.6667	0.74	0.2537	36	114	150	512	2	1	5	0	6	0	1	0.6925	0.642696	0.7325	0.198992	2855	3681	6536
12164	5/27/2012	2	1	5	0	0	0	0	2	0.68	0.6364	0.69	0.1642	48	89	137	513	2	1	5	0	0	0	1	0.69	0.641425	0.697083	0.215171	3283	3308	6591
12165	5/27/2012	2	1	5	1	0	0	0	1	0.66	0.6212	0.74	0.2239	17	61	78	513	2	1	5	0	0	0	1	0.69	0.641425	0.697083	0.215171	3283	3308	6591
12166	5/27/2012	2	1	5	2	0	0	0	1	0.64	0.6061	0.73	0.2239	16	45	61	513	2	1	5	0	0	0	1	0.69	0.641425	0.697083	0.215171	3283	3308	6591
12167	5/27/2012	2	1	5	3	0	0	0	1	0.64	0.6061	0.73	0.1642	11	25	36	513	2	1	5	0	0	0	1	0.69	0.641425	0.697083	0.215171	3283	3308	6591
12168	5/27/2012	2	1	5	4	0	0	0	1	0.62	0.5758	0.83	0.194	4	7	11	513	2	1	5	0	0	0	1	0.69	0.641425	0.697083	0.215171	3283	3308	6591
12169	5/27/2012	2	1	5	5	0	0	0	1	0.62	0.5758	0.83	0.194	2	5	7	513	2	1	5	0	0	0	1	0.69	0.641425	0.697083	0.215171	3283	3308	6591
12170	5/27/2012	2	1	5	6	0	0	0	1	0.62	0.5758	0.83	0.1642	8	14	22	513	2	1	5	0	0	0	1	0.69	0.641425	0.697083	0.215171	3283	3308	6591
12171	5/27/2012	2	1	5	7	0	0	0	1	0.62	0.5606	0.88	0.1642	22	30	52	513	2	1	5	0	0	0	1	0.69	0.641425	0.697083	0.215171	3283	3308	6591
12172	5/27/2012	2	1	5	8	0	0	0	1	0.64	0.5758	0.83	0.194	69	82	151	513	2	1	5	0	0	0	1	0.69	0.641425	0.697083	0.215171	3283	3308	6591
12173	5/27/2012	2	1	5	9	0	0	0	1	0.66	0.6061	0.83	0.2239	130	140	270	513	2	1	5	0	0	0	1	0.69	0.641425	0.697083	0.215171	3283	3308	6591
12174	5/27/2012	2	1	5	10	0	0	0	1	0.68	0.6364	0.74	0.2537	209	215	424	513	2	1	5	0	0	0	1	0.69	0.641425	0.697083	0.215171	3283	3308	6591
12175	5/27/2012	2	1	5	11	0	0	0	1	0.72	0.6818	0.66	0.2239	268	251	519	513	2	1	5	0	0	0	1	0.69	0.641425	0.697083	0.215171	3283	3308	6591
12176	5/27/2012	2	1	5	12	0	0	0	1	0.74	0.697	0.66	0.2537	301	269	570	513	2	1	5	0	0	0	1	0.69	0.641425	0.697083	0.215171	3283	3308	6591
12177	5/27/2012	2	1	5	13	0	0	0	1	0.76	0.7121	0.58	0.194	270	228	498	513	2	1	5	0	0	0	1	0.69	0.641425	0.697083	0.215171	3283	3308	6591
12178	5/27/2012	2	1	5	14	0	0	0	1	0.76	0.7121	0.58	0.2537	317	230	547	513	2	1	5	0	0	0	1	0.69	0.641425	0.697083	0.215171	3283	3308	6591
12179	5/27/2012	2	1	5	15	0	0	0	1	0.78	0.7121	0.52	0.2836	290	245	535	513	2	1	5	0	0	0	1	0.69	0.641425	0.697083	0.215171	3283	3308	6591
12180	5/27/2012	2	1	5	16	0	0	0	1	0.78	0.7121	0.52	0.2836	258	243	501	513	2	1	5	0	0	0	1	0.69	0.641425	0.697083	0.215171	3283	3308	6591
12181	5/27/2012	2	1	5	17	0	0	0	1	0.78	0.7121	0.49	0.2985	275	247	522	513	2	1	5	0	0	0	1	0.69	0.641425	0.697083	0.215171	3283	3308	6591
12182	5/27/2012	2	1	5	18	0	0	0	1	0.76	0.7121	0.58	0.2985	266	252	518	513	2	1	5	0	0	0	1	0.69	0.641425	0.697083	0.215171	3283	3308	6591
12183	5/27/2012	2	1	5	19	0	0	0	1	0.76	0.7121	0.58	0.194	230	212	442	513	2	1	5	0	0	0	1	0.69	0.641425	0.697083	0.215171	3283	3308	6591
12184	5/27/2012	2	1	5	20	0	0	0	1	0.74	0.6818	0.55	0.1642	168	224	392	513	2	1	5	0	0	0	1	0.69	0.641425	0.697083	0.215171	3283	3308	6591
12185	5/27/2012	2	1	5	21	0	0	0	3	0.66	0.6212	0.69	0.4179	64	79	143	513	2	1	5	0	0	0	1	0.69	0.641425	0.697083	0.215171	3283	3308	6591
12186	5/27/2012	2	1	5	22	0	0	0	3	0.62	0.5758	0.83	0	9	50	59	513	2	1	5	0	0	0	1	0.69	0.641425	0.697083	0.215171	3283	3308	6591
12187	5/27/2012	2	1	5	23	0	0	0	3	0.62	0.5758	0.83	0.1343	31	65	96	513	2	1	5	0	0	0	1	0.69	0.641425	0.697083	0.215171	3283	3308	6591
12188	5/28/2012	2	1	5	0	1	1	0	1	0.62	0.5758	0.83	0.2239	21	44	65	514	2	1	5	1	1	0	1	0.7125	0.6793	0.67625	0.196521	2557	3486	6043
12189	5/28/2012	2	1	5	1	1	1	0	2	0.62	0.5909	0.78	0.2985	14	45	59	514	2	1	5	1	1	0	1	0.7125	0.6793	0.67625	0.196521	2557	3486	6043
12190	5/28/2012	2	1	5	2	1	1	0	1	0.6	0.5606	0.83	0.2239	20	28	48	514	2	1	5	1	1	0	1	0.7125	0.6793	0.67625	0.196521	2557	3486	6043
12191	5/28/2012	2	1	5	3	1	1	0	1	0.62	0.5909	0.73	0.1642	6	12	18	514	2	1	5	1	1	0	1	0.7125	0.6793	0.67625	0.196521	2557	3486	6043
12192	5/28/2012	2	1	5	4	1	1	0	1	0.6	0.5758	0.78	0.1343	2	4	6	514	2	1	5	1	1	0	1	0.7125	0.6793	0.67625	0.196521	2557	3486	6043
12193	5/28/2012	2	1	5	5	1	1	0	1	0.6	0.5758	0.78	0.1343	4	5	9	514	2	1	5	1	1	0	1	0.7125	0.6793	0.67625	0.196521	2557	3486	6043
12194	5/28/2012	2	1	5	6	1	1	0	1	0.62	0.5909	0.73	0.1642	6	14	20	514	2	1	5	1	1	0	1	0.7125	0.6793	0.67625	0.196521	2557	3486	6043
12195	5/28/2012	2	1	5	7	1	1	0	1	0.62	0.5909	0.78	0.1045	24	43	67	514	2	1	5	1	1	0	1	0.7125	0.6793	0.67625	0.196521	2557	3486	6043
12196	5/28/2012	2	1	5	8	1	1	0	1	0.66	0.6212	0.69	0	62	93	155	514	2	1	5	1	1	0	1	0.7125	0.6793	0.67625	0.196521	2557	3486	6043
12197	5/28/2012	2	1	5	9	1	1	0	1	0.7	0.6515	0.61	0	121	142	263	514	2	1	5	1	1	0	1	0.7125	0.6793	0.67625	0.196521	2557	3486	6043
12198	5/28/2012	2	1	5	10	1	1	0	1	0.7	0.6515	0.61	0	189	175	364	514	2	1	5	1	1	0	1	0.7125	0.6793	0.67625	0.196521	2557	3486	6043
12199	5/28/2012	2	1	5	11	1	1	0	1	0.72	0.6818	0.66	0.1343	254	222	476	514	2	1	5	1	1	0	1	0.7125	0.6793	0.67625	0.196521	2557	3486	6043
12200	5/28/2012	2	1	5	12	1	1	0	1	0.76	0.7121	0.62	0.1343	233	292	525	514	2	1	5	1	1	0	1	0.7125	0.6793	0.67625	0.196521	2557	3486	6043
12201	5/28/2012	2	1	5	13	1	1	0	1	0.8	0.7879	0.63	0.2836	272	284	556	514	2	1	5	1	1	0	1	0.7125	0.6793	0.67625	0.196521	2557	3486	6043
12202	5/28/2012	2	1	5	14	1	1	0	1	0.8	0.7879	0.63	0.2836	238	227	465	514	2	1	5	1	1	0	1	0.7125	0.6793	0.67625	0.196521	2557	3486	6043
12203	5/28/2012	2	1	5	15	1	1	0	1	0.82	0.7879	0.56	0.2985	181	279	460	514	2	1	5	1	1	0	1	0.7125	0.6793	0.67625	0.196521	2557	3486	6043
12204	5/28/2012	2	1	5	16	1	1	0	1	0.82	0.7879	0.56	0.3284	223	278	501	514	2	1	5	1	1	0	1	0.7125	0.6793	0.67625	0.196521	2557	3486	6043
12205	5/28/2012	2	1	5	17	1	1	0	1	0.82	0.7879	0.56	0.2985	158	247	405	514	2	1	5	1	1	0	1	0.7125	0.6793	0.67625	0.196521	2557	3486	6043
12206	5/28/2012	2	1	5	18	1	1	0	1	0.8	0.7727	0.59	0.2985	132	251	383	514	2	1	5	1	1	0	1	0.7125	0.6793	0.67625	0.196521	2557	3486	6043
12207	5/28/2012	2	1	5	19	1	1	0	1	0.8	0.7576	0.55	0.2985	148	247	395	514	2	1	5	1	1	0	1	0.7125	0.6793	0.67625	0.196521	2557	3486	6043
12208	5/28/2012	2	1	5	20	1	1	0	1	0.78	0.7424	0.62	0.2985	114	203	317	514	2	1	5	1	1	0	1	0.7125	0.6793	0.67625	0.196521	2557	3486	6043
12209	5/28/2012	2	1	5	21	1	1	0	1	0.76	0.7273	0.66	0.2836	66	181	247	514	2	1	5	1	1	0	1	0.7125	0.6793	0.67625	0.196521	2557	3486	6043
12210	5/28/2012	2	1	5	22	1	1	0	1	0.74	0.697	0.7	0.1642	47	110	157	514	2	1	5	1	1	0	1	0.7125	0.6793	0.67625	0.196521	2557	3486	6043
12211	5/28/2012	2	1	5	23	1	1	0	1	0.72	0.697	0.74	0.1642	22	60	82	514	2	1	5	1	1	0	1	0.7125	0.6793	0.67625	0.196521	2557	3486	6043
12212	5/29/2012	2	1	5	0	0	2	1	1	0.7	0.6667	0.79	0.194	12	33	45	515	2	1	5	0	2	1	1	0.7225	0.672992	0.684583	0.2954	880	4863	5743
12213	5/29/2012	2	1	5	1	0	2	1	1	0.7	0.6667	0.79	0.194	1	13	14	515	2	1	5	0	2	1	1	0.7225	0.672992	0.684583	0.2954	880	4863	5743
12214	5/29/2012	2	1	5	2	0	2	1	1	0.68	0.6364	0.83	0.1343	0	8	8	515	2	1	5	0	2	1	1	0.7225	0.672992	0.684583	0.2954	880	4863	5743
12215	5/29/2012	2	1	5	3	0	2	1	1	0.68	0.6364	0.79	0.2836	1	2	3	515	2	1	5	0	2	1	1	0.7225	0.672992	0.684583	0.2954	880	4863	5743
12216	5/29/2012	2	1	5	4	0	2	1	1	0.66	0.6061	0.78	0.2239	0	5	5	515	2	1	5	0	2	1	1	0.7225	0.672992	0.684583	0.2954	880	4863	5743
12217	5/29/2012	2	1	5	5	0	2	1	1	0.66	0.6061	0.78	0.2239	1	32	33	515	2	1	5	0	2	1	1	0.7225	0.672992	0.684583	0.2954	880	4863	5743
12218	5/29/2012	2	1	5	6	0	2	1	1	0.66	0.6061	0.78	0.2239	9	145	154	515	2	1	5	0	2	1	1	0.7225	0.672992	0.684583	0.2954	880	4863	5743
12219	5/29/2012	2	1	5	7	0	2	1	1	0.66	0.6061	0.78	0.2239	19	431	450	515	2	1	5	0	2	1	1	0.7225	0.672992	0.684583	0.2954	880	4863	5743
12220	5/29/2012	2	1	5	8	0	2	1	1	0.7	0.6667	0.74	0.194	46	588	634	515	2	1	5	0	2	1	1	0.7225	0.672992	0.684583	0.2954	880	4863	5743
12221	5/29/2012	2	1	5	9	0	2	1	1	0.72	0.6818	0.7	0.2537	26	231	257	515	2	1	5	0	2	1	1	0.7225	0.672992	0.684583	0.2954	880	4863	5743
12222	5/29/2012	2	1	5	10	0	2	1	1	0.74	0.697	0.7	0.2985	67	116	183	515	2	1	5	0	2	1	1	0.7225	0.672992	0.684583	0.2954	880	4863	5743
12223	5/29/2012	2	1	5	11	0	2	1	1	0.76	0.7121	0.62	0.2985	50	147	197	515	2	1	5	0	2	1	1	0.7225	0.672992	0.684583	0.2954	880	4863	5743
12224	5/29/2012	2	1	5	12	0	2	1	1	0.8	0.7576	0.55	0.3284	56	181	237	515	2	1	5	0	2	1	1	0.7225	0.672992	0.684583	0.2954	880	4863	5743
12225	5/29/2012	2	1	5	13	0	2	1	1	0.82	0.7727	0.52	0.3881	63	176	239	515	2	1	5	0	2	1	1	0.7225	0.672992	0.684583	0.2954	880	4863	5743
12226	5/29/2012	2	1	5	14	0	2	1	1	0.82	0.7727	0.52	0.4179	80	158	238	515	2	1	5	0	2	1	1	0.7225	0.672992	0.684583	0.2954	880	4863	5743
12227	5/29/2012	2	1	5	15	0	2	1	1	0.82	0.7727	0.49	0.3881	71	185	256	515	2	1	5	0	2	1	1	0.7225	0.672992	0.684583	0.2954	880	4863	5743
12228	5/29/2012	2	1	5	16	0	2	1	1	0.82	0.7727	0.49	0.4925	73	320	393	515	2	1	5	0	2	1	1	0.7225	0.672992	0.684583	0.2954	880	4863	5743
12229	5/29/2012	2	1	5	17	0	2	1	1	0.82	0.7576	0.46	0.4179	107	674	781	515	2	1	5	0	2	1	1	0.7225	0.672992	0.684583	0.2954	880	4863	5743
12230	5/29/2012	2	1	5	18	0	2	1	1	0.8	0.7424	0.49	0.4925	78	632	710	515	2	1	5	0	2	1	1	0.7225	0.672992	0.684583	0.2954	880	4863	5743
12231	5/29/2012	2	1	5	19	0	2	1	1	0.78	0.7121	0.52	0.3582	69	457	526	515	2	1	5	0	2	1	1	0.7225	0.672992	0.684583	0.2954	880	4863	5743
12232	5/29/2012	2	1	5	20	0	2	1	3	0.7	0.6515	0.61	0.5224	36	168	204	515	2	1	5	0	2	1	1	0.7225	0.672992	0.684583	0.2954	880	4863	5743
12233	5/29/2012	2	1	5	21	0	2	1	3	0.6	0.5455	0.88	0.4478	3	68	71	515	2	1	5	0	2	1	1	0.7225	0.672992	0.684583	0.2954	880	4863	5743
12234	5/29/2012	2	1	5	22	0	2	1	2	0.62	0.5606	0.88	0.0896	2	53	55	515	2	1	5	0	2	1	1	0.7225	0.672992	0.684583	0.2954	880	4863	5743
12235	5/29/2012	2	1	5	23	0	2	1	3	0.62	0.5455	0.94	0	10	40	50	515	2	1	5	0	2	1	1	0.7225	0.672992	0.684583	0.2954	880	4863	5743
12236	5/30/2012	2	1	5	0	0	3	1	3	0.64	0.5758	0.89	0.1045	4	32	36	516	2	1	5	0	3	1	2	0.656667	0.611129	0.67	0.134329	745	6110	6855
12237	5/30/2012	2	1	5	1	0	3	1	3	0.64	0.5758	0.89	0.194	0	4	4	516	2	1	5	0	3	1	2	0.656667	0.611129	0.67	0.134329	745	6110	6855
12238	5/30/2012	2	1	5	2	0	3	1	3	0.62	0.5455	0.94	0.0896	1	4	5	516	2	1	5	0	3	1	2	0.656667	0.611129	0.67	0.134329	745	6110	6855
12239	5/30/2012	2	1	5	3	0	3	1	3	0.62	0.5606	0.88	0.1343	0	5	5	516	2	1	5	0	3	1	2	0.656667	0.611129	0.67	0.134329	745	6110	6855
12240	5/30/2012	2	1	5	4	0	3	1	2	0.62	0.5606	0.88	0.1343	0	6	6	516	2	1	5	0	3	1	2	0.656667	0.611129	0.67	0.134329	745	6110	6855
12241	5/30/2012	2	1	5	5	0	3	1	2	0.62	0.5909	0.78	0.1343	1	40	41	516	2	1	5	0	3	1	2	0.656667	0.611129	0.67	0.134329	745	6110	6855
12242	5/30/2012	2	1	5	6	0	3	1	2	0.6	0.5758	0.78	0.1045	5	139	144	516	2	1	5	0	3	1	2	0.656667	0.611129	0.67	0.134329	745	6110	6855
12243	5/30/2012	2	1	5	7	0	3	1	3	0.6	0.5758	0.78	0.194	14	469	483	516	2	1	5	0	3	1	2	0.656667	0.611129	0.67	0.134329	745	6110	6855
12244	5/30/2012	2	1	5	8	0	3	1	2	0.6	0.5909	0.73	0.1642	29	642	671	516	2	1	5	0	3	1	2	0.656667	0.611129	0.67	0.134329	745	6110	6855
12245	5/30/2012	2	1	5	9	0	3	1	2	0.62	0.6061	0.69	0.194	23	282	305	516	2	1	5	0	3	1	2	0.656667	0.611129	0.67	0.134329	745	6110	6855
12246	5/30/2012	2	1	5	10	0	3	1	2	0.62	0.6061	0.69	0.2836	39	138	177	516	2	1	5	0	3	1	2	0.656667	0.611129	0.67	0.134329	745	6110	6855
12247	5/30/2012	2	1	5	11	0	3	1	2	0.66	0.6212	0.65	0.194	53	155	208	516	2	1	5	0	3	1	2	0.656667	0.611129	0.67	0.134329	745	6110	6855
12248	5/30/2012	2	1	5	12	0	3	1	1	0.7	0.6515	0.54	0	33	220	253	516	2	1	5	0	3	1	2	0.656667	0.611129	0.67	0.134329	745	6110	6855
12249	5/30/2012	2	1	5	13	0	3	1	1	0.7	0.6515	0.51	0	53	236	289	516	2	1	5	0	3	1	2	0.656667	0.611129	0.67	0.134329	745	6110	6855
12250	5/30/2012	2	1	5	14	0	3	1	1	0.72	0.6515	0.42	0.1343	44	208	252	516	2	1	5	0	3	1	2	0.656667	0.611129	0.67	0.134329	745	6110	6855
12251	5/30/2012	2	1	5	15	0	3	1	1	0.72	0.6667	0.51	0.1343	54	221	275	516	2	1	5	0	3	1	2	0.656667	0.611129	0.67	0.134329	745	6110	6855
12252	5/30/2012	2	1	5	16	0	3	1	1	0.72	0.6667	0.51	0.1642	46	352	398	516	2	1	5	0	3	1	2	0.656667	0.611129	0.67	0.134329	745	6110	6855
12253	5/30/2012	2	1	5	17	0	3	1	1	0.74	0.6667	0.48	0.0896	83	756	839	516	2	1	5	0	3	1	2	0.656667	0.611129	0.67	0.134329	745	6110	6855
12254	5/30/2012	2	1	5	18	0	3	1	1	0.74	0.6667	0.48	0.1642	50	746	796	516	2	1	5	0	3	1	2	0.656667	0.611129	0.67	0.134329	745	6110	6855
12255	5/30/2012	2	1	5	19	0	3	1	1	0.72	0.6667	0.54	0.1642	50	506	556	516	2	1	5	0	3	1	2	0.656667	0.611129	0.67	0.134329	745	6110	6855
12256	5/30/2012	2	1	5	20	0	3	1	2	0.54	0.5152	0.6	0.1343	57	374	431	516	2	1	5	0	3	1	2	0.656667	0.611129	0.67	0.134329	745	6110	6855
12257	5/30/2012	2	1	5	21	0	3	1	1	0.68	0.6364	0.57	0.1045	41	263	304	516	2	1	5	0	3	1	2	0.656667	0.611129	0.67	0.134329	745	6110	6855
12258	5/30/2012	2	1	5	22	0	3	1	1	0.66	0.6212	0.69	0.1045	26	191	217	516	2	1	5	0	3	1	2	0.656667	0.611129	0.67	0.134329	745	6110	6855
12259	5/30/2012	2	1	5	23	0	3	1	1	0.66	0.6212	0.65	0.1045	39	121	160	516	2	1	5	0	3	1	2	0.656667	0.611129	0.67	0.134329	745	6110	6855
12260	5/31/2012	2	1	5	0	0	4	1	1	0.64	0.6061	0.69	0.1343	13	48	61	517	2	1	5	0	4	1	1	0.68	0.631329	0.492917	0.195279	1100	6238	7338
12261	5/31/2012	2	1	5	1	0	4	1	1	0.64	0.6061	0.69	0.0896	4	22	26	517	2	1	5	0	4	1	1	0.68	0.631329	0.492917	0.195279	1100	6238	7338
12262	5/31/2012	2	1	5	2	0	4	1	1	0.64	0.6061	0.65	0.0896	6	8	14	517	2	1	5	0	4	1	1	0.68	0.631329	0.492917	0.195279	1100	6238	7338
12263	5/31/2012	2	1	5	3	0	4	1	1	0.62	0.6061	0.69	0.0896	0	8	8	517	2	1	5	0	4	1	1	0.68	0.631329	0.492917	0.195279	1100	6238	7338
12264	5/31/2012	2	1	5	4	0	4	1	1	0.62	0.6061	0.69	0	0	8	8	517	2	1	5	0	4	1	1	0.68	0.631329	0.492917	0.195279	1100	6238	7338
12265	5/31/2012	2	1	5	5	0	4	1	1	0.62	0.6061	0.69	0.2537	1	32	33	517	2	1	5	0	4	1	1	0.68	0.631329	0.492917	0.195279	1100	6238	7338
12266	5/31/2012	2	1	5	6	0	4	1	1	0.6	0.5909	0.73	0.2239	7	171	178	517	2	1	5	0	4	1	1	0.68	0.631329	0.492917	0.195279	1100	6238	7338
12267	5/31/2012	2	1	5	7	0	4	1	1	0.6	0.6061	0.64	0.2836	18	489	507	517	2	1	5	0	4	1	1	0.68	0.631329	0.492917	0.195279	1100	6238	7338
12268	5/31/2012	2	1	5	8	0	4	1	1	0.62	0.6212	0.57	0.2537	18	675	693	517	2	1	5	0	4	1	1	0.68	0.631329	0.492917	0.195279	1100	6238	7338
12269	5/31/2012	2	1	5	9	0	4	1	1	0.66	0.6212	0.47	0.2537	47	264	311	517	2	1	5	0	4	1	1	0.68	0.631329	0.492917	0.195279	1100	6238	7338
12270	5/31/2012	2	1	5	10	0	4	1	1	0.7	0.6364	0.39	0.3881	65	155	220	517	2	1	5	0	4	1	1	0.68	0.631329	0.492917	0.195279	1100	6238	7338
12271	5/31/2012	2	1	5	11	0	4	1	1	0.72	0.6515	0.37	0.2836	65	153	218	517	2	1	5	0	4	1	1	0.68	0.631329	0.492917	0.195279	1100	6238	7338
12272	5/31/2012	2	1	5	12	0	4	1	1	0.72	0.6515	0.37	0.194	62	230	292	517	2	1	5	0	4	1	1	0.68	0.631329	0.492917	0.195279	1100	6238	7338
12273	5/31/2012	2	1	5	13	0	4	1	1	0.74	0.6515	0.35	0.1343	77	216	293	517	2	1	5	0	4	1	1	0.68	0.631329	0.492917	0.195279	1100	6238	7338
12274	5/31/2012	2	1	5	14	0	4	1	1	0.76	0.6667	0.31	0.194	61	193	254	517	2	1	5	0	4	1	1	0.68	0.631329	0.492917	0.195279	1100	6238	7338
12275	5/31/2012	2	1	5	15	0	4	1	1	0.76	0.6667	0.33	0.2985	81	209	290	517	2	1	5	0	4	1	1	0.68	0.631329	0.492917	0.195279	1100	6238	7338
12276	5/31/2012	2	1	5	16	0	4	1	1	0.76	0.6667	0.33	0.2836	103	384	487	517	2	1	5	0	4	1	1	0.68	0.631329	0.492917	0.195279	1100	6238	7338
12277	5/31/2012	2	1	5	17	0	4	1	1	0.76	0.6667	0.31	0.1642	85	742	827	517	2	1	5	0	4	1	1	0.68	0.631329	0.492917	0.195279	1100	6238	7338
12278	5/31/2012	2	1	5	18	0	4	1	1	0.74	0.6515	0.3	0.194	85	700	785	517	2	1	5	0	4	1	1	0.68	0.631329	0.492917	0.195279	1100	6238	7338
12279	5/31/2012	2	1	5	19	0	4	1	1	0.72	0.6515	0.34	0.1642	104	487	591	517	2	1	5	0	4	1	1	0.68	0.631329	0.492917	0.195279	1100	6238	7338
12280	5/31/2012	2	1	5	20	0	4	1	1	0.68	0.6364	0.44	0.1642	88	391	479	517	2	1	5	0	4	1	1	0.68	0.631329	0.492917	0.195279	1100	6238	7338
12281	5/31/2012	2	1	5	21	0	4	1	1	0.68	0.6364	0.44	0.1642	41	318	359	517	2	1	5	0	4	1	1	0.68	0.631329	0.492917	0.195279	1100	6238	7338
12282	5/31/2012	2	1	5	22	0	4	1	1	0.66	0.6212	0.5	0.1642	43	221	264	517	2	1	5	0	4	1	1	0.68	0.631329	0.492917	0.195279	1100	6238	7338
12283	5/31/2012	2	1	5	23	0	4	1	1	0.66	0.6212	0.54	0.2239	26	114	140	517	2	1	5	0	4	1	1	0.68	0.631329	0.492917	0.195279	1100	6238	7338
12284	6/1/2012	2	1	6	0	0	5	1	1	0.66	0.6212	0.5	0.2537	10	76	86	518	2	1	6	0	5	1	2	0.654167	0.607962	0.755417	0.237563	533	3594	4127
12285	6/1/2012	2	1	6	1	0	5	1	1	0.64	0.6212	0.53	0.2239	0	34	34	518	2	1	6	0	5	1	2	0.654167	0.607962	0.755417	0.237563	533	3594	4127
12286	6/1/2012	2	1	6	2	0	5	1	1	0.64	0.6212	0.57	0.2239	3	13	16	518	2	1	6	0	5	1	2	0.654167	0.607962	0.755417	0.237563	533	3594	4127
12287	6/1/2012	2	1	6	3	0	5	1	2	0.62	0.5909	0.73	0.0896	0	4	4	518	2	1	6	0	5	1	2	0.654167	0.607962	0.755417	0.237563	533	3594	4127
12288	6/1/2012	2	1	6	4	0	5	1	2	0.62	0.5909	0.73	0.0896	1	5	6	518	2	1	6	0	5	1	2	0.654167	0.607962	0.755417	0.237563	533	3594	4127
12289	6/1/2012	2	1	6	5	0	5	1	2	0.62	0.5909	0.78	0.0896	4	41	45	518	2	1	6	0	5	1	2	0.654167	0.607962	0.755417	0.237563	533	3594	4127
12290	6/1/2012	2	1	6	6	0	5	1	3	0.62	0.5606	0.88	0.1343	5	136	141	518	2	1	6	0	5	1	2	0.654167	0.607962	0.755417	0.237563	533	3594	4127
12291	6/1/2012	2	1	6	7	0	5	1	2	0.64	0.5758	0.89	0.194	33	369	402	518	2	1	6	0	5	1	2	0.654167	0.607962	0.755417	0.237563	533	3594	4127
12292	6/1/2012	2	1	6	8	0	5	1	2	0.64	0.5758	0.89	0.194	19	675	694	518	2	1	6	0	5	1	2	0.654167	0.607962	0.755417	0.237563	533	3594	4127
12293	6/1/2012	2	1	6	9	0	5	1	2	0.64	0.5758	0.83	0.2239	24	274	298	518	2	1	6	0	5	1	2	0.654167	0.607962	0.755417	0.237563	533	3594	4127
12294	6/1/2012	2	1	6	10	0	5	1	2	0.66	0.6061	0.78	0.2836	49	155	204	518	2	1	6	0	5	1	2	0.654167	0.607962	0.755417	0.237563	533	3594	4127
12295	6/1/2012	2	1	6	11	0	5	1	2	0.7	0.6667	0.74	0.2836	42	193	235	518	2	1	6	0	5	1	2	0.654167	0.607962	0.755417	0.237563	533	3594	4127
12296	6/1/2012	2	1	6	12	0	5	1	2	0.7	0.6667	0.74	0.3582	72	238	310	518	2	1	6	0	5	1	2	0.654167	0.607962	0.755417	0.237563	533	3594	4127
12297	6/1/2012	2	1	6	13	0	5	1	1	0.72	0.6818	0.7	0.2985	76	240	316	518	2	1	6	0	5	1	2	0.654167	0.607962	0.755417	0.237563	533	3594	4127
12298	6/1/2012	2	1	6	14	0	5	1	3	0.72	0.6818	0.66	0.2836	55	199	254	518	2	1	6	0	5	1	2	0.654167	0.607962	0.755417	0.237563	533	3594	4127
12299	6/1/2012	2	1	6	15	0	5	1	3	0.72	0.6818	0.66	0.2836	45	213	258	518	2	1	6	0	5	1	2	0.654167	0.607962	0.755417	0.237563	533	3594	4127
12300	6/1/2012	2	1	6	16	0	5	1	3	0.74	0.6818	0.58	0.4478	36	186	222	518	2	1	6	0	5	1	2	0.654167	0.607962	0.755417	0.237563	533	3594	4127
12301	6/1/2012	2	1	6	17	0	5	1	3	0.7	0.6515	0.7	0.2537	25	202	227	518	2	1	6	0	5	1	2	0.654167	0.607962	0.755417	0.237563	533	3594	4127
12302	6/1/2012	2	1	6	18	0	5	1	3	0.62	0.5606	0.88	0.3582	10	100	110	518	2	1	6	0	5	1	2	0.654167	0.607962	0.755417	0.237563	533	3594	4127
12303	6/1/2012	2	1	6	19	0	5	1	3	0.62	0.5606	0.88	0.3582	4	41	45	518	2	1	6	0	5	1	2	0.654167	0.607962	0.755417	0.237563	533	3594	4127
12304	6/1/2012	2	1	6	20	0	5	1	3	0.62	0.5455	0.94	0.2537	1	38	39	518	2	1	6	0	5	1	2	0.654167	0.607962	0.755417	0.237563	533	3594	4127
12305	6/1/2012	2	1	6	21	0	5	1	3	0.64	0.5909	0.78	0.2537	12	73	85	518	2	1	6	0	5	1	2	0.654167	0.607962	0.755417	0.237563	533	3594	4127
12306	6/1/2012	2	1	6	22	0	5	1	3	0.6	0.5455	0.88	0.1343	1	22	23	518	2	1	6	0	5	1	2	0.654167	0.607962	0.755417	0.237563	533	3594	4127
12307	6/1/2012	2	1	6	23	0	5	1	3	0.6	0.5455	0.88	0.1343	6	67	73	518	2	1	6	0	5	1	2	0.654167	0.607962	0.755417	0.237563	533	3594	4127
12308	6/2/2012	2	1	6	0	0	6	0	2	0.56	0.5303	0.83	0.1343	5	81	86	519	2	1	6	0	6	0	1	0.583333	0.566288	0.549167	0.186562	2795	5325	8120
12309	6/2/2012	2	1	6	1	0	6	0	2	0.56	0.5303	0.83	0.1045	15	61	76	519	2	1	6	0	6	0	1	0.583333	0.566288	0.549167	0.186562	2795	5325	8120
12310	6/2/2012	2	1	6	2	0	6	0	2	0.54	0.5152	0.88	0	3	38	41	519	2	1	6	0	6	0	1	0.583333	0.566288	0.549167	0.186562	2795	5325	8120
12311	6/2/2012	2	1	6	3	0	6	0	1	0.56	0.5303	0.73	0.2537	8	18	26	519	2	1	6	0	6	0	1	0.583333	0.566288	0.549167	0.186562	2795	5325	8120
12312	6/2/2012	2	1	6	4	0	6	0	1	0.54	0.5152	0.68	0.2836	2	11	13	519	2	1	6	0	6	0	1	0.583333	0.566288	0.549167	0.186562	2795	5325	8120
12313	6/2/2012	2	1	6	5	0	6	0	1	0.5	0.4848	0.72	0.194	1	11	12	519	2	1	6	0	6	0	1	0.583333	0.566288	0.549167	0.186562	2795	5325	8120
12314	6/2/2012	2	1	6	6	0	6	0	2	0.5	0.4848	0.77	0.194	5	31	36	519	2	1	6	0	6	0	1	0.583333	0.566288	0.549167	0.186562	2795	5325	8120
12315	6/2/2012	2	1	6	7	0	6	0	1	0.52	0.5	0.72	0.1045	9	77	86	519	2	1	6	0	6	0	1	0.583333	0.566288	0.549167	0.186562	2795	5325	8120
12316	6/2/2012	2	1	6	8	0	6	0	1	0.54	0.5152	0.64	0.1642	30	180	210	519	2	1	6	0	6	0	1	0.583333	0.566288	0.549167	0.186562	2795	5325	8120
12317	6/2/2012	2	1	6	9	0	6	0	1	0.56	0.5303	0.6	0.2537	89	243	332	519	2	1	6	0	6	0	1	0.583333	0.566288	0.549167	0.186562	2795	5325	8120
12318	6/2/2012	2	1	6	10	0	6	0	1	0.6	0.6212	0.53	0.2985	145	348	493	519	2	1	6	0	6	0	1	0.583333	0.566288	0.549167	0.186562	2795	5325	8120
12319	6/2/2012	2	1	6	11	0	6	0	1	0.58	0.5455	0.46	0.2836	179	357	536	519	2	1	6	0	6	0	1	0.583333	0.566288	0.549167	0.186562	2795	5325	8120
12320	6/2/2012	2	1	6	12	0	6	0	1	0.62	0.6212	0.43	0.3582	250	418	668	519	2	1	6	0	6	0	1	0.583333	0.566288	0.549167	0.186562	2795	5325	8120
12321	6/2/2012	2	1	6	13	0	6	0	1	0.62	0.6212	0.41	0.2537	279	400	679	519	2	1	6	0	6	0	1	0.583333	0.566288	0.549167	0.186562	2795	5325	8120
12322	6/2/2012	2	1	6	14	0	6	0	1	0.64	0.6212	0.38	0.2985	259	388	647	519	2	1	6	0	6	0	1	0.583333	0.566288	0.549167	0.186562	2795	5325	8120
12323	6/2/2012	2	1	6	15	0	6	0	1	0.64	0.6212	0.38	0.2537	297	405	702	519	2	1	6	0	6	0	1	0.583333	0.566288	0.549167	0.186562	2795	5325	8120
12324	6/2/2012	2	1	6	16	0	6	0	1	0.64	0.6212	0.38	0.2537	275	369	644	519	2	1	6	0	6	0	1	0.583333	0.566288	0.549167	0.186562	2795	5325	8120
12325	6/2/2012	2	1	6	17	0	6	0	1	0.64	0.6212	0.36	0	248	338	586	519	2	1	6	0	6	0	1	0.583333	0.566288	0.549167	0.186562	2795	5325	8120
12326	6/2/2012	2	1	6	18	0	6	0	1	0.64	0.6212	0.36	0	171	341	512	519	2	1	6	0	6	0	1	0.583333	0.566288	0.549167	0.186562	2795	5325	8120
12327	6/2/2012	2	1	6	19	0	6	0	1	0.64	0.6212	0.36	0.1642	185	369	554	519	2	1	6	0	6	0	1	0.583333	0.566288	0.549167	0.186562	2795	5325	8120
12328	6/2/2012	2	1	6	20	0	6	0	1	0.62	0.6212	0.35	0.2836	139	260	399	519	2	1	6	0	6	0	1	0.583333	0.566288	0.549167	0.186562	2795	5325	8120
12329	6/2/2012	2	1	6	21	0	6	0	1	0.6	0.6212	0.4	0.1045	96	220	316	519	2	1	6	0	6	0	1	0.583333	0.566288	0.549167	0.186562	2795	5325	8120
12330	6/2/2012	2	1	6	22	0	6	0	1	0.58	0.5455	0.46	0.1343	52	176	228	519	2	1	6	0	6	0	1	0.583333	0.566288	0.549167	0.186562	2795	5325	8120
12331	6/2/2012	2	1	6	23	0	6	0	1	0.56	0.5303	0.52	0.1045	53	185	238	519	2	1	6	0	6	0	1	0.583333	0.566288	0.549167	0.186562	2795	5325	8120
12332	6/3/2012	2	1	6	0	0	0	0	1	0.54	0.5152	0.6	0.1642	27	142	169	520	2	1	6	0	0	0	1	0.6025	0.575133	0.493333	0.184087	2494	5147	7641
12333	6/3/2012	2	1	6	1	0	0	0	1	0.54	0.5152	0.56	0.1343	21	100	121	520	2	1	6	0	0	0	1	0.6025	0.575133	0.493333	0.184087	2494	5147	7641
12334	6/3/2012	2	1	6	2	0	0	0	1	0.52	0.5	0.59	0.1045	22	67	89	520	2	1	6	0	0	0	1	0.6025	0.575133	0.493333	0.184087	2494	5147	7641
12335	6/3/2012	2	1	6	3	0	0	0	1	0.52	0.5	0.63	0.1045	16	34	50	520	2	1	6	0	0	0	1	0.6025	0.575133	0.493333	0.184087	2494	5147	7641
12336	6/3/2012	2	1	6	4	0	0	0	1	0.5	0.4848	0.72	0.0896	1	12	13	520	2	1	6	0	0	0	1	0.6025	0.575133	0.493333	0.184087	2494	5147	7641
12337	6/3/2012	2	1	6	5	0	0	0	1	0.5	0.4848	0.68	0	1	11	12	520	2	1	6	0	0	0	1	0.6025	0.575133	0.493333	0.184087	2494	5147	7641
12338	6/3/2012	2	1	6	6	0	0	0	1	0.46	0.4545	0.82	0.1045	6	16	22	520	2	1	6	0	0	0	1	0.6025	0.575133	0.493333	0.184087	2494	5147	7641
12339	6/3/2012	2	1	6	7	0	0	0	1	0.5	0.4848	0.68	0.1045	6	29	35	520	2	1	6	0	0	0	1	0.6025	0.575133	0.493333	0.184087	2494	5147	7641
12340	6/3/2012	2	1	6	8	0	0	0	1	0.54	0.5152	0.6	0.0896	30	110	140	520	2	1	6	0	0	0	1	0.6025	0.575133	0.493333	0.184087	2494	5147	7641
12341	6/3/2012	2	1	6	9	0	0	0	1	0.6	0.6212	0.46	0.194	70	230	300	520	2	1	6	0	0	0	1	0.6025	0.575133	0.493333	0.184087	2494	5147	7641
12342	6/3/2012	2	1	6	10	0	0	0	1	0.62	0.6212	0.43	0.2239	127	277	404	520	2	1	6	0	0	0	1	0.6025	0.575133	0.493333	0.184087	2494	5147	7641
12343	6/3/2012	2	1	6	11	0	0	0	1	0.64	0.6212	0.41	0.2537	199	312	511	520	2	1	6	0	0	0	1	0.6025	0.575133	0.493333	0.184087	2494	5147	7641
12344	6/3/2012	2	1	6	12	0	0	0	1	0.66	0.6212	0.39	0.2985	276	408	684	520	2	1	6	0	0	0	1	0.6025	0.575133	0.493333	0.184087	2494	5147	7641
12345	6/3/2012	2	1	6	13	0	0	0	1	0.68	0.6364	0.36	0.2836	265	421	686	520	2	1	6	0	0	0	1	0.6025	0.575133	0.493333	0.184087	2494	5147	7641
12346	6/3/2012	2	1	6	14	0	0	0	1	0.68	0.6364	0.36	0.3284	267	411	678	520	2	1	6	0	0	0	1	0.6025	0.575133	0.493333	0.184087	2494	5147	7641
12347	6/3/2012	2	1	6	15	0	0	0	1	0.7	0.6364	0.34	0	236	408	644	520	2	1	6	0	0	0	1	0.6025	0.575133	0.493333	0.184087	2494	5147	7641
12348	6/3/2012	2	1	6	16	0	0	0	1	0.7	0.6364	0.34	0.2985	226	436	662	520	2	1	6	0	0	0	1	0.6025	0.575133	0.493333	0.184087	2494	5147	7641
12349	6/3/2012	2	1	6	17	0	0	0	1	0.7	0.6364	0.34	0.2537	192	386	578	520	2	1	6	0	0	0	1	0.6025	0.575133	0.493333	0.184087	2494	5147	7641
12350	6/3/2012	2	1	6	18	0	0	0	1	0.7	0.6364	0.34	0.2537	153	343	496	520	2	1	6	0	0	0	1	0.6025	0.575133	0.493333	0.184087	2494	5147	7641
12351	6/3/2012	2	1	6	19	0	0	0	1	0.68	0.6364	0.34	0.2836	116	337	453	520	2	1	6	0	0	0	1	0.6025	0.575133	0.493333	0.184087	2494	5147	7641
12352	6/3/2012	2	1	6	20	0	0	0	1	0.66	0.6212	0.39	0.194	84	230	314	520	2	1	6	0	0	0	1	0.6025	0.575133	0.493333	0.184087	2494	5147	7641
12353	6/3/2012	2	1	6	21	0	0	0	1	0.62	0.6212	0.43	0.1642	66	180	246	520	2	1	6	0	0	0	1	0.6025	0.575133	0.493333	0.184087	2494	5147	7641
12354	6/3/2012	2	1	6	22	0	0	0	1	0.62	0.6212	0.5	0.3881	61	165	226	520	2	1	6	0	0	0	1	0.6025	0.575133	0.493333	0.184087	2494	5147	7641
12355	6/3/2012	2	1	6	23	0	0	0	1	0.58	0.5455	0.53	0.1045	26	82	108	520	2	1	6	0	0	0	1	0.6025	0.575133	0.493333	0.184087	2494	5147	7641
12356	6/4/2012	2	1	6	0	0	1	1	1	0.58	0.5455	0.53	0	11	38	49	521	2	1	6	0	1	1	1	0.5975	0.578283	0.487083	0.284833	1071	5927	6998
12357	6/4/2012	2	1	6	1	0	1	1	3	0.56	0.5303	0.6	0.1642	4	10	14	521	2	1	6	0	1	1	1	0.5975	0.578283	0.487083	0.284833	1071	5927	6998
12358	6/4/2012	2	1	6	2	0	1	1	1	0.56	0.5303	0.6	0.2239	1	10	11	521	2	1	6	0	1	1	1	0.5975	0.578283	0.487083	0.284833	1071	5927	6998
12359	6/4/2012	2	1	6	3	0	1	1	2	0.56	0.5303	0.6	0.1642	0	5	5	521	2	1	6	0	1	1	1	0.5975	0.578283	0.487083	0.284833	1071	5927	6998
12360	6/4/2012	2	1	6	4	0	1	1	1	0.54	0.5152	0.64	0.0896	2	6	8	521	2	1	6	0	1	1	1	0.5975	0.578283	0.487083	0.284833	1071	5927	6998
12361	6/4/2012	2	1	6	5	0	1	1	1	0.52	0.5	0.68	0	2	33	35	521	2	1	6	0	1	1	1	0.5975	0.578283	0.487083	0.284833	1071	5927	6998
12362	6/4/2012	2	1	6	6	0	1	1	1	0.52	0.5	0.68	0	4	135	139	521	2	1	6	0	1	1	1	0.5975	0.578283	0.487083	0.284833	1071	5927	6998
12363	6/4/2012	2	1	6	7	0	1	1	1	0.56	0.5303	0.6	0.2239	13	504	517	521	2	1	6	0	1	1	1	0.5975	0.578283	0.487083	0.284833	1071	5927	6998
12364	6/4/2012	2	1	6	8	0	1	1	1	0.6	0.6212	0.49	0.2239	22	643	665	521	2	1	6	0	1	1	1	0.5975	0.578283	0.487083	0.284833	1071	5927	6998
12365	6/4/2012	2	1	6	9	0	1	1	1	0.62	0.6212	0.43	0.2836	38	244	282	521	2	1	6	0	1	1	1	0.5975	0.578283	0.487083	0.284833	1071	5927	6998
12366	6/4/2012	2	1	6	10	0	1	1	1	0.64	0.6212	0.41	0.4627	67	120	187	521	2	1	6	0	1	1	1	0.5975	0.578283	0.487083	0.284833	1071	5927	6998
12367	6/4/2012	2	1	6	11	0	1	1	1	0.64	0.6212	0.38	0.4925	71	168	239	521	2	1	6	0	1	1	1	0.5975	0.578283	0.487083	0.284833	1071	5927	6998
12368	6/4/2012	2	1	6	12	0	1	1	1	0.64	0.6212	0.41	0.4478	62	220	282	521	2	1	6	0	1	1	1	0.5975	0.578283	0.487083	0.284833	1071	5927	6998
12369	6/4/2012	2	1	6	13	0	1	1	1	0.64	0.6212	0.41	0.3582	85	189	274	521	2	1	6	0	1	1	1	0.5975	0.578283	0.487083	0.284833	1071	5927	6998
12370	6/4/2012	2	1	6	14	0	1	1	1	0.62	0.6212	0.41	0.4925	84	186	270	521	2	1	6	0	1	1	1	0.5975	0.578283	0.487083	0.284833	1071	5927	6998
12371	6/4/2012	2	1	6	15	0	1	1	1	0.66	0.6212	0.39	0.2985	77	215	292	521	2	1	6	0	1	1	1	0.5975	0.578283	0.487083	0.284833	1071	5927	6998
12372	6/4/2012	2	1	6	16	0	1	1	1	0.66	0.6212	0.39	0.4627	73	375	448	521	2	1	6	0	1	1	1	0.5975	0.578283	0.487083	0.284833	1071	5927	6998
12373	6/4/2012	2	1	6	17	0	1	1	1	0.64	0.6212	0.38	0.4478	101	733	834	521	2	1	6	0	1	1	1	0.5975	0.578283	0.487083	0.284833	1071	5927	6998
12374	6/4/2012	2	1	6	18	0	1	1	1	0.64	0.6212	0.38	0.3881	103	719	822	521	2	1	6	0	1	1	1	0.5975	0.578283	0.487083	0.284833	1071	5927	6998
12375	6/4/2012	2	1	6	19	0	1	1	1	0.62	0.6212	0.38	0.4179	91	554	645	521	2	1	6	0	1	1	1	0.5975	0.578283	0.487083	0.284833	1071	5927	6998
12376	6/4/2012	2	1	6	20	0	1	1	1	0.6	0.6212	0.4	0.3582	71	390	461	521	2	1	6	0	1	1	1	0.5975	0.578283	0.487083	0.284833	1071	5927	6998
12377	6/4/2012	2	1	6	21	0	1	1	1	0.58	0.5455	0.49	0.2537	40	225	265	521	2	1	6	0	1	1	1	0.5975	0.578283	0.487083	0.284833	1071	5927	6998
12378	6/4/2012	2	1	6	22	0	1	1	1	0.56	0.5303	0.52	0.2836	41	127	168	521	2	1	6	0	1	1	1	0.5975	0.578283	0.487083	0.284833	1071	5927	6998
12379	6/4/2012	2	1	6	23	0	1	1	1	0.58	0.5455	0.49	0.2985	8	78	86	521	2	1	6	0	1	1	1	0.5975	0.578283	0.487083	0.284833	1071	5927	6998
12380	6/5/2012	2	1	6	0	0	2	1	1	0.54	0.5152	0.68	0.4179	6	28	34	522	2	1	6	0	2	1	2	0.540833	0.525892	0.613333	0.209575	968	6033	7001
12381	6/5/2012	2	1	6	1	0	2	1	2	0.52	0.5	0.77	0.3284	2	18	20	522	2	1	6	0	2	1	2	0.540833	0.525892	0.613333	0.209575	968	6033	7001
12382	6/5/2012	2	1	6	2	0	2	1	3	0.52	0.5	0.72	0.2985	0	8	8	522	2	1	6	0	2	1	2	0.540833	0.525892	0.613333	0.209575	968	6033	7001
12383	6/5/2012	2	1	6	3	0	2	1	3	0.5	0.4848	0.82	0.194	0	5	5	522	2	1	6	0	2	1	2	0.540833	0.525892	0.613333	0.209575	968	6033	7001
12384	6/5/2012	2	1	6	4	0	2	1	3	0.5	0.4848	0.82	0.194	1	4	5	522	2	1	6	0	2	1	2	0.540833	0.525892	0.613333	0.209575	968	6033	7001
12385	6/5/2012	2	1	6	5	0	2	1	3	0.48	0.4697	0.82	0.1642	1	35	36	522	2	1	6	0	2	1	2	0.540833	0.525892	0.613333	0.209575	968	6033	7001
12386	6/5/2012	2	1	6	6	0	2	1	1	0.48	0.4697	0.82	0.2537	7	177	184	522	2	1	6	0	2	1	2	0.540833	0.525892	0.613333	0.209575	968	6033	7001
12387	6/5/2012	2	1	6	7	0	2	1	1	0.48	0.4697	0.77	0.2985	29	540	569	522	2	1	6	0	2	1	2	0.540833	0.525892	0.613333	0.209575	968	6033	7001
12388	6/5/2012	2	1	6	8	0	2	1	2	0.48	0.4697	0.77	0.2239	30	680	710	522	2	1	6	0	2	1	2	0.540833	0.525892	0.613333	0.209575	968	6033	7001
12389	6/5/2012	2	1	6	9	0	2	1	2	0.52	0.5	0.72	0.2537	50	285	335	522	2	1	6	0	2	1	2	0.540833	0.525892	0.613333	0.209575	968	6033	7001
12390	6/5/2012	2	1	6	10	0	2	1	2	0.52	0.5	0.63	0.2985	58	118	176	522	2	1	6	0	2	1	2	0.540833	0.525892	0.613333	0.209575	968	6033	7001
12391	6/5/2012	2	1	6	11	0	2	1	2	0.56	0.5303	0.56	0.194	65	162	227	522	2	1	6	0	2	1	2	0.540833	0.525892	0.613333	0.209575	968	6033	7001
12392	6/5/2012	2	1	6	12	0	2	1	2	0.54	0.5152	0.56	0.2239	45	202	247	522	2	1	6	0	2	1	2	0.540833	0.525892	0.613333	0.209575	968	6033	7001
12393	6/5/2012	2	1	6	13	0	2	1	2	0.6	0.6212	0.46	0.1642	66	201	267	522	2	1	6	0	2	1	2	0.540833	0.525892	0.613333	0.209575	968	6033	7001
12394	6/5/2012	2	1	6	14	0	2	1	2	0.58	0.5455	0.46	0.1642	82	194	276	522	2	1	6	0	2	1	2	0.540833	0.525892	0.613333	0.209575	968	6033	7001
12395	6/5/2012	2	1	6	15	0	2	1	2	0.58	0.5455	0.46	0.1343	54	218	272	522	2	1	6	0	2	1	2	0.540833	0.525892	0.613333	0.209575	968	6033	7001
12396	6/5/2012	2	1	6	16	0	2	1	1	0.6	0.6212	0.43	0.194	91	382	473	522	2	1	6	0	2	1	2	0.540833	0.525892	0.613333	0.209575	968	6033	7001
12397	6/5/2012	2	1	6	17	0	2	1	1	0.6	0.6212	0.43	0	86	764	850	522	2	1	6	0	2	1	2	0.540833	0.525892	0.613333	0.209575	968	6033	7001
12398	6/5/2012	2	1	6	18	0	2	1	1	0.6	0.6212	0.43	0.194	111	679	790	522	2	1	6	0	2	1	2	0.540833	0.525892	0.613333	0.209575	968	6033	7001
12399	6/5/2012	2	1	6	19	0	2	1	1	0.58	0.5455	0.46	0.2537	68	445	513	522	2	1	6	0	2	1	2	0.540833	0.525892	0.613333	0.209575	968	6033	7001
12400	6/5/2012	2	1	6	20	0	2	1	1	0.56	0.5303	0.49	0.2239	44	371	415	522	2	1	6	0	2	1	2	0.540833	0.525892	0.613333	0.209575	968	6033	7001
12401	6/5/2012	2	1	6	21	0	2	1	1	0.54	0.5152	0.56	0.1642	30	253	283	522	2	1	6	0	2	1	2	0.540833	0.525892	0.613333	0.209575	968	6033	7001
12402	6/5/2012	2	1	6	22	0	2	1	1	0.56	0.5303	0.52	0.1045	22	171	193	522	2	1	6	0	2	1	2	0.540833	0.525892	0.613333	0.209575	968	6033	7001
12403	6/5/2012	2	1	6	23	0	2	1	1	0.54	0.5152	0.56	0.0896	20	93	113	522	2	1	6	0	2	1	2	0.540833	0.525892	0.613333	0.209575	968	6033	7001
12404	6/6/2012	2	1	6	0	0	3	1	1	0.52	0.5	0.59	0.0896	3	46	49	523	2	1	6	0	3	1	1	0.554167	0.542292	0.61125	0.077125	1027	6028	7055
12405	6/6/2012	2	1	6	1	0	3	1	1	0.52	0.5	0.68	0	6	21	27	523	2	1	6	0	3	1	1	0.554167	0.542292	0.61125	0.077125	1027	6028	7055
12406	6/6/2012	2	1	6	2	0	3	1	1	0.5	0.4848	0.68	0	4	7	11	523	2	1	6	0	3	1	1	0.554167	0.542292	0.61125	0.077125	1027	6028	7055
12407	6/6/2012	2	1	6	3	0	3	1	1	0.46	0.4545	0.82	0	0	8	8	523	2	1	6	0	3	1	1	0.554167	0.542292	0.61125	0.077125	1027	6028	7055
12408	6/6/2012	2	1	6	4	0	3	1	1	0.46	0.4545	0.82	0.1045	3	7	10	523	2	1	6	0	3	1	1	0.554167	0.542292	0.61125	0.077125	1027	6028	7055
12409	6/6/2012	2	1	6	5	0	3	1	1	0.48	0.4697	0.77	0	1	37	38	523	2	1	6	0	3	1	1	0.554167	0.542292	0.61125	0.077125	1027	6028	7055
12410	6/6/2012	2	1	6	6	0	3	1	1	0.48	0.4697	0.77	0	7	165	172	523	2	1	6	0	3	1	1	0.554167	0.542292	0.61125	0.077125	1027	6028	7055
12411	6/6/2012	2	1	6	7	0	3	1	1	0.5	0.4848	0.72	0	16	531	547	523	2	1	6	0	3	1	1	0.554167	0.542292	0.61125	0.077125	1027	6028	7055
12412	6/6/2012	2	1	6	8	0	3	1	1	0.54	0.5152	0.68	0	31	637	668	523	2	1	6	0	3	1	1	0.554167	0.542292	0.61125	0.077125	1027	6028	7055
12413	6/6/2012	2	1	6	9	0	3	1	1	0.56	0.5303	0.6	0.0896	35	268	303	523	2	1	6	0	3	1	1	0.554167	0.542292	0.61125	0.077125	1027	6028	7055
12414	6/6/2012	2	1	6	10	0	3	1	1	0.6	0.6212	0.46	0.0896	55	148	203	523	2	1	6	0	3	1	1	0.554167	0.542292	0.61125	0.077125	1027	6028	7055
12415	6/6/2012	2	1	6	11	0	3	1	1	0.62	0.6212	0.43	0.0896	65	161	226	523	2	1	6	0	3	1	1	0.554167	0.542292	0.61125	0.077125	1027	6028	7055
12416	6/6/2012	2	1	6	12	0	3	1	1	0.62	0.6212	0.38	0	80	235	315	523	2	1	6	0	3	1	1	0.554167	0.542292	0.61125	0.077125	1027	6028	7055
12417	6/6/2012	2	1	6	13	0	3	1	1	0.62	0.6212	0.41	0.0896	73	230	303	523	2	1	6	0	3	1	1	0.554167	0.542292	0.61125	0.077125	1027	6028	7055
12418	6/6/2012	2	1	6	14	0	3	1	1	0.64	0.6212	0.38	0	111	191	302	523	2	1	6	0	3	1	1	0.554167	0.542292	0.61125	0.077125	1027	6028	7055
12419	6/6/2012	2	1	6	15	0	3	1	1	0.64	0.6212	0.38	0	75	225	300	523	2	1	6	0	3	1	1	0.554167	0.542292	0.61125	0.077125	1027	6028	7055
12420	6/6/2012	2	1	6	16	0	3	1	1	0.64	0.6212	0.41	0.1343	107	345	452	523	2	1	6	0	3	1	1	0.554167	0.542292	0.61125	0.077125	1027	6028	7055
12421	6/6/2012	2	1	6	17	0	3	1	1	0.62	0.6212	0.43	0.1343	72	652	724	523	2	1	6	0	3	1	1	0.554167	0.542292	0.61125	0.077125	1027	6028	7055
12422	6/6/2012	2	1	6	18	0	3	1	3	0.6	0.6212	0.53	0.194	94	688	782	523	2	1	6	0	3	1	1	0.554167	0.542292	0.61125	0.077125	1027	6028	7055
12423	6/6/2012	2	1	6	19	0	3	1	1	0.56	0.5303	0.73	0.2985	52	486	538	523	2	1	6	0	3	1	1	0.554167	0.542292	0.61125	0.077125	1027	6028	7055
12424	6/6/2012	2	1	6	20	0	3	1	1	0.54	0.5152	0.73	0.2836	59	349	408	523	2	1	6	0	3	1	1	0.554167	0.542292	0.61125	0.077125	1027	6028	7055
12425	6/6/2012	2	1	6	21	0	3	1	1	0.54	0.5152	0.73	0.1642	38	260	298	523	2	1	6	0	3	1	1	0.554167	0.542292	0.61125	0.077125	1027	6028	7055
12426	6/6/2012	2	1	6	22	0	3	1	1	0.52	0.5	0.77	0.0896	27	221	248	523	2	1	6	0	3	1	1	0.554167	0.542292	0.61125	0.077125	1027	6028	7055
12427	6/6/2012	2	1	6	23	0	3	1	1	0.52	0.5	0.77	0	13	110	123	523	2	1	6	0	3	1	1	0.554167	0.542292	0.61125	0.077125	1027	6028	7055
12428	6/7/2012	2	1	6	0	0	4	1	1	0.52	0.5	0.77	0.1343	9	50	59	524	2	1	6	0	4	1	1	0.6025	0.569442	0.567083	0.15735	1038	6456	7494
12429	6/7/2012	2	1	6	1	0	4	1	1	0.52	0.5	0.77	0.1642	5	17	22	524	2	1	6	0	4	1	1	0.6025	0.569442	0.567083	0.15735	1038	6456	7494
12430	6/7/2012	2	1	6	2	0	4	1	1	0.52	0.5	0.77	0.0896	0	12	12	524	2	1	6	0	4	1	1	0.6025	0.569442	0.567083	0.15735	1038	6456	7494
12431	6/7/2012	2	1	6	3	0	4	1	1	0.5	0.4848	0.77	0.1045	0	5	5	524	2	1	6	0	4	1	1	0.6025	0.569442	0.567083	0.15735	1038	6456	7494
12432	6/7/2012	2	1	6	4	0	4	1	1	0.46	0.4545	0.88	0.1045	0	6	6	524	2	1	6	0	4	1	1	0.6025	0.569442	0.567083	0.15735	1038	6456	7494
12433	6/7/2012	2	1	6	5	0	4	1	1	0.48	0.4697	0.82	0.0896	0	34	34	524	2	1	6	0	4	1	1	0.6025	0.569442	0.567083	0.15735	1038	6456	7494
12434	6/7/2012	2	1	6	6	0	4	1	1	0.46	0.4545	0.88	0.1045	5	165	170	524	2	1	6	0	4	1	1	0.6025	0.569442	0.567083	0.15735	1038	6456	7494
12435	6/7/2012	2	1	6	7	0	4	1	1	0.5	0.4848	0.82	0.1642	20	506	526	524	2	1	6	0	4	1	1	0.6025	0.569442	0.567083	0.15735	1038	6456	7494
12436	6/7/2012	2	1	6	8	0	4	1	1	0.52	0.5	0.77	0	20	661	681	524	2	1	6	0	4	1	1	0.6025	0.569442	0.567083	0.15735	1038	6456	7494
12437	6/7/2012	2	1	6	9	0	4	1	1	0.58	0.5455	0.68	0	37	300	337	524	2	1	6	0	4	1	1	0.6025	0.569442	0.567083	0.15735	1038	6456	7494
12438	6/7/2012	2	1	6	10	0	4	1	1	0.6	0.6061	0.64	0.0896	56	154	210	524	2	1	6	0	4	1	1	0.6025	0.569442	0.567083	0.15735	1038	6456	7494
12439	6/7/2012	2	1	6	11	0	4	1	1	0.66	0.6212	0.47	0.2239	67	170	237	524	2	1	6	0	4	1	1	0.6025	0.569442	0.567083	0.15735	1038	6456	7494
12440	6/7/2012	2	1	6	12	0	4	1	1	0.7	0.6364	0.42	0	62	274	336	524	2	1	6	0	4	1	1	0.6025	0.569442	0.567083	0.15735	1038	6456	7494
12441	6/7/2012	2	1	6	13	0	4	1	1	0.7	0.6364	0.37	0.2836	65	250	315	524	2	1	6	0	4	1	1	0.6025	0.569442	0.567083	0.15735	1038	6456	7494
12442	6/7/2012	2	1	6	14	0	4	1	1	0.72	0.6515	0.37	0.2537	67	198	265	524	2	1	6	0	4	1	1	0.6025	0.569442	0.567083	0.15735	1038	6456	7494
12443	6/7/2012	2	1	6	15	0	4	1	1	0.74	0.6515	0.3	0	99	234	333	524	2	1	6	0	4	1	1	0.6025	0.569442	0.567083	0.15735	1038	6456	7494
12444	6/7/2012	2	1	6	16	0	4	1	1	0.72	0.6515	0.34	0.2239	77	389	466	524	2	1	6	0	4	1	1	0.6025	0.569442	0.567083	0.15735	1038	6456	7494
12445	6/7/2012	2	1	6	17	0	4	1	1	0.72	0.6515	0.34	0.2537	91	778	869	524	2	1	6	0	4	1	1	0.6025	0.569442	0.567083	0.15735	1038	6456	7494
12446	6/7/2012	2	1	6	18	0	4	1	1	0.7	0.6364	0.34	0.2836	110	703	813	524	2	1	6	0	4	1	1	0.6025	0.569442	0.567083	0.15735	1038	6456	7494
12447	6/7/2012	2	1	6	19	0	4	1	1	0.7	0.6364	0.34	0.2836	65	537	602	524	2	1	6	0	4	1	1	0.6025	0.569442	0.567083	0.15735	1038	6456	7494
12448	6/7/2012	2	1	6	20	0	4	1	1	0.66	0.6212	0.36	0.2985	76	402	478	524	2	1	6	0	4	1	1	0.6025	0.569442	0.567083	0.15735	1038	6456	7494
12449	6/7/2012	2	1	6	21	0	4	1	1	0.62	0.6212	0.41	0.3284	30	283	313	524	2	1	6	0	4	1	1	0.6025	0.569442	0.567083	0.15735	1038	6456	7494
12450	6/7/2012	2	1	6	22	0	4	1	1	0.6	0.6212	0.46	0.1642	35	193	228	524	2	1	6	0	4	1	1	0.6025	0.569442	0.567083	0.15735	1038	6456	7494
12451	6/7/2012	2	1	6	23	0	4	1	1	0.56	0.5303	0.52	0.1343	42	135	177	524	2	1	6	0	4	1	1	0.6025	0.569442	0.567083	0.15735	1038	6456	7494
12452	6/8/2012	2	1	6	0	0	5	1	1	0.56	0.5303	0.56	0.1642	18	59	77	525	2	1	6	0	5	1	1	0.649167	0.597862	0.467917	0.175383	1488	6248	7736
12453	6/8/2012	2	1	6	1	0	5	1	1	0.56	0.5303	0.56	0.1642	4	25	29	525	2	1	6	0	5	1	1	0.649167	0.597862	0.467917	0.175383	1488	6248	7736
12454	6/8/2012	2	1	6	2	0	5	1	1	0.56	0.5303	0.56	0	2	17	19	525	2	1	6	0	5	1	1	0.649167	0.597862	0.467917	0.175383	1488	6248	7736
12455	6/8/2012	2	1	6	3	0	5	1	1	0.54	0.5152	0.6	0.0896	0	8	8	525	2	1	6	0	5	1	1	0.649167	0.597862	0.467917	0.175383	1488	6248	7736
12456	6/8/2012	2	1	6	4	0	5	1	1	0.52	0.5	0.63	0	1	9	10	525	2	1	6	0	5	1	1	0.649167	0.597862	0.467917	0.175383	1488	6248	7736
12457	6/8/2012	2	1	6	5	0	5	1	1	0.5	0.4848	0.72	0.1045	1	28	29	525	2	1	6	0	5	1	1	0.649167	0.597862	0.467917	0.175383	1488	6248	7736
12458	6/8/2012	2	1	6	6	0	5	1	1	0.52	0.5	0.68	0.0896	8	131	139	525	2	1	6	0	5	1	1	0.649167	0.597862	0.467917	0.175383	1488	6248	7736
12459	6/8/2012	2	1	6	7	0	5	1	1	0.52	0.5	0.72	0.1045	19	409	428	525	2	1	6	0	5	1	1	0.649167	0.597862	0.467917	0.175383	1488	6248	7736
12460	6/8/2012	2	1	6	8	0	5	1	1	0.58	0.5455	0.6	0.0896	37	663	700	525	2	1	6	0	5	1	1	0.649167	0.597862	0.467917	0.175383	1488	6248	7736
12461	6/8/2012	2	1	6	9	0	5	1	1	0.62	0.6212	0.53	0.1642	47	335	382	525	2	1	6	0	5	1	1	0.649167	0.597862	0.467917	0.175383	1488	6248	7736
12462	6/8/2012	2	1	6	10	0	5	1	1	0.66	0.6212	0.47	0.2537	62	187	249	525	2	1	6	0	5	1	1	0.649167	0.597862	0.467917	0.175383	1488	6248	7736
12463	6/8/2012	2	1	6	11	0	5	1	1	0.7	0.6364	0.42	0.2537	65	199	264	525	2	1	6	0	5	1	1	0.649167	0.597862	0.467917	0.175383	1488	6248	7736
12464	6/8/2012	2	1	6	12	0	5	1	1	0.72	0.6515	0.39	0.3284	89	280	369	525	2	1	6	0	5	1	1	0.649167	0.597862	0.467917	0.175383	1488	6248	7736
12465	6/8/2012	2	1	6	13	0	5	1	1	0.74	0.6515	0.37	0.2537	129	287	416	525	2	1	6	0	5	1	1	0.649167	0.597862	0.467917	0.175383	1488	6248	7736
12466	6/8/2012	2	1	6	14	0	5	1	1	0.76	0.6667	0.31	0.3881	128	245	373	525	2	1	6	0	5	1	1	0.649167	0.597862	0.467917	0.175383	1488	6248	7736
12467	6/8/2012	2	1	6	15	0	5	1	1	0.76	0.6667	0.29	0.2836	98	299	397	525	2	1	6	0	5	1	1	0.649167	0.597862	0.467917	0.175383	1488	6248	7736
12468	6/8/2012	2	1	6	16	0	5	1	1	0.76	0.6667	0.29	0.2985	111	412	523	525	2	1	6	0	5	1	1	0.649167	0.597862	0.467917	0.175383	1488	6248	7736
12469	6/8/2012	2	1	6	17	0	5	1	1	0.76	0.6667	0.29	0.194	114	679	793	525	2	1	6	0	5	1	1	0.649167	0.597862	0.467917	0.175383	1488	6248	7736
12470	6/8/2012	2	1	6	18	0	5	1	1	0.76	0.6667	0.27	0.2239	147	576	723	525	2	1	6	0	5	1	1	0.649167	0.597862	0.467917	0.175383	1488	6248	7736
12471	6/8/2012	2	1	6	19	0	5	1	1	0.74	0.6515	0.3	0.2239	95	460	555	525	2	1	6	0	5	1	1	0.649167	0.597862	0.467917	0.175383	1488	6248	7736
12472	6/8/2012	2	1	6	20	0	5	1	1	0.72	0.6515	0.32	0.1343	117	291	408	525	2	1	6	0	5	1	1	0.649167	0.597862	0.467917	0.175383	1488	6248	7736
12473	6/8/2012	2	1	6	21	0	5	1	1	0.7	0.6364	0.37	0.1343	83	256	339	525	2	1	6	0	5	1	1	0.649167	0.597862	0.467917	0.175383	1488	6248	7736
12474	6/8/2012	2	1	6	22	0	5	1	1	0.68	0.6364	0.41	0.1045	61	230	291	525	2	1	6	0	5	1	1	0.649167	0.597862	0.467917	0.175383	1488	6248	7736
12475	6/8/2012	2	1	6	23	0	5	1	1	0.64	0.6212	0.57	0.1642	52	163	215	525	2	1	6	0	5	1	1	0.649167	0.597862	0.467917	0.175383	1488	6248	7736
12476	6/9/2012	2	1	6	0	0	6	0	1	0.64	0.6212	0.53	0.1045	54	152	206	526	2	1	6	0	6	0	1	0.710833	0.648367	0.437083	0.144287	2708	4790	7498
12477	6/9/2012	2	1	6	1	0	6	0	1	0.64	0.6212	0.53	0.0896	34	89	123	526	2	1	6	0	6	0	1	0.710833	0.648367	0.437083	0.144287	2708	4790	7498
12478	6/9/2012	2	1	6	2	0	6	0	1	0.64	0.6212	0.5	0.2239	21	68	89	526	2	1	6	0	6	0	1	0.710833	0.648367	0.437083	0.144287	2708	4790	7498
12479	6/9/2012	2	1	6	3	0	6	0	1	0.62	0.6212	0.57	0	12	28	40	526	2	1	6	0	6	0	1	0.710833	0.648367	0.437083	0.144287	2708	4790	7498
12480	6/9/2012	2	1	6	4	0	6	0	1	0.62	0.6212	0.57	0	2	6	8	526	2	1	6	0	6	0	1	0.710833	0.648367	0.437083	0.144287	2708	4790	7498
12481	6/9/2012	2	1	6	5	0	6	0	1	0.6	0.6212	0.56	0.1045	4	15	19	526	2	1	6	0	6	0	1	0.710833	0.648367	0.437083	0.144287	2708	4790	7498
12482	6/9/2012	2	1	6	6	0	6	0	1	0.56	0.5303	0.64	0.1045	17	63	80	526	2	1	6	0	6	0	1	0.710833	0.648367	0.437083	0.144287	2708	4790	7498
12483	6/9/2012	2	1	6	7	0	6	0	1	0.58	0.5455	0.64	0.1045	26	61	87	526	2	1	6	0	6	0	1	0.710833	0.648367	0.437083	0.144287	2708	4790	7498
12484	6/9/2012	2	1	6	8	0	6	0	1	0.62	0.6061	0.61	0.1045	42	202	244	526	2	1	6	0	6	0	1	0.710833	0.648367	0.437083	0.144287	2708	4790	7498
12485	6/9/2012	2	1	6	9	0	6	0	1	0.64	0.6212	0.57	0.1642	99	241	340	526	2	1	6	0	6	0	1	0.710833	0.648367	0.437083	0.144287	2708	4790	7498
12486	6/9/2012	2	1	6	10	0	6	0	1	0.7	0.6515	0.51	0.1045	168	298	466	526	2	1	6	0	6	0	1	0.710833	0.648367	0.437083	0.144287	2708	4790	7498
12487	6/9/2012	2	1	6	11	0	6	0	1	0.76	0.6667	0.35	0	218	351	569	526	2	1	6	0	6	0	1	0.710833	0.648367	0.437083	0.144287	2708	4790	7498
12488	6/9/2012	2	1	6	12	0	6	0	1	0.8	0.697	0.29	0.2537	196	335	531	526	2	1	6	0	6	0	1	0.710833	0.648367	0.437083	0.144287	2708	4790	7498
12489	6/9/2012	2	1	6	13	0	6	0	1	0.82	0.697	0.24	0.2836	236	349	585	526	2	1	6	0	6	0	1	0.710833	0.648367	0.437083	0.144287	2708	4790	7498
12490	6/9/2012	2	1	6	14	0	6	0	1	0.82	0.697	0.23	0.194	239	354	593	526	2	1	6	0	6	0	1	0.710833	0.648367	0.437083	0.144287	2708	4790	7498
12491	6/9/2012	2	1	6	15	0	6	0	1	0.84	0.7121	0.2	0.2985	218	337	555	526	2	1	6	0	6	0	1	0.710833	0.648367	0.437083	0.144287	2708	4790	7498
12492	6/9/2012	2	1	6	16	0	6	0	1	0.82	0.697	0.24	0.194	219	315	534	526	2	1	6	0	6	0	1	0.710833	0.648367	0.437083	0.144287	2708	4790	7498
12493	6/9/2012	2	1	6	17	0	6	0	1	0.84	0.7121	0.24	0	238	257	495	526	2	1	6	0	6	0	1	0.710833	0.648367	0.437083	0.144287	2708	4790	7498
12494	6/9/2012	2	1	6	18	0	6	0	1	0.82	0.697	0.24	0.2239	175	276	451	526	2	1	6	0	6	0	1	0.710833	0.648367	0.437083	0.144287	2708	4790	7498
12495	6/9/2012	2	1	6	19	0	6	0	1	0.8	0.697	0.29	0.1642	128	232	360	526	2	1	6	0	6	0	1	0.710833	0.648367	0.437083	0.144287	2708	4790	7498
12496	6/9/2012	2	1	6	20	0	6	0	1	0.76	0.6667	0.35	0.2239	125	238	363	526	2	1	6	0	6	0	1	0.710833	0.648367	0.437083	0.144287	2708	4790	7498
12497	6/9/2012	2	1	6	21	0	6	0	1	0.74	0.6515	0.4	0.194	105	211	316	526	2	1	6	0	6	0	1	0.710833	0.648367	0.437083	0.144287	2708	4790	7498
12498	6/9/2012	2	1	6	22	0	6	0	1	0.7	0.6515	0.58	0.1642	63	151	214	526	2	1	6	0	6	0	1	0.710833	0.648367	0.437083	0.144287	2708	4790	7498
12499	6/9/2012	2	1	6	23	0	6	0	1	0.68	0.6364	0.61	0.1642	69	161	230	526	2	1	6	0	6	0	1	0.710833	0.648367	0.437083	0.144287	2708	4790	7498
12500	6/10/2012	2	1	6	0	0	0	0	1	0.66	0.6212	0.69	0.1045	33	125	158	527	2	1	6	0	0	0	1	0.726667	0.663517	0.538333	0.133721	2224	4374	6598
12501	6/10/2012	2	1	6	1	0	0	0	1	0.64	0.6061	0.73	0.1343	32	84	116	527	2	1	6	0	0	0	1	0.726667	0.663517	0.538333	0.133721	2224	4374	6598
12502	6/10/2012	2	1	6	2	0	0	0	1	0.64	0.6061	0.69	0.1343	17	56	73	527	2	1	6	0	0	0	1	0.726667	0.663517	0.538333	0.133721	2224	4374	6598
12503	6/10/2012	2	1	6	3	0	0	0	1	0.64	0.6061	0.73	0.1045	6	23	29	527	2	1	6	0	0	0	1	0.726667	0.663517	0.538333	0.133721	2224	4374	6598
12504	6/10/2012	2	1	6	4	0	0	0	1	0.62	0.5909	0.78	0.0896	1	9	10	527	2	1	6	0	0	0	1	0.726667	0.663517	0.538333	0.133721	2224	4374	6598
12505	6/10/2012	2	1	6	5	0	0	0	1	0.62	0.6061	0.69	0.0896	3	10	13	527	2	1	6	0	0	0	1	0.726667	0.663517	0.538333	0.133721	2224	4374	6598
12506	6/10/2012	2	1	6	6	0	0	0	1	0.62	0.5909	0.73	0	3	27	30	527	2	1	6	0	0	0	1	0.726667	0.663517	0.538333	0.133721	2224	4374	6598
12507	6/10/2012	2	1	6	7	0	0	0	1	0.6	0.5758	0.78	0.1045	21	41	62	527	2	1	6	0	0	0	1	0.726667	0.663517	0.538333	0.133721	2224	4374	6598
12508	6/10/2012	2	1	6	8	0	0	0	1	0.64	0.6061	0.73	0.0896	59	122	181	527	2	1	6	0	0	0	1	0.726667	0.663517	0.538333	0.133721	2224	4374	6598
12509	6/10/2012	2	1	6	9	0	0	0	1	0.7	0.6515	0.58	0	91	175	266	527	2	1	6	0	0	0	1	0.726667	0.663517	0.538333	0.133721	2224	4374	6598
12510	6/10/2012	2	1	6	10	0	0	0	1	0.76	0.6818	0.4	0.1045	148	265	413	527	2	1	6	0	0	0	1	0.726667	0.663517	0.538333	0.133721	2224	4374	6598
12511	6/10/2012	2	1	6	11	0	0	0	1	0.76	0.6818	0.45	0.0896	184	315	499	527	2	1	6	0	0	0	1	0.726667	0.663517	0.538333	0.133721	2224	4374	6598
12512	6/10/2012	2	1	6	12	0	0	0	1	0.82	0.7121	0.3	0	173	329	502	527	2	1	6	0	0	0	1	0.726667	0.663517	0.538333	0.133721	2224	4374	6598
12513	6/10/2012	2	1	6	13	0	0	0	1	0.84	0.7273	0.28	0.1343	204	288	492	527	2	1	6	0	0	0	1	0.726667	0.663517	0.538333	0.133721	2224	4374	6598
12514	6/10/2012	2	1	6	14	0	0	0	1	0.84	0.7273	0.3	0.1343	186	314	500	527	2	1	6	0	0	0	1	0.726667	0.663517	0.538333	0.133721	2224	4374	6598
12515	6/10/2012	2	1	6	15	0	0	0	1	0.84	0.7273	0.3	0.2239	159	316	475	527	2	1	6	0	0	0	1	0.726667	0.663517	0.538333	0.133721	2224	4374	6598
12516	6/10/2012	2	1	6	16	0	0	0	1	0.84	0.7424	0.36	0.2836	173	335	508	527	2	1	6	0	0	0	1	0.726667	0.663517	0.538333	0.133721	2224	4374	6598
12517	6/10/2012	2	1	6	17	0	0	0	1	0.82	0.7424	0.41	0.2836	184	337	521	527	2	1	6	0	0	0	1	0.726667	0.663517	0.538333	0.133721	2224	4374	6598
12518	6/10/2012	2	1	6	18	0	0	0	1	0.82	0.7273	0.38	0.2239	164	326	490	527	2	1	6	0	0	0	1	0.726667	0.663517	0.538333	0.133721	2224	4374	6598
12519	6/10/2012	2	1	6	19	0	0	0	1	0.82	0.7121	0.28	0.2836	115	260	375	527	2	1	6	0	0	0	1	0.726667	0.663517	0.538333	0.133721	2224	4374	6598
12520	6/10/2012	2	1	6	20	0	0	0	1	0.76	0.6818	0.48	0.1642	113	250	363	527	2	1	6	0	0	0	1	0.726667	0.663517	0.538333	0.133721	2224	4374	6598
12521	6/10/2012	2	1	6	21	0	0	0	1	0.72	0.6818	0.62	0.1642	83	170	253	527	2	1	6	0	0	0	1	0.726667	0.663517	0.538333	0.133721	2224	4374	6598
12522	6/10/2012	2	1	6	22	0	0	0	1	0.7	0.6515	0.65	0.1642	42	117	159	527	2	1	6	0	0	0	1	0.726667	0.663517	0.538333	0.133721	2224	4374	6598
12523	6/10/2012	2	1	6	23	0	0	0	1	0.72	0.6667	0.58	0.1045	30	80	110	527	2	1	6	0	0	0	1	0.726667	0.663517	0.538333	0.133721	2224	4374	6598
12524	6/11/2012	2	1	6	0	0	1	1	1	0.7	0.6515	0.65	0.1045	8	33	41	528	2	1	6	0	1	1	2	0.720833	0.659721	0.587917	0.207713	1017	5647	6664
12525	6/11/2012	2	1	6	1	0	1	1	1	0.66	0.6212	0.74	0.1642	9	15	24	528	2	1	6	0	1	1	2	0.720833	0.659721	0.587917	0.207713	1017	5647	6664
12526	6/11/2012	2	1	6	2	0	1	1	1	0.66	0.6212	0.74	0.1045	5	12	17	528	2	1	6	0	1	1	2	0.720833	0.659721	0.587917	0.207713	1017	5647	6664
12527	6/11/2012	2	1	6	3	0	1	1	1	0.64	0.5909	0.78	0.1045	2	4	6	528	2	1	6	0	1	1	2	0.720833	0.659721	0.587917	0.207713	1017	5647	6664
12528	6/11/2012	2	1	6	4	0	1	1	1	0.64	0.5909	0.78	0.1343	0	7	7	528	2	1	6	0	1	1	2	0.720833	0.659721	0.587917	0.207713	1017	5647	6664
12529	6/11/2012	2	1	6	5	0	1	1	1	0.64	0.5909	0.78	0.1343	1	36	37	528	2	1	6	0	1	1	2	0.720833	0.659721	0.587917	0.207713	1017	5647	6664
12530	6/11/2012	2	1	6	6	0	1	1	1	0.62	0.5758	0.83	0.1045	8	136	144	528	2	1	6	0	1	1	2	0.720833	0.659721	0.587917	0.207713	1017	5647	6664
12531	6/11/2012	2	1	6	7	0	1	1	1	0.64	0.5909	0.78	0.1045	25	478	503	528	2	1	6	0	1	1	2	0.720833	0.659721	0.587917	0.207713	1017	5647	6664
12532	6/11/2012	2	1	6	8	0	1	1	1	0.66	0.6212	0.74	0.1343	38	613	651	528	2	1	6	0	1	1	2	0.720833	0.659721	0.587917	0.207713	1017	5647	6664
12533	6/11/2012	2	1	6	9	0	1	1	1	0.7	0.6515	0.65	0.1343	57	259	316	528	2	1	6	0	1	1	2	0.720833	0.659721	0.587917	0.207713	1017	5647	6664
12534	6/11/2012	2	1	6	10	0	1	1	1	0.72	0.6818	0.62	0.1642	52	95	147	528	2	1	6	0	1	1	2	0.720833	0.659721	0.587917	0.207713	1017	5647	6664
12535	6/11/2012	2	1	6	11	0	1	1	2	0.76	0.6818	0.48	0.2239	59	143	202	528	2	1	6	0	1	1	2	0.720833	0.659721	0.587917	0.207713	1017	5647	6664
12536	6/11/2012	2	1	6	12	0	1	1	2	0.8	0.7273	0.43	0.194	63	198	261	528	2	1	6	0	1	1	2	0.720833	0.659721	0.587917	0.207713	1017	5647	6664
12537	6/11/2012	2	1	6	13	0	1	1	2	0.8	0.7121	0.41	0.2985	63	185	248	528	2	1	6	0	1	1	2	0.720833	0.659721	0.587917	0.207713	1017	5647	6664
12538	6/11/2012	2	1	6	14	0	1	1	2	0.82	0.7273	0.34	0.2836	66	193	259	528	2	1	6	0	1	1	2	0.720833	0.659721	0.587917	0.207713	1017	5647	6664
12539	6/11/2012	2	1	6	15	0	1	1	1	0.8	0.7121	0.41	0.3582	72	187	259	528	2	1	6	0	1	1	2	0.720833	0.659721	0.587917	0.207713	1017	5647	6664
12540	6/11/2012	2	1	6	16	0	1	1	2	0.8	0.7121	0.41	0.4179	87	340	427	528	2	1	6	0	1	1	2	0.720833	0.659721	0.587917	0.207713	1017	5647	6664
12541	6/11/2012	2	1	6	17	0	1	1	2	0.8	0.7121	0.41	0.3582	85	715	800	528	2	1	6	0	1	1	2	0.720833	0.659721	0.587917	0.207713	1017	5647	6664
12542	6/11/2012	2	1	6	18	0	1	1	2	0.8	0.7273	0.43	0.2985	105	726	831	528	2	1	6	0	1	1	2	0.720833	0.659721	0.587917	0.207713	1017	5647	6664
12543	6/11/2012	2	1	6	19	0	1	1	2	0.76	0.6818	0.48	0.3284	89	507	596	528	2	1	6	0	1	1	2	0.720833	0.659721	0.587917	0.207713	1017	5647	6664
12544	6/11/2012	2	1	6	20	0	1	1	2	0.74	0.6667	0.48	0.2239	61	333	394	528	2	1	6	0	1	1	2	0.720833	0.659721	0.587917	0.207713	1017	5647	6664
12545	6/11/2012	2	1	6	21	0	1	1	2	0.72	0.6667	0.58	0.194	32	218	250	528	2	1	6	0	1	1	2	0.720833	0.659721	0.587917	0.207713	1017	5647	6664
12546	6/11/2012	2	1	6	22	0	1	1	2	0.72	0.6667	0.58	0.194	22	142	164	528	2	1	6	0	1	1	2	0.720833	0.659721	0.587917	0.207713	1017	5647	6664
12547	6/11/2012	2	1	6	23	0	1	1	2	0.7	0.6515	0.58	0.2239	8	72	80	528	2	1	6	0	1	1	2	0.720833	0.659721	0.587917	0.207713	1017	5647	6664
12548	6/12/2012	2	1	6	0	0	2	1	2	0.7	0.6515	0.58	0.2239	2	26	28	529	2	1	6	0	2	1	2	0.653333	0.597875	0.833333	0.214546	477	4495	4972
12549	6/12/2012	2	1	6	1	0	2	1	2	0.68	0.6364	0.65	0.1642	5	11	16	529	2	1	6	0	2	1	2	0.653333	0.597875	0.833333	0.214546	477	4495	4972
12550	6/12/2012	2	1	6	2	0	2	1	2	0.68	0.6364	0.65	0.194	0	6	6	529	2	1	6	0	2	1	2	0.653333	0.597875	0.833333	0.214546	477	4495	4972
12551	6/12/2012	2	1	6	3	0	2	1	2	0.66	0.6212	0.69	0.2537	3	9	12	529	2	1	6	0	2	1	2	0.653333	0.597875	0.833333	0.214546	477	4495	4972
12552	6/12/2012	2	1	6	4	0	2	1	3	0.6	0.5455	0.88	0.1642	0	4	4	529	2	1	6	0	2	1	2	0.653333	0.597875	0.833333	0.214546	477	4495	4972
12553	6/12/2012	2	1	6	5	0	2	1	3	0.6	0.5455	0.88	0.1343	1	28	29	529	2	1	6	0	2	1	2	0.653333	0.597875	0.833333	0.214546	477	4495	4972
12554	6/12/2012	2	1	6	6	0	2	1	2	0.6	0.5455	0.88	0.1343	6	130	136	529	2	1	6	0	2	1	2	0.653333	0.597875	0.833333	0.214546	477	4495	4972
12555	6/12/2012	2	1	6	7	0	2	1	3	0.62	0.5606	0.88	0.2537	16	287	303	529	2	1	6	0	2	1	2	0.653333	0.597875	0.833333	0.214546	477	4495	4972
12556	6/12/2012	2	1	6	8	0	2	1	2	0.62	0.5606	0.88	0.2239	15	598	613	529	2	1	6	0	2	1	2	0.653333	0.597875	0.833333	0.214546	477	4495	4972
12557	6/12/2012	2	1	6	9	0	2	1	2	0.64	0.5758	0.89	0.2836	31	254	285	529	2	1	6	0	2	1	2	0.653333	0.597875	0.833333	0.214546	477	4495	4972
12558	6/12/2012	2	1	6	10	0	2	1	3	0.64	0.5758	0.89	0.2836	29	96	125	529	2	1	6	0	2	1	2	0.653333	0.597875	0.833333	0.214546	477	4495	4972
12559	6/12/2012	2	1	6	11	0	2	1	3	0.66	0.6061	0.83	0.3582	8	57	65	529	2	1	6	0	2	1	2	0.653333	0.597875	0.833333	0.214546	477	4495	4972
12560	6/12/2012	2	1	6	12	0	2	1	3	0.66	0.6061	0.83	0.2537	19	76	95	529	2	1	6	0	2	1	2	0.653333	0.597875	0.833333	0.214546	477	4495	4972
12561	6/12/2012	2	1	6	13	0	2	1	3	0.66	0.6061	0.83	0.194	11	48	59	529	2	1	6	0	2	1	2	0.653333	0.597875	0.833333	0.214546	477	4495	4972
12562	6/12/2012	2	1	6	14	0	2	1	3	0.64	0.5758	0.89	0.2537	12	48	60	529	2	1	6	0	2	1	2	0.653333	0.597875	0.833333	0.214546	477	4495	4972
12563	6/12/2012	2	1	6	15	0	2	1	3	0.66	0.5909	0.89	0.194	22	94	116	529	2	1	6	0	2	1	2	0.653333	0.597875	0.833333	0.214546	477	4495	4972
12564	6/12/2012	2	1	6	16	0	2	1	2	0.66	0.5909	0.89	0.2836	30	209	239	529	2	1	6	0	2	1	2	0.653333	0.597875	0.833333	0.214546	477	4495	4972
12565	6/12/2012	2	1	6	17	0	2	1	2	0.66	0.5909	0.89	0.2836	56	625	681	529	2	1	6	0	2	1	2	0.653333	0.597875	0.833333	0.214546	477	4495	4972
12566	6/12/2012	2	1	6	18	0	2	1	1	0.68	0.6364	0.83	0.194	57	596	653	529	2	1	6	0	2	1	2	0.653333	0.597875	0.833333	0.214546	477	4495	4972
12567	6/12/2012	2	1	6	19	0	2	1	1	0.68	0.6364	0.83	0.194	47	444	491	529	2	1	6	0	2	1	2	0.653333	0.597875	0.833333	0.214546	477	4495	4972
12568	6/12/2012	2	1	6	20	0	2	1	1	0.68	0.6364	0.83	0.194	36	350	386	529	2	1	6	0	2	1	2	0.653333	0.597875	0.833333	0.214546	477	4495	4972
12569	6/12/2012	2	1	6	21	0	2	1	1	0.68	0.6364	0.83	0.1045	41	233	274	529	2	1	6	0	2	1	2	0.653333	0.597875	0.833333	0.214546	477	4495	4972
12570	6/12/2012	2	1	6	22	0	2	1	1	0.66	0.5909	0.94	0.1045	19	188	207	529	2	1	6	0	2	1	2	0.653333	0.597875	0.833333	0.214546	477	4495	4972
12571	6/12/2012	2	1	6	23	0	2	1	3	0.66	0.5909	0.94	0.2239	11	78	89	529	2	1	6	0	2	1	2	0.653333	0.597875	0.833333	0.214546	477	4495	4972
12572	6/13/2012	2	1	6	0	0	3	1	2	0.66	0.5909	0.94	0.194	7	27	34	530	2	1	6	0	3	1	1	0.655833	0.611117	0.582083	0.343279	1173	6248	7421
12573	6/13/2012	2	1	6	1	0	3	1	1	0.64	0.5909	0.78	0	7	21	28	530	2	1	6	0	3	1	1	0.655833	0.611117	0.582083	0.343279	1173	6248	7421
12574	6/13/2012	2	1	6	2	0	3	1	1	0.62	0.5758	0.83	0.1343	0	4	4	530	2	1	6	0	3	1	1	0.655833	0.611117	0.582083	0.343279	1173	6248	7421
12575	6/13/2012	2	1	6	3	0	3	1	1	0.62	0.5758	0.83	0.194	1	7	8	530	2	1	6	0	3	1	1	0.655833	0.611117	0.582083	0.343279	1173	6248	7421
12576	6/13/2012	2	1	6	4	0	3	1	1	0.6	0.5606	0.83	0.1343	1	9	10	530	2	1	6	0	3	1	1	0.655833	0.611117	0.582083	0.343279	1173	6248	7421
12577	6/13/2012	2	1	6	5	0	3	1	1	0.6	0.5606	0.83	0.194	2	38	40	530	2	1	6	0	3	1	1	0.655833	0.611117	0.582083	0.343279	1173	6248	7421
12578	6/13/2012	2	1	6	6	0	3	1	1	0.6	0.5606	0.83	0.2239	6	188	194	530	2	1	6	0	3	1	1	0.655833	0.611117	0.582083	0.343279	1173	6248	7421
12579	6/13/2012	2	1	6	7	0	3	1	1	0.6	0.5606	0.83	0.2985	25	480	505	530	2	1	6	0	3	1	1	0.655833	0.611117	0.582083	0.343279	1173	6248	7421
12580	6/13/2012	2	1	6	8	0	3	1	2	0.62	0.5909	0.73	0.5224	41	672	713	530	2	1	6	0	3	1	1	0.655833	0.611117	0.582083	0.343279	1173	6248	7421
12581	6/13/2012	2	1	6	9	0	3	1	2	0.64	0.6061	0.69	0.5821	54	298	352	530	2	1	6	0	3	1	1	0.655833	0.611117	0.582083	0.343279	1173	6248	7421
12582	6/13/2012	2	1	6	10	0	3	1	2	0.64	0.6061	0.65	0.4179	64	134	198	530	2	1	6	0	3	1	1	0.655833	0.611117	0.582083	0.343279	1173	6248	7421
12583	6/13/2012	2	1	6	11	0	3	1	2	0.66	0.6212	0.54	0.4478	64	182	246	530	2	1	6	0	3	1	1	0.655833	0.611117	0.582083	0.343279	1173	6248	7421
12584	6/13/2012	2	1	6	12	0	3	1	2	0.68	0.6364	0.44	0.4179	93	241	334	530	2	1	6	0	3	1	1	0.655833	0.611117	0.582083	0.343279	1173	6248	7421
12585	6/13/2012	2	1	6	13	0	3	1	2	0.7	0.6364	0.45	0.3881	52	203	255	530	2	1	6	0	3	1	1	0.655833	0.611117	0.582083	0.343279	1173	6248	7421
12586	6/13/2012	2	1	6	14	0	3	1	2	0.72	0.6515	0.37	0.4179	98	222	320	530	2	1	6	0	3	1	1	0.655833	0.611117	0.582083	0.343279	1173	6248	7421
12587	6/13/2012	2	1	6	15	0	3	1	1	0.72	0.6515	0.32	0.4925	65	216	281	530	2	1	6	0	3	1	1	0.655833	0.611117	0.582083	0.343279	1173	6248	7421
12588	6/13/2012	2	1	6	16	0	3	1	1	0.72	0.6515	0.3	0.4925	72	320	392	530	2	1	6	0	3	1	1	0.655833	0.611117	0.582083	0.343279	1173	6248	7421
12589	6/13/2012	2	1	6	17	0	3	1	1	0.72	0.6515	0.32	0.4925	75	782	857	530	2	1	6	0	3	1	1	0.655833	0.611117	0.582083	0.343279	1173	6248	7421
12590	6/13/2012	2	1	6	18	0	3	1	1	0.72	0.6515	0.32	0.4478	104	640	744	530	2	1	6	0	3	1	1	0.655833	0.611117	0.582083	0.343279	1173	6248	7421
12591	6/13/2012	2	1	6	19	0	3	1	1	0.7	0.6364	0.34	0.3881	123	548	671	530	2	1	6	0	3	1	1	0.655833	0.611117	0.582083	0.343279	1173	6248	7421
12592	6/13/2012	2	1	6	20	0	3	1	1	0.68	0.6364	0.36	0.4179	86	362	448	530	2	1	6	0	3	1	1	0.655833	0.611117	0.582083	0.343279	1173	6248	7421
12593	6/13/2012	2	1	6	21	0	3	1	1	0.64	0.6212	0.44	0.3582	79	317	396	530	2	1	6	0	3	1	1	0.655833	0.611117	0.582083	0.343279	1173	6248	7421
12594	6/13/2012	2	1	6	22	0	3	1	1	0.62	0.6212	0.5	0.2985	29	209	238	530	2	1	6	0	3	1	1	0.655833	0.611117	0.582083	0.343279	1173	6248	7421
12595	6/13/2012	2	1	6	23	0	3	1	1	0.62	0.6212	0.5	0.2836	25	128	153	530	2	1	6	0	3	1	1	0.655833	0.611117	0.582083	0.343279	1173	6248	7421
12596	6/14/2012	2	1	6	0	0	4	1	1	0.6	0.6212	0.53	0.2985	3	45	48	531	2	1	6	0	4	1	1	0.648333	0.624383	0.569583	0.253733	1180	6183	7363
12597	6/14/2012	2	1	6	1	0	4	1	1	0.6	0.6212	0.56	0.2239	4	17	21	531	2	1	6	0	4	1	1	0.648333	0.624383	0.569583	0.253733	1180	6183	7363
12598	6/14/2012	2	1	6	2	0	4	1	2	0.62	0.6212	0.53	0.2537	1	8	9	531	2	1	6	0	4	1	1	0.648333	0.624383	0.569583	0.253733	1180	6183	7363
12599	6/14/2012	2	1	6	3	0	4	1	2	0.62	0.6212	0.53	0.2836	1	4	5	531	2	1	6	0	4	1	1	0.648333	0.624383	0.569583	0.253733	1180	6183	7363
12600	6/14/2012	2	1	6	4	0	4	1	2	0.6	0.6212	0.56	0.2537	0	6	6	531	2	1	6	0	4	1	1	0.648333	0.624383	0.569583	0.253733	1180	6183	7363
12601	6/14/2012	2	1	6	5	0	4	1	2	0.6	0.6212	0.56	0.2537	0	40	40	531	2	1	6	0	4	1	1	0.648333	0.624383	0.569583	0.253733	1180	6183	7363
12602	6/14/2012	2	1	6	6	0	4	1	1	0.58	0.5455	0.6	0.2836	12	169	181	531	2	1	6	0	4	1	1	0.648333	0.624383	0.569583	0.253733	1180	6183	7363
12603	6/14/2012	2	1	6	7	0	4	1	1	0.6	0.6061	0.6	0.2836	26	480	506	531	2	1	6	0	4	1	1	0.648333	0.624383	0.569583	0.253733	1180	6183	7363
12604	6/14/2012	2	1	6	8	0	4	1	1	0.6	0.6061	0.64	0.3284	37	682	719	531	2	1	6	0	4	1	1	0.648333	0.624383	0.569583	0.253733	1180	6183	7363
12605	6/14/2012	2	1	6	9	0	4	1	1	0.62	0.6061	0.61	0.2239	45	312	357	531	2	1	6	0	4	1	1	0.648333	0.624383	0.569583	0.253733	1180	6183	7363
12606	6/14/2012	2	1	6	10	0	4	1	1	0.64	0.6061	0.65	0.4179	47	132	179	531	2	1	6	0	4	1	1	0.648333	0.624383	0.569583	0.253733	1180	6183	7363
12607	6/14/2012	2	1	6	11	0	4	1	1	0.66	0.6212	0.57	0.2537	60	168	228	531	2	1	6	0	4	1	1	0.648333	0.624383	0.569583	0.253733	1180	6183	7363
12608	6/14/2012	2	1	6	12	0	4	1	2	0.66	0.6212	0.61	0.2239	55	210	265	531	2	1	6	0	4	1	1	0.648333	0.624383	0.569583	0.253733	1180	6183	7363
12609	6/14/2012	2	1	6	13	0	4	1	1	0.68	0.6364	0.57	0.1642	71	213	284	531	2	1	6	0	4	1	1	0.648333	0.624383	0.569583	0.253733	1180	6183	7363
12610	6/14/2012	2	1	6	14	0	4	1	1	0.7	0.6515	0.54	0.2836	84	214	298	531	2	1	6	0	4	1	1	0.648333	0.624383	0.569583	0.253733	1180	6183	7363
12611	6/14/2012	2	1	6	15	0	4	1	1	0.74	0.6667	0.48	0.2985	111	213	324	531	2	1	6	0	4	1	1	0.648333	0.624383	0.569583	0.253733	1180	6183	7363
12612	6/14/2012	2	1	6	16	0	4	1	1	0.72	0.6667	0.51	0.2836	70	368	438	531	2	1	6	0	4	1	1	0.648333	0.624383	0.569583	0.253733	1180	6183	7363
12613	6/14/2012	2	1	6	17	0	4	1	1	0.72	0.6667	0.48	0.2239	117	750	867	531	2	1	6	0	4	1	1	0.648333	0.624383	0.569583	0.253733	1180	6183	7363
12614	6/14/2012	2	1	6	18	0	4	1	1	0.74	0.6667	0.42	0.194	107	716	823	531	2	1	6	0	4	1	1	0.648333	0.624383	0.569583	0.253733	1180	6183	7363
12615	6/14/2012	2	1	6	19	0	4	1	1	0.7	0.6515	0.48	0.2537	96	483	579	531	2	1	6	0	4	1	1	0.648333	0.624383	0.569583	0.253733	1180	6183	7363
12616	6/14/2012	2	1	6	20	0	4	1	1	0.66	0.6212	0.65	0.2537	84	351	435	531	2	1	6	0	4	1	1	0.648333	0.624383	0.569583	0.253733	1180	6183	7363
12617	6/14/2012	2	1	6	21	0	4	1	1	0.64	0.6061	0.65	0.1642	67	270	337	531	2	1	6	0	4	1	1	0.648333	0.624383	0.569583	0.253733	1180	6183	7363
12618	6/14/2012	2	1	6	22	0	4	1	2	0.64	0.6061	0.65	0.2239	46	196	242	531	2	1	6	0	4	1	1	0.648333	0.624383	0.569583	0.253733	1180	6183	7363
12619	6/14/2012	2	1	6	23	0	4	1	2	0.62	0.6061	0.69	0.1642	36	136	172	531	2	1	6	0	4	1	1	0.648333	0.624383	0.569583	0.253733	1180	6183	7363
12620	6/15/2012	2	1	6	0	0	5	1	1	0.6	0.5909	0.73	0.1642	26	68	94	532	2	1	6	0	5	1	1	0.639167	0.599754	0.589583	0.176617	1563	6102	7665
12621	6/15/2012	2	1	6	1	0	5	1	1	0.58	0.5455	0.78	0.194	9	42	51	532	2	1	6	0	5	1	1	0.639167	0.599754	0.589583	0.176617	1563	6102	7665
12622	6/15/2012	2	1	6	2	0	5	1	1	0.56	0.5303	0.83	0.1045	0	15	15	532	2	1	6	0	5	1	1	0.639167	0.599754	0.589583	0.176617	1563	6102	7665
12623	6/15/2012	2	1	6	3	0	5	1	1	0.56	0.5303	0.83	0.1642	2	3	5	532	2	1	6	0	5	1	1	0.639167	0.599754	0.589583	0.176617	1563	6102	7665
12624	6/15/2012	2	1	6	4	0	5	1	1	0.56	0.5303	0.83	0.1642	1	13	14	532	2	1	6	0	5	1	1	0.639167	0.599754	0.589583	0.176617	1563	6102	7665
12625	6/15/2012	2	1	6	5	0	5	1	1	0.54	0.5152	0.88	0.1045	2	31	33	532	2	1	6	0	5	1	1	0.639167	0.599754	0.589583	0.176617	1563	6102	7665
12626	6/15/2012	2	1	6	6	0	5	1	1	0.54	0.5152	0.83	0.1343	9	142	151	532	2	1	6	0	5	1	1	0.639167	0.599754	0.589583	0.176617	1563	6102	7665
12627	6/15/2012	2	1	6	7	0	5	1	1	0.56	0.5303	0.83	0.1642	17	413	430	532	2	1	6	0	5	1	1	0.639167	0.599754	0.589583	0.176617	1563	6102	7665
12628	6/15/2012	2	1	6	8	0	5	1	1	0.6	0.5909	0.69	0.1642	44	609	653	532	2	1	6	0	5	1	1	0.639167	0.599754	0.589583	0.176617	1563	6102	7665
12629	6/15/2012	2	1	6	9	0	5	1	1	0.62	0.6061	0.65	0.1642	58	308	366	532	2	1	6	0	5	1	1	0.639167	0.599754	0.589583	0.176617	1563	6102	7665
12630	6/15/2012	2	1	6	10	0	5	1	1	0.64	0.6212	0.57	0.1642	56	160	216	532	2	1	6	0	5	1	1	0.639167	0.599754	0.589583	0.176617	1563	6102	7665
12631	6/15/2012	2	1	6	11	0	5	1	1	0.66	0.6212	0.5	0.194	106	180	286	532	2	1	6	0	5	1	1	0.639167	0.599754	0.589583	0.176617	1563	6102	7665
12632	6/15/2012	2	1	6	12	0	5	1	1	0.7	0.6364	0.45	0.1642	111	292	403	532	2	1	6	0	5	1	1	0.639167	0.599754	0.589583	0.176617	1563	6102	7665
12633	6/15/2012	2	1	6	13	0	5	1	1	0.7	0.6364	0.42	0.2537	121	272	393	532	2	1	6	0	5	1	1	0.639167	0.599754	0.589583	0.176617	1563	6102	7665
12634	6/15/2012	2	1	6	14	0	5	1	1	0.72	0.6515	0.39	0.194	121	255	376	532	2	1	6	0	5	1	1	0.639167	0.599754	0.589583	0.176617	1563	6102	7665
12635	6/15/2012	2	1	6	15	0	5	1	1	0.72	0.6515	0.39	0.194	107	270	377	532	2	1	6	0	5	1	1	0.639167	0.599754	0.589583	0.176617	1563	6102	7665
12636	6/15/2012	2	1	6	16	0	5	1	1	0.72	0.6515	0.37	0.194	132	426	558	532	2	1	6	0	5	1	1	0.639167	0.599754	0.589583	0.176617	1563	6102	7665
12637	6/15/2012	2	1	6	17	0	5	1	1	0.74	0.6515	0.37	0.2836	125	698	823	532	2	1	6	0	5	1	1	0.639167	0.599754	0.589583	0.176617	1563	6102	7665
12638	6/15/2012	2	1	6	18	0	5	1	1	0.72	0.6515	0.39	0.2239	121	572	693	532	2	1	6	0	5	1	1	0.639167	0.599754	0.589583	0.176617	1563	6102	7665
12639	6/15/2012	2	1	6	19	0	5	1	1	0.7	0.6364	0.42	0.1642	98	369	467	532	2	1	6	0	5	1	1	0.639167	0.599754	0.589583	0.176617	1563	6102	7665
12640	6/15/2012	2	1	6	20	0	5	1	1	0.68	0.6364	0.44	0.194	89	296	385	532	2	1	6	0	5	1	1	0.639167	0.599754	0.589583	0.176617	1563	6102	7665
12641	6/15/2012	2	1	6	21	0	5	1	1	0.66	0.6212	0.5	0.1045	83	250	333	532	2	1	6	0	5	1	1	0.639167	0.599754	0.589583	0.176617	1563	6102	7665
12642	6/15/2012	2	1	6	22	0	5	1	1	0.64	0.6212	0.53	0.1343	79	242	321	532	2	1	6	0	5	1	1	0.639167	0.599754	0.589583	0.176617	1563	6102	7665
12643	6/15/2012	2	1	6	23	0	5	1	1	0.62	0.6212	0.53	0.2537	46	176	222	532	2	1	6	0	5	1	1	0.639167	0.599754	0.589583	0.176617	1563	6102	7665
12644	6/16/2012	2	1	6	0	0	6	0	1	0.58	0.5455	0.56	0.1343	25	112	137	533	2	1	6	0	6	0	1	0.631667	0.594708	0.504167	0.166667	2963	4739	7702
12645	6/16/2012	2	1	6	1	0	6	0	1	0.56	0.5303	0.56	0	16	79	95	533	2	1	6	0	6	0	1	0.631667	0.594708	0.504167	0.166667	2963	4739	7702
12646	6/16/2012	2	1	6	2	0	6	0	1	0.58	0.5455	0.53	0	12	55	67	533	2	1	6	0	6	0	1	0.631667	0.594708	0.504167	0.166667	2963	4739	7702
12647	6/16/2012	2	1	6	3	0	6	0	1	0.56	0.5303	0.6	0.0896	8	19	27	533	2	1	6	0	6	0	1	0.631667	0.594708	0.504167	0.166667	2963	4739	7702
12648	6/16/2012	2	1	6	4	0	6	0	1	0.54	0.5152	0.68	0.1343	3	5	8	533	2	1	6	0	6	0	1	0.631667	0.594708	0.504167	0.166667	2963	4739	7702
12649	6/16/2012	2	1	6	5	0	6	0	1	0.54	0.5152	0.68	0.1045	2	21	23	533	2	1	6	0	6	0	1	0.631667	0.594708	0.504167	0.166667	2963	4739	7702
12650	6/16/2012	2	1	6	6	0	6	0	1	0.54	0.5152	0.68	0.194	11	36	47	533	2	1	6	0	6	0	1	0.631667	0.594708	0.504167	0.166667	2963	4739	7702
12651	6/16/2012	2	1	6	7	0	6	0	1	0.54	0.5152	0.68	0.194	10	68	78	533	2	1	6	0	6	0	1	0.631667	0.594708	0.504167	0.166667	2963	4739	7702
12652	6/16/2012	2	1	6	8	0	6	0	1	0.58	0.5455	0.64	0.1642	47	157	204	533	2	1	6	0	6	0	1	0.631667	0.594708	0.504167	0.166667	2963	4739	7702
12653	6/16/2012	2	1	6	9	0	6	0	1	0.6	0.6061	0.6	0.0896	88	279	367	533	2	1	6	0	6	0	1	0.631667	0.594708	0.504167	0.166667	2963	4739	7702
12654	6/16/2012	2	1	6	10	0	6	0	1	0.64	0.6212	0.47	0.194	139	296	435	533	2	1	6	0	6	0	1	0.631667	0.594708	0.504167	0.166667	2963	4739	7702
12655	6/16/2012	2	1	6	11	0	6	0	1	0.66	0.6212	0.39	0.1642	213	353	566	533	2	1	6	0	6	0	1	0.631667	0.594708	0.504167	0.166667	2963	4739	7702
12656	6/16/2012	2	1	6	12	0	6	0	1	0.68	0.6364	0.41	0.1045	254	349	603	533	2	1	6	0	6	0	1	0.631667	0.594708	0.504167	0.166667	2963	4739	7702
12657	6/16/2012	2	1	6	13	0	6	0	1	0.72	0.6515	0.34	0.1642	293	324	617	533	2	1	6	0	6	0	1	0.631667	0.594708	0.504167	0.166667	2963	4739	7702
12658	6/16/2012	2	1	6	14	0	6	0	1	0.72	0.6515	0.37	0.2239	264	309	573	533	2	1	6	0	6	0	1	0.631667	0.594708	0.504167	0.166667	2963	4739	7702
12659	6/16/2012	2	1	6	15	0	6	0	1	0.74	0.6515	0.35	0.2537	295	288	583	533	2	1	6	0	6	0	1	0.631667	0.594708	0.504167	0.166667	2963	4739	7702
12660	6/16/2012	2	1	6	16	0	6	0	2	0.72	0.6515	0.37	0.1045	238	304	542	533	2	1	6	0	6	0	1	0.631667	0.594708	0.504167	0.166667	2963	4739	7702
12661	6/16/2012	2	1	6	17	0	6	0	2	0.72	0.6515	0.37	0.2537	244	349	593	533	2	1	6	0	6	0	1	0.631667	0.594708	0.504167	0.166667	2963	4739	7702
12662	6/16/2012	2	1	6	18	0	6	0	2	0.72	0.6515	0.37	0.2239	256	315	571	533	2	1	6	0	6	0	1	0.631667	0.594708	0.504167	0.166667	2963	4739	7702
12663	6/16/2012	2	1	6	19	0	6	0	2	0.7	0.6364	0.42	0.194	184	277	461	533	2	1	6	0	6	0	1	0.631667	0.594708	0.504167	0.166667	2963	4739	7702
12664	6/16/2012	2	1	6	20	0	6	0	2	0.66	0.6212	0.47	0.194	123	229	352	533	2	1	6	0	6	0	1	0.631667	0.594708	0.504167	0.166667	2963	4739	7702
12665	6/16/2012	2	1	6	21	0	6	0	2	0.64	0.6212	0.5	0.2239	98	192	290	533	2	1	6	0	6	0	1	0.631667	0.594708	0.504167	0.166667	2963	4739	7702
12666	6/16/2012	2	1	6	22	0	6	0	1	0.62	0.6212	0.53	0.2985	91	189	280	533	2	1	6	0	6	0	1	0.631667	0.594708	0.504167	0.166667	2963	4739	7702
12667	6/16/2012	2	1	6	23	0	6	0	1	0.6	0.6212	0.53	0.2985	49	134	183	533	2	1	6	0	6	0	1	0.631667	0.594708	0.504167	0.166667	2963	4739	7702
12668	6/17/2012	2	1	6	0	0	0	0	1	0.56	0.5303	0.56	0.1343	31	117	148	534	2	1	6	0	0	0	1	0.5925	0.571975	0.59875	0.144904	2634	4344	6978
12669	6/17/2012	2	1	6	1	0	0	0	1	0.56	0.5303	0.6	0.1642	21	67	88	534	2	1	6	0	0	0	1	0.5925	0.571975	0.59875	0.144904	2634	4344	6978
12670	6/17/2012	2	1	6	2	0	0	0	1	0.56	0.5303	0.56	0.0896	19	55	74	534	2	1	6	0	0	0	1	0.5925	0.571975	0.59875	0.144904	2634	4344	6978
12671	6/17/2012	2	1	6	3	0	0	0	1	0.54	0.5152	0.64	0.1045	6	22	28	534	2	1	6	0	0	0	1	0.5925	0.571975	0.59875	0.144904	2634	4344	6978
12672	6/17/2012	2	1	6	4	0	0	0	1	0.54	0.5152	0.64	0.0896	2	16	18	534	2	1	6	0	0	0	1	0.5925	0.571975	0.59875	0.144904	2634	4344	6978
12673	6/17/2012	2	1	6	5	0	0	0	1	0.54	0.5152	0.68	0.1343	4	13	17	534	2	1	6	0	0	0	1	0.5925	0.571975	0.59875	0.144904	2634	4344	6978
12674	6/17/2012	2	1	6	6	0	0	0	1	0.52	0.5	0.72	0.1045	7	16	23	534	2	1	6	0	0	0	1	0.5925	0.571975	0.59875	0.144904	2634	4344	6978
12675	6/17/2012	2	1	6	7	0	0	0	1	0.52	0.5	0.72	0.0896	18	30	48	534	2	1	6	0	0	0	1	0.5925	0.571975	0.59875	0.144904	2634	4344	6978
12676	6/17/2012	2	1	6	8	0	0	0	1	0.56	0.5303	0.68	0.2537	24	95	119	534	2	1	6	0	0	0	1	0.5925	0.571975	0.59875	0.144904	2634	4344	6978
12677	6/17/2012	2	1	6	9	0	0	0	1	0.56	0.5303	0.68	0.1642	91	183	274	534	2	1	6	0	0	0	1	0.5925	0.571975	0.59875	0.144904	2634	4344	6978
12678	6/17/2012	2	1	6	10	0	0	0	1	0.58	0.5455	0.64	0	148	288	436	534	2	1	6	0	0	0	1	0.5925	0.571975	0.59875	0.144904	2634	4344	6978
12679	6/17/2012	2	1	6	11	0	0	0	1	0.62	0.6212	0.57	0.1045	196	350	546	534	2	1	6	0	0	0	1	0.5925	0.571975	0.59875	0.144904	2634	4344	6978
12680	6/17/2012	2	1	6	12	0	0	0	1	0.62	0.6212	0.57	0	260	355	615	534	2	1	6	0	0	0	1	0.5925	0.571975	0.59875	0.144904	2634	4344	6978
12681	6/17/2012	2	1	6	13	0	0	0	1	0.64	0.6212	0.53	0.1642	267	347	614	534	2	1	6	0	0	0	1	0.5925	0.571975	0.59875	0.144904	2634	4344	6978
12682	6/17/2012	2	1	6	14	0	0	0	1	0.64	0.6212	0.53	0	255	327	582	534	2	1	6	0	0	0	1	0.5925	0.571975	0.59875	0.144904	2634	4344	6978
12683	6/17/2012	2	1	6	15	0	0	0	1	0.66	0.6212	0.5	0.2239	203	260	463	534	2	1	6	0	0	0	1	0.5925	0.571975	0.59875	0.144904	2634	4344	6978
12684	6/17/2012	2	1	6	16	0	0	0	1	0.66	0.6212	0.54	0.2985	240	340	580	534	2	1	6	0	0	0	1	0.5925	0.571975	0.59875	0.144904	2634	4344	6978
12685	6/17/2012	2	1	6	17	0	0	0	1	0.64	0.6212	0.57	0.2239	232	361	593	534	2	1	6	0	0	0	1	0.5925	0.571975	0.59875	0.144904	2634	4344	6978
12686	6/17/2012	2	1	6	18	0	0	0	1	0.64	0.6212	0.53	0.194	203	310	513	534	2	1	6	0	0	0	1	0.5925	0.571975	0.59875	0.144904	2634	4344	6978
12687	6/17/2012	2	1	6	19	0	0	0	1	0.64	0.6212	0.53	0.1642	146	244	390	534	2	1	6	0	0	0	1	0.5925	0.571975	0.59875	0.144904	2634	4344	6978
12688	6/17/2012	2	1	6	20	0	0	0	1	0.62	0.6212	0.57	0.194	101	201	302	534	2	1	6	0	0	0	1	0.5925	0.571975	0.59875	0.144904	2634	4344	6978
12689	6/17/2012	2	1	6	21	0	0	0	1	0.62	0.6212	0.57	0.194	76	170	246	534	2	1	6	0	0	0	1	0.5925	0.571975	0.59875	0.144904	2634	4344	6978
12690	6/17/2012	2	1	6	22	0	0	0	1	0.6	0.6061	0.6	0.194	55	98	153	534	2	1	6	0	0	0	1	0.5925	0.571975	0.59875	0.144904	2634	4344	6978
12691	6/17/2012	2	1	6	23	0	0	0	1	0.58	0.5455	0.64	0.194	29	79	108	534	2	1	6	0	0	0	1	0.5925	0.571975	0.59875	0.144904	2634	4344	6978
12692	6/18/2012	2	1	6	0	0	1	1	1	0.56	0.5303	0.73	0.2537	12	28	40	535	2	1	6	0	1	1	2	0.568333	0.544842	0.777917	0.174746	653	4446	5099
12693	6/18/2012	2	1	6	1	0	1	1	1	0.54	0.5152	0.77	0.2239	9	5	14	535	2	1	6	0	1	1	2	0.568333	0.544842	0.777917	0.174746	653	4446	5099
12694	6/18/2012	2	1	6	2	0	1	1	1	0.54	0.5152	0.77	0.2239	3	6	9	535	2	1	6	0	1	1	2	0.568333	0.544842	0.777917	0.174746	653	4446	5099
12695	6/18/2012	2	1	6	3	0	1	1	2	0.52	0.5	0.83	0.2239	1	3	4	535	2	1	6	0	1	1	2	0.568333	0.544842	0.777917	0.174746	653	4446	5099
12696	6/18/2012	2	1	6	4	0	1	1	2	0.54	0.5152	0.77	0.194	0	9	9	535	2	1	6	0	1	1	2	0.568333	0.544842	0.777917	0.174746	653	4446	5099
12697	6/18/2012	2	1	6	5	0	1	1	3	0.52	0.5	0.83	0.1343	1	22	23	535	2	1	6	0	1	1	2	0.568333	0.544842	0.777917	0.174746	653	4446	5099
12698	6/18/2012	2	1	6	6	0	1	1	3	0.52	0.5	0.88	0.1343	0	37	37	535	2	1	6	0	1	1	2	0.568333	0.544842	0.777917	0.174746	653	4446	5099
12699	6/18/2012	2	1	6	7	0	1	1	3	0.52	0.5	0.94	0.2239	10	135	145	535	2	1	6	0	1	1	2	0.568333	0.544842	0.777917	0.174746	653	4446	5099
12700	6/18/2012	2	1	6	8	0	1	1	2	0.54	0.5152	0.83	0.194	27	447	474	535	2	1	6	0	1	1	2	0.568333	0.544842	0.777917	0.174746	653	4446	5099
12701	6/18/2012	2	1	6	9	0	1	1	2	0.54	0.5152	0.83	0.2239	28	222	250	535	2	1	6	0	1	1	2	0.568333	0.544842	0.777917	0.174746	653	4446	5099
12702	6/18/2012	2	1	6	10	0	1	1	3	0.54	0.5152	0.88	0.1045	13	78	91	535	2	1	6	0	1	1	2	0.568333	0.544842	0.777917	0.174746	653	4446	5099
12703	6/18/2012	2	1	6	11	0	1	1	2	0.54	0.5152	0.88	0.1642	25	96	121	535	2	1	6	0	1	1	2	0.568333	0.544842	0.777917	0.174746	653	4446	5099
12704	6/18/2012	2	1	6	12	0	1	1	3	0.56	0.5303	0.78	0.1343	29	139	168	535	2	1	6	0	1	1	2	0.568333	0.544842	0.777917	0.174746	653	4446	5099
12705	6/18/2012	2	1	6	13	0	1	1	2	0.58	0.5455	0.73	0.1343	51	174	225	535	2	1	6	0	1	1	2	0.568333	0.544842	0.777917	0.174746	653	4446	5099
12706	6/18/2012	2	1	6	14	0	1	1	2	0.58	0.5455	0.68	0.194	59	160	219	535	2	1	6	0	1	1	2	0.568333	0.544842	0.777917	0.174746	653	4446	5099
12707	6/18/2012	2	1	6	15	0	1	1	2	0.6	0.5909	0.69	0.194	61	176	237	535	2	1	6	0	1	1	2	0.568333	0.544842	0.777917	0.174746	653	4446	5099
12708	6/18/2012	2	1	6	16	0	1	1	2	0.6	0.5909	0.73	0.194	53	279	332	535	2	1	6	0	1	1	2	0.568333	0.544842	0.777917	0.174746	653	4446	5099
12709	6/18/2012	2	1	6	17	0	1	1	2	0.6	0.5909	0.73	0.194	54	669	723	535	2	1	6	0	1	1	2	0.568333	0.544842	0.777917	0.174746	653	4446	5099
12710	6/18/2012	2	1	6	18	0	1	1	2	0.62	0.6061	0.69	0.1642	47	595	642	535	2	1	6	0	1	1	2	0.568333	0.544842	0.777917	0.174746	653	4446	5099
12711	6/18/2012	2	1	6	19	0	1	1	2	0.62	0.5909	0.73	0.0896	52	411	463	535	2	1	6	0	1	1	2	0.568333	0.544842	0.777917	0.174746	653	4446	5099
12712	6/18/2012	2	1	6	20	0	1	1	2	0.62	0.5909	0.73	0.1343	45	317	362	535	2	1	6	0	1	1	2	0.568333	0.544842	0.777917	0.174746	653	4446	5099
12713	6/18/2012	2	1	6	21	0	1	1	2	0.62	0.5909	0.73	0.1045	35	238	273	535	2	1	6	0	1	1	2	0.568333	0.544842	0.777917	0.174746	653	4446	5099
12714	6/18/2012	2	1	6	22	0	1	1	2	0.62	0.5909	0.73	0.1642	21	143	164	535	2	1	6	0	1	1	2	0.568333	0.544842	0.777917	0.174746	653	4446	5099
12715	6/18/2012	2	1	6	23	0	1	1	3	0.6	0.5758	0.78	0.194	17	57	74	535	2	1	6	0	1	1	2	0.568333	0.544842	0.777917	0.174746	653	4446	5099
12716	6/19/2012	2	1	6	0	0	2	1	2	0.6	0.5758	0.78	0.1642	5	30	35	536	2	1	6	0	2	1	1	0.688333	0.654692	0.69	0.148017	968	5857	6825
12717	6/19/2012	2	1	6	1	0	2	1	2	0.6	0.5758	0.78	0.1642	1	13	14	536	2	1	6	0	2	1	1	0.688333	0.654692	0.69	0.148017	968	5857	6825
12718	6/19/2012	2	1	6	2	0	2	1	2	0.6	0.5758	0.78	0.1343	1	14	15	536	2	1	6	0	2	1	1	0.688333	0.654692	0.69	0.148017	968	5857	6825
12719	6/19/2012	2	1	6	3	0	2	1	2	0.6	0.5758	0.78	0.1045	1	7	8	536	2	1	6	0	2	1	1	0.688333	0.654692	0.69	0.148017	968	5857	6825
12720	6/19/2012	2	1	6	4	0	2	1	2	0.6	0.5758	0.78	0.1343	1	9	10	536	2	1	6	0	2	1	1	0.688333	0.654692	0.69	0.148017	968	5857	6825
12721	6/19/2012	2	1	6	5	0	2	1	2	0.6	0.5758	0.78	0.194	3	34	37	536	2	1	6	0	2	1	1	0.688333	0.654692	0.69	0.148017	968	5857	6825
12722	6/19/2012	2	1	6	6	0	2	1	2	0.6	0.5758	0.78	0.1045	9	152	161	536	2	1	6	0	2	1	1	0.688333	0.654692	0.69	0.148017	968	5857	6825
12723	6/19/2012	2	1	6	7	0	2	1	2	0.6	0.5758	0.78	0.1343	18	462	480	536	2	1	6	0	2	1	1	0.688333	0.654692	0.69	0.148017	968	5857	6825
12724	6/19/2012	2	1	6	8	0	2	1	2	0.6	0.5758	0.78	0.1642	40	633	673	536	2	1	6	0	2	1	1	0.688333	0.654692	0.69	0.148017	968	5857	6825
12725	6/19/2012	2	1	6	9	0	2	1	1	0.64	0.6061	0.73	0.0896	40	288	328	536	2	1	6	0	2	1	1	0.688333	0.654692	0.69	0.148017	968	5857	6825
12726	6/19/2012	2	1	6	10	0	2	1	1	0.64	0.6061	0.73	0.0896	44	136	180	536	2	1	6	0	2	1	1	0.688333	0.654692	0.69	0.148017	968	5857	6825
12727	6/19/2012	2	1	6	11	0	2	1	1	0.66	0.6212	0.69	0.1343	56	174	230	536	2	1	6	0	2	1	1	0.688333	0.654692	0.69	0.148017	968	5857	6825
12728	6/19/2012	2	1	6	12	0	2	1	1	0.7	0.6515	0.65	0.0896	70	222	292	536	2	1	6	0	2	1	1	0.688333	0.654692	0.69	0.148017	968	5857	6825
12729	6/19/2012	2	1	6	13	0	2	1	1	0.74	0.6818	0.58	0.1343	69	203	272	536	2	1	6	0	2	1	1	0.688333	0.654692	0.69	0.148017	968	5857	6825
12730	6/19/2012	2	1	6	14	0	2	1	1	0.76	0.7121	0.58	0.1045	61	166	227	536	2	1	6	0	2	1	1	0.688333	0.654692	0.69	0.148017	968	5857	6825
12731	6/19/2012	2	1	6	15	0	2	1	1	0.78	0.7424	0.59	0.1642	72	187	259	536	2	1	6	0	2	1	1	0.688333	0.654692	0.69	0.148017	968	5857	6825
12732	6/19/2012	2	1	6	16	0	2	1	1	0.8	0.7576	0.55	0.2239	48	286	334	536	2	1	6	0	2	1	1	0.688333	0.654692	0.69	0.148017	968	5857	6825
12733	6/19/2012	2	1	6	17	0	2	1	1	0.8	0.7576	0.55	0.194	86	725	811	536	2	1	6	0	2	1	1	0.688333	0.654692	0.69	0.148017	968	5857	6825
12734	6/19/2012	2	1	6	18	0	2	1	1	0.8	0.7576	0.55	0.1642	91	704	795	536	2	1	6	0	2	1	1	0.688333	0.654692	0.69	0.148017	968	5857	6825
12735	6/19/2012	2	1	6	19	0	2	1	1	0.8	0.7727	0.59	0.2239	82	432	514	536	2	1	6	0	2	1	1	0.688333	0.654692	0.69	0.148017	968	5857	6825
12736	6/19/2012	2	1	6	20	0	2	1	1	0.8	0.7576	0.55	0.2537	59	399	458	536	2	1	6	0	2	1	1	0.688333	0.654692	0.69	0.148017	968	5857	6825
12737	6/19/2012	2	1	6	21	0	2	1	1	0.76	0.7121	0.62	0.1642	37	239	276	536	2	1	6	0	2	1	1	0.688333	0.654692	0.69	0.148017	968	5857	6825
12738	6/19/2012	2	1	6	22	0	2	1	1	0.72	0.697	0.79	0.0896	51	240	291	536	2	1	6	0	2	1	1	0.688333	0.654692	0.69	0.148017	968	5857	6825
12739	6/19/2012	2	1	6	23	0	2	1	1	0.72	0.697	0.79	0.1343	23	102	125	536	2	1	6	0	2	1	1	0.688333	0.654692	0.69	0.148017	968	5857	6825
12740	6/20/2012	2	1	6	0	0	3	1	1	0.7	0.6667	0.79	0.194	5	48	53	537	2	1	6	0	3	1	1	0.7825	0.720975	0.592083	0.113812	872	5339	6211
12741	6/20/2012	2	1	6	1	0	3	1	1	0.68	0.6364	0.79	0.194	7	20	27	537	2	1	6	0	3	1	1	0.7825	0.720975	0.592083	0.113812	872	5339	6211
12742	6/20/2012	2	1	6	2	0	3	1	1	0.66	0.6061	0.83	0.1642	1	5	6	537	2	1	6	0	3	1	1	0.7825	0.720975	0.592083	0.113812	872	5339	6211
12743	6/20/2012	2	1	6	3	0	3	1	1	0.66	0.6061	0.83	0.1343	2	6	8	537	2	1	6	0	3	1	1	0.7825	0.720975	0.592083	0.113812	872	5339	6211
12744	6/20/2012	2	1	6	4	0	3	1	1	0.66	0.6061	0.83	0.0896	1	6	7	537	2	1	6	0	3	1	1	0.7825	0.720975	0.592083	0.113812	872	5339	6211
12745	6/20/2012	2	1	6	5	0	3	1	1	0.66	0.6061	0.83	0.0896	2	37	39	537	2	1	6	0	3	1	1	0.7825	0.720975	0.592083	0.113812	872	5339	6211
12746	6/20/2012	2	1	6	6	0	3	1	2	0.64	0.5758	0.89	0.0896	9	156	165	537	2	1	6	0	3	1	1	0.7825	0.720975	0.592083	0.113812	872	5339	6211
12747	6/20/2012	2	1	6	7	0	3	1	2	0.66	0.5909	0.89	0	20	444	464	537	2	1	6	0	3	1	1	0.7825	0.720975	0.592083	0.113812	872	5339	6211
12748	6/20/2012	2	1	6	8	0	3	1	2	0.7	0.6667	0.79	0.1045	43	600	643	537	2	1	6	0	3	1	1	0.7825	0.720975	0.592083	0.113812	872	5339	6211
12749	6/20/2012	2	1	6	9	0	3	1	2	0.72	0.697	0.74	0	40	276	316	537	2	1	6	0	3	1	1	0.7825	0.720975	0.592083	0.113812	872	5339	6211
12750	6/20/2012	2	1	6	10	0	3	1	1	0.82	0.7727	0.52	0.1343	41	126	167	537	2	1	6	0	3	1	1	0.7825	0.720975	0.592083	0.113812	872	5339	6211
12751	6/20/2012	2	1	6	11	0	3	1	1	0.84	0.7879	0.49	0.194	54	134	188	537	2	1	6	0	3	1	1	0.7825	0.720975	0.592083	0.113812	872	5339	6211
12752	6/20/2012	2	1	6	12	0	3	1	1	0.86	0.803	0.47	0.1642	30	150	180	537	2	1	6	0	3	1	1	0.7825	0.720975	0.592083	0.113812	872	5339	6211
12753	6/20/2012	2	1	6	13	0	3	1	1	0.86	0.7879	0.44	0.1045	48	163	211	537	2	1	6	0	3	1	1	0.7825	0.720975	0.592083	0.113812	872	5339	6211
12754	6/20/2012	2	1	6	14	0	3	1	1	0.88	0.803	0.39	0.194	56	134	190	537	2	1	6	0	3	1	1	0.7825	0.720975	0.592083	0.113812	872	5339	6211
12755	6/20/2012	2	1	6	15	0	3	1	1	0.9	0.8182	0.35	0	36	143	179	537	2	1	6	0	3	1	1	0.7825	0.720975	0.592083	0.113812	872	5339	6211
12756	6/20/2012	2	1	6	16	0	3	1	1	0.9	0.8182	0.35	0.1045	51	284	335	537	2	1	6	0	3	1	1	0.7825	0.720975	0.592083	0.113812	872	5339	6211
12757	6/20/2012	2	1	6	17	0	3	1	1	0.9	0.8182	0.37	0	80	611	691	537	2	1	6	0	3	1	1	0.7825	0.720975	0.592083	0.113812	872	5339	6211
12758	6/20/2012	2	1	6	18	0	3	1	1	0.9	0.8182	0.37	0	81	591	672	537	2	1	6	0	3	1	1	0.7825	0.720975	0.592083	0.113812	872	5339	6211
12759	6/20/2012	2	1	6	19	0	3	1	1	0.88	0.7879	0.37	0.2537	90	449	539	537	2	1	6	0	3	1	1	0.7825	0.720975	0.592083	0.113812	872	5339	6211
12760	6/20/2012	2	1	6	20	0	3	1	1	0.86	0.7727	0.39	0.2239	81	326	407	537	2	1	6	0	3	1	1	0.7825	0.720975	0.592083	0.113812	872	5339	6211
12761	6/20/2012	2	1	6	21	0	3	1	1	0.84	0.7576	0.44	0.0896	42	302	344	537	2	1	6	0	3	1	1	0.7825	0.720975	0.592083	0.113812	872	5339	6211
12762	6/20/2012	2	1	6	22	0	3	1	1	0.82	0.7576	0.46	0.1045	31	226	257	537	2	1	6	0	3	1	1	0.7825	0.720975	0.592083	0.113812	872	5339	6211
12763	6/20/2012	2	1	6	23	0	3	1	1	0.78	0.7424	0.59	0.1045	21	102	123	537	2	1	6	0	3	1	1	0.7825	0.720975	0.592083	0.113812	872	5339	6211
12764	6/21/2012	3	1	6	0	0	4	1	1	0.74	0.697	0.7	0.0896	16	53	69	538	3	1	6	0	4	1	1	0.805833	0.752542	0.567917	0.118787	778	5127	5905
12765	6/21/2012	3	1	6	1	0	4	1	1	0.72	0.697	0.79	0.1343	2	16	18	538	3	1	6	0	4	1	1	0.805833	0.752542	0.567917	0.118787	778	5127	5905
12766	6/21/2012	3	1	6	2	0	4	1	1	0.72	0.697	0.79	0.1045	11	7	18	538	3	1	6	0	4	1	1	0.805833	0.752542	0.567917	0.118787	778	5127	5905
12767	6/21/2012	3	1	6	3	0	4	1	1	0.72	0.697	0.74	0	3	8	11	538	3	1	6	0	4	1	1	0.805833	0.752542	0.567917	0.118787	778	5127	5905
12768	6/21/2012	3	1	6	4	0	4	1	1	0.7	0.6667	0.84	0.0896	1	11	12	538	3	1	6	0	4	1	1	0.805833	0.752542	0.567917	0.118787	778	5127	5905
12769	6/21/2012	3	1	6	5	0	4	1	1	0.7	0.6667	0.84	0.1045	3	37	40	538	3	1	6	0	4	1	1	0.805833	0.752542	0.567917	0.118787	778	5127	5905
12770	6/21/2012	3	1	6	6	0	4	1	2	0.7	0.6667	0.84	0.0896	3	147	150	538	3	1	6	0	4	1	1	0.805833	0.752542	0.567917	0.118787	778	5127	5905
12771	6/21/2012	3	1	6	7	0	4	1	2	0.7	0.6667	0.84	0.0896	26	437	463	538	3	1	6	0	4	1	1	0.805833	0.752542	0.567917	0.118787	778	5127	5905
12772	6/21/2012	3	1	6	8	0	4	1	1	0.74	0.697	0.7	0	27	563	590	538	3	1	6	0	4	1	1	0.805833	0.752542	0.567917	0.118787	778	5127	5905
12773	6/21/2012	3	1	6	9	0	4	1	1	0.8	0.7576	0.55	0.194	32	224	256	538	3	1	6	0	4	1	1	0.805833	0.752542	0.567917	0.118787	778	5127	5905
12774	6/21/2012	3	1	6	10	0	4	1	1	0.84	0.7879	0.49	0.1045	36	114	150	538	3	1	6	0	4	1	1	0.805833	0.752542	0.567917	0.118787	778	5127	5905
12775	6/21/2012	3	1	6	11	0	4	1	1	0.86	0.7879	0.41	0.1343	40	121	161	538	3	1	6	0	4	1	1	0.805833	0.752542	0.567917	0.118787	778	5127	5905
12776	6/21/2012	3	1	6	12	0	4	1	1	0.9	0.8182	0.35	0.194	33	182	215	538	3	1	6	0	4	1	1	0.805833	0.752542	0.567917	0.118787	778	5127	5905
12777	6/21/2012	3	1	6	13	0	4	1	1	0.9	0.8182	0.35	0	31	141	172	538	3	1	6	0	4	1	1	0.805833	0.752542	0.567917	0.118787	778	5127	5905
12778	6/21/2012	3	1	6	14	0	4	1	1	0.88	0.7879	0.37	0.1642	27	149	176	538	3	1	6	0	4	1	1	0.805833	0.752542	0.567917	0.118787	778	5127	5905
12779	6/21/2012	3	1	6	15	0	4	1	1	0.92	0.8333	0.33	0.1642	40	154	194	538	3	1	6	0	4	1	1	0.805833	0.752542	0.567917	0.118787	778	5127	5905
12780	6/21/2012	3	1	6	16	0	4	1	1	0.9	0.8182	0.35	0.1343	37	283	320	538	3	1	6	0	4	1	1	0.805833	0.752542	0.567917	0.118787	778	5127	5905
12781	6/21/2012	3	1	6	17	0	4	1	1	0.88	0.7879	0.37	0	80	535	615	538	3	1	6	0	4	1	1	0.805833	0.752542	0.567917	0.118787	778	5127	5905
12782	6/21/2012	3	1	6	18	0	4	1	1	0.86	0.7879	0.41	0.194	78	562	640	538	3	1	6	0	4	1	1	0.805833	0.752542	0.567917	0.118787	778	5127	5905
12783	6/21/2012	3	1	6	19	0	4	1	1	0.88	0.803	0.39	0.2239	84	415	499	538	3	1	6	0	4	1	1	0.805833	0.752542	0.567917	0.118787	778	5127	5905
12784	6/21/2012	3	1	6	20	0	4	1	1	0.86	0.7879	0.44	0.194	79	357	436	538	3	1	6	0	4	1	1	0.805833	0.752542	0.567917	0.118787	778	5127	5905
12785	6/21/2012	3	1	6	21	0	4	1	1	0.82	0.7727	0.52	0.194	55	256	311	538	3	1	6	0	4	1	1	0.805833	0.752542	0.567917	0.118787	778	5127	5905
12786	6/21/2012	3	1	6	22	0	4	1	1	0.8	0.7879	0.63	0.1642	22	221	243	538	3	1	6	0	4	1	1	0.805833	0.752542	0.567917	0.118787	778	5127	5905
12787	6/21/2012	3	1	6	23	0	4	1	1	0.8	0.7727	0.59	0.0896	12	134	146	538	3	1	6	0	4	1	1	0.805833	0.752542	0.567917	0.118787	778	5127	5905
12788	6/22/2012	3	1	6	0	0	5	1	2	0.76	0.7273	0.7	0.1045	16	77	93	539	3	1	6	0	5	1	1	0.7775	0.724121	0.57375	0.182842	964	4859	5823
12789	6/22/2012	3	1	6	1	0	5	1	1	0.76	0.7424	0.75	0.1642	3	28	31	539	3	1	6	0	5	1	1	0.7775	0.724121	0.57375	0.182842	964	4859	5823
12790	6/22/2012	3	1	6	2	0	5	1	1	0.74	0.7121	0.79	0	0	12	12	539	3	1	6	0	5	1	1	0.7775	0.724121	0.57375	0.182842	964	4859	5823
12791	6/22/2012	3	1	6	3	0	5	1	1	0.74	0.7121	0.79	0	1	6	7	539	3	1	6	0	5	1	1	0.7775	0.724121	0.57375	0.182842	964	4859	5823
12792	6/22/2012	3	1	6	4	0	5	1	2	0.76	0.7273	0.66	0	3	7	10	539	3	1	6	0	5	1	1	0.7775	0.724121	0.57375	0.182842	964	4859	5823
12793	6/22/2012	3	1	6	5	0	5	1	2	0.74	0.697	0.66	0.0896	3	35	38	539	3	1	6	0	5	1	1	0.7775	0.724121	0.57375	0.182842	964	4859	5823
12794	6/22/2012	3	1	6	6	0	5	1	2	0.74	0.697	0.66	0	4	118	122	539	3	1	6	0	5	1	1	0.7775	0.724121	0.57375	0.182842	964	4859	5823
12795	6/22/2012	3	1	6	7	0	5	1	1	0.74	0.6818	0.58	0.1642	19	340	359	539	3	1	6	0	5	1	1	0.7775	0.724121	0.57375	0.182842	964	4859	5823
12796	6/22/2012	3	1	6	8	0	5	1	1	0.76	0.697	0.55	0.1343	49	564	613	539	3	1	6	0	5	1	1	0.7775	0.724121	0.57375	0.182842	964	4859	5823
12797	6/22/2012	3	1	6	9	0	5	1	1	0.76	0.7121	0.58	0.2239	55	278	333	539	3	1	6	0	5	1	1	0.7775	0.724121	0.57375	0.182842	964	4859	5823
12798	6/22/2012	3	1	6	10	0	5	1	1	0.8	0.7424	0.52	0.3582	52	133	185	539	3	1	6	0	5	1	1	0.7775	0.724121	0.57375	0.182842	964	4859	5823
12799	6/22/2012	3	1	6	11	0	5	1	1	0.8	0.7424	0.49	0.1642	76	160	236	539	3	1	6	0	5	1	1	0.7775	0.724121	0.57375	0.182842	964	4859	5823
12800	6/22/2012	3	1	6	12	0	5	1	1	0.84	0.7879	0.49	0.1343	63	191	254	539	3	1	6	0	5	1	1	0.7775	0.724121	0.57375	0.182842	964	4859	5823
12801	6/22/2012	3	1	6	13	0	5	1	1	0.88	0.803	0.39	0.2239	72	228	300	539	3	1	6	0	5	1	1	0.7775	0.724121	0.57375	0.182842	964	4859	5823
12802	6/22/2012	3	1	6	14	0	5	1	1	0.88	0.803	0.39	0.2239	65	198	263	539	3	1	6	0	5	1	1	0.7775	0.724121	0.57375	0.182842	964	4859	5823
12803	6/22/2012	3	1	6	15	0	5	1	1	0.9	0.8182	0.35	0.3582	72	212	284	539	3	1	6	0	5	1	1	0.7775	0.724121	0.57375	0.182842	964	4859	5823
12804	6/22/2012	3	1	6	16	0	5	1	1	0.9	0.803	0.31	0.2239	67	313	380	539	3	1	6	0	5	1	1	0.7775	0.724121	0.57375	0.182842	964	4859	5823
12805	6/22/2012	3	1	6	17	0	5	1	2	0.82	0.7273	0.38	0.1642	95	551	646	539	3	1	6	0	5	1	1	0.7775	0.724121	0.57375	0.182842	964	4859	5823
12806	6/22/2012	3	1	6	18	0	5	1	2	0.8	0.7576	0.55	0.194	62	443	505	539	3	1	6	0	5	1	1	0.7775	0.724121	0.57375	0.182842	964	4859	5823
12807	6/22/2012	3	1	6	19	0	5	1	2	0.76	0.697	0.55	0.5224	45	317	362	539	3	1	6	0	5	1	1	0.7775	0.724121	0.57375	0.182842	964	4859	5823
12808	6/22/2012	3	1	6	20	0	5	1	2	0.76	0.697	0.55	0.5224	31	171	202	539	3	1	6	0	5	1	1	0.7775	0.724121	0.57375	0.182842	964	4859	5823
12809	6/22/2012	3	1	6	21	0	5	1	3	0.68	0.6364	0.65	0.2836	40	177	217	539	3	1	6	0	5	1	1	0.7775	0.724121	0.57375	0.182842	964	4859	5823
12810	6/22/2012	3	1	6	22	0	5	1	1	0.68	0.6364	0.69	0.1343	42	155	197	539	3	1	6	0	5	1	1	0.7775	0.724121	0.57375	0.182842	964	4859	5823
12811	6/22/2012	3	1	6	23	0	5	1	2	0.66	0.6212	0.74	0	29	145	174	539	3	1	6	0	5	1	1	0.7775	0.724121	0.57375	0.182842	964	4859	5823
12812	6/23/2012	3	1	6	0	0	6	0	1	0.64	0.5758	0.83	0	14	102	116	540	3	1	6	0	6	0	1	0.731667	0.652792	0.534583	0.179721	2657	4801	7458
12813	6/23/2012	3	1	6	1	0	6	0	1	0.66	0.6061	0.78	0.1343	16	107	123	540	3	1	6	0	6	0	1	0.731667	0.652792	0.534583	0.179721	2657	4801	7458
12814	6/23/2012	3	1	6	2	0	6	0	2	0.64	0.5758	0.83	0.194	18	75	93	540	3	1	6	0	6	0	1	0.731667	0.652792	0.534583	0.179721	2657	4801	7458
12815	6/23/2012	3	1	6	3	0	6	0	2	0.64	0.5758	0.83	0.0896	10	32	42	540	3	1	6	0	6	0	1	0.731667	0.652792	0.534583	0.179721	2657	4801	7458
12816	6/23/2012	3	1	6	4	0	6	0	2	0.64	0.5758	0.83	0.1642	6	13	19	540	3	1	6	0	6	0	1	0.731667	0.652792	0.534583	0.179721	2657	4801	7458
12817	6/23/2012	3	1	6	5	0	6	0	2	0.64	0.5758	0.83	0.194	1	11	12	540	3	1	6	0	6	0	1	0.731667	0.652792	0.534583	0.179721	2657	4801	7458
12818	6/23/2012	3	1	6	6	0	6	0	1	0.64	0.5758	0.83	0.0896	10	37	47	540	3	1	6	0	6	0	1	0.731667	0.652792	0.534583	0.179721	2657	4801	7458
12819	6/23/2012	3	1	6	7	0	6	0	1	0.64	0.5758	0.83	0.1642	19	59	78	540	3	1	6	0	6	0	1	0.731667	0.652792	0.534583	0.179721	2657	4801	7458
12820	6/23/2012	3	1	6	8	0	6	0	1	0.68	0.6364	0.69	0.2239	34	133	167	540	3	1	6	0	6	0	1	0.731667	0.652792	0.534583	0.179721	2657	4801	7458
12821	6/23/2012	3	1	6	9	0	6	0	1	0.72	0.6818	0.62	0.194	85	247	332	540	3	1	6	0	6	0	1	0.731667	0.652792	0.534583	0.179721	2657	4801	7458
12822	6/23/2012	3	1	6	10	0	6	0	1	0.74	0.6818	0.55	0.194	177	317	494	540	3	1	6	0	6	0	1	0.731667	0.652792	0.534583	0.179721	2657	4801	7458
12823	6/23/2012	3	1	6	11	0	6	0	1	0.76	0.6818	0.48	0.2239	167	349	516	540	3	1	6	0	6	0	1	0.731667	0.652792	0.534583	0.179721	2657	4801	7458
12824	6/23/2012	3	1	6	12	0	6	0	1	0.8	0.7273	0.43	0.194	203	399	602	540	3	1	6	0	6	0	1	0.731667	0.652792	0.534583	0.179721	2657	4801	7458
12825	6/23/2012	3	1	6	13	0	6	0	1	0.82	0.7273	0.34	0.194	226	338	564	540	3	1	6	0	6	0	1	0.731667	0.652792	0.534583	0.179721	2657	4801	7458
12826	6/23/2012	3	1	6	14	0	6	0	1	0.78	0.6818	0.33	0.2537	238	371	609	540	3	1	6	0	6	0	1	0.731667	0.652792	0.534583	0.179721	2657	4801	7458
12827	6/23/2012	3	1	6	15	0	6	0	1	0.84	0.7273	0.3	0.3284	217	266	483	540	3	1	6	0	6	0	1	0.731667	0.652792	0.534583	0.179721	2657	4801	7458
12828	6/23/2012	3	1	6	16	0	6	0	1	0.84	0.7121	0.26	0.2985	196	317	513	540	3	1	6	0	6	0	1	0.731667	0.652792	0.534583	0.179721	2657	4801	7458
12829	6/23/2012	3	1	6	17	0	6	0	1	0.82	0.7121	0.26	0.2537	214	316	530	540	3	1	6	0	6	0	1	0.731667	0.652792	0.534583	0.179721	2657	4801	7458
12830	6/23/2012	3	1	6	18	0	6	0	1	0.82	0.7121	0.26	0.2985	194	287	481	540	3	1	6	0	6	0	1	0.731667	0.652792	0.534583	0.179721	2657	4801	7458
12831	6/23/2012	3	1	6	19	0	6	0	1	0.8	0.697	0.27	0.194	185	240	425	540	3	1	6	0	6	0	1	0.731667	0.652792	0.534583	0.179721	2657	4801	7458
12832	6/23/2012	3	1	6	20	0	6	0	1	0.78	0.6818	0.31	0.194	158	228	386	540	3	1	6	0	6	0	1	0.731667	0.652792	0.534583	0.179721	2657	4801	7458
12833	6/23/2012	3	1	6	21	0	6	0	1	0.76	0.6667	0.33	0.1343	99	223	322	540	3	1	6	0	6	0	1	0.731667	0.652792	0.534583	0.179721	2657	4801	7458
12834	6/23/2012	3	1	6	22	0	6	0	1	0.74	0.6515	0.37	0.1045	101	178	279	540	3	1	6	0	6	0	1	0.731667	0.652792	0.534583	0.179721	2657	4801	7458
12835	6/23/2012	3	1	6	23	0	6	0	1	0.72	0.6515	0.44	0	69	156	225	540	3	1	6	0	6	0	1	0.731667	0.652792	0.534583	0.179721	2657	4801	7458
12836	6/24/2012	3	1	6	0	0	0	0	1	0.7	0.6515	0.51	0	31	132	163	541	3	1	6	0	0	0	1	0.743333	0.674254	0.479167	0.145525	2551	4340	6891
12837	6/24/2012	3	1	6	1	0	0	0	2	0.68	0.6364	0.54	0.0896	39	88	127	541	3	1	6	0	0	0	1	0.743333	0.674254	0.479167	0.145525	2551	4340	6891
12838	6/24/2012	3	1	6	2	0	0	0	2	0.68	0.6364	0.51	0	34	80	114	541	3	1	6	0	0	0	1	0.743333	0.674254	0.479167	0.145525	2551	4340	6891
12839	6/24/2012	3	1	6	3	0	0	0	2	0.66	0.6212	0.65	0.0896	19	41	60	541	3	1	6	0	0	0	1	0.743333	0.674254	0.479167	0.145525	2551	4340	6891
12840	6/24/2012	3	1	6	4	0	0	0	2	0.66	0.6212	0.65	0	4	9	13	541	3	1	6	0	0	0	1	0.743333	0.674254	0.479167	0.145525	2551	4340	6891
12841	6/24/2012	3	1	6	5	0	0	0	1	0.62	0.6061	0.69	0.1343	1	7	8	541	3	1	6	0	0	0	1	0.743333	0.674254	0.479167	0.145525	2551	4340	6891
12842	6/24/2012	3	1	6	6	0	0	0	1	0.64	0.6061	0.65	0.1642	6	19	25	541	3	1	6	0	0	0	1	0.743333	0.674254	0.479167	0.145525	2551	4340	6891
12843	6/24/2012	3	1	6	7	0	0	0	1	0.64	0.6061	0.69	0.1045	23	48	71	541	3	1	6	0	0	0	1	0.743333	0.674254	0.479167	0.145525	2551	4340	6891
12844	6/24/2012	3	1	6	8	0	0	0	1	0.7	0.6515	0.58	0	38	103	141	541	3	1	6	0	0	0	1	0.743333	0.674254	0.479167	0.145525	2551	4340	6891
12845	6/24/2012	3	1	6	9	0	0	0	1	0.72	0.6667	0.51	0	63	169	232	541	3	1	6	0	0	0	1	0.743333	0.674254	0.479167	0.145525	2551	4340	6891
12846	6/24/2012	3	1	6	10	0	0	0	1	0.76	0.6818	0.4	0	161	291	452	541	3	1	6	0	0	0	1	0.743333	0.674254	0.479167	0.145525	2551	4340	6891
12847	6/24/2012	3	1	6	11	0	0	0	1	0.76	0.6818	0.4	0.1343	215	291	506	541	3	1	6	0	0	0	1	0.743333	0.674254	0.479167	0.145525	2551	4340	6891
12848	6/24/2012	3	1	6	12	0	0	0	1	0.8	0.697	0.33	0.2239	227	329	556	541	3	1	6	0	0	0	1	0.743333	0.674254	0.479167	0.145525	2551	4340	6891
12849	6/24/2012	3	1	6	13	0	0	0	1	0.8	0.697	0.33	0.2836	237	348	585	541	3	1	6	0	0	0	1	0.743333	0.674254	0.479167	0.145525	2551	4340	6891
12850	6/24/2012	3	1	6	14	0	0	0	1	0.84	0.7273	0.3	0.2985	253	298	551	541	3	1	6	0	0	0	1	0.743333	0.674254	0.479167	0.145525	2551	4340	6891
12851	6/24/2012	3	1	6	15	0	0	0	1	0.86	0.7424	0.28	0.2239	197	290	487	541	3	1	6	0	0	0	1	0.743333	0.674254	0.479167	0.145525	2551	4340	6891
12852	6/24/2012	3	1	6	16	0	0	0	1	0.84	0.7273	0.3	0.2537	181	280	461	541	3	1	6	0	0	0	1	0.743333	0.674254	0.479167	0.145525	2551	4340	6891
12853	6/24/2012	3	1	6	17	0	0	0	1	0.84	0.7273	0.32	0.2537	203	329	532	541	3	1	6	0	0	0	1	0.743333	0.674254	0.479167	0.145525	2551	4340	6891
12854	6/24/2012	3	1	6	18	0	0	0	1	0.82	0.7273	0.34	0.2537	186	348	534	541	3	1	6	0	0	0	1	0.743333	0.674254	0.479167	0.145525	2551	4340	6891
12855	6/24/2012	3	1	6	19	0	0	0	1	0.8	0.7121	0.38	0.2985	176	247	423	541	3	1	6	0	0	0	1	0.743333	0.674254	0.479167	0.145525	2551	4340	6891
12856	6/24/2012	3	1	6	20	0	0	0	1	0.78	0.697	0.46	0.2537	108	224	332	541	3	1	6	0	0	0	1	0.743333	0.674254	0.479167	0.145525	2551	4340	6891
12857	6/24/2012	3	1	6	21	0	0	0	1	0.76	0.697	0.55	0.2239	76	177	253	541	3	1	6	0	0	0	1	0.743333	0.674254	0.479167	0.145525	2551	4340	6891
12858	6/24/2012	3	1	6	22	0	0	0	1	0.74	0.6818	0.55	0.1045	53	125	178	541	3	1	6	0	0	0	1	0.743333	0.674254	0.479167	0.145525	2551	4340	6891
12859	6/24/2012	3	1	6	23	0	0	0	1	0.74	0.6818	0.58	0.1045	20	67	87	541	3	1	6	0	0	0	1	0.743333	0.674254	0.479167	0.145525	2551	4340	6891
12860	6/25/2012	3	1	6	0	0	1	1	1	0.72	0.6818	0.62	0.2537	31	37	68	542	3	1	6	0	1	1	1	0.715833	0.654042	0.504167	0.300383	1139	5640	6779
12861	6/25/2012	3	1	6	1	0	1	1	1	0.7	0.6515	0.65	0.2239	11	20	31	542	3	1	6	0	1	1	1	0.715833	0.654042	0.504167	0.300383	1139	5640	6779
12862	6/25/2012	3	1	6	2	0	1	1	1	0.7	0.6515	0.7	0.2239	4	10	14	542	3	1	6	0	1	1	1	0.715833	0.654042	0.504167	0.300383	1139	5640	6779
12863	6/25/2012	3	1	6	3	0	1	1	1	0.68	0.6364	0.69	0.2537	1	4	5	542	3	1	6	0	1	1	1	0.715833	0.654042	0.504167	0.300383	1139	5640	6779
12864	6/25/2012	3	1	6	4	0	1	1	1	0.66	0.6061	0.78	0.2537	0	4	4	542	3	1	6	0	1	1	1	0.715833	0.654042	0.504167	0.300383	1139	5640	6779
12865	6/25/2012	3	1	6	5	0	1	1	1	0.66	0.6212	0.74	0.1642	1	42	43	542	3	1	6	0	1	1	1	0.715833	0.654042	0.504167	0.300383	1139	5640	6779
12866	6/25/2012	3	1	6	6	0	1	1	1	0.64	0.5909	0.78	0.1642	11	147	158	542	3	1	6	0	1	1	1	0.715833	0.654042	0.504167	0.300383	1139	5640	6779
12867	6/25/2012	3	1	6	7	0	1	1	1	0.66	0.6212	0.74	0.2239	30	455	485	542	3	1	6	0	1	1	1	0.715833	0.654042	0.504167	0.300383	1139	5640	6779
12868	6/25/2012	3	1	6	8	0	1	1	1	0.66	0.6212	0.69	0.194	53	555	608	542	3	1	6	0	1	1	1	0.715833	0.654042	0.504167	0.300383	1139	5640	6779
12869	6/25/2012	3	1	6	9	0	1	1	1	0.7	0.6515	0.65	0.194	37	231	268	542	3	1	6	0	1	1	1	0.715833	0.654042	0.504167	0.300383	1139	5640	6779
12870	6/25/2012	3	1	6	10	0	1	1	1	0.76	0.697	0.55	0.1642	58	126	184	542	3	1	6	0	1	1	1	0.715833	0.654042	0.504167	0.300383	1139	5640	6779
12871	6/25/2012	3	1	6	11	0	1	1	1	0.8	0.7273	0.43	0.3284	54	127	181	542	3	1	6	0	1	1	1	0.715833	0.654042	0.504167	0.300383	1139	5640	6779
12872	6/25/2012	3	1	6	12	0	1	1	2	0.76	0.6818	0.45	0.2985	74	196	270	542	3	1	6	0	1	1	1	0.715833	0.654042	0.504167	0.300383	1139	5640	6779
12873	6/25/2012	3	1	6	13	0	1	1	1	0.72	0.6667	0.51	0.2985	79	181	260	542	3	1	6	0	1	1	1	0.715833	0.654042	0.504167	0.300383	1139	5640	6779
12874	6/25/2012	3	1	6	14	0	1	1	1	0.78	0.697	0.43	0.2537	90	161	251	542	3	1	6	0	1	1	1	0.715833	0.654042	0.504167	0.300383	1139	5640	6779
12875	6/25/2012	3	1	6	15	0	1	1	1	0.78	0.6818	0.38	0.4627	65	168	233	542	3	1	6	0	1	1	1	0.715833	0.654042	0.504167	0.300383	1139	5640	6779
12876	6/25/2012	3	1	6	16	0	1	1	1	0.8	0.697	0.31	0.3881	104	310	414	542	3	1	6	0	1	1	1	0.715833	0.654042	0.504167	0.300383	1139	5640	6779
12877	6/25/2012	3	1	6	17	0	1	1	1	0.8	0.6818	0.24	0.4627	76	757	833	542	3	1	6	0	1	1	1	0.715833	0.654042	0.504167	0.300383	1139	5640	6779
12878	6/25/2012	3	1	6	18	0	1	1	1	0.76	0.6667	0.27	0.4478	100	691	791	542	3	1	6	0	1	1	1	0.715833	0.654042	0.504167	0.300383	1139	5640	6779
12879	6/25/2012	3	1	6	19	0	1	1	1	0.74	0.6515	0.27	0.4627	74	508	582	542	3	1	6	0	1	1	1	0.715833	0.654042	0.504167	0.300383	1139	5640	6779
12880	6/25/2012	3	1	6	20	0	1	1	1	0.72	0.6515	0.3	0.4478	100	375	475	542	3	1	6	0	1	1	1	0.715833	0.654042	0.504167	0.300383	1139	5640	6779
12881	6/25/2012	3	1	6	21	0	1	1	1	0.68	0.6212	0.3	0.3284	50	281	331	542	3	1	6	0	1	1	1	0.715833	0.654042	0.504167	0.300383	1139	5640	6779
12882	6/25/2012	3	1	6	22	0	1	1	1	0.66	0.6212	0.29	0.3881	21	166	187	542	3	1	6	0	1	1	1	0.715833	0.654042	0.504167	0.300383	1139	5640	6779
12883	6/25/2012	3	1	6	23	0	1	1	1	0.64	0.6212	0.33	0.3284	15	88	103	542	3	1	6	0	1	1	1	0.715833	0.654042	0.504167	0.300383	1139	5640	6779
12884	6/26/2012	3	1	6	0	0	2	1	1	0.62	0.6212	0.33	0.3284	8	29	37	543	3	1	6	0	2	1	1	0.630833	0.594704	0.373333	0.347642	1077	6365	7442
12885	6/26/2012	3	1	6	1	0	2	1	1	0.6	0.6212	0.35	0.3881	11	19	30	543	3	1	6	0	2	1	1	0.630833	0.594704	0.373333	0.347642	1077	6365	7442
12886	6/26/2012	3	1	6	2	0	2	1	1	0.56	0.5303	0.43	0.2836	2	7	9	543	3	1	6	0	2	1	1	0.630833	0.594704	0.373333	0.347642	1077	6365	7442
12887	6/26/2012	3	1	6	3	0	2	1	1	0.54	0.5152	0.45	0.2836	2	7	9	543	3	1	6	0	2	1	1	0.630833	0.594704	0.373333	0.347642	1077	6365	7442
12888	6/26/2012	3	1	6	4	0	2	1	1	0.54	0.5152	0.45	0.2985	1	9	10	543	3	1	6	0	2	1	1	0.630833	0.594704	0.373333	0.347642	1077	6365	7442
12889	6/26/2012	3	1	6	5	0	2	1	1	0.52	0.5	0.48	0.3881	3	36	39	543	3	1	6	0	2	1	1	0.630833	0.594704	0.373333	0.347642	1077	6365	7442
12890	6/26/2012	3	1	6	6	0	2	1	1	0.52	0.5	0.52	0.2985	12	176	188	543	3	1	6	0	2	1	1	0.630833	0.594704	0.373333	0.347642	1077	6365	7442
12891	6/26/2012	3	1	6	7	0	2	1	1	0.52	0.5	0.52	0.3582	21	531	552	543	3	1	6	0	2	1	1	0.630833	0.594704	0.373333	0.347642	1077	6365	7442
12892	6/26/2012	3	1	6	8	0	2	1	1	0.56	0.5303	0.49	0.3284	34	622	656	543	3	1	6	0	2	1	1	0.630833	0.594704	0.373333	0.347642	1077	6365	7442
12893	6/26/2012	3	1	6	9	0	2	1	1	0.58	0.5455	0.46	0.4179	30	298	328	543	3	1	6	0	2	1	1	0.630833	0.594704	0.373333	0.347642	1077	6365	7442
12894	6/26/2012	3	1	6	10	0	2	1	1	0.62	0.6212	0.41	0.3582	37	153	190	543	3	1	6	0	2	1	1	0.630833	0.594704	0.373333	0.347642	1077	6365	7442
12895	6/26/2012	3	1	6	11	0	2	1	1	0.64	0.6212	0.36	0.4179	46	189	235	543	3	1	6	0	2	1	1	0.630833	0.594704	0.373333	0.347642	1077	6365	7442
12896	6/26/2012	3	1	6	12	0	2	1	1	0.66	0.6212	0.34	0.4478	80	228	308	543	3	1	6	0	2	1	1	0.630833	0.594704	0.373333	0.347642	1077	6365	7442
12897	6/26/2012	3	1	6	13	0	2	1	1	0.7	0.6364	0.3	0.4627	74	232	306	543	3	1	6	0	2	1	1	0.630833	0.594704	0.373333	0.347642	1077	6365	7442
12898	6/26/2012	3	1	6	14	0	2	1	1	0.7	0.6364	0.3	0.4627	81	186	267	543	3	1	6	0	2	1	1	0.630833	0.594704	0.373333	0.347642	1077	6365	7442
12899	6/26/2012	3	1	6	15	0	2	1	1	0.72	0.6515	0.28	0.4627	88	229	317	543	3	1	6	0	2	1	1	0.630833	0.594704	0.373333	0.347642	1077	6365	7442
12900	6/26/2012	3	1	6	16	0	2	1	1	0.72	0.6364	0.26	0.4925	67	349	416	543	3	1	6	0	2	1	1	0.630833	0.594704	0.373333	0.347642	1077	6365	7442
12901	6/26/2012	3	1	6	17	0	2	1	1	0.72	0.6515	0.28	0.4179	104	796	900	543	3	1	6	0	2	1	1	0.630833	0.594704	0.373333	0.347642	1077	6365	7442
12902	6/26/2012	3	1	6	18	0	2	1	1	0.72	0.6515	0.28	0.3582	105	719	824	543	3	1	6	0	2	1	1	0.630833	0.594704	0.373333	0.347642	1077	6365	7442
12903	6/26/2012	3	1	6	19	0	2	1	1	0.72	0.6515	0.28	0.2239	83	529	612	543	3	1	6	0	2	1	1	0.630833	0.594704	0.373333	0.347642	1077	6365	7442
12904	6/26/2012	3	1	6	20	0	2	1	1	0.7	0.6364	0.3	0.2836	88	417	505	543	3	1	6	0	2	1	1	0.630833	0.594704	0.373333	0.347642	1077	6365	7442
12905	6/26/2012	3	1	6	21	0	2	1	1	0.68	0.6364	0.34	0.194	61	267	328	543	3	1	6	0	2	1	1	0.630833	0.594704	0.373333	0.347642	1077	6365	7442
12906	6/26/2012	3	1	6	22	0	2	1	1	0.66	0.6212	0.34	0.2537	26	219	245	543	3	1	6	0	2	1	1	0.630833	0.594704	0.373333	0.347642	1077	6365	7442
12907	6/26/2012	3	1	6	23	0	2	1	1	0.62	0.6212	0.41	0.1343	13	118	131	543	3	1	6	0	2	1	1	0.630833	0.594704	0.373333	0.347642	1077	6365	7442
12908	6/27/2012	3	1	6	0	0	3	1	1	0.62	0.6212	0.41	0.194	15	39	54	544	3	1	6	0	3	1	1	0.6975	0.640792	0.36	0.271775	1077	6258	7335
12909	6/27/2012	3	1	6	1	0	3	1	1	0.6	0.6212	0.43	0.1642	5	18	23	544	3	1	6	0	3	1	1	0.6975	0.640792	0.36	0.271775	1077	6258	7335
12910	6/27/2012	3	1	6	2	0	3	1	1	0.56	0.5303	0.49	0.1343	2	12	14	544	3	1	6	0	3	1	1	0.6975	0.640792	0.36	0.271775	1077	6258	7335
12911	6/27/2012	3	1	6	3	0	3	1	1	0.58	0.5455	0.46	0.0896	1	7	8	544	3	1	6	0	3	1	1	0.6975	0.640792	0.36	0.271775	1077	6258	7335
12912	6/27/2012	3	1	6	4	0	3	1	1	0.6	0.6212	0.4	0.2537	0	11	11	544	3	1	6	0	3	1	1	0.6975	0.640792	0.36	0.271775	1077	6258	7335
12913	6/27/2012	3	1	6	5	0	3	1	1	0.6	0.6212	0.43	0.2836	2	34	36	544	3	1	6	0	3	1	1	0.6975	0.640792	0.36	0.271775	1077	6258	7335
12914	6/27/2012	3	1	6	6	0	3	1	1	0.58	0.5455	0.46	0.2836	7	193	200	544	3	1	6	0	3	1	1	0.6975	0.640792	0.36	0.271775	1077	6258	7335
12915	6/27/2012	3	1	6	7	0	3	1	1	0.6	0.6212	0.43	0.3582	29	498	527	544	3	1	6	0	3	1	1	0.6975	0.640792	0.36	0.271775	1077	6258	7335
12916	6/27/2012	3	1	6	8	0	3	1	1	0.62	0.6212	0.43	0.3284	49	638	687	544	3	1	6	0	3	1	1	0.6975	0.640792	0.36	0.271775	1077	6258	7335
12917	6/27/2012	3	1	6	9	0	3	1	1	0.66	0.6212	0.41	0.3582	29	253	282	544	3	1	6	0	3	1	1	0.6975	0.640792	0.36	0.271775	1077	6258	7335
12918	6/27/2012	3	1	6	10	0	3	1	1	0.7	0.6364	0.37	0.2537	34	138	172	544	3	1	6	0	3	1	1	0.6975	0.640792	0.36	0.271775	1077	6258	7335
12919	6/27/2012	3	1	6	11	0	3	1	1	0.74	0.6515	0.3	0.3284	64	145	209	544	3	1	6	0	3	1	1	0.6975	0.640792	0.36	0.271775	1077	6258	7335
12920	6/27/2012	3	1	6	12	0	3	1	1	0.76	0.6667	0.29	0.2985	77	245	322	544	3	1	6	0	3	1	1	0.6975	0.640792	0.36	0.271775	1077	6258	7335
12921	6/27/2012	3	1	6	13	0	3	1	1	0.8	0.697	0.27	0.3284	77	244	321	544	3	1	6	0	3	1	1	0.6975	0.640792	0.36	0.271775	1077	6258	7335
12922	6/27/2012	3	1	6	14	0	3	1	1	0.8	0.6818	0.24	0.3582	78	192	270	544	3	1	6	0	3	1	1	0.6975	0.640792	0.36	0.271775	1077	6258	7335
12923	6/27/2012	3	1	6	15	0	3	1	1	0.8	0.697	0.26	0.4627	61	188	249	544	3	1	6	0	3	1	1	0.6975	0.640792	0.36	0.271775	1077	6258	7335
12924	6/27/2012	3	1	6	16	0	3	1	1	0.82	0.697	0.24	0.4478	55	337	392	544	3	1	6	0	3	1	1	0.6975	0.640792	0.36	0.271775	1077	6258	7335
12925	6/27/2012	3	1	6	17	0	3	1	1	0.82	0.697	0.24	0.3881	113	730	843	544	3	1	6	0	3	1	1	0.6975	0.640792	0.36	0.271775	1077	6258	7335
12926	6/27/2012	3	1	6	18	0	3	1	1	0.8	0.697	0.27	0.3284	85	719	804	544	3	1	6	0	3	1	1	0.6975	0.640792	0.36	0.271775	1077	6258	7335
12927	6/27/2012	3	1	6	19	0	3	1	1	0.78	0.6818	0.29	0.3284	101	542	643	544	3	1	6	0	3	1	1	0.6975	0.640792	0.36	0.271775	1077	6258	7335
12928	6/27/2012	3	1	6	20	0	3	1	1	0.76	0.6667	0.31	0.194	76	369	445	544	3	1	6	0	3	1	1	0.6975	0.640792	0.36	0.271775	1077	6258	7335
12929	6/27/2012	3	1	6	21	0	3	1	1	0.74	0.6515	0.35	0.1343	54	313	367	544	3	1	6	0	3	1	1	0.6975	0.640792	0.36	0.271775	1077	6258	7335
12930	6/27/2012	3	1	6	22	0	3	1	1	0.72	0.6515	0.39	0.0896	52	245	297	544	3	1	6	0	3	1	1	0.6975	0.640792	0.36	0.271775	1077	6258	7335
12931	6/27/2012	3	1	6	23	0	3	1	1	0.68	0.6364	0.47	0.1343	11	148	159	544	3	1	6	0	3	1	1	0.6975	0.640792	0.36	0.271775	1077	6258	7335
12932	6/28/2012	3	1	6	0	0	4	1	1	0.66	0.6212	0.5	0.1045	2	52	54	545	3	1	6	0	4	1	1	0.749167	0.675512	0.4225	0.17165	921	5958	6879
12933	6/28/2012	3	1	6	1	0	4	1	1	0.66	0.6212	0.54	0	11	14	25	545	3	1	6	0	4	1	1	0.749167	0.675512	0.4225	0.17165	921	5958	6879
12934	6/28/2012	3	1	6	2	0	4	1	1	0.66	0.6212	0.5	0.0896	1	12	13	545	3	1	6	0	4	1	1	0.749167	0.675512	0.4225	0.17165	921	5958	6879
12935	6/28/2012	3	1	6	3	0	4	1	1	0.66	0.6212	0.5	0.0896	1	6	7	545	3	1	6	0	4	1	1	0.749167	0.675512	0.4225	0.17165	921	5958	6879
12936	6/28/2012	3	1	6	4	0	4	1	1	0.62	0.6061	0.61	0.1045	0	11	11	545	3	1	6	0	4	1	1	0.749167	0.675512	0.4225	0.17165	921	5958	6879
12937	6/28/2012	3	1	6	5	0	4	1	1	0.62	0.6212	0.57	0.0896	8	39	47	545	3	1	6	0	4	1	1	0.749167	0.675512	0.4225	0.17165	921	5958	6879
12938	6/28/2012	3	1	6	6	0	4	1	1	0.62	0.6212	0.57	0.0896	8	185	193	545	3	1	6	0	4	1	1	0.749167	0.675512	0.4225	0.17165	921	5958	6879
12939	6/28/2012	3	1	6	7	0	4	1	1	0.62	0.6061	0.61	0.1045	24	484	508	545	3	1	6	0	4	1	1	0.749167	0.675512	0.4225	0.17165	921	5958	6879
12940	6/28/2012	3	1	6	8	0	4	1	1	0.66	0.6212	0.5	0.1343	40	577	617	545	3	1	6	0	4	1	1	0.749167	0.675512	0.4225	0.17165	921	5958	6879
12941	6/28/2012	3	1	6	9	0	4	1	1	0.7	0.6515	0.54	0.1642	33	318	351	545	3	1	6	0	4	1	1	0.749167	0.675512	0.4225	0.17165	921	5958	6879
12942	6/28/2012	3	1	6	10	0	4	1	1	0.74	0.6667	0.48	0.194	40	144	184	545	3	1	6	0	4	1	1	0.749167	0.675512	0.4225	0.17165	921	5958	6879
12943	6/28/2012	3	1	6	11	0	4	1	1	0.8	0.697	0.31	0.194	41	170	211	545	3	1	6	0	4	1	1	0.749167	0.675512	0.4225	0.17165	921	5958	6879
12944	6/28/2012	3	1	6	12	0	4	1	1	0.84	0.7121	0.26	0.2836	49	227	276	545	3	1	6	0	4	1	1	0.749167	0.675512	0.4225	0.17165	921	5958	6879
12945	6/28/2012	3	1	6	13	0	4	1	1	0.86	0.7424	0.26	0.2239	31	205	236	545	3	1	6	0	4	1	1	0.749167	0.675512	0.4225	0.17165	921	5958	6879
12946	6/28/2012	3	1	6	14	0	4	1	1	0.86	0.7273	0.25	0.3284	66	188	254	545	3	1	6	0	4	1	1	0.749167	0.675512	0.4225	0.17165	921	5958	6879
12947	6/28/2012	3	1	6	15	0	4	1	1	0.86	0.7273	0.25	0.3284	24	195	219	545	3	1	6	0	4	1	1	0.749167	0.675512	0.4225	0.17165	921	5958	6879
12948	6/28/2012	3	1	6	16	0	4	1	1	0.88	0.7424	0.23	0.194	56	331	387	545	3	1	6	0	4	1	1	0.749167	0.675512	0.4225	0.17165	921	5958	6879
12949	6/28/2012	3	1	6	17	0	4	1	1	0.88	0.7424	0.22	0.194	71	634	705	545	3	1	6	0	4	1	1	0.749167	0.675512	0.4225	0.17165	921	5958	6879
12950	6/28/2012	3	1	6	18	0	4	1	1	0.86	0.7273	0.25	0.2239	100	597	697	545	3	1	6	0	4	1	1	0.749167	0.675512	0.4225	0.17165	921	5958	6879
12951	6/28/2012	3	1	6	19	0	4	1	1	0.84	0.7273	0.3	0.2985	79	492	571	545	3	1	6	0	4	1	1	0.749167	0.675512	0.4225	0.17165	921	5958	6879
12952	6/28/2012	3	1	6	20	0	4	1	1	0.82	0.7273	0.34	0.194	71	399	470	545	3	1	6	0	4	1	1	0.749167	0.675512	0.4225	0.17165	921	5958	6879
12953	6/28/2012	3	1	6	21	0	4	1	1	0.76	0.697	0.55	0.194	89	309	398	545	3	1	6	0	4	1	1	0.749167	0.675512	0.4225	0.17165	921	5958	6879
12954	6/28/2012	3	1	6	22	0	4	1	1	0.76	0.697	0.52	0.1642	50	224	274	545	3	1	6	0	4	1	1	0.749167	0.675512	0.4225	0.17165	921	5958	6879
12955	6/28/2012	3	1	6	23	0	4	1	1	0.74	0.6667	0.48	0.1343	26	145	171	545	3	1	6	0	4	1	1	0.749167	0.675512	0.4225	0.17165	921	5958	6879
12956	6/29/2012	3	1	6	0	0	5	1	1	0.74	0.6667	0.48	0.1343	24	90	114	546	3	1	6	0	5	1	1	0.834167	0.786613	0.48875	0.165417	829	4634	5463
12957	6/29/2012	3	1	6	1	0	5	1	1	0.74	0.6667	0.51	0.1642	9	33	42	546	3	1	6	0	5	1	1	0.834167	0.786613	0.48875	0.165417	829	4634	5463
12958	6/29/2012	3	1	6	2	0	5	1	1	0.72	0.6667	0.58	0.194	3	15	18	546	3	1	6	0	5	1	1	0.834167	0.786613	0.48875	0.165417	829	4634	5463
12959	6/29/2012	3	1	6	3	0	5	1	1	0.72	0.6667	0.58	0.194	3	5	8	546	3	1	6	0	5	1	1	0.834167	0.786613	0.48875	0.165417	829	4634	5463
12960	6/29/2012	3	1	6	4	0	5	1	1	0.7	0.6515	0.65	0.1642	1	9	10	546	3	1	6	0	5	1	1	0.834167	0.786613	0.48875	0.165417	829	4634	5463
12961	6/29/2012	3	1	6	5	0	5	1	1	0.7	0.6515	0.61	0.1045	6	39	45	546	3	1	6	0	5	1	1	0.834167	0.786613	0.48875	0.165417	829	4634	5463
12962	6/29/2012	3	1	6	6	0	5	1	2	0.7	0.6515	0.61	0.1642	15	148	163	546	3	1	6	0	5	1	1	0.834167	0.786613	0.48875	0.165417	829	4634	5463
12963	6/29/2012	3	1	6	7	0	5	1	1	0.7	0.6515	0.61	0.1045	19	361	380	546	3	1	6	0	5	1	1	0.834167	0.786613	0.48875	0.165417	829	4634	5463
12964	6/29/2012	3	1	6	8	0	5	1	2	0.74	0.6818	0.55	0.1045	48	576	624	546	3	1	6	0	5	1	1	0.834167	0.786613	0.48875	0.165417	829	4634	5463
12965	6/29/2012	3	1	6	9	0	5	1	1	0.76	0.697	0.55	0.1642	39	261	300	546	3	1	6	0	5	1	1	0.834167	0.786613	0.48875	0.165417	829	4634	5463
12966	6/29/2012	3	1	6	10	0	5	1	1	0.9	0.8333	0.39	0.2985	32	139	171	546	3	1	6	0	5	1	1	0.834167	0.786613	0.48875	0.165417	829	4634	5463
12967	6/29/2012	3	1	6	11	0	5	1	2	0.9	0.8485	0.42	0.2836	51	137	188	546	3	1	6	0	5	1	1	0.834167	0.786613	0.48875	0.165417	829	4634	5463
12968	6/29/2012	3	1	6	12	0	5	1	2	0.92	0.8788	0.4	0.2537	53	173	226	546	3	1	6	0	5	1	1	0.834167	0.786613	0.48875	0.165417	829	4634	5463
12969	6/29/2012	3	1	6	13	0	5	1	1	0.94	0.8788	0.38	0.194	45	194	239	546	3	1	6	0	5	1	1	0.834167	0.786613	0.48875	0.165417	829	4634	5463
12970	6/29/2012	3	1	6	14	0	5	1	1	0.96	0.9091	0.36	0.2239	49	184	233	546	3	1	6	0	5	1	1	0.834167	0.786613	0.48875	0.165417	829	4634	5463
12971	6/29/2012	3	1	6	15	0	5	1	1	0.96	0.9091	0.36	0	47	183	230	546	3	1	6	0	5	1	1	0.834167	0.786613	0.48875	0.165417	829	4634	5463
12972	6/29/2012	3	1	6	16	0	5	1	1	0.96	0.9091	0.36	0	59	292	351	546	3	1	6	0	5	1	1	0.834167	0.786613	0.48875	0.165417	829	4634	5463
12973	6/29/2012	3	1	6	17	0	5	1	1	0.98	0.9242	0.34	0.194	82	457	539	546	3	1	6	0	5	1	1	0.834167	0.786613	0.48875	0.165417	829	4634	5463
12974	6/29/2012	3	1	6	18	0	5	1	1	0.96	0.8636	0.31	0	50	414	464	546	3	1	6	0	5	1	1	0.834167	0.786613	0.48875	0.165417	829	4634	5463
12975	6/29/2012	3	1	6	19	0	5	1	1	0.9	0.8788	0.47	0.194	60	303	363	546	3	1	6	0	5	1	1	0.834167	0.786613	0.48875	0.165417	829	4634	5463
12976	6/29/2012	3	1	6	20	0	5	1	1	0.92	0.8939	0.42	0.2537	53	255	308	546	3	1	6	0	5	1	1	0.834167	0.786613	0.48875	0.165417	829	4634	5463
12977	6/29/2012	3	1	6	21	0	5	1	2	0.86	0.8333	0.53	0.194	41	195	236	546	3	1	6	0	5	1	1	0.834167	0.786613	0.48875	0.165417	829	4634	5463
12978	6/29/2012	3	1	6	22	0	5	1	3	0.82	0.8333	0.63	0.194	34	129	163	546	3	1	6	0	5	1	1	0.834167	0.786613	0.48875	0.165417	829	4634	5463
12979	6/29/2012	3	1	6	23	0	5	1	3	0.82	0.8333	0.63	0.194	6	42	48	546	3	1	6	0	5	1	1	0.834167	0.786613	0.48875	0.165417	829	4634	5463
12980	6/30/2012	3	1	6	0	0	6	0	3	0.64	0.5758	0.89	0.1642	4	65	69	547	3	1	6	0	6	0	1	0.765	0.687508	0.60125	0.161071	1455	4232	5687
12981	6/30/2012	3	1	6	1	0	6	0	3	0.64	0.5758	0.89	0.2239	3	55	58	547	3	1	6	0	6	0	1	0.765	0.687508	0.60125	0.161071	1455	4232	5687
12982	6/30/2012	3	1	6	2	0	6	0	2	0.64	0.5758	0.89	0	7	54	61	547	3	1	6	0	6	0	1	0.765	0.687508	0.60125	0.161071	1455	4232	5687
12983	6/30/2012	3	1	6	3	0	6	0	2	0.64	0.5758	0.89	0	3	20	23	547	3	1	6	0	6	0	1	0.765	0.687508	0.60125	0.161071	1455	4232	5687
12984	6/30/2012	3	1	6	4	0	6	0	2	0.62	0.5455	0.94	0	3	15	18	547	3	1	6	0	6	0	1	0.765	0.687508	0.60125	0.161071	1455	4232	5687
12985	6/30/2012	3	1	6	5	0	6	0	1	0.64	0.5758	0.89	0.1642	3	7	10	547	3	1	6	0	6	0	1	0.765	0.687508	0.60125	0.161071	1455	4232	5687
12986	6/30/2012	3	1	6	6	0	6	0	1	0.64	0.5758	0.89	0.1642	6	36	42	547	3	1	6	0	6	0	1	0.765	0.687508	0.60125	0.161071	1455	4232	5687
12987	6/30/2012	3	1	6	7	0	6	0	1	0.64	0.5758	0.89	0.1642	10	82	92	547	3	1	6	0	6	0	1	0.765	0.687508	0.60125	0.161071	1455	4232	5687
12988	6/30/2012	3	1	6	8	0	6	0	1	0.64	0.5758	0.89	0.1642	26	168	194	547	3	1	6	0	6	0	1	0.765	0.687508	0.60125	0.161071	1455	4232	5687
12989	6/30/2012	3	1	6	9	0	6	0	1	0.64	0.5758	0.89	0.1642	41	234	275	547	3	1	6	0	6	0	1	0.765	0.687508	0.60125	0.161071	1455	4232	5687
12990	6/30/2012	3	1	6	10	0	6	0	1	0.88	0.7727	0.3	0.2537	96	308	404	547	3	1	6	0	6	0	1	0.765	0.687508	0.60125	0.161071	1455	4232	5687
12991	6/30/2012	3	1	6	11	0	6	0	1	0.88	0.7727	0.3	0.2537	102	350	452	547	3	1	6	0	6	0	1	0.765	0.687508	0.60125	0.161071	1455	4232	5687
12992	6/30/2012	3	1	6	12	0	6	0	1	0.88	0.7727	0.3	0.2537	143	328	471	547	3	1	6	0	6	0	1	0.765	0.687508	0.60125	0.161071	1455	4232	5687
12993	6/30/2012	3	1	6	13	0	6	0	1	0.88	0.7727	0.3	0.2537	105	323	428	547	3	1	6	0	6	0	1	0.765	0.687508	0.60125	0.161071	1455	4232	5687
12994	6/30/2012	3	1	6	14	0	6	0	1	0.88	0.7727	0.3	0.2537	114	295	409	547	3	1	6	0	6	0	1	0.765	0.687508	0.60125	0.161071	1455	4232	5687
12995	6/30/2012	3	1	6	15	0	6	0	1	0.88	0.7727	0.3	0.2537	117	287	404	547	3	1	6	0	6	0	1	0.765	0.687508	0.60125	0.161071	1455	4232	5687
12996	6/30/2012	3	1	6	16	0	6	0	1	0.9	0.7879	0.29	0.1642	109	264	373	547	3	1	6	0	6	0	1	0.765	0.687508	0.60125	0.161071	1455	4232	5687
12997	6/30/2012	3	1	6	17	0	6	0	1	0.88	0.7727	0.32	0.1343	131	231	362	547	3	1	6	0	6	0	1	0.765	0.687508	0.60125	0.161071	1455	4232	5687
12998	6/30/2012	3	1	6	18	0	6	0	1	0.88	0.7879	0.35	0	91	248	339	547	3	1	6	0	6	0	1	0.765	0.687508	0.60125	0.161071	1455	4232	5687
12999	6/30/2012	3	1	6	19	0	6	0	1	0.84	0.7576	0.44	0.2537	134	240	374	547	3	1	6	0	6	0	1	0.765	0.687508	0.60125	0.161071	1455	4232	5687
13000	6/30/2012	3	1	6	20	0	6	0	1	0.82	0.7727	0.52	0.1642	88	204	292	547	3	1	6	0	6	0	1	0.765	0.687508	0.60125	0.161071	1455	4232	5687
13001	6/30/2012	3	1	6	21	0	6	0	1	0.82	0.7727	0.52	0.1642	48	165	213	547	3	1	6	0	6	0	1	0.765	0.687508	0.60125	0.161071	1455	4232	5687
13002	6/30/2012	3	1	6	22	0	6	0	1	0.78	0.7424	0.62	0.1642	38	134	172	547	3	1	6	0	6	0	1	0.765	0.687508	0.60125	0.161071	1455	4232	5687
13003	6/30/2012	3	1	6	23	0	6	0	1	0.78	0.7424	0.62	0.0896	33	119	152	547	3	1	6	0	6	0	1	0.765	0.687508	0.60125	0.161071	1455	4232	5687
13004	7/1/2012	3	1	7	0	0	0	0	1	0.76	0.7273	0.66	0	27	122	149	548	3	1	7	0	0	0	1	0.815833	0.750629	0.51875	0.168529	1421	4110	5531
13005	7/1/2012	3	1	7	1	0	0	0	1	0.74	0.697	0.7	0.1343	12	81	93	548	3	1	7	0	0	0	1	0.815833	0.750629	0.51875	0.168529	1421	4110	5531
13006	7/1/2012	3	1	7	2	0	0	0	1	0.72	0.697	0.74	0.0896	21	69	90	548	3	1	7	0	0	0	1	0.815833	0.750629	0.51875	0.168529	1421	4110	5531
13007	7/1/2012	3	1	7	3	0	0	0	1	0.72	0.7121	0.84	0.1343	6	27	33	548	3	1	7	0	0	0	1	0.815833	0.750629	0.51875	0.168529	1421	4110	5531
13008	7/1/2012	3	1	7	4	0	0	0	1	0.7	0.6667	0.79	0.194	0	4	4	548	3	1	7	0	0	0	1	0.815833	0.750629	0.51875	0.168529	1421	4110	5531
13009	7/1/2012	3	1	7	5	0	0	0	1	0.68	0.6364	0.79	0.1045	3	7	10	548	3	1	7	0	0	0	1	0.815833	0.750629	0.51875	0.168529	1421	4110	5531
13010	7/1/2012	3	1	7	6	0	0	0	1	0.7	0.6667	0.79	0.0896	8	19	27	548	3	1	7	0	0	0	1	0.815833	0.750629	0.51875	0.168529	1421	4110	5531
13011	7/1/2012	3	1	7	7	0	0	0	1	0.74	0.697	0.7	0	13	37	50	548	3	1	7	0	0	0	1	0.815833	0.750629	0.51875	0.168529	1421	4110	5531
13012	7/1/2012	3	1	7	8	0	0	0	1	0.78	0.7424	0.62	0.1045	36	106	142	548	3	1	7	0	0	0	1	0.815833	0.750629	0.51875	0.168529	1421	4110	5531
13013	7/1/2012	3	1	7	9	0	0	0	1	0.82	0.7879	0.56	0	51	168	219	548	3	1	7	0	0	0	1	0.815833	0.750629	0.51875	0.168529	1421	4110	5531
13014	7/1/2012	3	1	7	10	0	0	0	1	0.86	0.7879	0.44	0.2985	98	268	366	548	3	1	7	0	0	0	1	0.815833	0.750629	0.51875	0.168529	1421	4110	5531
13015	7/1/2012	3	1	7	11	0	0	0	1	0.88	0.803	0.39	0.2239	121	256	377	548	3	1	7	0	0	0	1	0.815833	0.750629	0.51875	0.168529	1421	4110	5531
13016	7/1/2012	3	1	7	12	0	0	0	1	0.9	0.8182	0.37	0.2239	114	319	433	548	3	1	7	0	0	0	1	0.815833	0.750629	0.51875	0.168529	1421	4110	5531
13017	7/1/2012	3	1	7	13	0	0	0	1	0.92	0.8333	0.33	0.2537	111	309	420	548	3	1	7	0	0	0	1	0.815833	0.750629	0.51875	0.168529	1421	4110	5531
13018	7/1/2012	3	1	7	14	0	0	0	1	0.92	0.8333	0.33	0.2537	98	346	444	548	3	1	7	0	0	0	1	0.815833	0.750629	0.51875	0.168529	1421	4110	5531
13019	7/1/2012	3	1	7	15	0	0	0	1	0.9	0.8182	0.37	0.2836	101	244	345	548	3	1	7	0	0	0	1	0.815833	0.750629	0.51875	0.168529	1421	4110	5531
13020	7/1/2012	3	1	7	16	0	0	0	1	0.92	0.8333	0.33	0.2985	85	228	313	548	3	1	7	0	0	0	1	0.815833	0.750629	0.51875	0.168529	1421	4110	5531
13021	7/1/2012	3	1	7	17	0	0	0	1	0.92	0.803	0.26	0.2985	90	323	413	548	3	1	7	0	0	0	1	0.815833	0.750629	0.51875	0.168529	1421	4110	5531
13022	7/1/2012	3	1	7	18	0	0	0	1	0.88	0.7727	0.32	0.3582	95	275	370	548	3	1	7	0	0	0	1	0.815833	0.750629	0.51875	0.168529	1421	4110	5531
13023	7/1/2012	3	1	7	19	0	0	0	1	0.84	0.7424	0.39	0.1343	103	279	382	548	3	1	7	0	0	0	1	0.815833	0.750629	0.51875	0.168529	1421	4110	5531
13024	7/1/2012	3	1	7	20	0	0	0	1	0.84	0.7424	0.39	0.1343	88	244	332	548	3	1	7	0	0	0	1	0.815833	0.750629	0.51875	0.168529	1421	4110	5531
13025	7/1/2012	3	1	7	21	0	0	0	1	0.84	0.7424	0.39	0.1343	77	181	258	548	3	1	7	0	0	0	1	0.815833	0.750629	0.51875	0.168529	1421	4110	5531
13026	7/1/2012	3	1	7	22	0	0	0	1	0.82	0.7424	0.43	0.1343	41	110	151	548	3	1	7	0	0	0	1	0.815833	0.750629	0.51875	0.168529	1421	4110	5531
13027	7/1/2012	3	1	7	23	0	0	0	3	0.78	0.7121	0.52	0.1642	22	88	110	548	3	1	7	0	0	0	1	0.815833	0.750629	0.51875	0.168529	1421	4110	5531
13028	7/2/2012	3	1	7	0	0	1	1	2	0.76	0.7121	0.58	0.2239	12	31	43	549	3	1	7	0	1	1	1	0.781667	0.702038	0.447083	0.195267	904	5323	6227
13029	7/2/2012	3	1	7	1	0	1	1	2	0.76	0.7121	0.58	0.194	3	14	17	549	3	1	7	0	1	1	1	0.781667	0.702038	0.447083	0.195267	904	5323	6227
13030	7/2/2012	3	1	7	2	0	1	1	2	0.74	0.6667	0.51	0.2537	1	14	15	549	3	1	7	0	1	1	1	0.781667	0.702038	0.447083	0.195267	904	5323	6227
13031	7/2/2012	3	1	7	3	0	1	1	2	0.72	0.6667	0.54	0.4179	0	5	5	549	3	1	7	0	1	1	1	0.781667	0.702038	0.447083	0.195267	904	5323	6227
13032	7/2/2012	3	1	7	4	0	1	1	2	0.72	0.6667	0.54	0.2985	2	10	12	549	3	1	7	0	1	1	1	0.781667	0.702038	0.447083	0.195267	904	5323	6227
13033	7/2/2012	3	1	7	5	0	1	1	2	0.72	0.6667	0.51	0	3	37	40	549	3	1	7	0	1	1	1	0.781667	0.702038	0.447083	0.195267	904	5323	6227
13034	7/2/2012	3	1	7	6	0	1	1	1	0.7	0.6515	0.58	0.1045	4	132	136	549	3	1	7	0	1	1	1	0.781667	0.702038	0.447083	0.195267	904	5323	6227
13035	7/2/2012	3	1	7	7	0	1	1	1	0.74	0.6667	0.51	0.1045	8	390	398	549	3	1	7	0	1	1	1	0.781667	0.702038	0.447083	0.195267	904	5323	6227
13036	7/2/2012	3	1	7	8	0	1	1	1	0.76	0.697	0.52	0.194	20	548	568	549	3	1	7	0	1	1	1	0.781667	0.702038	0.447083	0.195267	904	5323	6227
13037	7/2/2012	3	1	7	9	0	1	1	1	0.78	0.697	0.46	0.2537	56	239	295	549	3	1	7	0	1	1	1	0.781667	0.702038	0.447083	0.195267	904	5323	6227
13038	7/2/2012	3	1	7	10	0	1	1	1	0.8	0.7273	0.43	0.2537	70	104	174	549	3	1	7	0	1	1	1	0.781667	0.702038	0.447083	0.195267	904	5323	6227
13039	7/2/2012	3	1	7	11	0	1	1	1	0.84	0.7273	0.28	0.2985	67	134	201	549	3	1	7	0	1	1	1	0.781667	0.702038	0.447083	0.195267	904	5323	6227
13040	7/2/2012	3	1	7	12	0	1	1	1	0.84	0.7273	0.32	0.194	74	183	257	549	3	1	7	0	1	1	1	0.781667	0.702038	0.447083	0.195267	904	5323	6227
13041	7/2/2012	3	1	7	13	0	1	1	1	0.86	0.7576	0.34	0.2239	74	162	236	549	3	1	7	0	1	1	1	0.781667	0.702038	0.447083	0.195267	904	5323	6227
13042	7/2/2012	3	1	7	14	0	1	1	1	0.86	0.7576	0.34	0.2239	79	151	230	549	3	1	7	0	1	1	1	0.781667	0.702038	0.447083	0.195267	904	5323	6227
13043	7/2/2012	3	1	7	15	0	1	1	1	0.84	0.7424	0.36	0.194	59	175	234	549	3	1	7	0	1	1	1	0.781667	0.702038	0.447083	0.195267	904	5323	6227
13044	7/2/2012	3	1	7	16	0	1	1	1	0.84	0.7424	0.36	0.2836	61	304	365	549	3	1	7	0	1	1	1	0.781667	0.702038	0.447083	0.195267	904	5323	6227
13045	7/2/2012	3	1	7	17	0	1	1	1	0.84	0.7273	0.32	0.1343	82	665	747	549	3	1	7	0	1	1	1	0.781667	0.702038	0.447083	0.195267	904	5323	6227
13046	7/2/2012	3	1	7	18	0	1	1	1	0.84	0.7273	0.32	0.1642	72	658	730	549	3	1	7	0	1	1	1	0.781667	0.702038	0.447083	0.195267	904	5323	6227
13047	7/2/2012	3	1	7	19	0	1	1	1	0.78	0.697	0.43	0.1343	71	510	581	549	3	1	7	0	1	1	1	0.781667	0.702038	0.447083	0.195267	904	5323	6227
13048	7/2/2012	3	1	7	20	0	1	1	1	0.78	0.697	0.43	0.1343	38	357	395	549	3	1	7	0	1	1	1	0.781667	0.702038	0.447083	0.195267	904	5323	6227
13049	7/2/2012	3	1	7	21	0	1	1	1	0.76	0.6818	0.45	0.1343	17	241	258	549	3	1	7	0	1	1	1	0.781667	0.702038	0.447083	0.195267	904	5323	6227
13050	7/2/2012	3	1	7	22	0	1	1	1	0.74	0.6667	0.51	0.1642	19	169	188	549	3	1	7	0	1	1	1	0.781667	0.702038	0.447083	0.195267	904	5323	6227
13051	7/2/2012	3	1	7	23	0	1	1	1	0.74	0.6667	0.51	0.1045	12	90	102	549	3	1	7	0	1	1	1	0.781667	0.702038	0.447083	0.195267	904	5323	6227
13052	7/3/2012	3	1	7	0	0	2	1	1	0.72	0.6667	0.54	0	9	44	53	550	3	1	7	0	2	1	1	0.780833	0.70265	0.492083	0.126237	1052	5608	6660
13053	7/3/2012	3	1	7	1	0	2	1	1	0.72	0.6667	0.58	0	5	9	14	550	3	1	7	0	2	1	1	0.780833	0.70265	0.492083	0.126237	1052	5608	6660
13054	7/3/2012	3	1	7	2	0	2	1	1	0.72	0.6667	0.58	0	2	8	10	550	3	1	7	0	2	1	1	0.780833	0.70265	0.492083	0.126237	1052	5608	6660
13055	7/3/2012	3	1	7	3	0	2	1	1	0.7	0.6515	0.65	0.1343	0	2	2	550	3	1	7	0	2	1	1	0.780833	0.70265	0.492083	0.126237	1052	5608	6660
13056	7/3/2012	3	1	7	4	0	2	1	1	0.68	0.6364	0.65	0.1045	0	6	6	550	3	1	7	0	2	1	1	0.780833	0.70265	0.492083	0.126237	1052	5608	6660
13057	7/3/2012	3	1	7	5	0	2	1	1	0.7	0.6515	0.61	0	2	33	35	550	3	1	7	0	2	1	1	0.780833	0.70265	0.492083	0.126237	1052	5608	6660
13058	7/3/2012	3	1	7	6	0	2	1	1	0.7	0.6515	0.65	0.1343	5	149	154	550	3	1	7	0	2	1	1	0.780833	0.70265	0.492083	0.126237	1052	5608	6660
13059	7/3/2012	3	1	7	7	0	2	1	1	0.74	0.6818	0.58	0	21	462	483	550	3	1	7	0	2	1	1	0.780833	0.70265	0.492083	0.126237	1052	5608	6660
13060	7/3/2012	3	1	7	8	0	2	1	1	0.74	0.6818	0.62	0.0896	42	604	646	550	3	1	7	0	2	1	1	0.780833	0.70265	0.492083	0.126237	1052	5608	6660
13061	7/3/2012	3	1	7	9	0	2	1	1	0.8	0.7424	0.49	0.1642	46	226	272	550	3	1	7	0	2	1	1	0.780833	0.70265	0.492083	0.126237	1052	5608	6660
13062	7/3/2012	3	1	7	10	0	2	1	1	0.82	0.7424	0.43	0.2239	56	153	209	550	3	1	7	0	2	1	1	0.780833	0.70265	0.492083	0.126237	1052	5608	6660
13063	7/3/2012	3	1	7	11	0	2	1	1	0.86	0.7576	0.34	0.194	66	151	217	550	3	1	7	0	2	1	1	0.780833	0.70265	0.492083	0.126237	1052	5608	6660
13064	7/3/2012	3	1	7	12	0	2	1	1	0.88	0.7576	0.28	0.194	74	198	272	550	3	1	7	0	2	1	1	0.780833	0.70265	0.492083	0.126237	1052	5608	6660
13065	7/3/2012	3	1	7	13	0	2	1	1	0.9	0.7727	0.25	0.1343	80	203	283	550	3	1	7	0	2	1	1	0.780833	0.70265	0.492083	0.126237	1052	5608	6660
13066	7/3/2012	3	1	7	14	0	2	1	1	0.9	0.7727	0.25	0.194	69	241	310	550	3	1	7	0	2	1	1	0.780833	0.70265	0.492083	0.126237	1052	5608	6660
13067	7/3/2012	3	1	7	15	0	2	1	2	0.9	0.7727	0.24	0	71	330	401	550	3	1	7	0	2	1	1	0.780833	0.70265	0.492083	0.126237	1052	5608	6660
13068	7/3/2012	3	1	7	16	0	2	1	2	0.9	0.7727	0.24	0.194	90	437	527	550	3	1	7	0	2	1	1	0.780833	0.70265	0.492083	0.126237	1052	5608	6660
13069	7/3/2012	3	1	7	17	0	2	1	2	0.86	0.7424	0.3	0.1642	102	620	722	550	3	1	7	0	2	1	1	0.780833	0.70265	0.492083	0.126237	1052	5608	6660
13070	7/3/2012	3	1	7	18	0	2	1	2	0.86	0.7424	0.3	0	85	542	627	550	3	1	7	0	2	1	1	0.780833	0.70265	0.492083	0.126237	1052	5608	6660
13071	7/3/2012	3	1	7	19	0	2	1	2	0.84	0.7424	0.36	0.1343	66	431	497	550	3	1	7	0	2	1	1	0.780833	0.70265	0.492083	0.126237	1052	5608	6660
13072	7/3/2012	3	1	7	20	0	2	1	3	0.76	0.697	0.55	0.4925	80	296	376	550	3	1	7	0	2	1	1	0.780833	0.70265	0.492083	0.126237	1052	5608	6660
13073	7/3/2012	3	1	7	21	0	2	1	2	0.7	0.6515	0.7	0.2836	36	160	196	550	3	1	7	0	2	1	1	0.780833	0.70265	0.492083	0.126237	1052	5608	6660
13074	7/3/2012	3	1	7	22	0	2	1	1	0.68	0.6364	0.79	0.194	26	151	177	550	3	1	7	0	2	1	1	0.780833	0.70265	0.492083	0.126237	1052	5608	6660
13075	7/3/2012	3	1	7	23	0	2	1	1	0.66	0.6061	0.83	0	19	152	171	550	3	1	7	0	2	1	1	0.780833	0.70265	0.492083	0.126237	1052	5608	6660
13076	7/4/2012	3	1	7	0	1	3	0	1	0.68	0.6364	0.79	0.0896	19	140	159	551	3	1	7	1	3	0	1	0.789167	0.732337	0.53875	0.13495	2562	4841	7403
13077	7/4/2012	3	1	7	1	1	3	0	1	0.68	0.6364	0.74	0	27	96	123	551	3	1	7	1	3	0	1	0.789167	0.732337	0.53875	0.13495	2562	4841	7403
13078	7/4/2012	3	1	7	2	1	3	0	1	0.66	0.6061	0.83	0.1343	27	66	93	551	3	1	7	1	3	0	1	0.789167	0.732337	0.53875	0.13495	2562	4841	7403
13079	7/4/2012	3	1	7	3	1	3	0	1	0.68	0.6364	0.74	0.194	9	23	32	551	3	1	7	1	3	0	1	0.789167	0.732337	0.53875	0.13495	2562	4841	7403
13080	7/4/2012	3	1	7	4	1	3	0	1	0.68	0.6364	0.69	0.2537	5	11	16	551	3	1	7	1	3	0	1	0.789167	0.732337	0.53875	0.13495	2562	4841	7403
13081	7/4/2012	3	1	7	5	1	3	0	1	0.66	0.6212	0.69	0	5	14	19	551	3	1	7	1	3	0	1	0.789167	0.732337	0.53875	0.13495	2562	4841	7403
13082	7/4/2012	3	1	7	6	1	3	0	1	0.66	0.6212	0.69	0	9	23	32	551	3	1	7	1	3	0	1	0.789167	0.732337	0.53875	0.13495	2562	4841	7403
13083	7/4/2012	3	1	7	7	1	3	0	1	0.68	0.6364	0.65	0	10	62	72	551	3	1	7	1	3	0	1	0.789167	0.732337	0.53875	0.13495	2562	4841	7403
13084	7/4/2012	3	1	7	8	1	3	0	1	0.7	0.6515	0.61	0.1045	43	110	153	551	3	1	7	1	3	0	1	0.789167	0.732337	0.53875	0.13495	2562	4841	7403
13085	7/4/2012	3	1	7	9	1	3	0	1	0.76	0.697	0.52	0	90	203	293	551	3	1	7	1	3	0	1	0.789167	0.732337	0.53875	0.13495	2562	4841	7403
13086	7/4/2012	3	1	7	10	1	3	0	1	0.8	0.7273	0.46	0	143	304	447	551	3	1	7	1	3	0	1	0.789167	0.732337	0.53875	0.13495	2562	4841	7403
13087	7/4/2012	3	1	7	11	1	3	0	1	0.82	0.7576	0.46	0.1343	164	321	485	551	3	1	7	1	3	0	1	0.789167	0.732337	0.53875	0.13495	2562	4841	7403
13088	7/4/2012	3	1	7	12	1	3	0	1	0.86	0.7879	0.41	0.2239	164	330	494	551	3	1	7	1	3	0	1	0.789167	0.732337	0.53875	0.13495	2562	4841	7403
13089	7/4/2012	3	1	7	13	1	3	0	1	0.9	0.8182	0.35	0	177	322	499	551	3	1	7	1	3	0	1	0.789167	0.732337	0.53875	0.13495	2562	4841	7403
13090	7/4/2012	3	1	7	14	1	3	0	1	0.9	0.8182	0.37	0.1642	190	357	547	551	3	1	7	1	3	0	1	0.789167	0.732337	0.53875	0.13495	2562	4841	7403
13091	7/4/2012	3	1	7	15	1	3	0	1	0.92	0.8485	0.35	0.2985	155	299	454	551	3	1	7	1	3	0	1	0.789167	0.732337	0.53875	0.13495	2562	4841	7403
13092	7/4/2012	3	1	7	16	1	3	0	1	0.92	0.8485	0.35	0.2537	163	226	389	551	3	1	7	1	3	0	1	0.789167	0.732337	0.53875	0.13495	2562	4841	7403
13093	7/4/2012	3	1	7	17	1	3	0	1	0.92	0.8485	0.35	0.2985	161	253	414	551	3	1	7	1	3	0	1	0.789167	0.732337	0.53875	0.13495	2562	4841	7403
13094	7/4/2012	3	1	7	18	1	3	0	1	0.9	0.8485	0.42	0.194	159	271	430	551	3	1	7	1	3	0	1	0.789167	0.732337	0.53875	0.13495	2562	4841	7403
13095	7/4/2012	3	1	7	19	1	3	0	1	0.86	0.803	0.47	0.2239	177	255	432	551	3	1	7	1	3	0	1	0.789167	0.732337	0.53875	0.13495	2562	4841	7403
13096	7/4/2012	3	1	7	20	1	3	0	1	0.86	0.803	0.47	0.2239	237	314	551	551	3	1	7	1	3	0	1	0.789167	0.732337	0.53875	0.13495	2562	4841	7403
13097	7/4/2012	3	1	7	21	1	3	0	1	0.84	0.803	0.53	0.1343	222	362	584	551	3	1	7	1	3	0	1	0.789167	0.732337	0.53875	0.13495	2562	4841	7403
13098	7/4/2012	3	1	7	22	1	3	0	1	0.82	0.7879	0.56	0.2239	175	327	502	551	3	1	7	1	3	0	1	0.789167	0.732337	0.53875	0.13495	2562	4841	7403
13099	7/4/2012	3	1	7	23	1	3	0	2	0.78	0.697	0.43	0.0896	31	152	183	551	3	1	7	1	3	0	1	0.789167	0.732337	0.53875	0.13495	2562	4841	7403
13100	7/5/2012	3	1	7	0	0	4	1	1	0.74	0.6667	0.51	0.1045	17	71	88	552	3	1	7	0	4	1	1	0.8275	0.761367	0.457917	0.194029	1405	4836	6241
13101	7/5/2012	3	1	7	1	0	4	1	1	0.74	0.6667	0.51	0.2836	6	24	30	552	3	1	7	0	4	1	1	0.8275	0.761367	0.457917	0.194029	1405	4836	6241
13102	7/5/2012	3	1	7	2	0	4	1	1	0.74	0.6667	0.51	0	4	14	18	552	3	1	7	0	4	1	1	0.8275	0.761367	0.457917	0.194029	1405	4836	6241
13103	7/5/2012	3	1	7	3	0	4	1	1	0.72	0.6667	0.54	0.194	2	5	7	552	3	1	7	0	4	1	1	0.8275	0.761367	0.457917	0.194029	1405	4836	6241
13104	7/5/2012	3	1	7	4	0	4	1	1	0.72	0.6667	0.58	0	0	7	7	552	3	1	7	0	4	1	1	0.8275	0.761367	0.457917	0.194029	1405	4836	6241
13105	7/5/2012	3	1	7	5	0	4	1	1	0.72	0.6818	0.62	0	1	28	29	552	3	1	7	0	4	1	1	0.8275	0.761367	0.457917	0.194029	1405	4836	6241
13106	7/5/2012	3	1	7	6	0	4	1	1	0.72	0.6667	0.58	0	3	130	133	552	3	1	7	0	4	1	1	0.8275	0.761367	0.457917	0.194029	1405	4836	6241
13107	7/5/2012	3	1	7	7	0	4	1	1	0.76	0.697	0.55	0	27	316	343	552	3	1	7	0	4	1	1	0.8275	0.761367	0.457917	0.194029	1405	4836	6241
13108	7/5/2012	3	1	7	8	0	4	1	1	0.8	0.7424	0.49	0.1343	36	514	550	552	3	1	7	0	4	1	1	0.8275	0.761367	0.457917	0.194029	1405	4836	6241
13109	7/5/2012	3	1	7	9	0	4	1	1	0.84	0.7879	0.49	0.2985	47	246	293	552	3	1	7	0	4	1	1	0.8275	0.761367	0.457917	0.194029	1405	4836	6241
13110	7/5/2012	3	1	7	10	0	4	1	1	0.86	0.7879	0.44	0.3582	69	117	186	552	3	1	7	0	4	1	1	0.8275	0.761367	0.457917	0.194029	1405	4836	6241
13111	7/5/2012	3	1	7	11	0	4	1	1	0.9	0.8182	0.35	0.2985	107	137	244	552	3	1	7	0	4	1	1	0.8275	0.761367	0.457917	0.194029	1405	4836	6241
13112	7/5/2012	3	1	7	12	0	4	1	1	0.9	0.8182	0.35	0.3582	88	188	276	552	3	1	7	0	4	1	1	0.8275	0.761367	0.457917	0.194029	1405	4836	6241
13113	7/5/2012	3	1	7	13	0	4	1	1	0.92	0.8333	0.33	0.2239	129	181	310	552	3	1	7	0	4	1	1	0.8275	0.761367	0.457917	0.194029	1405	4836	6241
13114	7/5/2012	3	1	7	14	0	4	1	1	0.92	0.8333	0.33	0.3284	87	154	241	552	3	1	7	0	4	1	1	0.8275	0.761367	0.457917	0.194029	1405	4836	6241
13115	7/5/2012	3	1	7	15	0	4	1	1	0.92	0.8333	0.33	0.3582	71	183	254	552	3	1	7	0	4	1	1	0.8275	0.761367	0.457917	0.194029	1405	4836	6241
13116	7/5/2012	3	1	7	16	0	4	1	1	0.92	0.8333	0.33	0.2537	109	324	433	552	3	1	7	0	4	1	1	0.8275	0.761367	0.457917	0.194029	1405	4836	6241
13117	7/5/2012	3	1	7	17	0	4	1	1	0.92	0.8485	0.35	0.1642	114	575	689	552	3	1	7	0	4	1	1	0.8275	0.761367	0.457917	0.194029	1405	4836	6241
13118	7/5/2012	3	1	7	18	0	4	1	2	0.9	0.8333	0.39	0.3284	96	511	607	552	3	1	7	0	4	1	1	0.8275	0.761367	0.457917	0.194029	1405	4836	6241
13119	7/5/2012	3	1	7	19	0	4	1	2	0.88	0.803	0.39	0.2537	128	375	503	552	3	1	7	0	4	1	1	0.8275	0.761367	0.457917	0.194029	1405	4836	6241
13120	7/5/2012	3	1	7	20	0	4	1	2	0.86	0.7879	0.41	0.2239	78	243	321	552	3	1	7	0	4	1	1	0.8275	0.761367	0.457917	0.194029	1405	4836	6241
13121	7/5/2012	3	1	7	21	0	4	1	1	0.84	0.7727	0.47	0.194	91	232	323	552	3	1	7	0	4	1	1	0.8275	0.761367	0.457917	0.194029	1405	4836	6241
13122	7/5/2012	3	1	7	22	0	4	1	1	0.82	0.803	0.59	0.1343	63	162	225	552	3	1	7	0	4	1	1	0.8275	0.761367	0.457917	0.194029	1405	4836	6241
13123	7/5/2012	3	1	7	23	0	4	1	1	0.8	0.7576	0.55	0.1642	32	99	131	552	3	1	7	0	4	1	1	0.8275	0.761367	0.457917	0.194029	1405	4836	6241
13124	7/6/2012	3	1	7	0	0	5	1	1	0.78	0.7424	0.62	0.1343	39	63	102	553	3	1	7	0	5	1	1	0.828333	0.752533	0.450833	0.146142	1366	4841	6207
13125	7/6/2012	3	1	7	1	0	5	1	1	0.78	0.7273	0.55	0.2239	7	22	29	553	3	1	7	0	5	1	1	0.828333	0.752533	0.450833	0.146142	1366	4841	6207
13126	7/6/2012	3	1	7	2	0	5	1	1	0.76	0.7121	0.62	0.1343	4	13	17	553	3	1	7	0	5	1	1	0.828333	0.752533	0.450833	0.146142	1366	4841	6207
13127	7/6/2012	3	1	7	3	0	5	1	2	0.74	0.697	0.7	0.194	1	6	7	553	3	1	7	0	5	1	1	0.828333	0.752533	0.450833	0.146142	1366	4841	6207
13128	7/6/2012	3	1	7	4	0	5	1	1	0.74	0.697	0.66	0.2239	2	4	6	553	3	1	7	0	5	1	1	0.828333	0.752533	0.450833	0.146142	1366	4841	6207
13129	7/6/2012	3	1	7	5	0	5	1	1	0.74	0.697	0.66	0.194	4	31	35	553	3	1	7	0	5	1	1	0.828333	0.752533	0.450833	0.146142	1366	4841	6207
13130	7/6/2012	3	1	7	6	0	5	1	1	0.74	0.697	0.66	0.194	4	127	131	553	3	1	7	0	5	1	1	0.828333	0.752533	0.450833	0.146142	1366	4841	6207
13131	7/6/2012	3	1	7	7	0	5	1	1	0.78	0.697	0.46	0.1343	20	333	353	553	3	1	7	0	5	1	1	0.828333	0.752533	0.450833	0.146142	1366	4841	6207
13132	7/6/2012	3	1	7	8	0	5	1	1	0.8	0.7121	0.41	0.1642	28	557	585	553	3	1	7	0	5	1	1	0.828333	0.752533	0.450833	0.146142	1366	4841	6207
13133	7/6/2012	3	1	7	9	0	5	1	1	0.82	0.7273	0.36	0.1343	55	249	304	553	3	1	7	0	5	1	1	0.828333	0.752533	0.450833	0.146142	1366	4841	6207
13134	7/6/2012	3	1	7	10	0	5	1	1	0.86	0.7424	0.3	0	80	130	210	553	3	1	7	0	5	1	1	0.828333	0.752533	0.450833	0.146142	1366	4841	6207
13135	7/6/2012	3	1	7	11	0	5	1	1	0.84	0.7273	0.32	0.0896	92	141	233	553	3	1	7	0	5	1	1	0.828333	0.752533	0.450833	0.146142	1366	4841	6207
13136	7/6/2012	3	1	7	12	0	5	1	1	0.88	0.7576	0.28	0.1045	111	220	331	553	3	1	7	0	5	1	1	0.828333	0.752533	0.450833	0.146142	1366	4841	6207
13137	7/6/2012	3	1	7	13	0	5	1	1	0.9	0.7879	0.27	0.1045	99	194	293	553	3	1	7	0	5	1	1	0.828333	0.752533	0.450833	0.146142	1366	4841	6207
13138	7/6/2012	3	1	7	14	0	5	1	1	0.9	0.803	0.31	0.1642	91	184	275	553	3	1	7	0	5	1	1	0.828333	0.752533	0.450833	0.146142	1366	4841	6207
13139	7/6/2012	3	1	7	15	0	5	1	1	0.92	0.8182	0.29	0.194	79	206	285	553	3	1	7	0	5	1	1	0.828333	0.752533	0.450833	0.146142	1366	4841	6207
13140	7/6/2012	3	1	7	16	0	5	1	1	0.92	0.8182	0.29	0.1045	69	300	369	553	3	1	7	0	5	1	1	0.828333	0.752533	0.450833	0.146142	1366	4841	6207
13141	7/6/2012	3	1	7	17	0	5	1	1	0.92	0.8182	0.29	0	90	486	576	553	3	1	7	0	5	1	1	0.828333	0.752533	0.450833	0.146142	1366	4841	6207
13142	7/6/2012	3	1	7	18	0	5	1	1	0.9	0.803	0.33	0.2537	106	454	560	553	3	1	7	0	5	1	1	0.828333	0.752533	0.450833	0.146142	1366	4841	6207
13143	7/6/2012	3	1	7	19	0	5	1	1	0.88	0.7879	0.35	0.2239	112	306	418	553	3	1	7	0	5	1	1	0.828333	0.752533	0.450833	0.146142	1366	4841	6207
13144	7/6/2012	3	1	7	20	0	5	1	1	0.86	0.7727	0.39	0.1045	91	245	336	553	3	1	7	0	5	1	1	0.828333	0.752533	0.450833	0.146142	1366	4841	6207
13145	7/6/2012	3	1	7	21	0	5	1	1	0.82	0.7727	0.52	0.1343	77	223	300	553	3	1	7	0	5	1	1	0.828333	0.752533	0.450833	0.146142	1366	4841	6207
13146	7/6/2012	3	1	7	22	0	5	1	1	0.8	0.7576	0.55	0.194	78	210	288	553	3	1	7	0	5	1	1	0.828333	0.752533	0.450833	0.146142	1366	4841	6207
13147	7/6/2012	3	1	7	23	0	5	1	1	0.8	0.7879	0.63	0.1045	27	137	164	553	3	1	7	0	5	1	1	0.828333	0.752533	0.450833	0.146142	1366	4841	6207
13148	7/7/2012	3	1	7	0	0	6	0	1	0.78	0.7576	0.66	0.1343	35	115	150	554	3	1	7	0	6	0	1	0.861667	0.804913	0.492083	0.163554	1448	3392	4840
13149	7/7/2012	3	1	7	1	0	6	0	1	0.76	0.7273	0.7	0.1642	16	55	71	554	3	1	7	0	6	0	1	0.861667	0.804913	0.492083	0.163554	1448	3392	4840
13150	7/7/2012	3	1	7	2	0	6	0	1	0.76	0.7424	0.72	0.1642	11	47	58	554	3	1	7	0	6	0	1	0.861667	0.804913	0.492083	0.163554	1448	3392	4840
13151	7/7/2012	3	1	7	3	0	6	0	1	0.74	0.7121	0.74	0.1343	12	19	31	554	3	1	7	0	6	0	1	0.861667	0.804913	0.492083	0.163554	1448	3392	4840
13152	7/7/2012	3	1	7	4	0	6	0	1	0.74	0.7121	0.74	0.1642	3	13	16	554	3	1	7	0	6	0	1	0.861667	0.804913	0.492083	0.163554	1448	3392	4840
13153	7/7/2012	3	1	7	5	0	6	0	1	0.74	0.7121	0.74	0.194	2	12	14	554	3	1	7	0	6	0	1	0.861667	0.804913	0.492083	0.163554	1448	3392	4840
13154	7/7/2012	3	1	7	6	0	6	0	1	0.74	0.7121	0.74	0.1045	4	27	31	554	3	1	7	0	6	0	1	0.861667	0.804913	0.492083	0.163554	1448	3392	4840
13155	7/7/2012	3	1	7	7	0	6	0	1	0.78	0.7576	0.66	0.1045	8	63	71	554	3	1	7	0	6	0	1	0.861667	0.804913	0.492083	0.163554	1448	3392	4840
13156	7/7/2012	3	1	7	8	0	6	0	1	0.82	0.8333	0.63	0.194	32	120	152	554	3	1	7	0	6	0	1	0.861667	0.804913	0.492083	0.163554	1448	3392	4840
13157	7/7/2012	3	1	7	9	0	6	0	1	0.84	0.8333	0.59	0.1642	69	187	256	554	3	1	7	0	6	0	1	0.861667	0.804913	0.492083	0.163554	1448	3392	4840
13158	7/7/2012	3	1	7	10	0	6	0	1	0.92	0.8636	0.37	0.2239	100	225	325	554	3	1	7	0	6	0	1	0.861667	0.804913	0.492083	0.163554	1448	3392	4840
13159	7/7/2012	3	1	7	11	0	6	0	1	0.94	0.8788	0.38	0.194	122	245	367	554	3	1	7	0	6	0	1	0.861667	0.804913	0.492083	0.163554	1448	3392	4840
13160	7/7/2012	3	1	7	12	0	6	0	1	0.96	0.8636	0.31	0.3582	124	218	342	554	3	1	7	0	6	0	1	0.861667	0.804913	0.492083	0.163554	1448	3392	4840
13161	7/7/2012	3	1	7	13	0	6	0	2	0.96	0.8636	0.31	0.2537	116	244	360	554	3	1	7	0	6	0	1	0.861667	0.804913	0.492083	0.163554	1448	3392	4840
13162	7/7/2012	3	1	7	14	0	6	0	2	0.96	0.8636	0.3	0.1343	105	203	308	554	3	1	7	0	6	0	1	0.861667	0.804913	0.492083	0.163554	1448	3392	4840
13163	7/7/2012	3	1	7	15	0	6	0	1	0.96	0.8485	0.26	0	113	193	306	554	3	1	7	0	6	0	1	0.861667	0.804913	0.492083	0.163554	1448	3392	4840
13164	7/7/2012	3	1	7	16	0	6	0	1	1	0.8636	0.19	0.1642	102	192	294	554	3	1	7	0	6	0	1	0.861667	0.804913	0.492083	0.163554	1448	3392	4840
13165	7/7/2012	3	1	7	17	0	6	0	1	0.96	0.8485	0.26	0.1343	103	176	279	554	3	1	7	0	6	0	1	0.861667	0.804913	0.492083	0.163554	1448	3392	4840
13166	7/7/2012	3	1	7	18	0	6	0	1	0.94	0.8333	0.29	0.0896	83	194	277	554	3	1	7	0	6	0	1	0.861667	0.804913	0.492083	0.163554	1448	3392	4840
13167	7/7/2012	3	1	7	19	0	6	0	1	0.92	0.8333	0.33	0.1343	68	219	287	554	3	1	7	0	6	0	1	0.861667	0.804913	0.492083	0.163554	1448	3392	4840
13168	7/7/2012	3	1	7	20	0	6	0	1	0.9	0.8182	0.37	0.1642	79	197	276	554	3	1	7	0	6	0	1	0.861667	0.804913	0.492083	0.163554	1448	3392	4840
13169	7/7/2012	3	1	7	21	0	6	0	1	0.88	0.7879	0.37	0.194	51	150	201	554	3	1	7	0	6	0	1	0.861667	0.804913	0.492083	0.163554	1448	3392	4840
13170	7/7/2012	3	1	7	22	0	6	0	1	0.84	0.8333	0.59	0.194	56	164	220	554	3	1	7	0	6	0	1	0.861667	0.804913	0.492083	0.163554	1448	3392	4840
13171	7/7/2012	3	1	7	23	0	6	0	1	0.84	0.8182	0.56	0.1642	34	114	148	554	3	1	7	0	6	0	1	0.861667	0.804913	0.492083	0.163554	1448	3392	4840
13172	7/8/2012	3	1	7	0	0	0	0	1	0.82	0.7879	0.56	0.1343	22	125	147	555	3	1	7	0	0	0	1	0.8225	0.790396	0.57375	0.125629	1203	3469	4672
13173	7/8/2012	3	1	7	1	0	0	0	1	0.82	0.7879	0.56	0.1045	25	99	124	555	3	1	7	0	0	0	1	0.8225	0.790396	0.57375	0.125629	1203	3469	4672
13174	7/8/2012	3	1	7	2	0	0	0	1	0.82	0.7727	0.52	0.1045	11	59	70	555	3	1	7	0	0	0	1	0.8225	0.790396	0.57375	0.125629	1203	3469	4672
13175	7/8/2012	3	1	7	3	0	0	0	1	0.8	0.7727	0.59	0.1045	1	34	35	555	3	1	7	0	0	0	1	0.8225	0.790396	0.57375	0.125629	1203	3469	4672
13176	7/8/2012	3	1	7	4	0	0	0	1	0.78	0.7576	0.66	0.1045	2	11	13	555	3	1	7	0	0	0	1	0.8225	0.790396	0.57375	0.125629	1203	3469	4672
13177	7/8/2012	3	1	7	5	0	0	0	1	0.78	0.7424	0.62	0	1	5	6	555	3	1	7	0	0	0	1	0.8225	0.790396	0.57375	0.125629	1203	3469	4672
13178	7/8/2012	3	1	7	6	0	0	0	1	0.78	0.7727	0.7	0.1343	5	16	21	555	3	1	7	0	0	0	1	0.8225	0.790396	0.57375	0.125629	1203	3469	4672
13179	7/8/2012	3	1	7	7	0	0	0	1	0.8	0.803	0.66	0	19	33	52	555	3	1	7	0	0	0	1	0.8225	0.790396	0.57375	0.125629	1203	3469	4672
13180	7/8/2012	3	1	7	8	0	0	0	1	0.84	0.803	0.53	0.1343	35	95	130	555	3	1	7	0	0	0	1	0.8225	0.790396	0.57375	0.125629	1203	3469	4672
13181	7/8/2012	3	1	7	9	0	0	0	1	0.86	0.8182	0.5	0.1045	70	172	242	555	3	1	7	0	0	0	1	0.8225	0.790396	0.57375	0.125629	1203	3469	4672
13182	7/8/2012	3	1	7	10	0	0	0	1	0.9	0.8636	0.45	0	85	234	319	555	3	1	7	0	0	0	1	0.8225	0.790396	0.57375	0.125629	1203	3469	4672
13183	7/8/2012	3	1	7	11	0	0	0	1	0.92	0.8939	0.42	0.2985	120	269	389	555	3	1	7	0	0	0	1	0.8225	0.790396	0.57375	0.125629	1203	3469	4672
13184	7/8/2012	3	1	7	12	0	0	0	1	0.92	0.8939	0.42	0.194	105	271	376	555	3	1	7	0	0	0	1	0.8225	0.790396	0.57375	0.125629	1203	3469	4672
13185	7/8/2012	3	1	7	13	0	0	0	1	0.94	0.8788	0.38	0.2537	118	219	337	555	3	1	7	0	0	0	1	0.8225	0.790396	0.57375	0.125629	1203	3469	4672
13186	7/8/2012	3	1	7	14	0	0	0	1	0.96	0.9091	0.36	0.1642	77	235	312	555	3	1	7	0	0	0	1	0.8225	0.790396	0.57375	0.125629	1203	3469	4672
13187	7/8/2012	3	1	7	15	0	0	0	3	0.92	0.8939	0.42	0.2836	80	218	298	555	3	1	7	0	0	0	1	0.8225	0.790396	0.57375	0.125629	1203	3469	4672
13188	7/8/2012	3	1	7	16	0	0	0	2	0.8	0.803	0.66	0.2239	65	226	291	555	3	1	7	0	0	0	1	0.8225	0.790396	0.57375	0.125629	1203	3469	4672
13189	7/8/2012	3	1	7	17	0	0	0	1	0.78	0.7424	0.59	0	68	202	270	555	3	1	7	0	0	0	1	0.8225	0.790396	0.57375	0.125629	1203	3469	4672
13190	7/8/2012	3	1	7	18	0	0	0	1	0.78	0.7424	0.62	0.1045	54	199	253	555	3	1	7	0	0	0	1	0.8225	0.790396	0.57375	0.125629	1203	3469	4672
13191	7/8/2012	3	1	7	19	0	0	0	1	0.78	0.7424	0.62	0.1642	66	184	250	555	3	1	7	0	0	0	1	0.8225	0.790396	0.57375	0.125629	1203	3469	4672
13192	7/8/2012	3	1	7	20	0	0	0	1	0.76	0.7273	0.7	0.0896	79	206	285	555	3	1	7	0	0	0	1	0.8225	0.790396	0.57375	0.125629	1203	3469	4672
13193	7/8/2012	3	1	7	21	0	0	0	1	0.76	0.7273	0.7	0.1343	58	149	207	555	3	1	7	0	0	0	1	0.8225	0.790396	0.57375	0.125629	1203	3469	4672
13194	7/8/2012	3	1	7	22	0	0	0	3	0.74	0.697	0.7	0.0896	12	110	122	555	3	1	7	0	0	0	1	0.8225	0.790396	0.57375	0.125629	1203	3469	4672
13195	7/8/2012	3	1	7	23	0	0	0	3	0.68	0.6364	0.83	0.0896	25	98	123	555	3	1	7	0	0	0	1	0.8225	0.790396	0.57375	0.125629	1203	3469	4672
13196	7/9/2012	3	1	7	0	0	1	1	2	0.68	0.6364	0.89	0.0896	6	33	39	556	3	1	7	0	1	1	2	0.710833	0.654054	0.683333	0.180975	998	5571	6569
13197	7/9/2012	3	1	7	1	0	1	1	3	0.7	0.6667	0.89	0.1045	5	13	18	556	3	1	7	0	1	1	2	0.710833	0.654054	0.683333	0.180975	998	5571	6569
13198	7/9/2012	3	1	7	2	0	1	1	3	0.7	0.6667	0.89	0.194	1	4	5	556	3	1	7	0	1	1	2	0.710833	0.654054	0.683333	0.180975	998	5571	6569
13199	7/9/2012	3	1	7	3	0	1	1	3	0.7	0.6667	0.89	0.194	0	5	5	556	3	1	7	0	1	1	2	0.710833	0.654054	0.683333	0.180975	998	5571	6569
13200	7/9/2012	3	1	7	4	0	1	1	3	0.66	0.5909	0.89	0.3881	1	1	2	556	3	1	7	0	1	1	2	0.710833	0.654054	0.683333	0.180975	998	5571	6569
13201	7/9/2012	3	1	7	5	0	1	1	2	0.66	0.6061	0.83	0.2239	1	27	28	556	3	1	7	0	1	1	2	0.710833	0.654054	0.683333	0.180975	998	5571	6569
13202	7/9/2012	3	1	7	6	0	1	1	3	0.64	0.5758	0.89	0.2537	6	86	92	556	3	1	7	0	1	1	2	0.710833	0.654054	0.683333	0.180975	998	5571	6569
13203	7/9/2012	3	1	7	7	0	1	1	3	0.66	0.6061	0.83	0.2239	7	223	230	556	3	1	7	0	1	1	2	0.710833	0.654054	0.683333	0.180975	998	5571	6569
13204	7/9/2012	3	1	7	8	0	1	1	2	0.66	0.6061	0.83	0.1642	26	429	455	556	3	1	7	0	1	1	2	0.710833	0.654054	0.683333	0.180975	998	5571	6569
13205	7/9/2012	3	1	7	9	0	1	1	2	0.66	0.6061	0.83	0.1642	38	325	363	556	3	1	7	0	1	1	2	0.710833	0.654054	0.683333	0.180975	998	5571	6569
13206	7/9/2012	3	1	7	10	0	1	1	2	0.66	0.6061	0.83	0.194	58	117	175	556	3	1	7	0	1	1	2	0.710833	0.654054	0.683333	0.180975	998	5571	6569
13207	7/9/2012	3	1	7	11	0	1	1	2	0.72	0.6818	0.62	0.1343	72	144	216	556	3	1	7	0	1	1	2	0.710833	0.654054	0.683333	0.180975	998	5571	6569
13208	7/9/2012	3	1	7	12	0	1	1	2	0.74	0.6818	0.58	0.1343	61	205	266	556	3	1	7	0	1	1	2	0.710833	0.654054	0.683333	0.180975	998	5571	6569
13209	7/9/2012	3	1	7	13	0	1	1	2	0.76	0.697	0.55	0.2537	67	188	255	556	3	1	7	0	1	1	2	0.710833	0.654054	0.683333	0.180975	998	5571	6569
13210	7/9/2012	3	1	7	14	0	1	1	2	0.74	0.6818	0.55	0.2537	58	184	242	556	3	1	7	0	1	1	2	0.710833	0.654054	0.683333	0.180975	998	5571	6569
13211	7/9/2012	3	1	7	15	0	1	1	2	0.76	0.6818	0.45	0.2239	66	214	280	556	3	1	7	0	1	1	2	0.710833	0.654054	0.683333	0.180975	998	5571	6569
13212	7/9/2012	3	1	7	16	0	1	1	1	0.78	0.697	0.4	0.2836	88	325	413	556	3	1	7	0	1	1	2	0.710833	0.654054	0.683333	0.180975	998	5571	6569
13213	7/9/2012	3	1	7	17	0	1	1	1	0.78	0.697	0.4	0.1642	108	741	849	556	3	1	7	0	1	1	2	0.710833	0.654054	0.683333	0.180975	998	5571	6569
13214	7/9/2012	3	1	7	18	0	1	1	1	0.76	0.6818	0.48	0.1343	82	790	872	556	3	1	7	0	1	1	2	0.710833	0.654054	0.683333	0.180975	998	5571	6569
13215	7/9/2012	3	1	7	19	0	1	1	1	0.74	0.6818	0.55	0.1642	88	543	631	556	3	1	7	0	1	1	2	0.710833	0.654054	0.683333	0.180975	998	5571	6569
13216	7/9/2012	3	1	7	20	0	1	1	2	0.74	0.6818	0.55	0.1045	69	378	447	556	3	1	7	0	1	1	2	0.710833	0.654054	0.683333	0.180975	998	5571	6569
13217	7/9/2012	3	1	7	21	0	1	1	2	0.74	0.6818	0.55	0.0896	33	298	331	556	3	1	7	0	1	1	2	0.710833	0.654054	0.683333	0.180975	998	5571	6569
13218	7/9/2012	3	1	7	22	0	1	1	2	0.72	0.6667	0.58	0.1045	35	189	224	556	3	1	7	0	1	1	2	0.710833	0.654054	0.683333	0.180975	998	5571	6569
13219	7/9/2012	3	1	7	23	0	1	1	2	0.7	0.6515	0.65	0.1045	22	109	131	556	3	1	7	0	1	1	2	0.710833	0.654054	0.683333	0.180975	998	5571	6569
13220	7/10/2012	3	1	7	0	0	2	1	1	0.7	0.6515	0.7	0.0896	16	53	69	557	3	1	7	0	2	1	2	0.720833	0.664796	0.6675	0.151737	954	5336	6290
13221	7/10/2012	3	1	7	1	0	2	1	1	0.7	0.6667	0.74	0.1343	0	15	15	557	3	1	7	0	2	1	2	0.720833	0.664796	0.6675	0.151737	954	5336	6290
13222	7/10/2012	3	1	7	2	0	2	1	1	0.7	0.6667	0.74	0.1343	1	15	16	557	3	1	7	0	2	1	2	0.720833	0.664796	0.6675	0.151737	954	5336	6290
13223	7/10/2012	3	1	7	3	0	2	1	1	0.68	0.6364	0.79	0	0	3	3	557	3	1	7	0	2	1	2	0.720833	0.664796	0.6675	0.151737	954	5336	6290
13224	7/10/2012	3	1	7	4	0	2	1	1	0.68	0.6364	0.79	0.1343	0	4	4	557	3	1	7	0	2	1	2	0.720833	0.664796	0.6675	0.151737	954	5336	6290
13225	7/10/2012	3	1	7	5	0	2	1	1	0.66	0.6061	0.83	0.1343	3	39	42	557	3	1	7	0	2	1	2	0.720833	0.664796	0.6675	0.151737	954	5336	6290
13226	7/10/2012	3	1	7	6	0	2	1	2	0.68	0.6364	0.79	0.1045	4	183	187	557	3	1	7	0	2	1	2	0.720833	0.664796	0.6675	0.151737	954	5336	6290
13227	7/10/2012	3	1	7	7	0	2	1	2	0.7	0.6667	0.74	0.1045	31	489	520	557	3	1	7	0	2	1	2	0.720833	0.664796	0.6675	0.151737	954	5336	6290
13228	7/10/2012	3	1	7	8	0	2	1	1	0.72	0.697	0.74	0.1343	34	615	649	557	3	1	7	0	2	1	2	0.720833	0.664796	0.6675	0.151737	954	5336	6290
13229	7/10/2012	3	1	7	9	0	2	1	1	0.74	0.697	0.66	0.1343	47	284	331	557	3	1	7	0	2	1	2	0.720833	0.664796	0.6675	0.151737	954	5336	6290
13230	7/10/2012	3	1	7	10	0	2	1	1	0.76	0.7121	0.62	0.194	56	134	190	557	3	1	7	0	2	1	2	0.720833	0.664796	0.6675	0.151737	954	5336	6290
13231	7/10/2012	3	1	7	11	0	2	1	1	0.8	0.7273	0.46	0.194	92	157	249	557	3	1	7	0	2	1	2	0.720833	0.664796	0.6675	0.151737	954	5336	6290
13232	7/10/2012	3	1	7	12	0	2	1	1	0.8	0.7121	0.41	0.1343	69	203	272	557	3	1	7	0	2	1	2	0.720833	0.664796	0.6675	0.151737	954	5336	6290
13233	7/10/2012	3	1	7	13	0	2	1	1	0.82	0.7273	0.38	0.194	77	203	280	557	3	1	7	0	2	1	2	0.720833	0.664796	0.6675	0.151737	954	5336	6290
13234	7/10/2012	3	1	7	14	0	2	1	1	0.82	0.7273	0.38	0.1642	71	171	242	557	3	1	7	0	2	1	2	0.720833	0.664796	0.6675	0.151737	954	5336	6290
13235	7/10/2012	3	1	7	15	0	2	1	1	0.8	0.7121	0.41	0.2239	77	188	265	557	3	1	7	0	2	1	2	0.720833	0.664796	0.6675	0.151737	954	5336	6290
13236	7/10/2012	3	1	7	16	0	2	1	1	0.8	0.7273	0.43	0.2239	89	346	435	557	3	1	7	0	2	1	2	0.720833	0.664796	0.6675	0.151737	954	5336	6290
13237	7/10/2012	3	1	7	17	0	2	1	1	0.78	0.7121	0.49	0.194	103	769	872	557	3	1	7	0	2	1	2	0.720833	0.664796	0.6675	0.151737	954	5336	6290
13238	7/10/2012	3	1	7	18	0	2	1	3	0.7	0.6667	0.74	0.2239	70	749	819	557	3	1	7	0	2	1	2	0.720833	0.664796	0.6675	0.151737	954	5336	6290
13239	7/10/2012	3	1	7	19	0	2	1	3	0.7	0.6667	0.74	0.2239	55	359	414	557	3	1	7	0	2	1	2	0.720833	0.664796	0.6675	0.151737	954	5336	6290
13240	7/10/2012	3	1	7	20	0	2	1	3	0.64	0.5758	0.83	0.2239	9	75	84	557	3	1	7	0	2	1	2	0.720833	0.664796	0.6675	0.151737	954	5336	6290
13241	7/10/2012	3	1	7	21	0	2	1	3	0.64	0.5758	0.89	0.1045	7	83	90	557	3	1	7	0	2	1	2	0.720833	0.664796	0.6675	0.151737	954	5336	6290
13242	7/10/2012	3	1	7	22	0	2	1	2	0.64	0.5758	0.83	0.1343	14	125	139	557	3	1	7	0	2	1	2	0.720833	0.664796	0.6675	0.151737	954	5336	6290
13243	7/10/2012	3	1	7	23	0	2	1	2	0.64	0.5758	0.89	0.1045	29	74	103	557	3	1	7	0	2	1	2	0.720833	0.664796	0.6675	0.151737	954	5336	6290
13244	7/11/2012	3	1	7	0	0	3	1	2	0.66	0.6061	0.83	0.1343	6	38	44	558	3	1	7	0	3	1	1	0.716667	0.650271	0.633333	0.151733	975	6289	7264
13245	7/11/2012	3	1	7	1	0	3	1	1	0.64	0.5758	0.89	0	3	11	14	558	3	1	7	0	3	1	1	0.716667	0.650271	0.633333	0.151733	975	6289	7264
13246	7/11/2012	3	1	7	2	0	3	1	1	0.64	0.5758	0.89	0	0	5	5	558	3	1	7	0	3	1	1	0.716667	0.650271	0.633333	0.151733	975	6289	7264
13247	7/11/2012	3	1	7	3	0	3	1	1	0.64	0.5758	0.89	0.1343	0	5	5	558	3	1	7	0	3	1	1	0.716667	0.650271	0.633333	0.151733	975	6289	7264
13248	7/11/2012	3	1	7	4	0	3	1	1	0.64	0.5758	0.89	0.1343	1	6	7	558	3	1	7	0	3	1	1	0.716667	0.650271	0.633333	0.151733	975	6289	7264
13249	7/11/2012	3	1	7	5	0	3	1	1	0.64	0.5758	0.89	0	5	36	41	558	3	1	7	0	3	1	1	0.716667	0.650271	0.633333	0.151733	975	6289	7264
13250	7/11/2012	3	1	7	6	0	3	1	1	0.64	0.5758	0.89	0.1343	17	168	185	558	3	1	7	0	3	1	1	0.716667	0.650271	0.633333	0.151733	975	6289	7264
13251	7/11/2012	3	1	7	7	0	3	1	2	0.66	0.6061	0.83	0.1045	26	471	497	558	3	1	7	0	3	1	1	0.716667	0.650271	0.633333	0.151733	975	6289	7264
13252	7/11/2012	3	1	7	8	0	3	1	2	0.68	0.6364	0.79	0.1642	30	644	674	558	3	1	7	0	3	1	1	0.716667	0.650271	0.633333	0.151733	975	6289	7264
13253	7/11/2012	3	1	7	9	0	3	1	2	0.7	0.6667	0.74	0.1343	30	298	328	558	3	1	7	0	3	1	1	0.716667	0.650271	0.633333	0.151733	975	6289	7264
13254	7/11/2012	3	1	7	10	0	3	1	2	0.72	0.6818	0.62	0.1343	47	148	195	558	3	1	7	0	3	1	1	0.716667	0.650271	0.633333	0.151733	975	6289	7264
13255	7/11/2012	3	1	7	11	0	3	1	2	0.76	0.7121	0.58	0.1343	56	173	229	558	3	1	7	0	3	1	1	0.716667	0.650271	0.633333	0.151733	975	6289	7264
13256	7/11/2012	3	1	7	12	0	3	1	2	0.78	0.697	0.43	0	69	223	292	558	3	1	7	0	3	1	1	0.716667	0.650271	0.633333	0.151733	975	6289	7264
13257	7/11/2012	3	1	7	13	0	3	1	2	0.8	0.7121	0.42	0.1642	65	208	273	558	3	1	7	0	3	1	1	0.716667	0.650271	0.633333	0.151733	975	6289	7264
13258	7/11/2012	3	1	7	14	0	3	1	1	0.8	0.7121	0.41	0.2239	66	175	241	558	3	1	7	0	3	1	1	0.716667	0.650271	0.633333	0.151733	975	6289	7264
13259	7/11/2012	3	1	7	15	0	3	1	1	0.8	0.7121	0.41	0.2537	56	220	276	558	3	1	7	0	3	1	1	0.716667	0.650271	0.633333	0.151733	975	6289	7264
13260	7/11/2012	3	1	7	16	0	3	1	1	0.8	0.7121	0.38	0.194	53	358	411	558	3	1	7	0	3	1	1	0.716667	0.650271	0.633333	0.151733	975	6289	7264
13261	7/11/2012	3	1	7	17	0	3	1	1	0.8	0.697	0.31	0.2239	90	740	830	558	3	1	7	0	3	1	1	0.716667	0.650271	0.633333	0.151733	975	6289	7264
13262	7/11/2012	3	1	7	18	0	3	1	1	0.78	0.6818	0.38	0.2537	79	735	814	558	3	1	7	0	3	1	1	0.716667	0.650271	0.633333	0.151733	975	6289	7264
13263	7/11/2012	3	1	7	19	0	3	1	1	0.74	0.6667	0.48	0.2239	73	560	633	558	3	1	7	0	3	1	1	0.716667	0.650271	0.633333	0.151733	975	6289	7264
13264	7/11/2012	3	1	7	20	0	3	1	1	0.74	0.6667	0.51	0.1642	73	410	483	558	3	1	7	0	3	1	1	0.716667	0.650271	0.633333	0.151733	975	6289	7264
13265	7/11/2012	3	1	7	21	0	3	1	1	0.72	0.6667	0.58	0.2239	69	322	391	558	3	1	7	0	3	1	1	0.716667	0.650271	0.633333	0.151733	975	6289	7264
13266	7/11/2012	3	1	7	22	0	3	1	1	0.72	0.6667	0.58	0.2537	41	203	244	558	3	1	7	0	3	1	1	0.716667	0.650271	0.633333	0.151733	975	6289	7264
13267	7/11/2012	3	1	7	23	0	3	1	2	0.7	0.6515	0.58	0.2537	20	132	152	558	3	1	7	0	3	1	1	0.716667	0.650271	0.633333	0.151733	975	6289	7264
13268	7/12/2012	3	1	7	0	0	4	1	2	0.68	0.6364	0.61	0	1	55	56	559	3	1	7	0	4	1	1	0.715833	0.654683	0.529583	0.146775	1032	6414	7446
13269	7/12/2012	3	1	7	1	0	4	1	2	0.66	0.6212	0.61	0	0	21	21	559	3	1	7	0	4	1	1	0.715833	0.654683	0.529583	0.146775	1032	6414	7446
13270	7/12/2012	3	1	7	2	0	4	1	2	0.66	0.6212	0.65	0.0896	0	9	9	559	3	1	7	0	4	1	1	0.715833	0.654683	0.529583	0.146775	1032	6414	7446
13271	7/12/2012	3	1	7	3	0	4	1	1	0.64	0.6061	0.69	0.1045	0	10	10	559	3	1	7	0	4	1	1	0.715833	0.654683	0.529583	0.146775	1032	6414	7446
13272	7/12/2012	3	1	7	4	0	4	1	1	0.64	0.6061	0.73	0.1045	0	5	5	559	3	1	7	0	4	1	1	0.715833	0.654683	0.529583	0.146775	1032	6414	7446
13273	7/12/2012	3	1	7	5	0	4	1	1	0.62	0.5909	0.73	0.1045	4	40	44	559	3	1	7	0	4	1	1	0.715833	0.654683	0.529583	0.146775	1032	6414	7446
13274	7/12/2012	3	1	7	6	0	4	1	1	0.64	0.6061	0.73	0.0896	7	171	178	559	3	1	7	0	4	1	1	0.715833	0.654683	0.529583	0.146775	1032	6414	7446
13275	7/12/2012	3	1	7	7	0	4	1	1	0.64	0.6061	0.73	0.1343	32	480	512	559	3	1	7	0	4	1	1	0.715833	0.654683	0.529583	0.146775	1032	6414	7446
13276	7/12/2012	3	1	7	8	0	4	1	1	0.68	0.6364	0.65	0.1343	49	653	702	559	3	1	7	0	4	1	1	0.715833	0.654683	0.529583	0.146775	1032	6414	7446
13277	7/12/2012	3	1	7	9	0	4	1	1	0.72	0.6667	0.58	0.1045	42	285	327	559	3	1	7	0	4	1	1	0.715833	0.654683	0.529583	0.146775	1032	6414	7446
13278	7/12/2012	3	1	7	10	0	4	1	1	0.74	0.6667	0.48	0.1642	69	145	214	559	3	1	7	0	4	1	1	0.715833	0.654683	0.529583	0.146775	1032	6414	7446
13279	7/12/2012	3	1	7	11	0	4	1	1	0.76	0.6818	0.45	0.1045	49	166	215	559	3	1	7	0	4	1	1	0.715833	0.654683	0.529583	0.146775	1032	6414	7446
13280	7/12/2012	3	1	7	12	0	4	1	1	0.78	0.6818	0.35	0.1343	71	221	292	559	3	1	7	0	4	1	1	0.715833	0.654683	0.529583	0.146775	1032	6414	7446
13281	7/12/2012	3	1	7	13	0	4	1	1	0.8	0.697	0.33	0.2239	52	225	277	559	3	1	7	0	4	1	1	0.715833	0.654683	0.529583	0.146775	1032	6414	7446
13282	7/12/2012	3	1	7	14	0	4	1	1	0.78	0.6818	0.33	0.2239	42	167	209	559	3	1	7	0	4	1	1	0.715833	0.654683	0.529583	0.146775	1032	6414	7446
13283	7/12/2012	3	1	7	15	0	4	1	1	0.8	0.7121	0.36	0.194	63	208	271	559	3	1	7	0	4	1	1	0.715833	0.654683	0.529583	0.146775	1032	6414	7446
13284	7/12/2012	3	1	7	16	0	4	1	1	0.8	0.7121	0.36	0.194	69	370	439	559	3	1	7	0	4	1	1	0.715833	0.654683	0.529583	0.146775	1032	6414	7446
13285	7/12/2012	3	1	7	17	0	4	1	1	0.76	0.6818	0.43	0.2239	91	704	795	559	3	1	7	0	4	1	1	0.715833	0.654683	0.529583	0.146775	1032	6414	7446
13286	7/12/2012	3	1	7	18	0	4	1	1	0.76	0.6818	0.45	0.1343	86	739	825	559	3	1	7	0	4	1	1	0.715833	0.654683	0.529583	0.146775	1032	6414	7446
13287	7/12/2012	3	1	7	19	0	4	1	1	0.74	0.6667	0.48	0.2239	97	532	629	559	3	1	7	0	4	1	1	0.715833	0.654683	0.529583	0.146775	1032	6414	7446
13288	7/12/2012	3	1	7	20	0	4	1	1	0.74	0.6667	0.48	0.2239	75	439	514	559	3	1	7	0	4	1	1	0.715833	0.654683	0.529583	0.146775	1032	6414	7446
13289	7/12/2012	3	1	7	21	0	4	1	1	0.72	0.6667	0.48	0.2239	44	329	373	559	3	1	7	0	4	1	1	0.715833	0.654683	0.529583	0.146775	1032	6414	7446
13290	7/12/2012	3	1	7	22	0	4	1	1	0.72	0.6667	0.51	0.1642	56	262	318	559	3	1	7	0	4	1	1	0.715833	0.654683	0.529583	0.146775	1032	6414	7446
13291	7/12/2012	3	1	7	23	0	4	1	2	0.7	0.6515	0.51	0.2239	33	178	211	559	3	1	7	0	4	1	1	0.715833	0.654683	0.529583	0.146775	1032	6414	7446
13292	7/13/2012	3	1	7	0	0	5	1	2	0.7	0.6515	0.54	0.1642	19	76	95	560	3	1	7	0	5	1	2	0.731667	0.667933	0.485833	0.08085	1511	5988	7499
13293	7/13/2012	3	1	7	1	0	5	1	2	0.68	0.6364	0.54	0.1045	17	42	59	560	3	1	7	0	5	1	2	0.731667	0.667933	0.485833	0.08085	1511	5988	7499
13294	7/13/2012	3	1	7	2	0	5	1	2	0.66	0.6212	0.61	0.0896	2	15	17	560	3	1	7	0	5	1	2	0.731667	0.667933	0.485833	0.08085	1511	5988	7499
13295	7/13/2012	3	1	7	3	0	5	1	2	0.68	0.6364	0.61	0	2	7	9	560	3	1	7	0	5	1	2	0.731667	0.667933	0.485833	0.08085	1511	5988	7499
13296	7/13/2012	3	1	7	4	0	5	1	2	0.66	0.6212	0.61	0	0	11	11	560	3	1	7	0	5	1	2	0.731667	0.667933	0.485833	0.08085	1511	5988	7499
13297	7/13/2012	3	1	7	5	0	5	1	2	0.66	0.6364	0.56	0.0896	4	30	34	560	3	1	7	0	5	1	2	0.731667	0.667933	0.485833	0.08085	1511	5988	7499
13298	7/13/2012	3	1	7	6	0	5	1	2	0.7	0.6515	0.54	0	7	120	127	560	3	1	7	0	5	1	2	0.731667	0.667933	0.485833	0.08085	1511	5988	7499
13299	7/13/2012	3	1	7	7	0	5	1	2	0.7	0.6515	0.54	0	27	353	380	560	3	1	7	0	5	1	2	0.731667	0.667933	0.485833	0.08085	1511	5988	7499
13300	7/13/2012	3	1	7	8	0	5	1	2	0.7	0.6515	0.54	0	53	660	713	560	3	1	7	0	5	1	2	0.731667	0.667933	0.485833	0.08085	1511	5988	7499
13301	7/13/2012	3	1	7	9	0	5	1	2	0.72	0.6667	0.51	0	70	344	414	560	3	1	7	0	5	1	2	0.731667	0.667933	0.485833	0.08085	1511	5988	7499
13302	7/13/2012	3	1	7	10	0	5	1	2	0.74	0.6667	0.48	0	78	190	268	560	3	1	7	0	5	1	2	0.731667	0.667933	0.485833	0.08085	1511	5988	7499
13303	7/13/2012	3	1	7	11	0	5	1	2	0.76	0.6818	0.45	0.1343	68	220	288	560	3	1	7	0	5	1	2	0.731667	0.667933	0.485833	0.08085	1511	5988	7499
13304	7/13/2012	3	1	7	12	0	5	1	2	0.76	0.6818	0.4	0.1045	125	254	379	560	3	1	7	0	5	1	2	0.731667	0.667933	0.485833	0.08085	1511	5988	7499
13305	7/13/2012	3	1	7	13	0	5	1	2	0.8	0.7121	0.38	0.1343	100	274	374	560	3	1	7	0	5	1	2	0.731667	0.667933	0.485833	0.08085	1511	5988	7499
13306	7/13/2012	3	1	7	14	0	5	1	2	0.8	0.7121	0.38	0	120	249	369	560	3	1	7	0	5	1	2	0.731667	0.667933	0.485833	0.08085	1511	5988	7499
13307	7/13/2012	3	1	7	15	0	5	1	2	0.8	0.7121	0.36	0.1045	92	261	353	560	3	1	7	0	5	1	2	0.731667	0.667933	0.485833	0.08085	1511	5988	7499
13308	7/13/2012	3	1	7	16	0	5	1	2	0.8	0.7121	0.36	0.2239	111	381	492	560	3	1	7	0	5	1	2	0.731667	0.667933	0.485833	0.08085	1511	5988	7499
13309	7/13/2012	3	1	7	17	0	5	1	2	0.8	0.7121	0.36	0.1642	138	697	835	560	3	1	7	0	5	1	2	0.731667	0.667933	0.485833	0.08085	1511	5988	7499
13310	7/13/2012	3	1	7	18	0	5	1	1	0.78	0.697	0.46	0.194	108	523	631	560	3	1	7	0	5	1	2	0.731667	0.667933	0.485833	0.08085	1511	5988	7499
13311	7/13/2012	3	1	7	19	0	5	1	1	0.74	0.6667	0.51	0.1642	103	385	488	560	3	1	7	0	5	1	2	0.731667	0.667933	0.485833	0.08085	1511	5988	7499
13312	7/13/2012	3	1	7	20	0	5	1	1	0.74	0.6667	0.48	0.1343	95	294	389	560	3	1	7	0	5	1	2	0.731667	0.667933	0.485833	0.08085	1511	5988	7499
13313	7/13/2012	3	1	7	21	0	5	1	1	0.72	0.6667	0.54	0	76	223	299	560	3	1	7	0	5	1	2	0.731667	0.667933	0.485833	0.08085	1511	5988	7499
13314	7/13/2012	3	1	7	22	0	5	1	1	0.74	0.6667	0.45	0	59	204	263	560	3	1	7	0	5	1	2	0.731667	0.667933	0.485833	0.08085	1511	5988	7499
13315	7/13/2012	3	1	7	23	0	5	1	2	0.72	0.6515	0.45	0.1343	37	175	212	560	3	1	7	0	5	1	2	0.731667	0.667933	0.485833	0.08085	1511	5988	7499
13316	7/14/2012	3	1	7	0	0	6	0	2	0.72	0.6667	0.48	0.0896	35	156	191	561	3	1	7	0	6	0	2	0.703333	0.666042	0.699167	0.143679	2355	4614	6969
13317	7/14/2012	3	1	7	1	0	6	0	2	0.7	0.6515	0.51	0.1045	13	105	118	561	3	1	7	0	6	0	2	0.703333	0.666042	0.699167	0.143679	2355	4614	6969
13318	7/14/2012	3	1	7	2	0	6	0	2	0.7	0.6515	0.54	0.1045	10	91	101	561	3	1	7	0	6	0	2	0.703333	0.666042	0.699167	0.143679	2355	4614	6969
13319	7/14/2012	3	1	7	3	0	6	0	2	0.7	0.6515	0.54	0.1045	9	31	40	561	3	1	7	0	6	0	2	0.703333	0.666042	0.699167	0.143679	2355	4614	6969
13320	7/14/2012	3	1	7	4	0	6	0	3	0.66	0.6212	0.61	0.1045	3	6	9	561	3	1	7	0	6	0	2	0.703333	0.666042	0.699167	0.143679	2355	4614	6969
13321	7/14/2012	3	1	7	5	0	6	0	2	0.64	0.6061	0.73	0.1045	0	5	5	561	3	1	7	0	6	0	2	0.703333	0.666042	0.699167	0.143679	2355	4614	6969
13322	7/14/2012	3	1	7	6	0	6	0	2	0.64	0.5909	0.78	0.0896	6	29	35	561	3	1	7	0	6	0	2	0.703333	0.666042	0.699167	0.143679	2355	4614	6969
13323	7/14/2012	3	1	7	7	0	6	0	1	0.64	0.5909	0.78	0.2836	7	41	48	561	3	1	7	0	6	0	2	0.703333	0.666042	0.699167	0.143679	2355	4614	6969
13324	7/14/2012	3	1	7	8	0	6	0	1	0.62	0.5909	0.78	0.2836	33	118	151	561	3	1	7	0	6	0	2	0.703333	0.666042	0.699167	0.143679	2355	4614	6969
13325	7/14/2012	3	1	7	9	0	6	0	1	0.66	0.6212	0.74	0.194	82	200	282	561	3	1	7	0	6	0	2	0.703333	0.666042	0.699167	0.143679	2355	4614	6969
13326	7/14/2012	3	1	7	10	0	6	0	2	0.72	0.6818	0.7	0.0896	123	278	401	561	3	1	7	0	6	0	2	0.703333	0.666042	0.699167	0.143679	2355	4614	6969
13327	7/14/2012	3	1	7	11	0	6	0	2	0.72	0.6818	0.7	0.1045	143	296	439	561	3	1	7	0	6	0	2	0.703333	0.666042	0.699167	0.143679	2355	4614	6969
13328	7/14/2012	3	1	7	12	0	6	0	2	0.74	0.697	0.66	0.0896	181	318	499	561	3	1	7	0	6	0	2	0.703333	0.666042	0.699167	0.143679	2355	4614	6969
13329	7/14/2012	3	1	7	13	0	6	0	2	0.76	0.7121	0.62	0.0896	219	372	591	561	3	1	7	0	6	0	2	0.703333	0.666042	0.699167	0.143679	2355	4614	6969
13330	7/14/2012	3	1	7	14	0	6	0	1	0.8	0.7576	0.55	0.1045	269	363	632	561	3	1	7	0	6	0	2	0.703333	0.666042	0.699167	0.143679	2355	4614	6969
13331	7/14/2012	3	1	7	15	0	6	0	1	0.8	0.7576	0.55	0.1642	243	317	560	561	3	1	7	0	6	0	2	0.703333	0.666042	0.699167	0.143679	2355	4614	6969
13332	7/14/2012	3	1	7	16	0	6	0	2	0.72	0.697	0.79	0.3582	226	340	566	561	3	1	7	0	6	0	2	0.703333	0.666042	0.699167	0.143679	2355	4614	6969
13333	7/14/2012	3	1	7	17	0	6	0	3	0.7	0.6667	0.79	0.1642	199	259	458	561	3	1	7	0	6	0	2	0.703333	0.666042	0.699167	0.143679	2355	4614	6969
13334	7/14/2012	3	1	7	18	0	6	0	1	0.72	0.697	0.79	0.1343	108	243	351	561	3	1	7	0	6	0	2	0.703333	0.666042	0.699167	0.143679	2355	4614	6969
13335	7/14/2012	3	1	7	19	0	6	0	1	0.72	0.7121	0.84	0.0896	156	275	431	561	3	1	7	0	6	0	2	0.703333	0.666042	0.699167	0.143679	2355	4614	6969
13336	7/14/2012	3	1	7	20	0	6	0	1	0.72	0.7121	0.84	0.0896	101	255	356	561	3	1	7	0	6	0	2	0.703333	0.666042	0.699167	0.143679	2355	4614	6969
13337	7/14/2012	3	1	7	21	0	6	0	1	0.7	0.6667	0.84	0.2239	69	200	269	561	3	1	7	0	6	0	2	0.703333	0.666042	0.699167	0.143679	2355	4614	6969
13338	7/14/2012	3	1	7	22	0	6	0	1	0.7	0.6667	0.79	0.194	65	160	225	561	3	1	7	0	6	0	2	0.703333	0.666042	0.699167	0.143679	2355	4614	6969
13339	7/14/2012	3	1	7	23	0	6	0	2	0.68	0.6364	0.83	0.0896	55	156	211	561	3	1	7	0	6	0	2	0.703333	0.666042	0.699167	0.143679	2355	4614	6969
13340	7/15/2012	3	1	7	0	0	0	0	1	0.68	0.6364	0.89	0.1642	40	147	187	562	3	1	7	0	0	0	1	0.745833	0.705196	0.717917	0.166667	1920	4111	6031
13341	7/15/2012	3	1	7	1	0	0	0	2	0.68	0.6364	0.89	0.1343	49	119	168	562	3	1	7	0	0	0	1	0.745833	0.705196	0.717917	0.166667	1920	4111	6031
13342	7/15/2012	3	1	7	2	0	0	0	2	0.68	0.6364	0.89	0.1642	29	86	115	562	3	1	7	0	0	0	1	0.745833	0.705196	0.717917	0.166667	1920	4111	6031
13343	7/15/2012	3	1	7	3	0	0	0	2	0.68	0.6364	0.89	0.1642	15	42	57	562	3	1	7	0	0	0	1	0.745833	0.705196	0.717917	0.166667	1920	4111	6031
13344	7/15/2012	3	1	7	4	0	0	0	2	0.68	0.6364	0.89	0.1045	8	11	19	562	3	1	7	0	0	0	1	0.745833	0.705196	0.717917	0.166667	1920	4111	6031
13345	7/15/2012	3	1	7	5	0	0	0	1	0.68	0.6364	0.89	0.1343	2	7	9	562	3	1	7	0	0	0	1	0.745833	0.705196	0.717917	0.166667	1920	4111	6031
13346	7/15/2012	3	1	7	6	0	0	0	1	0.68	0.6364	0.83	0.1343	6	9	15	562	3	1	7	0	0	0	1	0.745833	0.705196	0.717917	0.166667	1920	4111	6031
13347	7/15/2012	3	1	7	7	0	0	0	1	0.7	0.6667	0.79	0.0896	17	30	47	562	3	1	7	0	0	0	1	0.745833	0.705196	0.717917	0.166667	1920	4111	6031
13348	7/15/2012	3	1	7	8	0	0	0	2	0.7	0.6667	0.84	0.1343	37	96	133	562	3	1	7	0	0	0	1	0.745833	0.705196	0.717917	0.166667	1920	4111	6031
13349	7/15/2012	3	1	7	9	0	0	0	2	0.72	0.697	0.79	0	58	163	221	562	3	1	7	0	0	0	1	0.745833	0.705196	0.717917	0.166667	1920	4111	6031
13350	7/15/2012	3	1	7	10	0	0	0	1	0.76	0.7273	0.66	0.1343	141	241	382	562	3	1	7	0	0	0	1	0.745833	0.705196	0.717917	0.166667	1920	4111	6031
13351	7/15/2012	3	1	7	11	0	0	0	1	0.82	0.7727	0.52	0.1642	170	281	451	562	3	1	7	0	0	0	1	0.745833	0.705196	0.717917	0.166667	1920	4111	6031
13352	7/15/2012	3	1	7	12	0	0	0	1	0.84	0.7727	0.47	0.1045	153	336	489	562	3	1	7	0	0	0	1	0.745833	0.705196	0.717917	0.166667	1920	4111	6031
13353	7/15/2012	3	1	7	13	0	0	0	1	0.86	0.7879	0.41	0.1045	171	309	480	562	3	1	7	0	0	0	1	0.745833	0.705196	0.717917	0.166667	1920	4111	6031
13354	7/15/2012	3	1	7	14	0	0	0	1	0.9	0.8182	0.37	0.2537	162	314	476	562	3	1	7	0	0	0	1	0.745833	0.705196	0.717917	0.166667	1920	4111	6031
13355	7/15/2012	3	1	7	15	0	0	0	1	0.86	0.803	0.47	0.1343	182	307	489	562	3	1	7	0	0	0	1	0.745833	0.705196	0.717917	0.166667	1920	4111	6031
13356	7/15/2012	3	1	7	16	0	0	0	1	0.86	0.7879	0.41	0.2239	152	343	495	562	3	1	7	0	0	0	1	0.745833	0.705196	0.717917	0.166667	1920	4111	6031
13357	7/15/2012	3	1	7	17	0	0	0	1	0.8	0.7727	0.59	0.4925	122	314	436	562	3	1	7	0	0	0	1	0.745833	0.705196	0.717917	0.166667	1920	4111	6031
13358	7/15/2012	3	1	7	18	0	0	0	3	0.72	0.697	0.79	0.3582	84	228	312	562	3	1	7	0	0	0	1	0.745833	0.705196	0.717917	0.166667	1920	4111	6031
13359	7/15/2012	3	1	7	19	0	0	0	1	0.72	0.7121	0.84	0.2239	109	203	312	562	3	1	7	0	0	0	1	0.745833	0.705196	0.717917	0.166667	1920	4111	6031
13360	7/15/2012	3	1	7	20	0	0	0	1	0.72	0.697	0.79	0.2537	95	199	294	562	3	1	7	0	0	0	1	0.745833	0.705196	0.717917	0.166667	1920	4111	6031
13361	7/15/2012	3	1	7	21	0	0	0	1	0.72	0.697	0.79	0.0896	59	164	223	562	3	1	7	0	0	0	1	0.745833	0.705196	0.717917	0.166667	1920	4111	6031
13362	7/15/2012	3	1	7	22	0	0	0	1	0.72	0.697	0.74	0.1045	34	96	130	562	3	1	7	0	0	0	1	0.745833	0.705196	0.717917	0.166667	1920	4111	6031
13363	7/15/2012	3	1	7	23	0	0	0	1	0.72	0.697	0.79	0.1343	25	66	91	562	3	1	7	0	0	0	1	0.745833	0.705196	0.717917	0.166667	1920	4111	6031
13364	7/16/2012	3	1	7	0	0	1	1	3	0.72	0.697	0.79	0.1045	11	32	43	563	3	1	7	0	1	1	1	0.763333	0.724125	0.645	0.164187	1088	5742	6830
13365	7/16/2012	3	1	7	1	0	1	1	2	0.7	0.6667	0.74	0.194	1	10	11	563	3	1	7	0	1	1	1	0.763333	0.724125	0.645	0.164187	1088	5742	6830
13366	7/16/2012	3	1	7	2	0	1	1	1	0.7	0.6667	0.74	0.1045	4	11	15	563	3	1	7	0	1	1	1	0.763333	0.724125	0.645	0.164187	1088	5742	6830
13367	7/16/2012	3	1	7	3	0	1	1	1	0.68	0.6364	0.79	0.0896	2	4	6	563	3	1	7	0	1	1	1	0.763333	0.724125	0.645	0.164187	1088	5742	6830
13368	7/16/2012	3	1	7	4	0	1	1	1	0.68	0.6364	0.79	0.1045	1	11	12	563	3	1	7	0	1	1	1	0.763333	0.724125	0.645	0.164187	1088	5742	6830
13369	7/16/2012	3	1	7	5	0	1	1	1	0.66	0.6061	0.78	0.1045	10	40	50	563	3	1	7	0	1	1	1	0.763333	0.724125	0.645	0.164187	1088	5742	6830
13370	7/16/2012	3	1	7	6	0	1	1	1	0.68	0.6364	0.79	0.1343	8	132	140	563	3	1	7	0	1	1	1	0.763333	0.724125	0.645	0.164187	1088	5742	6830
13371	7/16/2012	3	1	7	7	0	1	1	1	0.72	0.6818	0.7	0.0896	24	459	483	563	3	1	7	0	1	1	1	0.763333	0.724125	0.645	0.164187	1088	5742	6830
13372	7/16/2012	3	1	7	8	0	1	1	1	0.74	0.697	0.66	0.1045	48	619	667	563	3	1	7	0	1	1	1	0.763333	0.724125	0.645	0.164187	1088	5742	6830
13373	7/16/2012	3	1	7	9	0	1	1	1	0.76	0.7121	0.62	0.1642	51	297	348	563	3	1	7	0	1	1	1	0.763333	0.724125	0.645	0.164187	1088	5742	6830
13374	7/16/2012	3	1	7	10	0	1	1	1	0.8	0.7727	0.59	0	69	117	186	563	3	1	7	0	1	1	1	0.763333	0.724125	0.645	0.164187	1088	5742	6830
13375	7/16/2012	3	1	7	11	0	1	1	1	0.84	0.803	0.53	0.2239	57	125	182	563	3	1	7	0	1	1	1	0.763333	0.724125	0.645	0.164187	1088	5742	6830
13376	7/16/2012	3	1	7	12	0	1	1	1	0.84	0.7879	0.49	0.1343	79	158	237	563	3	1	7	0	1	1	1	0.763333	0.724125	0.645	0.164187	1088	5742	6830
13377	7/16/2012	3	1	7	13	0	1	1	1	0.84	0.7879	0.49	0.2836	63	176	239	563	3	1	7	0	1	1	1	0.763333	0.724125	0.645	0.164187	1088	5742	6830
13378	7/16/2012	3	1	7	14	0	1	1	1	0.88	0.8182	0.42	0.1045	53	159	212	563	3	1	7	0	1	1	1	0.763333	0.724125	0.645	0.164187	1088	5742	6830
13379	7/16/2012	3	1	7	15	0	1	1	1	0.86	0.803	0.47	0.2537	61	176	237	563	3	1	7	0	1	1	1	0.763333	0.724125	0.645	0.164187	1088	5742	6830
13380	7/16/2012	3	1	7	16	0	1	1	3	0.76	0.7273	0.66	0.5821	77	309	386	563	3	1	7	0	1	1	1	0.763333	0.724125	0.645	0.164187	1088	5742	6830
13381	7/16/2012	3	1	7	17	0	1	1	3	0.76	0.7273	0.66	0.5821	86	669	755	563	3	1	7	0	1	1	1	0.763333	0.724125	0.645	0.164187	1088	5742	6830
13382	7/16/2012	3	1	7	18	0	1	1	1	0.84	0.803	0.53	0	97	697	794	563	3	1	7	0	1	1	1	0.763333	0.724125	0.645	0.164187	1088	5742	6830
13383	7/16/2012	3	1	7	19	0	1	1	1	0.8	0.7879	0.63	0.1343	92	503	595	563	3	1	7	0	1	1	1	0.763333	0.724125	0.645	0.164187	1088	5742	6830
13384	7/16/2012	3	1	7	20	0	1	1	1	0.8	0.7727	0.59	0.1343	66	388	454	563	3	1	7	0	1	1	1	0.763333	0.724125	0.645	0.164187	1088	5742	6830
13385	7/16/2012	3	1	7	21	0	1	1	1	0.76	0.7273	0.66	0.1343	45	283	328	563	3	1	7	0	1	1	1	0.763333	0.724125	0.645	0.164187	1088	5742	6830
13386	7/16/2012	3	1	7	22	0	1	1	1	0.76	0.7121	0.62	0.0896	56	228	284	563	3	1	7	0	1	1	1	0.763333	0.724125	0.645	0.164187	1088	5742	6830
13387	7/16/2012	3	1	7	23	0	1	1	1	0.74	0.7121	0.74	0.0896	27	139	166	563	3	1	7	0	1	1	1	0.763333	0.724125	0.645	0.164187	1088	5742	6830
13388	7/17/2012	3	1	7	0	0	2	1	1	0.72	0.7121	0.84	0.1045	10	43	53	564	3	1	7	0	2	1	1	0.818333	0.755683	0.505833	0.114429	921	5865	6786
13389	7/17/2012	3	1	7	1	0	2	1	1	0.74	0.697	0.7	0	4	21	25	564	3	1	7	0	2	1	1	0.818333	0.755683	0.505833	0.114429	921	5865	6786
13390	7/17/2012	3	1	7	2	0	2	1	1	0.72	0.6818	0.7	0.0896	1	6	7	564	3	1	7	0	2	1	1	0.818333	0.755683	0.505833	0.114429	921	5865	6786
13391	7/17/2012	3	1	7	3	0	2	1	1	0.72	0.6818	0.66	0	0	3	3	564	3	1	7	0	2	1	1	0.818333	0.755683	0.505833	0.114429	921	5865	6786
13392	7/17/2012	3	1	7	4	0	2	1	1	0.72	0.6818	0.62	0	0	7	7	564	3	1	7	0	2	1	1	0.818333	0.755683	0.505833	0.114429	921	5865	6786
13393	7/17/2012	3	1	7	5	0	2	1	1	0.68	0.6364	0.74	0.0896	7	31	38	564	3	1	7	0	2	1	1	0.818333	0.755683	0.505833	0.114429	921	5865	6786
13394	7/17/2012	3	1	7	6	0	2	1	1	0.72	0.6818	0.66	0.1045	16	197	213	564	3	1	7	0	2	1	1	0.818333	0.755683	0.505833	0.114429	921	5865	6786
13395	7/17/2012	3	1	7	7	0	2	1	2	0.74	0.697	0.7	0	26	500	526	564	3	1	7	0	2	1	1	0.818333	0.755683	0.505833	0.114429	921	5865	6786
13396	7/17/2012	3	1	7	8	0	2	1	2	0.8	0.7576	0.55	0	43	618	661	564	3	1	7	0	2	1	1	0.818333	0.755683	0.505833	0.114429	921	5865	6786
13397	7/17/2012	3	1	7	9	0	2	1	2	0.82	0.7727	0.49	0.2239	32	288	320	564	3	1	7	0	2	1	1	0.818333	0.755683	0.505833	0.114429	921	5865	6786
13398	7/17/2012	3	1	7	10	0	2	1	2	0.84	0.7879	0.49	0.194	37	122	159	564	3	1	7	0	2	1	1	0.818333	0.755683	0.505833	0.114429	921	5865	6786
13399	7/17/2012	3	1	7	11	0	2	1	2	0.86	0.803	0.47	0	60	146	206	564	3	1	7	0	2	1	1	0.818333	0.755683	0.505833	0.114429	921	5865	6786
13400	7/17/2012	3	1	7	12	0	2	1	2	0.9	0.8182	0.35	0	80	174	254	564	3	1	7	0	2	1	1	0.818333	0.755683	0.505833	0.114429	921	5865	6786
13401	7/17/2012	3	1	7	13	0	2	1	1	0.92	0.8182	0.31	0.194	53	168	221	564	3	1	7	0	2	1	1	0.818333	0.755683	0.505833	0.114429	921	5865	6786
13402	7/17/2012	3	1	7	14	0	2	1	1	0.94	0.8333	0.29	0.2537	54	160	214	564	3	1	7	0	2	1	1	0.818333	0.755683	0.505833	0.114429	921	5865	6786
13403	7/17/2012	3	1	7	15	0	2	1	1	0.92	0.8182	0.31	0.1642	57	187	244	564	3	1	7	0	2	1	1	0.818333	0.755683	0.505833	0.114429	921	5865	6786
13404	7/17/2012	3	1	7	16	0	2	1	1	0.92	0.8182	0.29	0.1642	64	317	381	564	3	1	7	0	2	1	1	0.818333	0.755683	0.505833	0.114429	921	5865	6786
13405	7/17/2012	3	1	7	17	0	2	1	1	0.92	0.8182	0.29	0	95	675	770	564	3	1	7	0	2	1	1	0.818333	0.755683	0.505833	0.114429	921	5865	6786
13406	7/17/2012	3	1	7	18	0	2	1	1	0.9	0.803	0.33	0.194	60	712	772	564	3	1	7	0	2	1	1	0.818333	0.755683	0.505833	0.114429	921	5865	6786
13407	7/17/2012	3	1	7	19	0	2	1	1	0.88	0.7879	0.35	0.2537	69	478	547	564	3	1	7	0	2	1	1	0.818333	0.755683	0.505833	0.114429	921	5865	6786
13408	7/17/2012	3	1	7	20	0	2	1	1	0.86	0.7576	0.34	0.1642	52	375	427	564	3	1	7	0	2	1	1	0.818333	0.755683	0.505833	0.114429	921	5865	6786
13409	7/17/2012	3	1	7	21	0	2	1	1	0.82	0.7727	0.52	0.1343	50	283	333	564	3	1	7	0	2	1	1	0.818333	0.755683	0.505833	0.114429	921	5865	6786
13410	7/17/2012	3	1	7	22	0	2	1	1	0.8	0.7576	0.55	0.2239	29	215	244	564	3	1	7	0	2	1	1	0.818333	0.755683	0.505833	0.114429	921	5865	6786
13411	7/17/2012	3	1	7	23	0	2	1	1	0.78	0.7424	0.59	0.194	22	139	161	564	3	1	7	0	2	1	1	0.818333	0.755683	0.505833	0.114429	921	5865	6786
13412	7/18/2012	3	1	7	0	0	3	1	1	0.76	0.7273	0.66	0.1642	8	45	53	565	3	1	7	0	3	1	1	0.793333	0.745583	0.577083	0.137442	799	4914	5713
13413	7/18/2012	3	1	7	1	0	3	1	1	0.76	0.7273	0.66	0.1045	2	14	16	565	3	1	7	0	3	1	1	0.793333	0.745583	0.577083	0.137442	799	4914	5713
13414	7/18/2012	3	1	7	2	0	3	1	1	0.74	0.697	0.66	0.1343	3	5	8	565	3	1	7	0	3	1	1	0.793333	0.745583	0.577083	0.137442	799	4914	5713
13415	7/18/2012	3	1	7	3	0	3	1	1	0.74	0.697	0.66	0.1343	2	2	4	565	3	1	7	0	3	1	1	0.793333	0.745583	0.577083	0.137442	799	4914	5713
13416	7/18/2012	3	1	7	4	0	3	1	1	0.72	0.6818	0.7	0.1343	0	6	6	565	3	1	7	0	3	1	1	0.793333	0.745583	0.577083	0.137442	799	4914	5713
13417	7/18/2012	3	1	7	5	0	3	1	1	0.72	0.6818	0.7	0.1642	5	41	46	565	3	1	7	0	3	1	1	0.793333	0.745583	0.577083	0.137442	799	4914	5713
13418	7/18/2012	3	1	7	6	0	3	1	1	0.72	0.6818	0.7	0.1642	10	152	162	565	3	1	7	0	3	1	1	0.793333	0.745583	0.577083	0.137442	799	4914	5713
13419	7/18/2012	3	1	7	7	0	3	1	1	0.74	0.697	0.66	0.1642	23	472	495	565	3	1	7	0	3	1	1	0.793333	0.745583	0.577083	0.137442	799	4914	5713
13420	7/18/2012	3	1	7	8	0	3	1	1	0.78	0.7424	0.62	0.1045	55	624	679	565	3	1	7	0	3	1	1	0.793333	0.745583	0.577083	0.137442	799	4914	5713
13421	7/18/2012	3	1	7	9	0	3	1	1	0.82	0.7879	0.56	0	44	253	297	565	3	1	7	0	3	1	1	0.793333	0.745583	0.577083	0.137442	799	4914	5713
13422	7/18/2012	3	1	7	10	0	3	1	1	0.9	0.8485	0.42	0.194	39	99	138	565	3	1	7	0	3	1	1	0.793333	0.745583	0.577083	0.137442	799	4914	5713
13423	7/18/2012	3	1	7	11	0	3	1	1	0.9	0.8485	0.42	0	47	136	183	565	3	1	7	0	3	1	1	0.793333	0.745583	0.577083	0.137442	799	4914	5713
13424	7/18/2012	3	1	7	12	0	3	1	1	0.92	0.8636	0.37	0.1343	36	166	202	565	3	1	7	0	3	1	1	0.793333	0.745583	0.577083	0.137442	799	4914	5713
13425	7/18/2012	3	1	7	13	0	3	1	1	0.94	0.8485	0.33	0	49	154	203	565	3	1	7	0	3	1	1	0.793333	0.745583	0.577083	0.137442	799	4914	5713
13426	7/18/2012	3	1	7	14	0	3	1	1	0.94	0.8788	0.38	0.3284	54	116	170	565	3	1	7	0	3	1	1	0.793333	0.745583	0.577083	0.137442	799	4914	5713
13427	7/18/2012	3	1	7	15	0	3	1	3	0.92	0.8485	0.35	0.3582	42	152	194	565	3	1	7	0	3	1	1	0.793333	0.745583	0.577083	0.137442	799	4914	5713
13428	7/18/2012	3	1	7	16	0	3	1	1	0.74	0.697	0.66	0.2537	34	190	224	565	3	1	7	0	3	1	1	0.793333	0.745583	0.577083	0.137442	799	4914	5713
13429	7/18/2012	3	1	7	17	0	3	1	1	0.74	0.697	0.7	0.2537	35	335	370	565	3	1	7	0	3	1	1	0.793333	0.745583	0.577083	0.137442	799	4914	5713
13430	7/18/2012	3	1	7	18	0	3	1	2	0.76	0.7121	0.62	0.1343	63	580	643	565	3	1	7	0	3	1	1	0.793333	0.745583	0.577083	0.137442	799	4914	5713
13431	7/18/2012	3	1	7	19	0	3	1	2	0.76	0.7121	0.62	0.1045	78	438	516	565	3	1	7	0	3	1	1	0.793333	0.745583	0.577083	0.137442	799	4914	5713
13432	7/18/2012	3	1	7	20	0	3	1	1	0.74	0.6818	0.62	0.0896	56	310	366	565	3	1	7	0	3	1	1	0.793333	0.745583	0.577083	0.137442	799	4914	5713
13433	7/18/2012	3	1	7	21	0	3	1	1	0.76	0.7121	0.62	0	53	266	319	565	3	1	7	0	3	1	1	0.793333	0.745583	0.577083	0.137442	799	4914	5713
13434	7/18/2012	3	1	7	22	0	3	1	1	0.76	0.7121	0.58	0.0896	42	246	288	565	3	1	7	0	3	1	1	0.793333	0.745583	0.577083	0.137442	799	4914	5713
13435	7/18/2012	3	1	7	23	0	3	1	1	0.76	0.7121	0.58	0.0896	19	112	131	565	3	1	7	0	3	1	1	0.793333	0.745583	0.577083	0.137442	799	4914	5713
13436	7/19/2012	3	1	7	0	0	4	1	1	0.74	0.697	0.66	0.0896	16	50	66	566	3	1	7	0	4	1	1	0.77	0.714642	0.600417	0.165429	888	5703	6591
13437	7/19/2012	3	1	7	1	0	4	1	1	0.74	0.697	0.66	0.0896	6	19	25	566	3	1	7	0	4	1	1	0.77	0.714642	0.600417	0.165429	888	5703	6591
13438	7/19/2012	3	1	7	2	0	4	1	1	0.72	0.6818	0.7	0.194	0	7	7	566	3	1	7	0	4	1	1	0.77	0.714642	0.600417	0.165429	888	5703	6591
13439	7/19/2012	3	1	7	3	0	4	1	1	0.72	0.6818	0.7	0.1045	1	4	5	566	3	1	7	0	4	1	1	0.77	0.714642	0.600417	0.165429	888	5703	6591
13440	7/19/2012	3	1	7	4	0	4	1	1	0.72	0.6818	0.7	0.1045	0	8	8	566	3	1	7	0	4	1	1	0.77	0.714642	0.600417	0.165429	888	5703	6591
13441	7/19/2012	3	1	7	5	0	4	1	2	0.72	0.6818	0.7	0.1045	5	35	40	566	3	1	7	0	4	1	1	0.77	0.714642	0.600417	0.165429	888	5703	6591
13442	7/19/2012	3	1	7	6	0	4	1	1	0.72	0.6818	0.66	0.1343	8	144	152	566	3	1	7	0	4	1	1	0.77	0.714642	0.600417	0.165429	888	5703	6591
13443	7/19/2012	3	1	7	7	0	4	1	1	0.74	0.6818	0.58	0.2836	23	450	473	566	3	1	7	0	4	1	1	0.77	0.714642	0.600417	0.165429	888	5703	6591
13444	7/19/2012	3	1	7	8	0	4	1	1	0.76	0.7121	0.58	0.2537	32	625	657	566	3	1	7	0	4	1	1	0.77	0.714642	0.600417	0.165429	888	5703	6591
13445	7/19/2012	3	1	7	9	0	4	1	2	0.76	0.7121	0.58	0.2836	36	282	318	566	3	1	7	0	4	1	1	0.77	0.714642	0.600417	0.165429	888	5703	6591
13446	7/19/2012	3	1	7	10	0	4	1	1	0.76	0.7121	0.58	0.194	41	157	198	566	3	1	7	0	4	1	1	0.77	0.714642	0.600417	0.165429	888	5703	6591
13447	7/19/2012	3	1	7	11	0	4	1	1	0.8	0.7576	0.55	0.1045	54	162	216	566	3	1	7	0	4	1	1	0.77	0.714642	0.600417	0.165429	888	5703	6591
13448	7/19/2012	3	1	7	12	0	4	1	1	0.84	0.7879	0.49	0.2836	59	215	274	566	3	1	7	0	4	1	1	0.77	0.714642	0.600417	0.165429	888	5703	6591
13449	7/19/2012	3	1	7	13	0	4	1	1	0.84	0.7727	0.47	0.1343	74	180	254	566	3	1	7	0	4	1	1	0.77	0.714642	0.600417	0.165429	888	5703	6591
13450	7/19/2012	3	1	7	14	0	4	1	1	0.86	0.7879	0.44	0.0896	46	151	197	566	3	1	7	0	4	1	1	0.77	0.714642	0.600417	0.165429	888	5703	6591
13451	7/19/2012	3	1	7	15	0	4	1	1	0.84	0.7727	0.47	0.0896	66	226	292	566	3	1	7	0	4	1	1	0.77	0.714642	0.600417	0.165429	888	5703	6591
13452	7/19/2012	3	1	7	16	0	4	1	1	0.84	0.7727	0.47	0.0896	70	288	358	566	3	1	7	0	4	1	1	0.77	0.714642	0.600417	0.165429	888	5703	6591
13453	7/19/2012	3	1	7	17	0	4	1	1	0.86	0.7879	0.41	0	93	678	771	566	3	1	7	0	4	1	1	0.77	0.714642	0.600417	0.165429	888	5703	6591
13454	7/19/2012	3	1	7	18	0	4	1	1	0.86	0.7879	0.41	0.194	93	684	777	566	3	1	7	0	4	1	1	0.77	0.714642	0.600417	0.165429	888	5703	6591
13455	7/19/2012	3	1	7	19	0	4	1	1	0.84	0.7576	0.44	0.2537	53	480	533	566	3	1	7	0	4	1	1	0.77	0.714642	0.600417	0.165429	888	5703	6591
13456	7/19/2012	3	1	7	20	0	4	1	1	0.82	0.7727	0.49	0.1642	65	440	505	566	3	1	7	0	4	1	1	0.77	0.714642	0.600417	0.165429	888	5703	6591
13457	7/19/2012	3	1	7	21	0	4	1	3	0.66	0.5909	0.89	0.2537	38	294	332	566	3	1	7	0	4	1	1	0.77	0.714642	0.600417	0.165429	888	5703	6591
13458	7/19/2012	3	1	7	22	0	4	1	3	0.66	0.5909	0.89	0.2537	6	62	68	566	3	1	7	0	4	1	1	0.77	0.714642	0.600417	0.165429	888	5703	6591
13459	7/19/2012	3	1	7	23	0	4	1	3	0.66	0.5909	0.89	0.2239	3	62	65	566	3	1	7	0	4	1	1	0.77	0.714642	0.600417	0.165429	888	5703	6591
13460	7/20/2012	3	1	7	0	0	5	1	3	0.66	0.5909	0.89	0.0896	2	32	34	567	3	1	7	0	5	1	2	0.665833	0.613025	0.844167	0.208967	747	5123	5870
13461	7/20/2012	3	1	7	1	0	5	1	1	0.66	0.5909	0.89	0.1343	2	9	11	567	3	1	7	0	5	1	2	0.665833	0.613025	0.844167	0.208967	747	5123	5870
13462	7/20/2012	3	1	7	2	0	5	1	2	0.66	0.5909	0.89	0.0896	5	14	19	567	3	1	7	0	5	1	2	0.665833	0.613025	0.844167	0.208967	747	5123	5870
13463	7/20/2012	3	1	7	3	0	5	1	2	0.66	0.5909	0.89	0.1045	7	29	36	567	3	1	7	0	5	1	2	0.665833	0.613025	0.844167	0.208967	747	5123	5870
13464	7/20/2012	3	1	7	4	0	5	1	2	0.66	0.5909	0.89	0.1642	3	6	9	567	3	1	7	0	5	1	2	0.665833	0.613025	0.844167	0.208967	747	5123	5870
13465	7/20/2012	3	1	7	5	0	5	1	2	0.66	0.5909	0.89	0.1343	2	40	42	567	3	1	7	0	5	1	2	0.665833	0.613025	0.844167	0.208967	747	5123	5870
13466	7/20/2012	3	1	7	6	0	5	1	2	0.66	0.5909	0.89	0.1642	3	123	126	567	3	1	7	0	5	1	2	0.665833	0.613025	0.844167	0.208967	747	5123	5870
13467	7/20/2012	3	1	7	7	0	5	1	2	0.66	0.5909	0.89	0.194	14	346	360	567	3	1	7	0	5	1	2	0.665833	0.613025	0.844167	0.208967	747	5123	5870
13468	7/20/2012	3	1	7	8	0	5	1	2	0.68	0.6364	0.83	0.1642	39	652	691	567	3	1	7	0	5	1	2	0.665833	0.613025	0.844167	0.208967	747	5123	5870
13469	7/20/2012	3	1	7	9	0	5	1	2	0.7	0.6667	0.79	0.1343	45	328	373	567	3	1	7	0	5	1	2	0.665833	0.613025	0.844167	0.208967	747	5123	5870
13470	7/20/2012	3	1	7	10	0	5	1	2	0.7	0.6667	0.79	0.1642	51	182	233	567	3	1	7	0	5	1	2	0.665833	0.613025	0.844167	0.208967	747	5123	5870
13471	7/20/2012	3	1	7	11	0	5	1	3	0.72	0.697	0.74	0.194	51	161	212	567	3	1	7	0	5	1	2	0.665833	0.613025	0.844167	0.208967	747	5123	5870
13472	7/20/2012	3	1	7	12	0	5	1	3	0.68	0.6364	0.83	0.1642	41	233	274	567	3	1	7	0	5	1	2	0.665833	0.613025	0.844167	0.208967	747	5123	5870
13473	7/20/2012	3	1	7	13	0	5	1	3	0.68	0.6364	0.83	0.1045	20	136	156	567	3	1	7	0	5	1	2	0.665833	0.613025	0.844167	0.208967	747	5123	5870
13474	7/20/2012	3	1	7	14	0	5	1	3	0.7	0.6667	0.84	0.1642	53	176	229	567	3	1	7	0	5	1	2	0.665833	0.613025	0.844167	0.208967	747	5123	5870
13475	7/20/2012	3	1	7	15	0	5	1	2	0.7	0.6667	0.84	0.2985	47	169	216	567	3	1	7	0	5	1	2	0.665833	0.613025	0.844167	0.208967	747	5123	5870
13476	7/20/2012	3	1	7	16	0	5	1	2	0.68	0.6364	0.83	0.3284	70	366	436	567	3	1	7	0	5	1	2	0.665833	0.613025	0.844167	0.208967	747	5123	5870
13477	7/20/2012	3	1	7	17	0	5	1	2	0.66	0.5909	0.89	0.4179	95	620	715	567	3	1	7	0	5	1	2	0.665833	0.613025	0.844167	0.208967	747	5123	5870
13478	7/20/2012	3	1	7	18	0	5	1	2	0.66	0.6061	0.78	0.3284	73	549	622	567	3	1	7	0	5	1	2	0.665833	0.613025	0.844167	0.208967	747	5123	5870
13479	7/20/2012	3	1	7	19	0	5	1	2	0.64	0.5758	0.83	0.2836	44	358	402	567	3	1	7	0	5	1	2	0.665833	0.613025	0.844167	0.208967	747	5123	5870
13480	7/20/2012	3	1	7	20	0	5	1	3	0.64	0.5758	0.83	0.3881	35	216	251	567	3	1	7	0	5	1	2	0.665833	0.613025	0.844167	0.208967	747	5123	5870
13481	7/20/2012	3	1	7	21	0	5	1	3	0.62	0.5758	0.83	0.3284	14	108	122	567	3	1	7	0	5	1	2	0.665833	0.613025	0.844167	0.208967	747	5123	5870
13482	7/20/2012	3	1	7	22	0	5	1	2	0.62	0.5758	0.83	0.194	13	122	135	567	3	1	7	0	5	1	2	0.665833	0.613025	0.844167	0.208967	747	5123	5870
13483	7/20/2012	3	1	7	23	0	5	1	2	0.62	0.5758	0.83	0.2836	18	148	166	567	3	1	7	0	5	1	2	0.665833	0.613025	0.844167	0.208967	747	5123	5870
13484	7/21/2012	3	1	7	0	0	6	0	3	0.62	0.5758	0.83	0.2836	11	92	103	568	3	1	7	0	6	0	3	0.595833	0.549912	0.865417	0.2133	1264	3195	4459
13485	7/21/2012	3	1	7	1	0	6	0	2	0.62	0.5758	0.83	0.2537	10	62	72	568	3	1	7	0	6	0	3	0.595833	0.549912	0.865417	0.2133	1264	3195	4459
13486	7/21/2012	3	1	7	2	0	6	0	3	0.6	0.5455	0.88	0.2836	5	55	60	568	3	1	7	0	6	0	3	0.595833	0.549912	0.865417	0.2133	1264	3195	4459
13487	7/21/2012	3	1	7	3	0	6	0	3	0.6	0.5455	0.88	0.2537	7	18	25	568	3	1	7	0	6	0	3	0.595833	0.549912	0.865417	0.2133	1264	3195	4459
13488	7/21/2012	3	1	7	4	0	6	0	3	0.58	0.5455	0.88	0.2836	11	5	16	568	3	1	7	0	6	0	3	0.595833	0.549912	0.865417	0.2133	1264	3195	4459
13489	7/21/2012	3	1	7	5	0	6	0	3	0.58	0.5455	0.88	0.2537	7	10	17	568	3	1	7	0	6	0	3	0.595833	0.549912	0.865417	0.2133	1264	3195	4459
13490	7/21/2012	3	1	7	6	0	6	0	3	0.58	0.5455	0.88	0.2537	3	12	15	568	3	1	7	0	6	0	3	0.595833	0.549912	0.865417	0.2133	1264	3195	4459
13491	7/21/2012	3	1	7	7	0	6	0	2	0.58	0.5455	0.88	0.2537	8	29	37	568	3	1	7	0	6	0	3	0.595833	0.549912	0.865417	0.2133	1264	3195	4459
13492	7/21/2012	3	1	7	8	0	6	0	2	0.58	0.5455	0.83	0.2537	18	94	112	568	3	1	7	0	6	0	3	0.595833	0.549912	0.865417	0.2133	1264	3195	4459
13493	7/21/2012	3	1	7	9	0	6	0	2	0.58	0.5455	0.83	0.194	32	175	207	568	3	1	7	0	6	0	3	0.595833	0.549912	0.865417	0.2133	1264	3195	4459
13494	7/21/2012	3	1	7	10	0	6	0	3	0.58	0.5455	0.88	0.2537	49	219	268	568	3	1	7	0	6	0	3	0.595833	0.549912	0.865417	0.2133	1264	3195	4459
13495	7/21/2012	3	1	7	11	0	6	0	2	0.6	0.5606	0.83	0.2537	80	225	305	568	3	1	7	0	6	0	3	0.595833	0.549912	0.865417	0.2133	1264	3195	4459
13496	7/21/2012	3	1	7	12	0	6	0	3	0.6	0.5606	0.83	0.2239	156	301	457	568	3	1	7	0	6	0	3	0.595833	0.549912	0.865417	0.2133	1264	3195	4459
13497	7/21/2012	3	1	7	13	0	6	0	3	0.6	0.5606	0.83	0.1642	106	248	354	568	3	1	7	0	6	0	3	0.595833	0.549912	0.865417	0.2133	1264	3195	4459
13498	7/21/2012	3	1	7	14	0	6	0	2	0.6	0.5455	0.88	0.2537	121	222	343	568	3	1	7	0	6	0	3	0.595833	0.549912	0.865417	0.2133	1264	3195	4459
13499	7/21/2012	3	1	7	15	0	6	0	3	0.6	0.5455	0.88	0.2537	148	232	380	568	3	1	7	0	6	0	3	0.595833	0.549912	0.865417	0.2133	1264	3195	4459
13500	7/21/2012	3	1	7	16	0	6	0	3	0.6	0.5455	0.88	0.194	130	196	326	568	3	1	7	0	6	0	3	0.595833	0.549912	0.865417	0.2133	1264	3195	4459
13501	7/21/2012	3	1	7	17	0	6	0	3	0.6	0.5455	0.88	0.1642	92	149	241	568	3	1	7	0	6	0	3	0.595833	0.549912	0.865417	0.2133	1264	3195	4459
13502	7/21/2012	3	1	7	18	0	6	0	2	0.6	0.5455	0.88	0.194	51	126	177	568	3	1	7	0	6	0	3	0.595833	0.549912	0.865417	0.2133	1264	3195	4459
13503	7/21/2012	3	1	7	19	0	6	0	2	0.6	0.5455	0.88	0.1642	67	171	238	568	3	1	7	0	6	0	3	0.595833	0.549912	0.865417	0.2133	1264	3195	4459
13504	7/21/2012	3	1	7	20	0	6	0	3	0.6	0.5455	0.88	0.1642	51	163	214	568	3	1	7	0	6	0	3	0.595833	0.549912	0.865417	0.2133	1264	3195	4459
13505	7/21/2012	3	1	7	21	0	6	0	2	0.6	0.5455	0.88	0.1642	29	134	163	568	3	1	7	0	6	0	3	0.595833	0.549912	0.865417	0.2133	1264	3195	4459
13506	7/21/2012	3	1	7	22	0	6	0	2	0.6	0.5455	0.88	0.1045	40	140	180	568	3	1	7	0	6	0	3	0.595833	0.549912	0.865417	0.2133	1264	3195	4459
13507	7/21/2012	3	1	7	23	0	6	0	2	0.6	0.5455	0.88	0	32	117	149	568	3	1	7	0	6	0	3	0.595833	0.549912	0.865417	0.2133	1264	3195	4459
13508	7/22/2012	3	1	7	0	0	0	0	2	0.6	0.5455	0.88	0.1045	17	96	113	569	3	1	7	0	0	0	2	0.6675	0.623125	0.7625	0.0939208	2544	4866	7410
13509	7/22/2012	3	1	7	1	0	0	0	2	0.6	0.5455	0.88	0.1642	31	99	130	569	3	1	7	0	0	0	2	0.6675	0.623125	0.7625	0.0939208	2544	4866	7410
13510	7/22/2012	3	1	7	2	0	0	0	2	0.6	0.5455	0.88	0.1045	32	90	122	569	3	1	7	0	0	0	2	0.6675	0.623125	0.7625	0.0939208	2544	4866	7410
13511	7/22/2012	3	1	7	3	0	0	0	2	0.6	0.5455	0.88	0.1045	13	30	43	569	3	1	7	0	0	0	2	0.6675	0.623125	0.7625	0.0939208	2544	4866	7410
13512	7/22/2012	3	1	7	4	0	0	0	1	0.6	0.5455	0.88	0	6	10	16	569	3	1	7	0	0	0	2	0.6675	0.623125	0.7625	0.0939208	2544	4866	7410
13513	7/22/2012	3	1	7	5	0	0	0	1	0.6	0.5455	0.88	0	0	6	6	569	3	1	7	0	0	0	2	0.6675	0.623125	0.7625	0.0939208	2544	4866	7410
13514	7/22/2012	3	1	7	6	0	0	0	2	0.62	0.5758	0.83	0.0896	5	14	19	569	3	1	7	0	0	0	2	0.6675	0.623125	0.7625	0.0939208	2544	4866	7410
13515	7/22/2012	3	1	7	7	0	0	0	2	0.62	0.5758	0.83	0	13	25	38	569	3	1	7	0	0	0	2	0.6675	0.623125	0.7625	0.0939208	2544	4866	7410
13516	7/22/2012	3	1	7	8	0	0	0	2	0.64	0.5909	0.78	0	31	122	153	569	3	1	7	0	0	0	2	0.6675	0.623125	0.7625	0.0939208	2544	4866	7410
13517	7/22/2012	3	1	7	9	0	0	0	2	0.66	0.6212	0.69	0	79	179	258	569	3	1	7	0	0	0	2	0.6675	0.623125	0.7625	0.0939208	2544	4866	7410
13518	7/22/2012	3	1	7	10	0	0	0	2	0.66	0.6212	0.74	0	114	265	379	569	3	1	7	0	0	0	2	0.6675	0.623125	0.7625	0.0939208	2544	4866	7410
13519	7/22/2012	3	1	7	11	0	0	0	2	0.66	0.6212	0.74	0	191	314	505	569	3	1	7	0	0	0	2	0.6675	0.623125	0.7625	0.0939208	2544	4866	7410
13520	7/22/2012	3	1	7	12	0	0	0	2	0.7	0.6515	0.7	0.1045	178	326	504	569	3	1	7	0	0	0	2	0.6675	0.623125	0.7625	0.0939208	2544	4866	7410
13521	7/22/2012	3	1	7	13	0	0	0	2	0.7	0.6515	0.65	0.0896	238	388	626	569	3	1	7	0	0	0	2	0.6675	0.623125	0.7625	0.0939208	2544	4866	7410
13522	7/22/2012	3	1	7	14	0	0	0	1	0.72	0.6818	0.66	0.1045	256	360	616	569	3	1	7	0	0	0	2	0.6675	0.623125	0.7625	0.0939208	2544	4866	7410
13523	7/22/2012	3	1	7	15	0	0	0	1	0.72	0.6818	0.66	0.1045	254	370	624	569	3	1	7	0	0	0	2	0.6675	0.623125	0.7625	0.0939208	2544	4866	7410
13524	7/22/2012	3	1	7	16	0	0	0	1	0.74	0.697	0.66	0.1045	245	383	628	569	3	1	7	0	0	0	2	0.6675	0.623125	0.7625	0.0939208	2544	4866	7410
13525	7/22/2012	3	1	7	17	0	0	0	1	0.74	0.697	0.66	0.2239	188	368	556	569	3	1	7	0	0	0	2	0.6675	0.623125	0.7625	0.0939208	2544	4866	7410
13526	7/22/2012	3	1	7	18	0	0	0	1	0.74	0.697	0.66	0.1642	173	342	515	569	3	1	7	0	0	0	2	0.6675	0.623125	0.7625	0.0939208	2544	4866	7410
13527	7/22/2012	3	1	7	19	0	0	0	1	0.72	0.6818	0.7	0.1642	180	342	522	569	3	1	7	0	0	0	2	0.6675	0.623125	0.7625	0.0939208	2544	4866	7410
13528	7/22/2012	3	1	7	20	0	0	0	1	0.7	0.6667	0.74	0.1642	124	254	378	569	3	1	7	0	0	0	2	0.6675	0.623125	0.7625	0.0939208	2544	4866	7410
13529	7/22/2012	3	1	7	21	0	0	0	1	0.7	0.6667	0.79	0.1045	88	257	345	569	3	1	7	0	0	0	2	0.6675	0.623125	0.7625	0.0939208	2544	4866	7410
13530	7/22/2012	3	1	7	22	0	0	0	1	0.7	0.6667	0.74	0.194	55	136	191	569	3	1	7	0	0	0	2	0.6675	0.623125	0.7625	0.0939208	2544	4866	7410
13531	7/22/2012	3	1	7	23	0	0	0	1	0.68	0.6364	0.79	0.1642	33	90	123	569	3	1	7	0	0	0	2	0.6675	0.623125	0.7625	0.0939208	2544	4866	7410
13532	7/23/2012	3	1	7	0	0	1	1	1	0.66	0.5909	0.89	0.0896	11	36	47	570	3	1	7	0	1	1	1	0.741667	0.690017	0.694167	0.138683	1135	5831	6966
13533	7/23/2012	3	1	7	1	0	1	1	1	0.66	0.5909	0.89	0.194	7	20	27	570	3	1	7	0	1	1	1	0.741667	0.690017	0.694167	0.138683	1135	5831	6966
13534	7/23/2012	3	1	7	2	0	1	1	2	0.66	0.5909	0.94	0.0896	3	14	17	570	3	1	7	0	1	1	1	0.741667	0.690017	0.694167	0.138683	1135	5831	6966
13535	7/23/2012	3	1	7	3	0	1	1	2	0.66	0.5909	0.94	0.0896	0	2	2	570	3	1	7	0	1	1	1	0.741667	0.690017	0.694167	0.138683	1135	5831	6966
13536	7/23/2012	3	1	7	4	0	1	1	2	0.66	0.5909	0.94	0.1343	0	8	8	570	3	1	7	0	1	1	1	0.741667	0.690017	0.694167	0.138683	1135	5831	6966
13537	7/23/2012	3	1	7	5	0	1	1	2	0.66	0.5909	0.94	0.1343	3	48	51	570	3	1	7	0	1	1	1	0.741667	0.690017	0.694167	0.138683	1135	5831	6966
13538	7/23/2012	3	1	7	6	0	1	1	2	0.68	0.6364	0.89	0.0896	9	148	157	570	3	1	7	0	1	1	1	0.741667	0.690017	0.694167	0.138683	1135	5831	6966
13539	7/23/2012	3	1	7	7	0	1	1	1	0.7	0.6667	0.84	0.1343	17	404	421	570	3	1	7	0	1	1	1	0.741667	0.690017	0.694167	0.138683	1135	5831	6966
13540	7/23/2012	3	1	7	8	0	1	1	1	0.72	0.697	0.79	0.1045	47	691	738	570	3	1	7	0	1	1	1	0.741667	0.690017	0.694167	0.138683	1135	5831	6966
13541	7/23/2012	3	1	7	9	0	1	1	2	0.74	0.7121	0.74	0.1343	57	288	345	570	3	1	7	0	1	1	1	0.741667	0.690017	0.694167	0.138683	1135	5831	6966
13542	7/23/2012	3	1	7	10	0	1	1	2	0.78	0.7424	0.62	0	63	137	200	570	3	1	7	0	1	1	1	0.741667	0.690017	0.694167	0.138683	1135	5831	6966
13543	7/23/2012	3	1	7	11	0	1	1	2	0.8	0.7424	0.52	0.1642	69	129	198	570	3	1	7	0	1	1	1	0.741667	0.690017	0.694167	0.138683	1135	5831	6966
13544	7/23/2012	3	1	7	12	0	1	1	2	0.8	0.7424	0.52	0.1642	109	205	314	570	3	1	7	0	1	1	1	0.741667	0.690017	0.694167	0.138683	1135	5831	6966
13545	7/23/2012	3	1	7	13	0	1	1	2	0.8	0.7424	0.52	0.1045	64	176	240	570	3	1	7	0	1	1	1	0.741667	0.690017	0.694167	0.138683	1135	5831	6966
13546	7/23/2012	3	1	7	14	0	1	1	2	0.78	0.7424	0.59	0.1642	82	189	271	570	3	1	7	0	1	1	1	0.741667	0.690017	0.694167	0.138683	1135	5831	6966
13547	7/23/2012	3	1	7	15	0	1	1	1	0.8	0.7576	0.55	0.194	76	205	281	570	3	1	7	0	1	1	1	0.741667	0.690017	0.694167	0.138683	1135	5831	6966
13548	7/23/2012	3	1	7	16	0	1	1	1	0.82	0.7727	0.52	0.1343	111	346	457	570	3	1	7	0	1	1	1	0.741667	0.690017	0.694167	0.138683	1135	5831	6966
13549	7/23/2012	3	1	7	17	0	1	1	1	0.82	0.7727	0.52	0.1343	87	760	847	570	3	1	7	0	1	1	1	0.741667	0.690017	0.694167	0.138683	1135	5831	6966
13550	7/23/2012	3	1	7	18	0	1	1	1	0.82	0.7576	0.46	0.1045	69	672	741	570	3	1	7	0	1	1	1	0.741667	0.690017	0.694167	0.138683	1135	5831	6966
13551	7/23/2012	3	1	7	19	0	1	1	1	0.8	0.7424	0.52	0.2537	94	488	582	570	3	1	7	0	1	1	1	0.741667	0.690017	0.694167	0.138683	1135	5831	6966
13552	7/23/2012	3	1	7	20	0	1	1	1	0.76	0.7121	0.62	0.1642	56	347	403	570	3	1	7	0	1	1	1	0.741667	0.690017	0.694167	0.138683	1135	5831	6966
13553	7/23/2012	3	1	7	21	0	1	1	1	0.76	0.7121	0.62	0.194	45	251	296	570	3	1	7	0	1	1	1	0.741667	0.690017	0.694167	0.138683	1135	5831	6966
13554	7/23/2012	3	1	7	22	0	1	1	1	0.74	0.6818	0.62	0.194	40	169	209	570	3	1	7	0	1	1	1	0.741667	0.690017	0.694167	0.138683	1135	5831	6966
13555	7/23/2012	3	1	7	23	0	1	1	1	0.72	0.6818	0.66	0.1642	16	98	114	570	3	1	7	0	1	1	1	0.741667	0.690017	0.694167	0.138683	1135	5831	6966
13556	7/24/2012	3	1	7	0	0	2	1	1	0.7	0.6667	0.74	0.1343	12	52	64	571	3	1	7	0	2	1	1	0.750833	0.70645	0.655	0.211454	1140	6452	7592
13557	7/24/2012	3	1	7	1	0	2	1	1	0.68	0.6364	0.79	0.1642	7	10	17	571	3	1	7	0	2	1	1	0.750833	0.70645	0.655	0.211454	1140	6452	7592
13558	7/24/2012	3	1	7	2	0	2	1	1	0.66	0.6061	0.83	0.1642	6	10	16	571	3	1	7	0	2	1	1	0.750833	0.70645	0.655	0.211454	1140	6452	7592
13559	7/24/2012	3	1	7	3	0	2	1	1	0.66	0.6061	0.83	0.1642	1	5	6	571	3	1	7	0	2	1	1	0.750833	0.70645	0.655	0.211454	1140	6452	7592
13560	7/24/2012	3	1	7	4	0	2	1	1	0.66	0.6061	0.83	0.0896	0	6	6	571	3	1	7	0	2	1	1	0.750833	0.70645	0.655	0.211454	1140	6452	7592
13561	7/24/2012	3	1	7	5	0	2	1	1	0.66	0.6061	0.83	0.1045	5	45	50	571	3	1	7	0	2	1	1	0.750833	0.70645	0.655	0.211454	1140	6452	7592
13562	7/24/2012	3	1	7	6	0	2	1	1	0.66	0.6061	0.83	0.1343	17	173	190	571	3	1	7	0	2	1	1	0.750833	0.70645	0.655	0.211454	1140	6452	7592
13563	7/24/2012	3	1	7	7	0	2	1	1	0.7	0.6667	0.74	0.1642	24	492	516	571	3	1	7	0	2	1	1	0.750833	0.70645	0.655	0.211454	1140	6452	7592
13564	7/24/2012	3	1	7	8	0	2	1	1	0.74	0.697	0.7	0.194	49	694	743	571	3	1	7	0	2	1	1	0.750833	0.70645	0.655	0.211454	1140	6452	7592
13565	7/24/2012	3	1	7	9	0	2	1	1	0.84	0.803	0.53	0	40	299	339	571	3	1	7	0	2	1	1	0.750833	0.70645	0.655	0.211454	1140	6452	7592
13566	7/24/2012	3	1	7	10	0	2	1	1	0.82	0.7879	0.56	0.2985	62	156	218	571	3	1	7	0	2	1	1	0.750833	0.70645	0.655	0.211454	1140	6452	7592
13567	7/24/2012	3	1	7	11	0	2	1	2	0.84	0.803	0.53	0.3284	45	156	201	571	3	1	7	0	2	1	1	0.750833	0.70645	0.655	0.211454	1140	6452	7592
13568	7/24/2012	3	1	7	12	0	2	1	2	0.82	0.7879	0.56	0.2239	60	169	229	571	3	1	7	0	2	1	1	0.750833	0.70645	0.655	0.211454	1140	6452	7592
13569	7/24/2012	3	1	7	13	0	2	1	2	0.84	0.803	0.53	0.2985	73	200	273	571	3	1	7	0	2	1	1	0.750833	0.70645	0.655	0.211454	1140	6452	7592
13570	7/24/2012	3	1	7	14	0	2	1	2	0.84	0.803	0.53	0.2239	48	196	244	571	3	1	7	0	2	1	1	0.750833	0.70645	0.655	0.211454	1140	6452	7592
13571	7/24/2012	3	1	7	15	0	2	1	1	0.82	0.7727	0.49	0.2985	73	212	285	571	3	1	7	0	2	1	1	0.750833	0.70645	0.655	0.211454	1140	6452	7592
13572	7/24/2012	3	1	7	16	0	2	1	1	0.8	0.7576	0.55	0.2985	86	369	455	571	3	1	7	0	2	1	1	0.750833	0.70645	0.655	0.211454	1140	6452	7592
13573	7/24/2012	3	1	7	17	0	2	1	1	0.8	0.7424	0.52	0.3284	94	775	869	571	3	1	7	0	2	1	1	0.750833	0.70645	0.655	0.211454	1140	6452	7592
13574	7/24/2012	3	1	7	18	0	2	1	1	0.76	0.7121	0.62	0.3284	110	767	877	571	3	1	7	0	2	1	1	0.750833	0.70645	0.655	0.211454	1140	6452	7592
13575	7/24/2012	3	1	7	19	0	2	1	1	0.76	0.7121	0.62	0.1642	109	523	632	571	3	1	7	0	2	1	1	0.750833	0.70645	0.655	0.211454	1140	6452	7592
13576	7/24/2012	3	1	7	20	0	2	1	1	0.74	0.697	0.66	0.1642	85	438	523	571	3	1	7	0	2	1	1	0.750833	0.70645	0.655	0.211454	1140	6452	7592
13577	7/24/2012	3	1	7	21	0	2	1	1	0.74	0.697	0.66	0.2239	53	325	378	571	3	1	7	0	2	1	1	0.750833	0.70645	0.655	0.211454	1140	6452	7592
13578	7/24/2012	3	1	7	22	0	2	1	1	0.74	0.697	0.66	0.2537	43	226	269	571	3	1	7	0	2	1	1	0.750833	0.70645	0.655	0.211454	1140	6452	7592
13579	7/24/2012	3	1	7	23	0	2	1	1	0.74	0.6818	0.58	0.3284	38	154	192	571	3	1	7	0	2	1	1	0.750833	0.70645	0.655	0.211454	1140	6452	7592
13580	7/25/2012	3	1	7	0	0	3	1	1	0.72	0.6667	0.58	0.2985	9	57	66	572	3	1	7	0	3	1	1	0.724167	0.654054	0.45	0.1648	1383	6790	8173
13581	7/25/2012	3	1	7	1	0	3	1	1	0.7	0.6515	0.58	0.194	2	26	28	572	3	1	7	0	3	1	1	0.724167	0.654054	0.45	0.1648	1383	6790	8173
13582	7/25/2012	3	1	7	2	0	3	1	1	0.68	0.6364	0.61	0.2239	1	11	12	572	3	1	7	0	3	1	1	0.724167	0.654054	0.45	0.1648	1383	6790	8173
13583	7/25/2012	3	1	7	3	0	3	1	1	0.66	0.6212	0.65	0.2239	1	11	12	572	3	1	7	0	3	1	1	0.724167	0.654054	0.45	0.1648	1383	6790	8173
13584	7/25/2012	3	1	7	4	0	3	1	1	0.64	0.6061	0.65	0.2239	0	4	4	572	3	1	7	0	3	1	1	0.724167	0.654054	0.45	0.1648	1383	6790	8173
13585	7/25/2012	3	1	7	5	0	3	1	1	0.64	0.6061	0.65	0.1642	5	54	59	572	3	1	7	0	3	1	1	0.724167	0.654054	0.45	0.1648	1383	6790	8173
13586	7/25/2012	3	1	7	6	0	3	1	1	0.64	0.6061	0.65	0.194	11	179	190	572	3	1	7	0	3	1	1	0.724167	0.654054	0.45	0.1648	1383	6790	8173
13587	7/25/2012	3	1	7	7	0	3	1	1	0.66	0.6212	0.5	0.3284	34	473	507	572	3	1	7	0	3	1	1	0.724167	0.654054	0.45	0.1648	1383	6790	8173
13588	7/25/2012	3	1	7	8	0	3	1	1	0.7	0.6364	0.42	0.2537	43	745	788	572	3	1	7	0	3	1	1	0.724167	0.654054	0.45	0.1648	1383	6790	8173
13589	7/25/2012	3	1	7	9	0	3	1	1	0.72	0.6515	0.37	0.2985	65	277	342	572	3	1	7	0	3	1	1	0.724167	0.654054	0.45	0.1648	1383	6790	8173
13590	7/25/2012	3	1	7	10	0	3	1	1	0.74	0.6515	0.37	0	68	163	231	572	3	1	7	0	3	1	1	0.724167	0.654054	0.45	0.1648	1383	6790	8173
13591	7/25/2012	3	1	7	11	0	3	1	1	0.76	0.6667	0.33	0	79	202	281	572	3	1	7	0	3	1	1	0.724167	0.654054	0.45	0.1648	1383	6790	8173
13592	7/25/2012	3	1	7	12	0	3	1	1	0.76	0.6667	0.33	0	77	233	310	572	3	1	7	0	3	1	1	0.724167	0.654054	0.45	0.1648	1383	6790	8173
13593	7/25/2012	3	1	7	13	0	3	1	1	0.78	0.6818	0.31	0.1642	81	231	312	572	3	1	7	0	3	1	1	0.724167	0.654054	0.45	0.1648	1383	6790	8173
13594	7/25/2012	3	1	7	14	0	3	1	1	0.8	0.697	0.29	0.1343	88	159	247	572	3	1	7	0	3	1	1	0.724167	0.654054	0.45	0.1648	1383	6790	8173
13595	7/25/2012	3	1	7	15	0	3	1	1	0.78	0.6818	0.31	0.0896	94	223	317	572	3	1	7	0	3	1	1	0.724167	0.654054	0.45	0.1648	1383	6790	8173
13596	7/25/2012	3	1	7	16	0	3	1	1	0.8	0.697	0.29	0.1642	91	393	484	572	3	1	7	0	3	1	1	0.724167	0.654054	0.45	0.1648	1383	6790	8173
13597	7/25/2012	3	1	7	17	0	3	1	1	0.8	0.697	0.31	0	130	783	913	572	3	1	7	0	3	1	1	0.724167	0.654054	0.45	0.1648	1383	6790	8173
13598	7/25/2012	3	1	7	18	0	3	1	1	0.8	0.697	0.27	0.1343	104	787	891	572	3	1	7	0	3	1	1	0.724167	0.654054	0.45	0.1648	1383	6790	8173
13599	7/25/2012	3	1	7	19	0	3	1	1	0.76	0.6667	0.33	0.1343	116	582	698	572	3	1	7	0	3	1	1	0.724167	0.654054	0.45	0.1648	1383	6790	8173
13600	7/25/2012	3	1	7	20	0	3	1	1	0.74	0.6515	0.4	0.1642	106	461	567	572	3	1	7	0	3	1	1	0.724167	0.654054	0.45	0.1648	1383	6790	8173
13601	7/25/2012	3	1	7	21	0	3	1	1	0.72	0.6515	0.45	0.1343	71	326	397	572	3	1	7	0	3	1	1	0.724167	0.654054	0.45	0.1648	1383	6790	8173
13602	7/25/2012	3	1	7	22	0	3	1	1	0.7	0.6515	0.58	0.1343	55	223	278	572	3	1	7	0	3	1	1	0.724167	0.654054	0.45	0.1648	1383	6790	8173
13603	7/25/2012	3	1	7	23	0	3	1	1	0.68	0.6364	0.57	0.2985	52	187	239	572	3	1	7	0	3	1	1	0.724167	0.654054	0.45	0.1648	1383	6790	8173
13604	7/26/2012	3	1	7	0	0	4	1	1	0.66	0.6212	0.65	0.194	27	65	92	573	3	1	7	0	4	1	1	0.776667	0.739263	0.596667	0.284813	1036	5825	6861
13605	7/26/2012	3	1	7	1	0	4	1	1	0.66	0.6212	0.65	0.2239	6	23	29	573	3	1	7	0	4	1	1	0.776667	0.739263	0.596667	0.284813	1036	5825	6861
13606	7/26/2012	3	1	7	2	0	4	1	1	0.66	0.6212	0.69	0.2537	5	16	21	573	3	1	7	0	4	1	1	0.776667	0.739263	0.596667	0.284813	1036	5825	6861
13607	7/26/2012	3	1	7	3	0	4	1	1	0.66	0.6212	0.69	0.2239	0	8	8	573	3	1	7	0	4	1	1	0.776667	0.739263	0.596667	0.284813	1036	5825	6861
13608	7/26/2012	3	1	7	4	0	4	1	1	0.66	0.6212	0.74	0.194	0	4	4	573	3	1	7	0	4	1	1	0.776667	0.739263	0.596667	0.284813	1036	5825	6861
13609	7/26/2012	3	1	7	5	0	4	1	1	0.66	0.6212	0.74	0.194	2	40	42	573	3	1	7	0	4	1	1	0.776667	0.739263	0.596667	0.284813	1036	5825	6861
13610	7/26/2012	3	1	7	6	0	4	1	1	0.66	0.6061	0.78	0.2537	16	165	181	573	3	1	7	0	4	1	1	0.776667	0.739263	0.596667	0.284813	1036	5825	6861
13611	7/26/2012	3	1	7	7	0	4	1	1	0.7	0.6667	0.74	0.2537	17	478	495	573	3	1	7	0	4	1	1	0.776667	0.739263	0.596667	0.284813	1036	5825	6861
13612	7/26/2012	3	1	7	8	0	4	1	2	0.7	0.6667	0.74	0.2537	49	680	729	573	3	1	7	0	4	1	1	0.776667	0.739263	0.596667	0.284813	1036	5825	6861
13613	7/26/2012	3	1	7	9	0	4	1	2	0.72	0.6818	0.7	0.1343	55	289	344	573	3	1	7	0	4	1	1	0.776667	0.739263	0.596667	0.284813	1036	5825	6861
13614	7/26/2012	3	1	7	10	0	4	1	1	0.74	0.697	0.7	0.2239	79	143	222	573	3	1	7	0	4	1	1	0.776667	0.739263	0.596667	0.284813	1036	5825	6861
13615	7/26/2012	3	1	7	11	0	4	1	1	0.8	0.803	0.66	0.2239	69	143	212	573	3	1	7	0	4	1	1	0.776667	0.739263	0.596667	0.284813	1036	5825	6861
13616	7/26/2012	3	1	7	12	0	4	1	1	0.84	0.8182	0.56	0.2537	73	206	279	573	3	1	7	0	4	1	1	0.776667	0.739263	0.596667	0.284813	1036	5825	6861
13617	7/26/2012	3	1	7	13	0	4	1	1	0.86	0.8333	0.53	0.2985	53	189	242	573	3	1	7	0	4	1	1	0.776667	0.739263	0.596667	0.284813	1036	5825	6861
13618	7/26/2012	3	1	7	14	0	4	1	1	0.9	0.8788	0.47	0.2537	62	151	213	573	3	1	7	0	4	1	1	0.776667	0.739263	0.596667	0.284813	1036	5825	6861
13619	7/26/2012	3	1	7	15	0	4	1	1	0.92	0.8939	0.42	0.2985	65	173	238	573	3	1	7	0	4	1	1	0.776667	0.739263	0.596667	0.284813	1036	5825	6861
13620	7/26/2012	3	1	7	16	0	4	1	1	0.94	0.8788	0.38	0.3881	62	312	374	573	3	1	7	0	4	1	1	0.776667	0.739263	0.596667	0.284813	1036	5825	6861
13621	7/26/2012	3	1	7	17	0	4	1	1	0.9	0.8636	0.45	0.4179	110	628	738	573	3	1	7	0	4	1	1	0.776667	0.739263	0.596667	0.284813	1036	5825	6861
13622	7/26/2012	3	1	7	18	0	4	1	1	0.92	0.8788	0.4	0.3582	73	615	688	573	3	1	7	0	4	1	1	0.776667	0.739263	0.596667	0.284813	1036	5825	6861
13623	7/26/2012	3	1	7	19	0	4	1	1	0.9	0.8636	0.45	0.3284	80	534	614	573	3	1	7	0	4	1	1	0.776667	0.739263	0.596667	0.284813	1036	5825	6861
13624	7/26/2012	3	1	7	20	0	4	1	1	0.86	0.8182	0.5	0.2537	47	399	446	573	3	1	7	0	4	1	1	0.776667	0.739263	0.596667	0.284813	1036	5825	6861
13625	7/26/2012	3	1	7	21	0	4	1	1	0.8	0.7424	0.49	0.6119	35	236	271	573	3	1	7	0	4	1	1	0.776667	0.739263	0.596667	0.284813	1036	5825	6861
13626	7/26/2012	3	1	7	22	0	4	1	1	0.8	0.7424	0.49	0.6119	33	201	234	573	3	1	7	0	4	1	1	0.776667	0.739263	0.596667	0.284813	1036	5825	6861
13627	7/26/2012	3	1	7	23	0	4	1	1	0.72	0.6818	0.7	0.1343	18	127	145	573	3	1	7	0	4	1	1	0.776667	0.739263	0.596667	0.284813	1036	5825	6861
13628	7/27/2012	3	1	7	0	0	5	1	1	0.72	0.6818	0.7	0	14	83	97	574	3	1	7	0	5	1	1	0.781667	0.734217	0.594583	0.152992	1259	5645	6904
13629	7/27/2012	3	1	7	1	0	5	1	1	0.72	0.6818	0.7	0.1045	12	42	54	574	3	1	7	0	5	1	1	0.781667	0.734217	0.594583	0.152992	1259	5645	6904
13630	7/27/2012	3	1	7	2	0	5	1	1	0.7	0.6667	0.79	0.1343	8	18	26	574	3	1	7	0	5	1	1	0.781667	0.734217	0.594583	0.152992	1259	5645	6904
13631	7/27/2012	3	1	7	3	0	5	1	1	0.7	0.6667	0.74	0.1642	3	9	12	574	3	1	7	0	5	1	1	0.781667	0.734217	0.594583	0.152992	1259	5645	6904
13632	7/27/2012	3	1	7	4	0	5	1	1	0.7	0.6667	0.79	0	3	5	8	574	3	1	7	0	5	1	1	0.781667	0.734217	0.594583	0.152992	1259	5645	6904
13633	7/27/2012	3	1	7	5	0	5	1	1	0.7	0.6667	0.84	0	3	34	37	574	3	1	7	0	5	1	1	0.781667	0.734217	0.594583	0.152992	1259	5645	6904
13634	7/27/2012	3	1	7	6	0	5	1	1	0.7	0.6667	0.79	0	10	129	139	574	3	1	7	0	5	1	1	0.781667	0.734217	0.594583	0.152992	1259	5645	6904
13635	7/27/2012	3	1	7	7	0	5	1	1	0.72	0.6818	0.7	0.194	13	397	410	574	3	1	7	0	5	1	1	0.781667	0.734217	0.594583	0.152992	1259	5645	6904
13636	7/27/2012	3	1	7	8	0	5	1	1	0.76	0.7273	0.66	0.0896	34	642	676	574	3	1	7	0	5	1	1	0.781667	0.734217	0.594583	0.152992	1259	5645	6904
13637	7/27/2012	3	1	7	9	0	5	1	1	0.82	0.7727	0.49	0.2836	34	329	363	574	3	1	7	0	5	1	1	0.781667	0.734217	0.594583	0.152992	1259	5645	6904
13638	7/27/2012	3	1	7	10	0	5	1	1	0.84	0.7727	0.47	0	85	146	231	574	3	1	7	0	5	1	1	0.781667	0.734217	0.594583	0.152992	1259	5645	6904
13639	7/27/2012	3	1	7	11	0	5	1	1	0.84	0.7727	0.47	0.3284	67	184	251	574	3	1	7	0	5	1	1	0.781667	0.734217	0.594583	0.152992	1259	5645	6904
13640	7/27/2012	3	1	7	12	0	5	1	1	0.84	0.7879	0.49	0.3582	92	207	299	574	3	1	7	0	5	1	1	0.781667	0.734217	0.594583	0.152992	1259	5645	6904
13641	7/27/2012	3	1	7	13	0	5	1	1	0.84	0.7727	0.47	0.2836	83	231	314	574	3	1	7	0	5	1	1	0.781667	0.734217	0.594583	0.152992	1259	5645	6904
13642	7/27/2012	3	1	7	14	0	5	1	1	0.86	0.803	0.47	0.2985	105	221	326	574	3	1	7	0	5	1	1	0.781667	0.734217	0.594583	0.152992	1259	5645	6904
13643	7/27/2012	3	1	7	15	0	5	1	1	0.86	0.7879	0.41	0.2239	81	242	323	574	3	1	7	0	5	1	1	0.781667	0.734217	0.594583	0.152992	1259	5645	6904
13644	7/27/2012	3	1	7	16	0	5	1	1	0.84	0.7727	0.47	0.2239	80	419	499	574	3	1	7	0	5	1	1	0.781667	0.734217	0.594583	0.152992	1259	5645	6904
13645	7/27/2012	3	1	7	17	0	5	1	1	0.86	0.7879	0.41	0.2836	101	598	699	574	3	1	7	0	5	1	1	0.781667	0.734217	0.594583	0.152992	1259	5645	6904
13646	7/27/2012	3	1	7	18	0	5	1	1	0.82	0.7576	0.46	0.1642	100	522	622	574	3	1	7	0	5	1	1	0.781667	0.734217	0.594583	0.152992	1259	5645	6904
13647	7/27/2012	3	1	7	19	0	5	1	1	0.82	0.7727	0.52	0.194	93	423	516	574	3	1	7	0	5	1	1	0.781667	0.734217	0.594583	0.152992	1259	5645	6904
13648	7/27/2012	3	1	7	20	0	5	1	1	0.78	0.7424	0.59	0.1045	85	269	354	574	3	1	7	0	5	1	1	0.781667	0.734217	0.594583	0.152992	1259	5645	6904
13649	7/27/2012	3	1	7	21	0	5	1	1	0.78	0.7424	0.59	0.1045	71	189	260	574	3	1	7	0	5	1	1	0.781667	0.734217	0.594583	0.152992	1259	5645	6904
13650	7/27/2012	3	1	7	22	0	5	1	1	0.78	0.7424	0.59	0.1343	48	151	199	574	3	1	7	0	5	1	1	0.781667	0.734217	0.594583	0.152992	1259	5645	6904
13651	7/27/2012	3	1	7	23	0	5	1	1	0.76	0.7273	0.66	0	34	155	189	574	3	1	7	0	5	1	1	0.781667	0.734217	0.594583	0.152992	1259	5645	6904
13652	7/28/2012	3	1	7	0	0	6	0	1	0.74	0.6818	0.62	0.1343	21	170	191	575	3	1	7	0	6	0	1	0.755833	0.697604	0.613333	0.15735	2234	4451	6685
13653	7/28/2012	3	1	7	1	0	6	0	1	0.72	0.6818	0.7	0.0896	11	69	80	575	3	1	7	0	6	0	1	0.755833	0.697604	0.613333	0.15735	2234	4451	6685
13654	7/28/2012	3	1	7	2	0	6	0	1	0.72	0.6818	0.7	0	14	76	90	575	3	1	7	0	6	0	1	0.755833	0.697604	0.613333	0.15735	2234	4451	6685
13655	7/28/2012	3	1	7	3	0	6	0	1	0.72	0.6818	0.7	0	10	33	43	575	3	1	7	0	6	0	1	0.755833	0.697604	0.613333	0.15735	2234	4451	6685
13656	7/28/2012	3	1	7	4	0	6	0	1	0.7	0.6667	0.79	0.194	1	10	11	575	3	1	7	0	6	0	1	0.755833	0.697604	0.613333	0.15735	2234	4451	6685
13657	7/28/2012	3	1	7	5	0	6	0	1	0.68	0.6364	0.79	0.1642	4	10	14	575	3	1	7	0	6	0	1	0.755833	0.697604	0.613333	0.15735	2234	4451	6685
13658	7/28/2012	3	1	7	6	0	6	0	1	0.7	0.6515	0.7	0.1045	10	40	50	575	3	1	7	0	6	0	1	0.755833	0.697604	0.613333	0.15735	2234	4451	6685
13659	7/28/2012	3	1	7	7	0	6	0	1	0.72	0.6818	0.7	0.1343	18	58	76	575	3	1	7	0	6	0	1	0.755833	0.697604	0.613333	0.15735	2234	4451	6685
13660	7/28/2012	3	1	7	8	0	6	0	1	0.74	0.697	0.66	0.1642	36	127	163	575	3	1	7	0	6	0	1	0.755833	0.697604	0.613333	0.15735	2234	4451	6685
13661	7/28/2012	3	1	7	9	0	6	0	1	0.78	0.7424	0.59	0.1045	110	227	337	575	3	1	7	0	6	0	1	0.755833	0.697604	0.613333	0.15735	2234	4451	6685
13662	7/28/2012	3	1	7	10	0	6	0	1	0.82	0.7727	0.52	0.2239	129	266	395	575	3	1	7	0	6	0	1	0.755833	0.697604	0.613333	0.15735	2234	4451	6685
13663	7/28/2012	3	1	7	11	0	6	0	1	0.84	0.7424	0.39	0.2239	162	295	457	575	3	1	7	0	6	0	1	0.755833	0.697604	0.613333	0.15735	2234	4451	6685
13664	7/28/2012	3	1	7	12	0	6	0	1	0.84	0.7576	0.41	0.2239	157	330	487	575	3	1	7	0	6	0	1	0.755833	0.697604	0.613333	0.15735	2234	4451	6685
13665	7/28/2012	3	1	7	13	0	6	0	1	0.86	0.7879	0.41	0.2836	173	325	498	575	3	1	7	0	6	0	1	0.755833	0.697604	0.613333	0.15735	2234	4451	6685
13666	7/28/2012	3	1	7	14	0	6	0	1	0.86	0.7727	0.39	0.2537	186	308	494	575	3	1	7	0	6	0	1	0.755833	0.697604	0.613333	0.15735	2234	4451	6685
13667	7/28/2012	3	1	7	15	0	6	0	1	0.88	0.7727	0.32	0.2836	206	291	497	575	3	1	7	0	6	0	1	0.755833	0.697604	0.613333	0.15735	2234	4451	6685
13668	7/28/2012	3	1	7	16	0	6	0	1	0.86	0.7727	0.39	0.2239	208	279	487	575	3	1	7	0	6	0	1	0.755833	0.697604	0.613333	0.15735	2234	4451	6685
13669	7/28/2012	3	1	7	17	0	6	0	1	0.82	0.7576	0.46	0.194	199	280	479	575	3	1	7	0	6	0	1	0.755833	0.697604	0.613333	0.15735	2234	4451	6685
13670	7/28/2012	3	1	7	18	0	6	0	1	0.82	0.7424	0.43	0.2836	151	330	481	575	3	1	7	0	6	0	1	0.755833	0.697604	0.613333	0.15735	2234	4451	6685
13671	7/28/2012	3	1	7	19	0	6	0	1	0.68	0.6364	0.83	0	115	223	338	575	3	1	7	0	6	0	1	0.755833	0.697604	0.613333	0.15735	2234	4451	6685
13672	7/28/2012	3	1	7	20	0	6	0	1	0.66	0.6061	0.83	0.2239	79	154	233	575	3	1	7	0	6	0	1	0.755833	0.697604	0.613333	0.15735	2234	4451	6685
13673	7/28/2012	3	1	7	21	0	6	0	1	0.66	0.6061	0.78	0.0896	94	206	300	575	3	1	7	0	6	0	1	0.755833	0.697604	0.613333	0.15735	2234	4451	6685
13674	7/28/2012	3	1	7	22	0	6	0	1	0.66	0.6061	0.78	0.0896	88	188	276	575	3	1	7	0	6	0	1	0.755833	0.697604	0.613333	0.15735	2234	4451	6685
13675	7/28/2012	3	1	7	23	0	6	0	1	0.66	0.6061	0.83	0.0896	52	156	208	575	3	1	7	0	6	0	1	0.755833	0.697604	0.613333	0.15735	2234	4451	6685
13676	7/29/2012	3	1	7	0	0	0	0	1	0.66	0.5909	0.89	0.1343	59	129	188	576	3	1	7	0	0	0	1	0.721667	0.667933	0.62375	0.170396	2153	4444	6597
13677	7/29/2012	3	1	7	1	0	0	0	1	0.66	0.6061	0.83	0.1045	49	109	158	576	3	1	7	0	0	0	1	0.721667	0.667933	0.62375	0.170396	2153	4444	6597
13678	7/29/2012	3	1	7	2	0	0	0	1	0.66	0.6212	0.74	0.1343	33	79	112	576	3	1	7	0	0	0	1	0.721667	0.667933	0.62375	0.170396	2153	4444	6597
13679	7/29/2012	3	1	7	3	0	0	0	1	0.66	0.6212	0.69	0.2239	18	37	55	576	3	1	7	0	0	0	1	0.721667	0.667933	0.62375	0.170396	2153	4444	6597
13680	7/29/2012	3	1	7	4	0	0	0	1	0.64	0.6061	0.69	0.194	2	11	13	576	3	1	7	0	0	0	1	0.721667	0.667933	0.62375	0.170396	2153	4444	6597
13681	7/29/2012	3	1	7	5	0	0	0	1	0.62	0.5909	0.78	0.194	3	14	17	576	3	1	7	0	0	0	1	0.721667	0.667933	0.62375	0.170396	2153	4444	6597
13682	7/29/2012	3	1	7	6	0	0	0	1	0.64	0.6061	0.73	0.1642	6	12	18	576	3	1	7	0	0	0	1	0.721667	0.667933	0.62375	0.170396	2153	4444	6597
13683	7/29/2012	3	1	7	7	0	0	0	1	0.66	0.6212	0.69	0.2537	4	36	40	576	3	1	7	0	0	0	1	0.721667	0.667933	0.62375	0.170396	2153	4444	6597
13684	7/29/2012	3	1	7	8	0	0	0	1	0.7	0.6515	0.65	0.2239	37	90	127	576	3	1	7	0	0	0	1	0.721667	0.667933	0.62375	0.170396	2153	4444	6597
13685	7/29/2012	3	1	7	9	0	0	0	1	0.72	0.6818	0.62	0.2537	64	162	226	576	3	1	7	0	0	0	1	0.721667	0.667933	0.62375	0.170396	2153	4444	6597
13686	7/29/2012	3	1	7	10	0	0	0	1	0.74	0.6818	0.62	0	123	258	381	576	3	1	7	0	0	0	1	0.721667	0.667933	0.62375	0.170396	2153	4444	6597
13687	7/29/2012	3	1	7	11	0	0	0	1	0.76	0.697	0.55	0.2239	183	326	509	576	3	1	7	0	0	0	1	0.721667	0.667933	0.62375	0.170396	2153	4444	6597
13688	7/29/2012	3	1	7	12	0	0	0	1	0.76	0.697	0.55	0.3284	154	357	511	576	3	1	7	0	0	0	1	0.721667	0.667933	0.62375	0.170396	2153	4444	6597
13689	7/29/2012	3	1	7	13	0	0	0	1	0.8	0.7424	0.49	0.2239	181	302	483	576	3	1	7	0	0	0	1	0.721667	0.667933	0.62375	0.170396	2153	4444	6597
13690	7/29/2012	3	1	7	14	0	0	0	1	0.8	0.7273	0.46	0.194	231	291	522	576	3	1	7	0	0	0	1	0.721667	0.667933	0.62375	0.170396	2153	4444	6597
13691	7/29/2012	3	1	7	15	0	0	0	1	0.8	0.7273	0.43	0.1343	195	306	501	576	3	1	7	0	0	0	1	0.721667	0.667933	0.62375	0.170396	2153	4444	6597
13692	7/29/2012	3	1	7	16	0	0	0	1	0.8	0.7273	0.43	0.1343	191	330	521	576	3	1	7	0	0	0	1	0.721667	0.667933	0.62375	0.170396	2153	4444	6597
13693	7/29/2012	3	1	7	17	0	0	0	1	0.82	0.7424	0.41	0.1642	164	367	531	576	3	1	7	0	0	0	1	0.721667	0.667933	0.62375	0.170396	2153	4444	6597
13694	7/29/2012	3	1	7	18	0	0	0	1	0.8	0.7121	0.41	0.2985	117	302	419	576	3	1	7	0	0	0	1	0.721667	0.667933	0.62375	0.170396	2153	4444	6597
13695	7/29/2012	3	1	7	19	0	0	0	1	0.76	0.697	0.55	0.1642	143	300	443	576	3	1	7	0	0	0	1	0.721667	0.667933	0.62375	0.170396	2153	4444	6597
13696	7/29/2012	3	1	7	20	0	0	0	1	0.74	0.697	0.66	0.1045	75	228	303	576	3	1	7	0	0	0	1	0.721667	0.667933	0.62375	0.170396	2153	4444	6597
13697	7/29/2012	3	1	7	21	0	0	0	1	0.72	0.6818	0.7	0.1343	72	199	271	576	3	1	7	0	0	0	1	0.721667	0.667933	0.62375	0.170396	2153	4444	6597
13698	7/29/2012	3	1	7	22	0	0	0	1	0.7	0.6515	0.7	0.1045	31	117	148	576	3	1	7	0	0	0	1	0.721667	0.667933	0.62375	0.170396	2153	4444	6597
13699	7/29/2012	3	1	7	23	0	0	0	1	0.7	0.6515	0.7	0	18	82	100	576	3	1	7	0	0	0	1	0.721667	0.667933	0.62375	0.170396	2153	4444	6597
13700	7/30/2012	3	1	7	0	0	1	1	1	0.7	0.6667	0.74	0.0896	12	46	58	577	3	1	7	0	1	1	1	0.730833	0.684987	0.66875	0.153617	1040	6065	7105
13701	7/30/2012	3	1	7	1	0	1	1	1	0.7	0.6667	0.74	0	4	15	19	577	3	1	7	0	1	1	1	0.730833	0.684987	0.66875	0.153617	1040	6065	7105
13702	7/30/2012	3	1	7	2	0	1	1	1	0.68	0.6364	0.74	0	2	6	8	577	3	1	7	0	1	1	1	0.730833	0.684987	0.66875	0.153617	1040	6065	7105
13703	7/30/2012	3	1	7	3	0	1	1	1	0.66	0.6061	0.83	0	0	3	3	577	3	1	7	0	1	1	1	0.730833	0.684987	0.66875	0.153617	1040	6065	7105
13704	7/30/2012	3	1	7	4	0	1	1	1	0.66	0.6061	0.83	0	0	5	5	577	3	1	7	0	1	1	1	0.730833	0.684987	0.66875	0.153617	1040	6065	7105
13705	7/30/2012	3	1	7	5	0	1	1	1	0.66	0.6061	0.83	0.1045	4	43	47	577	3	1	7	0	1	1	1	0.730833	0.684987	0.66875	0.153617	1040	6065	7105
13706	7/30/2012	3	1	7	6	0	1	1	1	0.66	0.6061	0.83	0.1642	6	155	161	577	3	1	7	0	1	1	1	0.730833	0.684987	0.66875	0.153617	1040	6065	7105
13707	7/30/2012	3	1	7	7	0	1	1	1	0.7	0.6667	0.79	0.0896	14	455	469	577	3	1	7	0	1	1	1	0.730833	0.684987	0.66875	0.153617	1040	6065	7105
13708	7/30/2012	3	1	7	8	0	1	1	2	0.72	0.697	0.74	0.1045	31	720	751	577	3	1	7	0	1	1	1	0.730833	0.684987	0.66875	0.153617	1040	6065	7105
13709	7/30/2012	3	1	7	9	0	1	1	2	0.74	0.697	0.7	0	34	259	293	577	3	1	7	0	1	1	1	0.730833	0.684987	0.66875	0.153617	1040	6065	7105
13710	7/30/2012	3	1	7	10	0	1	1	2	0.74	0.697	0.66	0.2239	54	135	189	577	3	1	7	0	1	1	1	0.730833	0.684987	0.66875	0.153617	1040	6065	7105
13711	7/30/2012	3	1	7	11	0	1	1	2	0.78	0.7273	0.55	0.1343	69	146	215	577	3	1	7	0	1	1	1	0.730833	0.684987	0.66875	0.153617	1040	6065	7105
13712	7/30/2012	3	1	7	12	0	1	1	2	0.76	0.7121	0.58	0.1045	77	201	278	577	3	1	7	0	1	1	1	0.730833	0.684987	0.66875	0.153617	1040	6065	7105
13713	7/30/2012	3	1	7	13	0	1	1	1	0.8	0.7424	0.49	0.1642	57	169	226	577	3	1	7	0	1	1	1	0.730833	0.684987	0.66875	0.153617	1040	6065	7105
13714	7/30/2012	3	1	7	14	0	1	1	1	0.8	0.7424	0.49	0.2239	87	167	254	577	3	1	7	0	1	1	1	0.730833	0.684987	0.66875	0.153617	1040	6065	7105
13715	7/30/2012	3	1	7	15	0	1	1	1	0.8	0.7424	0.49	0.2537	51	185	236	577	3	1	7	0	1	1	1	0.730833	0.684987	0.66875	0.153617	1040	6065	7105
13716	7/30/2012	3	1	7	16	0	1	1	1	0.8	0.7424	0.49	0.2836	88	337	425	577	3	1	7	0	1	1	1	0.730833	0.684987	0.66875	0.153617	1040	6065	7105
13717	7/30/2012	3	1	7	17	0	1	1	1	0.76	0.697	0.55	0.3284	62	765	827	577	3	1	7	0	1	1	1	0.730833	0.684987	0.66875	0.153617	1040	6065	7105
13718	7/30/2012	3	1	7	18	0	1	1	1	0.76	0.7121	0.58	0.4179	77	735	812	577	3	1	7	0	1	1	1	0.730833	0.684987	0.66875	0.153617	1040	6065	7105
13719	7/30/2012	3	1	7	19	0	1	1	1	0.82	0.7727	0.52	0.1642	81	584	665	577	3	1	7	0	1	1	1	0.730833	0.684987	0.66875	0.153617	1040	6065	7105
13720	7/30/2012	3	1	7	20	0	1	1	1	0.72	0.6818	0.7	0.2239	78	384	462	577	3	1	7	0	1	1	1	0.730833	0.684987	0.66875	0.153617	1040	6065	7105
13721	7/30/2012	3	1	7	21	0	1	1	1	0.72	0.6818	0.7	0.194	71	251	322	577	3	1	7	0	1	1	1	0.730833	0.684987	0.66875	0.153617	1040	6065	7105
13722	7/30/2012	3	1	7	22	0	1	1	2	0.7	0.6667	0.74	0.2239	47	183	230	577	3	1	7	0	1	1	1	0.730833	0.684987	0.66875	0.153617	1040	6065	7105
13723	7/30/2012	3	1	7	23	0	1	1	1	0.7	0.6667	0.74	0.194	34	116	150	577	3	1	7	0	1	1	1	0.730833	0.684987	0.66875	0.153617	1040	6065	7105
13724	7/31/2012	3	1	7	0	0	2	1	1	0.68	0.6364	0.79	0.1343	11	27	38	578	3	1	7	0	2	1	1	0.713333	0.662896	0.704167	0.165425	968	6248	7216
13725	7/31/2012	3	1	7	1	0	2	1	1	0.66	0.6061	0.83	0.1343	3	18	21	578	3	1	7	0	2	1	1	0.713333	0.662896	0.704167	0.165425	968	6248	7216
13726	7/31/2012	3	1	7	2	0	2	1	1	0.66	0.6061	0.83	0.1343	0	8	8	578	3	1	7	0	2	1	1	0.713333	0.662896	0.704167	0.165425	968	6248	7216
13727	7/31/2012	3	1	7	3	0	2	1	1	0.66	0.6061	0.83	0.0896	1	5	6	578	3	1	7	0	2	1	1	0.713333	0.662896	0.704167	0.165425	968	6248	7216
13728	7/31/2012	3	1	7	4	0	2	1	1	0.66	0.6061	0.83	0.0896	0	6	6	578	3	1	7	0	2	1	1	0.713333	0.662896	0.704167	0.165425	968	6248	7216
13729	7/31/2012	3	1	7	5	0	2	1	1	0.66	0.6061	0.83	0.1642	5	40	45	578	3	1	7	0	2	1	1	0.713333	0.662896	0.704167	0.165425	968	6248	7216
13730	7/31/2012	3	1	7	6	0	2	1	1	0.64	0.5758	0.89	0.1642	2	192	194	578	3	1	7	0	2	1	1	0.713333	0.662896	0.704167	0.165425	968	6248	7216
13731	7/31/2012	3	1	7	7	0	2	1	1	0.68	0.6364	0.83	0.2239	21	492	513	578	3	1	7	0	2	1	1	0.713333	0.662896	0.704167	0.165425	968	6248	7216
13732	7/31/2012	3	1	7	8	0	2	1	1	0.7	0.6667	0.79	0.1343	30	730	760	578	3	1	7	0	2	1	1	0.713333	0.662896	0.704167	0.165425	968	6248	7216
13733	7/31/2012	3	1	7	9	0	2	1	1	0.72	0.6818	0.7	0.1045	31	302	333	578	3	1	7	0	2	1	1	0.713333	0.662896	0.704167	0.165425	968	6248	7216
13734	7/31/2012	3	1	7	10	0	2	1	1	0.72	0.6818	0.66	0	73	154	227	578	3	1	7	0	2	1	1	0.713333	0.662896	0.704167	0.165425	968	6248	7216
13735	7/31/2012	3	1	7	11	0	2	1	1	0.76	0.7121	0.58	0	54	170	224	578	3	1	7	0	2	1	1	0.713333	0.662896	0.704167	0.165425	968	6248	7216
13736	7/31/2012	3	1	7	12	0	2	1	1	0.8	0.7273	0.46	0	50	198	248	578	3	1	7	0	2	1	1	0.713333	0.662896	0.704167	0.165425	968	6248	7216
13737	7/31/2012	3	1	7	13	0	2	1	1	0.8	0.7576	0.55	0.2836	69	219	288	578	3	1	7	0	2	1	1	0.713333	0.662896	0.704167	0.165425	968	6248	7216
13738	7/31/2012	3	1	7	14	0	2	1	1	0.8	0.7576	0.55	0.2836	72	188	260	578	3	1	7	0	2	1	1	0.713333	0.662896	0.704167	0.165425	968	6248	7216
13739	7/31/2012	3	1	7	15	0	2	1	1	0.76	0.7121	0.62	0.1343	29	115	144	578	3	1	7	0	2	1	1	0.713333	0.662896	0.704167	0.165425	968	6248	7216
13740	7/31/2012	3	1	7	16	0	2	1	1	0.76	0.7121	0.58	0.2239	66	336	402	578	3	1	7	0	2	1	1	0.713333	0.662896	0.704167	0.165425	968	6248	7216
13741	7/31/2012	3	1	7	17	0	2	1	1	0.78	0.7121	0.52	0.2239	94	726	820	578	3	1	7	0	2	1	1	0.713333	0.662896	0.704167	0.165425	968	6248	7216
13742	7/31/2012	3	1	7	18	0	2	1	1	0.76	0.697	0.55	0.2836	99	758	857	578	3	1	7	0	2	1	1	0.713333	0.662896	0.704167	0.165425	968	6248	7216
13743	7/31/2012	3	1	7	19	0	2	1	3	0.74	0.6818	0.62	0.3582	90	524	614	578	3	1	7	0	2	1	1	0.713333	0.662896	0.704167	0.165425	968	6248	7216
13744	7/31/2012	3	1	7	20	0	2	1	3	0.7	0.6515	0.7	0.194	55	397	452	578	3	1	7	0	2	1	1	0.713333	0.662896	0.704167	0.165425	968	6248	7216
13745	7/31/2012	3	1	7	21	0	2	1	1	0.68	0.6364	0.79	0.194	60	292	352	578	3	1	7	0	2	1	1	0.713333	0.662896	0.704167	0.165425	968	6248	7216
13746	7/31/2012	3	1	7	22	0	2	1	1	0.68	0.6364	0.74	0.2537	33	224	257	578	3	1	7	0	2	1	1	0.713333	0.662896	0.704167	0.165425	968	6248	7216
13747	7/31/2012	3	1	7	23	0	2	1	2	0.66	0.6061	0.83	0.1642	20	127	147	578	3	1	7	0	2	1	1	0.713333	0.662896	0.704167	0.165425	968	6248	7216
13748	8/1/2012	3	1	8	0	0	3	1	1	0.68	0.6364	0.79	0.1642	3	44	47	579	3	1	8	0	3	1	1	0.7175	0.667308	0.6775	0.141179	1074	6506	7580
13749	8/1/2012	3	1	8	1	0	3	1	1	0.66	0.6061	0.83	0.0896	5	28	33	579	3	1	8	0	3	1	1	0.7175	0.667308	0.6775	0.141179	1074	6506	7580
13750	8/1/2012	3	1	8	2	0	3	1	1	0.64	0.5758	0.83	0.1045	0	13	13	579	3	1	8	0	3	1	1	0.7175	0.667308	0.6775	0.141179	1074	6506	7580
13751	8/1/2012	3	1	8	3	0	3	1	1	0.64	0.5758	0.83	0.1045	0	7	7	579	3	1	8	0	3	1	1	0.7175	0.667308	0.6775	0.141179	1074	6506	7580
13752	8/1/2012	3	1	8	4	0	3	1	2	0.64	0.5909	0.78	0.1343	1	3	4	579	3	1	8	0	3	1	1	0.7175	0.667308	0.6775	0.141179	1074	6506	7580
13753	8/1/2012	3	1	8	5	0	3	1	2	0.64	0.5909	0.78	0.1343	3	46	49	579	3	1	8	0	3	1	1	0.7175	0.667308	0.6775	0.141179	1074	6506	7580
13754	8/1/2012	3	1	8	6	0	3	1	1	0.64	0.5909	0.78	0.1343	6	179	185	579	3	1	8	0	3	1	1	0.7175	0.667308	0.6775	0.141179	1074	6506	7580
13755	8/1/2012	3	1	8	7	0	3	1	2	0.64	0.5758	0.83	0.1343	19	468	487	579	3	1	8	0	3	1	1	0.7175	0.667308	0.6775	0.141179	1074	6506	7580
13756	8/1/2012	3	1	8	8	0	3	1	2	0.66	0.6061	0.78	0.194	32	649	681	579	3	1	8	0	3	1	1	0.7175	0.667308	0.6775	0.141179	1074	6506	7580
13757	8/1/2012	3	1	8	9	0	3	1	2	0.68	0.6364	0.74	0.0896	34	316	350	579	3	1	8	0	3	1	1	0.7175	0.667308	0.6775	0.141179	1074	6506	7580
13758	8/1/2012	3	1	8	10	0	3	1	1	0.72	0.6818	0.66	0.0896	61	175	236	579	3	1	8	0	3	1	1	0.7175	0.667308	0.6775	0.141179	1074	6506	7580
13759	8/1/2012	3	1	8	11	0	3	1	1	0.76	0.7121	0.58	0.0896	54	180	234	579	3	1	8	0	3	1	1	0.7175	0.667308	0.6775	0.141179	1074	6506	7580
13760	8/1/2012	3	1	8	12	0	3	1	1	0.8	0.7424	0.49	0.1045	75	209	284	579	3	1	8	0	3	1	1	0.7175	0.667308	0.6775	0.141179	1074	6506	7580
13761	8/1/2012	3	1	8	13	0	3	1	1	0.8	0.7424	0.52	0.1642	59	221	280	579	3	1	8	0	3	1	1	0.7175	0.667308	0.6775	0.141179	1074	6506	7580
13762	8/1/2012	3	1	8	14	0	3	1	1	0.82	0.7576	0.46	0.1642	88	175	263	579	3	1	8	0	3	1	1	0.7175	0.667308	0.6775	0.141179	1074	6506	7580
13763	8/1/2012	3	1	8	15	0	3	1	1	0.82	0.7576	0.46	0.1642	89	206	295	579	3	1	8	0	3	1	1	0.7175	0.667308	0.6775	0.141179	1074	6506	7580
13764	8/1/2012	3	1	8	16	0	3	1	1	0.8	0.7576	0.55	0.2836	93	386	479	579	3	1	8	0	3	1	1	0.7175	0.667308	0.6775	0.141179	1074	6506	7580
13765	8/1/2012	3	1	8	17	0	3	1	1	0.8	0.7424	0.49	0.1642	103	734	837	579	3	1	8	0	3	1	1	0.7175	0.667308	0.6775	0.141179	1074	6506	7580
13766	8/1/2012	3	1	8	18	0	3	1	3	0.76	0.7121	0.62	0.2239	105	786	891	579	3	1	8	0	3	1	1	0.7175	0.667308	0.6775	0.141179	1074	6506	7580
13767	8/1/2012	3	1	8	19	0	3	1	1	0.74	0.697	0.66	0.2537	88	564	652	579	3	1	8	0	3	1	1	0.7175	0.667308	0.6775	0.141179	1074	6506	7580
13768	8/1/2012	3	1	8	20	0	3	1	1	0.74	0.697	0.66	0.1642	65	448	513	579	3	1	8	0	3	1	1	0.7175	0.667308	0.6775	0.141179	1074	6506	7580
13769	8/1/2012	3	1	8	21	0	3	1	1	0.72	0.6818	0.7	0.1343	36	284	320	579	3	1	8	0	3	1	1	0.7175	0.667308	0.6775	0.141179	1074	6506	7580
13770	8/1/2012	3	1	8	22	0	3	1	1	0.72	0.6818	0.7	0.1045	37	251	288	579	3	1	8	0	3	1	1	0.7175	0.667308	0.6775	0.141179	1074	6506	7580
13771	8/1/2012	3	1	8	23	0	3	1	1	0.7	0.6667	0.74	0	18	134	152	579	3	1	8	0	3	1	1	0.7175	0.667308	0.6775	0.141179	1074	6506	7580
13772	8/2/2012	3	1	8	0	0	4	1	1	0.7	0.6667	0.74	0	8	55	63	580	3	1	8	0	4	1	1	0.7525	0.707088	0.659583	0.129354	983	6278	7261
13773	8/2/2012	3	1	8	1	0	4	1	1	0.68	0.6364	0.79	0.1045	6	36	42	580	3	1	8	0	4	1	1	0.7525	0.707088	0.659583	0.129354	983	6278	7261
13774	8/2/2012	3	1	8	2	0	4	1	1	0.66	0.6061	0.83	0.0896	3	8	11	580	3	1	8	0	4	1	1	0.7525	0.707088	0.659583	0.129354	983	6278	7261
13775	8/2/2012	3	1	8	3	0	4	1	1	0.66	0.6061	0.83	0	0	6	6	580	3	1	8	0	4	1	1	0.7525	0.707088	0.659583	0.129354	983	6278	7261
13776	8/2/2012	3	1	8	4	0	4	1	1	0.66	0.6061	0.83	0	0	9	9	580	3	1	8	0	4	1	1	0.7525	0.707088	0.659583	0.129354	983	6278	7261
13777	8/2/2012	3	1	8	5	0	4	1	1	0.66	0.5909	0.89	0.1343	4	37	41	580	3	1	8	0	4	1	1	0.7525	0.707088	0.659583	0.129354	983	6278	7261
13778	8/2/2012	3	1	8	6	0	4	1	1	0.66	0.6061	0.83	0	6	177	183	580	3	1	8	0	4	1	1	0.7525	0.707088	0.659583	0.129354	983	6278	7261
13779	8/2/2012	3	1	8	7	0	4	1	1	0.7	0.6667	0.79	0	21	452	473	580	3	1	8	0	4	1	1	0.7525	0.707088	0.659583	0.129354	983	6278	7261
13780	8/2/2012	3	1	8	8	0	4	1	1	0.72	0.697	0.74	0.1045	21	718	739	580	3	1	8	0	4	1	1	0.7525	0.707088	0.659583	0.129354	983	6278	7261
13781	8/2/2012	3	1	8	9	0	4	1	1	0.76	0.7273	0.66	0.1045	31	312	343	580	3	1	8	0	4	1	1	0.7525	0.707088	0.659583	0.129354	983	6278	7261
13782	8/2/2012	3	1	8	10	0	4	1	1	0.8	0.7576	0.55	0	51	130	181	580	3	1	8	0	4	1	1	0.7525	0.707088	0.659583	0.129354	983	6278	7261
13783	8/2/2012	3	1	8	11	0	4	1	1	0.82	0.7727	0.52	0.1045	59	167	226	580	3	1	8	0	4	1	1	0.7525	0.707088	0.659583	0.129354	983	6278	7261
13784	8/2/2012	3	1	8	12	0	4	1	1	0.84	0.7576	0.44	0.1343	56	230	286	580	3	1	8	0	4	1	1	0.7525	0.707088	0.659583	0.129354	983	6278	7261
13785	8/2/2012	3	1	8	13	0	4	1	1	0.86	0.7879	0.44	0.2239	98	212	310	580	3	1	8	0	4	1	1	0.7525	0.707088	0.659583	0.129354	983	6278	7261
13786	8/2/2012	3	1	8	14	0	4	1	1	0.86	0.7879	0.41	0.1343	54	171	225	580	3	1	8	0	4	1	1	0.7525	0.707088	0.659583	0.129354	983	6278	7261
13787	8/2/2012	3	1	8	15	0	4	1	1	0.78	0.7424	0.62	0.4627	68	202	270	580	3	1	8	0	4	1	1	0.7525	0.707088	0.659583	0.129354	983	6278	7261
13788	8/2/2012	3	1	8	16	0	4	1	1	0.82	0.7576	0.46	0.194	71	335	406	580	3	1	8	0	4	1	1	0.7525	0.707088	0.659583	0.129354	983	6278	7261
13789	8/2/2012	3	1	8	17	0	4	1	1	0.82	0.7727	0.52	0.2537	90	775	865	580	3	1	8	0	4	1	1	0.7525	0.707088	0.659583	0.129354	983	6278	7261
13790	8/2/2012	3	1	8	18	0	4	1	1	0.8	0.7727	0.59	0.2239	86	681	767	580	3	1	8	0	4	1	1	0.7525	0.707088	0.659583	0.129354	983	6278	7261
13791	8/2/2012	3	1	8	19	0	4	1	1	0.8	0.7879	0.63	0.1642	98	509	607	580	3	1	8	0	4	1	1	0.7525	0.707088	0.659583	0.129354	983	6278	7261
13792	8/2/2012	3	1	8	20	0	4	1	1	0.78	0.7576	0.66	0	51	376	427	580	3	1	8	0	4	1	1	0.7525	0.707088	0.659583	0.129354	983	6278	7261
13793	8/2/2012	3	1	8	21	0	4	1	1	0.76	0.7273	0.66	0.2239	41	301	342	580	3	1	8	0	4	1	1	0.7525	0.707088	0.659583	0.129354	983	6278	7261
13794	8/2/2012	3	1	8	22	0	4	1	1	0.74	0.697	0.7	0.194	35	227	262	580	3	1	8	0	4	1	1	0.7525	0.707088	0.659583	0.129354	983	6278	7261
13795	8/2/2012	3	1	8	23	0	4	1	1	0.72	0.6818	0.7	0.2537	25	152	177	580	3	1	8	0	4	1	1	0.7525	0.707088	0.659583	0.129354	983	6278	7261
13796	8/3/2012	3	1	8	0	0	5	1	1	0.72	0.6818	0.7	0.194	15	56	71	581	3	1	8	0	5	1	2	0.765833	0.722867	0.6425	0.215792	1328	5847	7175
13797	8/3/2012	3	1	8	1	0	5	1	1	0.7	0.6667	0.74	0.194	11	32	43	581	3	1	8	0	5	1	2	0.765833	0.722867	0.6425	0.215792	1328	5847	7175
13798	8/3/2012	3	1	8	2	0	5	1	1	0.68	0.6364	0.79	0.2239	0	14	14	581	3	1	8	0	5	1	2	0.765833	0.722867	0.6425	0.215792	1328	5847	7175
13799	8/3/2012	3	1	8	3	0	5	1	1	0.68	0.6364	0.79	0.2239	1	5	6	581	3	1	8	0	5	1	2	0.765833	0.722867	0.6425	0.215792	1328	5847	7175
13800	8/3/2012	3	1	8	4	0	5	1	1	0.66	0.6061	0.83	0.2537	1	11	12	581	3	1	8	0	5	1	2	0.765833	0.722867	0.6425	0.215792	1328	5847	7175
13801	8/3/2012	3	1	8	5	0	5	1	1	0.66	0.6061	0.83	0.1642	2	35	37	581	3	1	8	0	5	1	2	0.765833	0.722867	0.6425	0.215792	1328	5847	7175
13802	8/3/2012	3	1	8	6	0	5	1	1	0.66	0.6061	0.83	0.2239	5	158	163	581	3	1	8	0	5	1	2	0.765833	0.722867	0.6425	0.215792	1328	5847	7175
13803	8/3/2012	3	1	8	7	0	5	1	1	0.7	0.6667	0.74	0.1045	25	396	421	581	3	1	8	0	5	1	2	0.765833	0.722867	0.6425	0.215792	1328	5847	7175
13804	8/3/2012	3	1	8	8	0	5	1	1	0.72	0.6818	0.7	0.1343	32	636	668	581	3	1	8	0	5	1	2	0.765833	0.722867	0.6425	0.215792	1328	5847	7175
13805	8/3/2012	3	1	8	9	0	5	1	2	0.74	0.697	0.66	0.1045	69	327	396	581	3	1	8	0	5	1	2	0.765833	0.722867	0.6425	0.215792	1328	5847	7175
13806	8/3/2012	3	1	8	10	0	5	1	2	0.8	0.7424	0.52	0.194	82	167	249	581	3	1	8	0	5	1	2	0.765833	0.722867	0.6425	0.215792	1328	5847	7175
13807	8/3/2012	3	1	8	11	0	5	1	2	0.84	0.7879	0.49	0.2836	77	186	263	581	3	1	8	0	5	1	2	0.765833	0.722867	0.6425	0.215792	1328	5847	7175
13808	8/3/2012	3	1	8	12	0	5	1	2	0.86	0.8182	0.5	0.2985	95	243	338	581	3	1	8	0	5	1	2	0.765833	0.722867	0.6425	0.215792	1328	5847	7175
13809	8/3/2012	3	1	8	13	0	5	1	2	0.86	0.803	0.47	0.2836	98	247	345	581	3	1	8	0	5	1	2	0.765833	0.722867	0.6425	0.215792	1328	5847	7175
13810	8/3/2012	3	1	8	14	0	5	1	2	0.86	0.7879	0.44	0.2537	102	229	331	581	3	1	8	0	5	1	2	0.765833	0.722867	0.6425	0.215792	1328	5847	7175
13811	8/3/2012	3	1	8	15	0	5	1	1	0.88	0.8182	0.42	0.2537	112	268	380	581	3	1	8	0	5	1	2	0.765833	0.722867	0.6425	0.215792	1328	5847	7175
13812	8/3/2012	3	1	8	16	0	5	1	2	0.86	0.7879	0.41	0.2239	112	380	492	581	3	1	8	0	5	1	2	0.765833	0.722867	0.6425	0.215792	1328	5847	7175
13813	8/3/2012	3	1	8	17	0	5	1	2	0.84	0.803	0.53	0.2836	95	646	741	581	3	1	8	0	5	1	2	0.765833	0.722867	0.6425	0.215792	1328	5847	7175
13814	8/3/2012	3	1	8	18	0	5	1	2	0.82	0.803	0.59	0.2537	98	573	671	581	3	1	8	0	5	1	2	0.765833	0.722867	0.6425	0.215792	1328	5847	7175
13815	8/3/2012	3	1	8	19	0	5	1	2	0.8	0.7879	0.63	0.2239	81	388	469	581	3	1	8	0	5	1	2	0.765833	0.722867	0.6425	0.215792	1328	5847	7175
13816	8/3/2012	3	1	8	20	0	5	1	2	0.78	0.7576	0.66	0.2239	89	300	389	581	3	1	8	0	5	1	2	0.765833	0.722867	0.6425	0.215792	1328	5847	7175
13817	8/3/2012	3	1	8	21	0	5	1	2	0.76	0.7273	0.66	0.194	54	224	278	581	3	1	8	0	5	1	2	0.765833	0.722867	0.6425	0.215792	1328	5847	7175
13818	8/3/2012	3	1	8	22	0	5	1	1	0.76	0.7273	0.7	0.2537	46	156	202	581	3	1	8	0	5	1	2	0.765833	0.722867	0.6425	0.215792	1328	5847	7175
13819	8/3/2012	3	1	8	23	0	5	1	1	0.74	0.7121	0.79	0.1343	26	170	196	581	3	1	8	0	5	1	2	0.765833	0.722867	0.6425	0.215792	1328	5847	7175
13820	8/4/2012	3	1	8	0	0	6	0	1	0.74	0.7121	0.79	0.1642	24	137	161	582	3	1	8	0	6	0	1	0.793333	0.751267	0.613333	0.257458	2345	4479	6824
13821	8/4/2012	3	1	8	1	0	6	0	1	0.72	0.7121	0.84	0.194	23	99	122	582	3	1	8	0	6	0	1	0.793333	0.751267	0.613333	0.257458	2345	4479	6824
13822	8/4/2012	3	1	8	2	0	6	0	1	0.72	0.7121	0.84	0.1343	20	64	84	582	3	1	8	0	6	0	1	0.793333	0.751267	0.613333	0.257458	2345	4479	6824
13823	8/4/2012	3	1	8	3	0	6	0	1	0.72	0.7121	0.84	0.1343	11	19	30	582	3	1	8	0	6	0	1	0.793333	0.751267	0.613333	0.257458	2345	4479	6824
13824	8/4/2012	3	1	8	4	0	6	0	1	0.72	0.697	0.79	0.194	2	11	13	582	3	1	8	0	6	0	1	0.793333	0.751267	0.613333	0.257458	2345	4479	6824
13825	8/4/2012	3	1	8	5	0	6	0	1	0.7	0.6667	0.84	0.2239	1	16	17	582	3	1	8	0	6	0	1	0.793333	0.751267	0.613333	0.257458	2345	4479	6824
13826	8/4/2012	3	1	8	6	0	6	0	1	0.7	0.6667	0.84	0.2239	12	37	49	582	3	1	8	0	6	0	1	0.793333	0.751267	0.613333	0.257458	2345	4479	6824
13827	8/4/2012	3	1	8	7	0	6	0	1	0.72	0.697	0.77	0.1642	18	49	67	582	3	1	8	0	6	0	1	0.793333	0.751267	0.613333	0.257458	2345	4479	6824
13828	8/4/2012	3	1	8	8	0	6	0	1	0.74	0.7273	0.72	0.194	49	132	181	582	3	1	8	0	6	0	1	0.793333	0.751267	0.613333	0.257458	2345	4479	6824
13829	8/4/2012	3	1	8	9	0	6	0	1	0.78	0.7576	0.65	0.2239	61	217	278	582	3	1	8	0	6	0	1	0.793333	0.751267	0.613333	0.257458	2345	4479	6824
13830	8/4/2012	3	1	8	10	0	6	0	1	0.82	0.7727	0.57	0.194	108	288	396	582	3	1	8	0	6	0	1	0.793333	0.751267	0.613333	0.257458	2345	4479	6824
13831	8/4/2012	3	1	8	11	0	6	0	1	0.86	0.803	0.47	0.2537	155	315	470	582	3	1	8	0	6	0	1	0.793333	0.751267	0.613333	0.257458	2345	4479	6824
13832	8/4/2012	3	1	8	12	0	6	0	1	0.86	0.7879	0.4	0.3582	222	325	547	582	3	1	8	0	6	0	1	0.793333	0.751267	0.613333	0.257458	2345	4479	6824
13833	8/4/2012	3	1	8	13	0	6	0	1	0.88	0.8182	0.42	0.2985	195	332	527	582	3	1	8	0	6	0	1	0.793333	0.751267	0.613333	0.257458	2345	4479	6824
13834	8/4/2012	3	1	8	14	0	6	0	1	0.88	0.803	0.4	0.3881	183	289	472	582	3	1	8	0	6	0	1	0.793333	0.751267	0.613333	0.257458	2345	4479	6824
13835	8/4/2012	3	1	8	15	0	6	0	1	0.88	0.8182	0.42	0.4179	205	284	489	582	3	1	8	0	6	0	1	0.793333	0.751267	0.613333	0.257458	2345	4479	6824
13836	8/4/2012	3	1	8	16	0	6	0	1	0.9	0.8182	0.39	0.2985	197	253	450	582	3	1	8	0	6	0	1	0.793333	0.751267	0.613333	0.257458	2345	4479	6824
13837	8/4/2012	3	1	8	17	0	6	0	1	0.88	0.7879	0.37	0.2985	179	313	492	582	3	1	8	0	6	0	1	0.793333	0.751267	0.613333	0.257458	2345	4479	6824
13838	8/4/2012	3	1	8	18	0	6	0	1	0.86	0.7879	0.41	0.3284	169	321	490	582	3	1	8	0	6	0	1	0.793333	0.751267	0.613333	0.257458	2345	4479	6824
13839	8/4/2012	3	1	8	19	0	6	0	1	0.82	0.7727	0.52	0.3582	133	264	397	582	3	1	8	0	6	0	1	0.793333	0.751267	0.613333	0.257458	2345	4479	6824
13840	8/4/2012	3	1	8	20	0	6	0	1	0.82	0.7727	0.52	0.2985	117	195	312	582	3	1	8	0	6	0	1	0.793333	0.751267	0.613333	0.257458	2345	4479	6824
13841	8/4/2012	3	1	8	21	0	6	0	1	0.8	0.7727	0.59	0.2537	96	193	289	582	3	1	8	0	6	0	1	0.793333	0.751267	0.613333	0.257458	2345	4479	6824
13842	8/4/2012	3	1	8	22	0	6	0	1	0.76	0.7273	0.66	0.2836	104	165	269	582	3	1	8	0	6	0	1	0.793333	0.751267	0.613333	0.257458	2345	4479	6824
13843	8/4/2012	3	1	8	23	0	6	0	1	0.76	0.7273	0.66	0.2985	61	161	222	582	3	1	8	0	6	0	1	0.793333	0.751267	0.613333	0.257458	2345	4479	6824
13844	8/5/2012	3	1	8	0	0	0	0	1	0.74	0.697	0.7	0.2836	32	121	153	583	3	1	8	0	0	0	1	0.769167	0.731079	0.6525	0.290421	1707	3757	5464
13845	8/5/2012	3	1	8	1	0	0	0	1	0.74	0.697	0.7	0.2537	8	79	87	583	3	1	8	0	0	0	1	0.769167	0.731079	0.6525	0.290421	1707	3757	5464
13846	8/5/2012	3	1	8	2	0	0	0	1	0.74	0.697	0.7	0.2985	5	68	73	583	3	1	8	0	0	0	1	0.769167	0.731079	0.6525	0.290421	1707	3757	5464
13847	8/5/2012	3	1	8	3	0	0	0	1	0.72	0.697	0.74	0.2537	9	32	41	583	3	1	8	0	0	0	1	0.769167	0.731079	0.6525	0.290421	1707	3757	5464
13848	8/5/2012	3	1	8	4	0	0	0	1	0.72	0.697	0.74	0.2537	3	11	14	583	3	1	8	0	0	0	1	0.769167	0.731079	0.6525	0.290421	1707	3757	5464
13849	8/5/2012	3	1	8	5	0	0	0	1	0.72	0.697	0.74	0.2537	1	18	19	583	3	1	8	0	0	0	1	0.769167	0.731079	0.6525	0.290421	1707	3757	5464
13850	8/5/2012	3	1	8	6	0	0	0	1	0.72	0.697	0.79	0.2537	7	12	19	583	3	1	8	0	0	0	1	0.769167	0.731079	0.6525	0.290421	1707	3757	5464
13851	8/5/2012	3	1	8	7	0	0	0	1	0.74	0.7121	0.74	0.2985	18	50	68	583	3	1	8	0	0	0	1	0.769167	0.731079	0.6525	0.290421	1707	3757	5464
13852	8/5/2012	3	1	8	8	0	0	0	1	0.76	0.7273	0.66	0.3284	27	81	108	583	3	1	8	0	0	0	1	0.769167	0.731079	0.6525	0.290421	1707	3757	5464
13853	8/5/2012	3	1	8	9	0	0	0	1	0.8	0.7727	0.59	0.3582	61	168	229	583	3	1	8	0	0	0	1	0.769167	0.731079	0.6525	0.290421	1707	3757	5464
13854	8/5/2012	3	1	8	10	0	0	0	1	0.8	0.7727	0.59	0.4179	111	253	364	583	3	1	8	0	0	0	1	0.769167	0.731079	0.6525	0.290421	1707	3757	5464
13855	8/5/2012	3	1	8	11	0	0	0	1	0.82	0.7879	0.56	0.4179	155	282	437	583	3	1	8	0	0	0	1	0.769167	0.731079	0.6525	0.290421	1707	3757	5464
13856	8/5/2012	3	1	8	12	0	0	0	1	0.86	0.803	0.47	0.5224	161	330	491	583	3	1	8	0	0	0	1	0.769167	0.731079	0.6525	0.290421	1707	3757	5464
13857	8/5/2012	3	1	8	13	0	0	0	1	0.88	0.8182	0.44	0.4627	208	315	523	583	3	1	8	0	0	0	1	0.769167	0.731079	0.6525	0.290421	1707	3757	5464
13858	8/5/2012	3	1	8	14	0	0	0	1	0.9	0.8485	0.42	0.4627	161	365	526	583	3	1	8	0	0	0	1	0.769167	0.731079	0.6525	0.290421	1707	3757	5464
13859	8/5/2012	3	1	8	15	0	0	0	1	0.9	0.8182	0.37	0.5224	164	286	450	583	3	1	8	0	0	0	1	0.769167	0.731079	0.6525	0.290421	1707	3757	5464
13860	8/5/2012	3	1	8	16	0	0	0	1	0.82	0.7576	0.46	0.2537	143	278	421	583	3	1	8	0	0	0	1	0.769167	0.731079	0.6525	0.290421	1707	3757	5464
13861	8/5/2012	3	1	8	17	0	0	0	1	0.82	0.7576	0.46	0.2537	122	260	382	583	3	1	8	0	0	0	1	0.769167	0.731079	0.6525	0.290421	1707	3757	5464
13862	8/5/2012	3	1	8	18	0	0	0	3	0.7	0.6667	0.74	0.1343	75	154	229	583	3	1	8	0	0	0	1	0.769167	0.731079	0.6525	0.290421	1707	3757	5464
13863	8/5/2012	3	1	8	19	0	0	0	1	0.7	0.6667	0.84	0.2239	46	139	185	583	3	1	8	0	0	0	1	0.769167	0.731079	0.6525	0.290421	1707	3757	5464
13864	8/5/2012	3	1	8	20	0	0	0	1	0.7	0.6667	0.84	0.1045	53	140	193	583	3	1	8	0	0	0	1	0.769167	0.731079	0.6525	0.290421	1707	3757	5464
13865	8/5/2012	3	1	8	21	0	0	0	1	0.72	0.697	0.79	0.1045	51	157	208	583	3	1	8	0	0	0	1	0.769167	0.731079	0.6525	0.290421	1707	3757	5464
13866	8/5/2012	3	1	8	22	0	0	0	1	0.72	0.697	0.79	0.0896	57	100	157	583	3	1	8	0	0	0	1	0.769167	0.731079	0.6525	0.290421	1707	3757	5464
13867	8/5/2012	3	1	8	23	0	0	0	2	0.72	0.697	0.79	0.1642	29	58	87	583	3	1	8	0	0	0	1	0.769167	0.731079	0.6525	0.290421	1707	3757	5464
13868	8/6/2012	3	1	8	0	0	1	1	2	0.72	0.697	0.79	0	9	24	33	584	3	1	8	0	1	1	2	0.7525	0.710246	0.654167	0.129354	1233	5780	7013
13869	8/6/2012	3	1	8	1	0	1	1	1	0.72	0.697	0.79	0.0896	1	10	11	584	3	1	8	0	1	1	2	0.7525	0.710246	0.654167	0.129354	1233	5780	7013
13870	8/6/2012	3	1	8	2	0	1	1	2	0.72	0.697	0.79	0.1343	0	5	5	584	3	1	8	0	1	1	2	0.7525	0.710246	0.654167	0.129354	1233	5780	7013
13871	8/6/2012	3	1	8	3	0	1	1	3	0.72	0.697	0.79	0.0896	0	5	5	584	3	1	8	0	1	1	2	0.7525	0.710246	0.654167	0.129354	1233	5780	7013
13872	8/6/2012	3	1	8	4	0	1	1	2	0.72	0.697	0.74	0.1343	3	8	11	584	3	1	8	0	1	1	2	0.7525	0.710246	0.654167	0.129354	1233	5780	7013
13873	8/6/2012	3	1	8	5	0	1	1	1	0.7	0.6667	0.79	0.194	2	23	25	584	3	1	8	0	1	1	2	0.7525	0.710246	0.654167	0.129354	1233	5780	7013
13874	8/6/2012	3	1	8	6	0	1	1	2	0.7	0.6667	0.79	0.2239	4	137	141	584	3	1	8	0	1	1	2	0.7525	0.710246	0.654167	0.129354	1233	5780	7013
13875	8/6/2012	3	1	8	7	0	1	1	3	0.72	0.6818	0.7	0.194	14	393	407	584	3	1	8	0	1	1	2	0.7525	0.710246	0.654167	0.129354	1233	5780	7013
13876	8/6/2012	3	1	8	8	0	1	1	2	0.7	0.6667	0.79	0	27	578	605	584	3	1	8	0	1	1	2	0.7525	0.710246	0.654167	0.129354	1233	5780	7013
13877	8/6/2012	3	1	8	9	0	1	1	3	0.7	0.6667	0.79	0.1642	28	248	276	584	3	1	8	0	1	1	2	0.7525	0.710246	0.654167	0.129354	1233	5780	7013
13878	8/6/2012	3	1	8	10	0	1	1	1	0.74	0.697	0.7	0.2239	54	159	213	584	3	1	8	0	1	1	2	0.7525	0.710246	0.654167	0.129354	1233	5780	7013
13879	8/6/2012	3	1	8	11	0	1	1	1	0.76	0.7273	0.66	0.1343	108	152	260	584	3	1	8	0	1	1	2	0.7525	0.710246	0.654167	0.129354	1233	5780	7013
13880	8/6/2012	3	1	8	12	0	1	1	2	0.78	0.7273	0.55	0.0896	72	213	285	584	3	1	8	0	1	1	2	0.7525	0.710246	0.654167	0.129354	1233	5780	7013
13881	8/6/2012	3	1	8	13	0	1	1	1	0.8	0.7424	0.49	0.2239	85	204	289	584	3	1	8	0	1	1	2	0.7525	0.710246	0.654167	0.129354	1233	5780	7013
13882	8/6/2012	3	1	8	14	0	1	1	1	0.82	0.7576	0.46	0	99	188	287	584	3	1	8	0	1	1	2	0.7525	0.710246	0.654167	0.129354	1233	5780	7013
13883	8/6/2012	3	1	8	15	0	1	1	1	0.82	0.7576	0.46	0.1343	91	183	274	584	3	1	8	0	1	1	2	0.7525	0.710246	0.654167	0.129354	1233	5780	7013
13884	8/6/2012	3	1	8	16	0	1	1	1	0.84	0.7576	0.41	0.1045	88	363	451	584	3	1	8	0	1	1	2	0.7525	0.710246	0.654167	0.129354	1233	5780	7013
13885	8/6/2012	3	1	8	17	0	1	1	1	0.82	0.7424	0.41	0	112	746	858	584	3	1	8	0	1	1	2	0.7525	0.710246	0.654167	0.129354	1233	5780	7013
13886	8/6/2012	3	1	8	18	0	1	1	1	0.82	0.7424	0.41	0.1343	100	743	843	584	3	1	8	0	1	1	2	0.7525	0.710246	0.654167	0.129354	1233	5780	7013
13887	8/6/2012	3	1	8	19	0	1	1	1	0.78	0.7424	0.59	0.194	109	531	640	584	3	1	8	0	1	1	2	0.7525	0.710246	0.654167	0.129354	1233	5780	7013
13888	8/6/2012	3	1	8	20	0	1	1	1	0.76	0.7273	0.66	0.1642	89	368	457	584	3	1	8	0	1	1	2	0.7525	0.710246	0.654167	0.129354	1233	5780	7013
13889	8/6/2012	3	1	8	21	0	1	1	1	0.74	0.697	0.7	0.194	72	245	317	584	3	1	8	0	1	1	2	0.7525	0.710246	0.654167	0.129354	1233	5780	7013
13890	8/6/2012	3	1	8	22	0	1	1	1	0.74	0.697	0.7	0.0896	50	157	207	584	3	1	8	0	1	1	2	0.7525	0.710246	0.654167	0.129354	1233	5780	7013
13891	8/6/2012	3	1	8	23	0	1	1	1	0.72	0.697	0.74	0.194	16	97	113	584	3	1	8	0	1	1	2	0.7525	0.710246	0.654167	0.129354	1233	5780	7013
13892	8/7/2012	3	1	8	0	0	2	1	1	0.7	0.6667	0.84	0.194	15	32	47	585	3	1	8	0	2	1	2	0.735833	0.697621	0.70375	0.116908	1278	5995	7273
13893	8/7/2012	3	1	8	1	0	2	1	1	0.7	0.6667	0.84	0.1343	2	16	18	585	3	1	8	0	2	1	2	0.735833	0.697621	0.70375	0.116908	1278	5995	7273
13894	8/7/2012	3	1	8	2	0	2	1	1	0.7	0.6667	0.84	0.1343	6	7	13	585	3	1	8	0	2	1	2	0.735833	0.697621	0.70375	0.116908	1278	5995	7273
13895	8/7/2012	3	1	8	3	0	2	1	1	0.7	0.6667	0.84	0	0	6	6	585	3	1	8	0	2	1	2	0.735833	0.697621	0.70375	0.116908	1278	5995	7273
13896	8/7/2012	3	1	8	4	0	2	1	1	0.68	0.6364	0.83	0.1343	2	7	9	585	3	1	8	0	2	1	2	0.735833	0.697621	0.70375	0.116908	1278	5995	7273
13897	8/7/2012	3	1	8	5	0	2	1	1	0.7	0.6667	0.79	0.1045	3	33	36	585	3	1	8	0	2	1	2	0.735833	0.697621	0.70375	0.116908	1278	5995	7273
13898	8/7/2012	3	1	8	6	0	2	1	2	0.7	0.6667	0.79	0.194	3	176	179	585	3	1	8	0	2	1	2	0.735833	0.697621	0.70375	0.116908	1278	5995	7273
13899	8/7/2012	3	1	8	7	0	2	1	2	0.7	0.6667	0.74	0.1343	21	481	502	585	3	1	8	0	2	1	2	0.735833	0.697621	0.70375	0.116908	1278	5995	7273
13900	8/7/2012	3	1	8	8	0	2	1	2	0.7	0.6515	0.7	0.1642	41	664	705	585	3	1	8	0	2	1	2	0.735833	0.697621	0.70375	0.116908	1278	5995	7273
13901	8/7/2012	3	1	8	9	0	2	1	2	0.7	0.6667	0.74	0.1343	44	283	327	585	3	1	8	0	2	1	2	0.735833	0.697621	0.70375	0.116908	1278	5995	7273
13902	8/7/2012	3	1	8	10	0	2	1	2	0.74	0.697	0.7	0.1343	89	161	250	585	3	1	8	0	2	1	2	0.735833	0.697621	0.70375	0.116908	1278	5995	7273
13903	8/7/2012	3	1	8	11	0	2	1	2	0.76	0.7273	0.66	0.0896	84	130	214	585	3	1	8	0	2	1	2	0.735833	0.697621	0.70375	0.116908	1278	5995	7273
13904	8/7/2012	3	1	8	12	0	2	1	2	0.8	0.7576	0.55	0.1343	86	197	283	585	3	1	8	0	2	1	2	0.735833	0.697621	0.70375	0.116908	1278	5995	7273
13905	8/7/2012	3	1	8	13	0	2	1	2	0.8	0.7424	0.52	0.194	68	185	253	585	3	1	8	0	2	1	2	0.735833	0.697621	0.70375	0.116908	1278	5995	7273
13906	8/7/2012	3	1	8	14	0	2	1	2	0.82	0.7576	0.46	0	76	185	261	585	3	1	8	0	2	1	2	0.735833	0.697621	0.70375	0.116908	1278	5995	7273
13907	8/7/2012	3	1	8	15	0	2	1	1	0.8	0.7424	0.52	0	100	206	306	585	3	1	8	0	2	1	2	0.735833	0.697621	0.70375	0.116908	1278	5995	7273
13908	8/7/2012	3	1	8	16	0	2	1	3	0.76	0.7273	0.66	0.2836	101	344	445	585	3	1	8	0	2	1	2	0.735833	0.697621	0.70375	0.116908	1278	5995	7273
13909	8/7/2012	3	1	8	17	0	2	1	2	0.78	0.7424	0.62	0.1343	125	743	868	585	3	1	8	0	2	1	2	0.735833	0.697621	0.70375	0.116908	1278	5995	7273
13910	8/7/2012	3	1	8	18	0	2	1	2	0.76	0.7121	0.62	0.1642	103	711	814	585	3	1	8	0	2	1	2	0.735833	0.697621	0.70375	0.116908	1278	5995	7273
13911	8/7/2012	3	1	8	19	0	2	1	2	0.76	0.7273	0.66	0.1045	104	506	610	585	3	1	8	0	2	1	2	0.735833	0.697621	0.70375	0.116908	1278	5995	7273
13912	8/7/2012	3	1	8	20	0	2	1	2	0.74	0.697	0.7	0.1343	74	374	448	585	3	1	8	0	2	1	2	0.735833	0.697621	0.70375	0.116908	1278	5995	7273
13913	8/7/2012	3	1	8	21	0	2	1	2	0.72	0.697	0.74	0	70	247	317	585	3	1	8	0	2	1	2	0.735833	0.697621	0.70375	0.116908	1278	5995	7273
13914	8/7/2012	3	1	8	22	0	2	1	1	0.72	0.697	0.74	0.1045	43	181	224	585	3	1	8	0	2	1	2	0.735833	0.697621	0.70375	0.116908	1278	5995	7273
13915	8/7/2012	3	1	8	23	0	2	1	1	0.72	0.697	0.79	0	18	120	138	585	3	1	8	0	2	1	2	0.735833	0.697621	0.70375	0.116908	1278	5995	7273
13916	8/8/2012	3	1	8	0	0	3	1	1	0.7	0.6667	0.84	0	12	46	58	586	3	1	8	0	3	1	2	0.75	0.707717	0.672917	0.1107	1263	6271	7534
13917	8/8/2012	3	1	8	1	0	3	1	1	0.72	0.697	0.79	0	3	20	23	586	3	1	8	0	3	1	2	0.75	0.707717	0.672917	0.1107	1263	6271	7534
13918	8/8/2012	3	1	8	2	0	3	1	1	0.7	0.6667	0.84	0	1	5	6	586	3	1	8	0	3	1	2	0.75	0.707717	0.672917	0.1107	1263	6271	7534
13919	8/8/2012	3	1	8	3	0	3	1	1	0.7	0.6667	0.84	0	1	6	7	586	3	1	8	0	3	1	2	0.75	0.707717	0.672917	0.1107	1263	6271	7534
13920	8/8/2012	3	1	8	4	0	3	1	1	0.7	0.6667	0.84	0	1	6	7	586	3	1	8	0	3	1	2	0.75	0.707717	0.672917	0.1107	1263	6271	7534
13921	8/8/2012	3	1	8	5	0	3	1	2	0.68	0.6364	0.89	0.1642	3	40	43	586	3	1	8	0	3	1	2	0.75	0.707717	0.672917	0.1107	1263	6271	7534
13922	8/8/2012	3	1	8	6	0	3	1	2	0.7	0.6667	0.84	0.1642	4	169	173	586	3	1	8	0	3	1	2	0.75	0.707717	0.672917	0.1107	1263	6271	7534
13923	8/8/2012	3	1	8	7	0	3	1	2	0.7	0.6667	0.84	0.1642	24	458	482	586	3	1	8	0	3	1	2	0.75	0.707717	0.672917	0.1107	1263	6271	7534
13924	8/8/2012	3	1	8	8	0	3	1	2	0.74	0.7273	0.72	0.0896	48	689	737	586	3	1	8	0	3	1	2	0.75	0.707717	0.672917	0.1107	1263	6271	7534
13925	8/8/2012	3	1	8	9	0	3	1	2	0.76	0.7273	0.66	0	33	308	341	586	3	1	8	0	3	1	2	0.75	0.707717	0.672917	0.1107	1263	6271	7534
13926	8/8/2012	3	1	8	10	0	3	1	2	0.8	0.7424	0.52	0.1343	63	151	214	586	3	1	8	0	3	1	2	0.75	0.707717	0.672917	0.1107	1263	6271	7534
13927	8/8/2012	3	1	8	11	0	3	1	2	0.8	0.7424	0.52	0	80	159	239	586	3	1	8	0	3	1	2	0.75	0.707717	0.672917	0.1107	1263	6271	7534
13928	8/8/2012	3	1	8	12	0	3	1	2	0.8	0.7424	0.52	0	63	217	280	586	3	1	8	0	3	1	2	0.75	0.707717	0.672917	0.1107	1263	6271	7534
13929	8/8/2012	3	1	8	13	0	3	1	2	0.8	0.7424	0.52	0	101	212	313	586	3	1	8	0	3	1	2	0.75	0.707717	0.672917	0.1107	1263	6271	7534
13930	8/8/2012	3	1	8	14	0	3	1	2	0.8	0.7424	0.52	0.2537	63	173	236	586	3	1	8	0	3	1	2	0.75	0.707717	0.672917	0.1107	1263	6271	7534
13931	8/8/2012	3	1	8	15	0	3	1	2	0.84	0.7576	0.44	0.194	110	168	278	586	3	1	8	0	3	1	2	0.75	0.707717	0.672917	0.1107	1263	6271	7534
13932	8/8/2012	3	1	8	16	0	3	1	2	0.8	0.7424	0.49	0.2836	113	328	441	586	3	1	8	0	3	1	2	0.75	0.707717	0.672917	0.1107	1263	6271	7534
13933	8/8/2012	3	1	8	17	0	3	1	2	0.8	0.7576	0.55	0.2836	107	751	858	586	3	1	8	0	3	1	2	0.75	0.707717	0.672917	0.1107	1263	6271	7534
13934	8/8/2012	3	1	8	18	0	3	1	2	0.78	0.7273	0.55	0.1642	117	745	862	586	3	1	8	0	3	1	2	0.75	0.707717	0.672917	0.1107	1263	6271	7534
13935	8/8/2012	3	1	8	19	0	3	1	1	0.76	0.7273	0.66	0.2239	119	567	686	586	3	1	8	0	3	1	2	0.75	0.707717	0.672917	0.1107	1263	6271	7534
13936	8/8/2012	3	1	8	20	0	3	1	1	0.74	0.697	0.66	0.194	76	424	500	586	3	1	8	0	3	1	2	0.75	0.707717	0.672917	0.1107	1263	6271	7534
13937	8/8/2012	3	1	8	21	0	3	1	1	0.74	0.697	0.66	0.1045	70	311	381	586	3	1	8	0	3	1	2	0.75	0.707717	0.672917	0.1107	1263	6271	7534
13938	8/8/2012	3	1	8	22	0	3	1	1	0.72	0.697	0.74	0.1045	35	198	233	586	3	1	8	0	3	1	2	0.75	0.707717	0.672917	0.1107	1263	6271	7534
13939	8/8/2012	3	1	8	23	0	3	1	1	0.72	0.6818	0.7	0.1343	16	120	136	586	3	1	8	0	3	1	2	0.75	0.707717	0.672917	0.1107	1263	6271	7534
13940	8/9/2012	3	1	8	0	0	4	1	1	0.72	0.697	0.74	0.194	16	51	67	587	3	1	8	0	4	1	1	0.755833	0.699508	0.620417	0.1561	1196	6090	7286
13941	8/9/2012	3	1	8	1	0	4	1	1	0.7	0.6667	0.79	0.1343	5	23	28	587	3	1	8	0	4	1	1	0.755833	0.699508	0.620417	0.1561	1196	6090	7286
13942	8/9/2012	3	1	8	2	0	4	1	1	0.7	0.6667	0.84	0.0896	2	12	14	587	3	1	8	0	4	1	1	0.755833	0.699508	0.620417	0.1561	1196	6090	7286
13943	8/9/2012	3	1	8	3	0	4	1	1	0.68	0.6364	0.83	0.0896	1	5	6	587	3	1	8	0	4	1	1	0.755833	0.699508	0.620417	0.1561	1196	6090	7286
13944	8/9/2012	3	1	8	4	0	4	1	2	0.68	0.6364	0.89	0.1343	0	10	10	587	3	1	8	0	4	1	1	0.755833	0.699508	0.620417	0.1561	1196	6090	7286
13945	8/9/2012	3	1	8	5	0	4	1	2	0.66	0.5909	0.94	0	4	37	41	587	3	1	8	0	4	1	1	0.755833	0.699508	0.620417	0.1561	1196	6090	7286
13946	8/9/2012	3	1	8	6	0	4	1	1	0.66	0.6061	0.83	0.1642	5	162	167	587	3	1	8	0	4	1	1	0.755833	0.699508	0.620417	0.1561	1196	6090	7286
13947	8/9/2012	3	1	8	7	0	4	1	2	0.7	0.6667	0.84	0.1642	24	451	475	587	3	1	8	0	4	1	1	0.755833	0.699508	0.620417	0.1561	1196	6090	7286
13948	8/9/2012	3	1	8	8	0	4	1	1	0.72	0.697	0.74	0.1045	28	670	698	587	3	1	8	0	4	1	1	0.755833	0.699508	0.620417	0.1561	1196	6090	7286
13949	8/9/2012	3	1	8	9	0	4	1	1	0.76	0.7273	0.66	0.1642	54	299	353	587	3	1	8	0	4	1	1	0.755833	0.699508	0.620417	0.1561	1196	6090	7286
13950	8/9/2012	3	1	8	10	0	4	1	1	0.8	0.7576	0.55	0.2239	72	133	205	587	3	1	8	0	4	1	1	0.755833	0.699508	0.620417	0.1561	1196	6090	7286
13951	8/9/2012	3	1	8	11	0	4	1	1	0.84	0.7576	0.44	0	94	166	260	587	3	1	8	0	4	1	1	0.755833	0.699508	0.620417	0.1561	1196	6090	7286
13952	8/9/2012	3	1	8	12	0	4	1	1	0.84	0.7576	0.44	0.1045	85	192	277	587	3	1	8	0	4	1	1	0.755833	0.699508	0.620417	0.1561	1196	6090	7286
13953	8/9/2012	3	1	8	13	0	4	1	1	0.86	0.7879	0.41	0.1045	80	201	281	587	3	1	8	0	4	1	1	0.755833	0.699508	0.620417	0.1561	1196	6090	7286
13954	8/9/2012	3	1	8	14	0	4	1	1	0.88	0.7727	0.32	0.2239	86	161	247	587	3	1	8	0	4	1	1	0.755833	0.699508	0.620417	0.1561	1196	6090	7286
13955	8/9/2012	3	1	8	15	0	4	1	1	0.88	0.7727	0.32	0.2239	63	204	267	587	3	1	8	0	4	1	1	0.755833	0.699508	0.620417	0.1561	1196	6090	7286
13956	8/9/2012	3	1	8	16	0	4	1	1	0.86	0.7727	0.39	0.2537	97	320	417	587	3	1	8	0	4	1	1	0.755833	0.699508	0.620417	0.1561	1196	6090	7286
13957	8/9/2012	3	1	8	17	0	4	1	1	0.86	0.7576	0.36	0.2537	111	699	810	587	3	1	8	0	4	1	1	0.755833	0.699508	0.620417	0.1561	1196	6090	7286
13958	8/9/2012	3	1	8	18	0	4	1	2	0.82	0.7576	0.46	0.2537	78	733	811	587	3	1	8	0	4	1	1	0.755833	0.699508	0.620417	0.1561	1196	6090	7286
13959	8/9/2012	3	1	8	19	0	4	1	1	0.8	0.7576	0.55	0.194	90	533	623	587	3	1	8	0	4	1	1	0.755833	0.699508	0.620417	0.1561	1196	6090	7286
13960	8/9/2012	3	1	8	20	0	4	1	1	0.7	0.6515	0.54	0.2836	91	387	478	587	3	1	8	0	4	1	1	0.755833	0.699508	0.620417	0.1561	1196	6090	7286
13961	8/9/2012	3	1	8	21	0	4	1	2	0.7	0.6515	0.58	0.1642	50	286	336	587	3	1	8	0	4	1	1	0.755833	0.699508	0.620417	0.1561	1196	6090	7286
13962	8/9/2012	3	1	8	22	0	4	1	2	0.66	0.6212	0.69	0.2239	41	218	259	587	3	1	8	0	4	1	1	0.755833	0.699508	0.620417	0.1561	1196	6090	7286
13963	8/9/2012	3	1	8	23	0	4	1	1	0.66	0.6212	0.74	0	19	137	156	587	3	1	8	0	4	1	1	0.755833	0.699508	0.620417	0.1561	1196	6090	7286
13964	8/10/2012	3	1	8	0	0	5	1	1	0.7	0.6515	0.65	0.0896	17	68	85	588	3	1	8	0	5	1	2	0.715833	0.667942	0.715833	0.238813	1065	4721	5786
13965	8/10/2012	3	1	8	1	0	5	1	1	0.7	0.6515	0.65	0.1045	6	35	41	588	3	1	8	0	5	1	2	0.715833	0.667942	0.715833	0.238813	1065	4721	5786
13966	8/10/2012	3	1	8	2	0	5	1	1	0.7	0.6667	0.74	0.1642	6	14	20	588	3	1	8	0	5	1	2	0.715833	0.667942	0.715833	0.238813	1065	4721	5786
13967	8/10/2012	3	1	8	3	0	5	1	2	0.72	0.697	0.79	0.194	3	6	9	588	3	1	8	0	5	1	2	0.715833	0.667942	0.715833	0.238813	1065	4721	5786
13968	8/10/2012	3	1	8	4	0	5	1	3	0.7	0.6667	0.84	0.2836	0	7	7	588	3	1	8	0	5	1	2	0.715833	0.667942	0.715833	0.238813	1065	4721	5786
13969	8/10/2012	3	1	8	5	0	5	1	3	0.7	0.6667	0.84	0.2836	4	29	33	588	3	1	8	0	5	1	2	0.715833	0.667942	0.715833	0.238813	1065	4721	5786
13970	8/10/2012	3	1	8	6	0	5	1	3	0.64	0.5758	0.89	0.2985	3	41	44	588	3	1	8	0	5	1	2	0.715833	0.667942	0.715833	0.238813	1065	4721	5786
13971	8/10/2012	3	1	8	7	0	5	1	3	0.64	0.5758	0.89	0.1045	5	128	133	588	3	1	8	0	5	1	2	0.715833	0.667942	0.715833	0.238813	1065	4721	5786
13972	8/10/2012	3	1	8	8	0	5	1	3	0.62	0.5455	0.91	0.1642	7	112	119	588	3	1	8	0	5	1	2	0.715833	0.667942	0.715833	0.238813	1065	4721	5786
13973	8/10/2012	3	1	8	9	0	5	1	2	0.64	0.5758	0.89	0	21	199	220	588	3	1	8	0	5	1	2	0.715833	0.667942	0.715833	0.238813	1065	4721	5786
13974	8/10/2012	3	1	8	10	0	5	1	1	0.66	0.5909	0.89	0.1045	27	166	193	588	3	1	8	0	5	1	2	0.715833	0.667942	0.715833	0.238813	1065	4721	5786
13975	8/10/2012	3	1	8	11	0	5	1	3	0.68	0.6364	0.79	0.1343	73	178	251	588	3	1	8	0	5	1	2	0.715833	0.667942	0.715833	0.238813	1065	4721	5786
13976	8/10/2012	3	1	8	12	0	5	1	2	0.74	0.697	0.66	0.3582	75	240	315	588	3	1	8	0	5	1	2	0.715833	0.667942	0.715833	0.238813	1065	4721	5786
13977	8/10/2012	3	1	8	13	0	5	1	2	0.76	0.7121	0.58	0.3582	66	224	290	588	3	1	8	0	5	1	2	0.715833	0.667942	0.715833	0.238813	1065	4721	5786
13978	8/10/2012	3	1	8	14	0	5	1	1	0.76	0.7121	0.58	0.3582	71	236	307	588	3	1	8	0	5	1	2	0.715833	0.667942	0.715833	0.238813	1065	4721	5786
13979	8/10/2012	3	1	8	15	0	5	1	1	0.8	0.7424	0.52	0.4478	100	224	324	588	3	1	8	0	5	1	2	0.715833	0.667942	0.715833	0.238813	1065	4721	5786
13980	8/10/2012	3	1	8	16	0	5	1	1	0.78	0.7273	0.55	0.2985	96	371	467	588	3	1	8	0	5	1	2	0.715833	0.667942	0.715833	0.238813	1065	4721	5786
13981	8/10/2012	3	1	8	17	0	5	1	1	0.8	0.7424	0.52	0.2836	111	619	730	588	3	1	8	0	5	1	2	0.715833	0.667942	0.715833	0.238813	1065	4721	5786
13982	8/10/2012	3	1	8	18	0	5	1	1	0.76	0.7121	0.62	0.2985	88	552	640	588	3	1	8	0	5	1	2	0.715833	0.667942	0.715833	0.238813	1065	4721	5786
13983	8/10/2012	3	1	8	19	0	5	1	1	0.76	0.7121	0.62	0.2836	98	394	492	588	3	1	8	0	5	1	2	0.715833	0.667942	0.715833	0.238813	1065	4721	5786
13984	8/10/2012	3	1	8	20	0	5	1	1	0.74	0.697	0.66	0.2985	55	315	370	588	3	1	8	0	5	1	2	0.715833	0.667942	0.715833	0.238813	1065	4721	5786
13985	8/10/2012	3	1	8	21	0	5	1	1	0.74	0.697	0.66	0.2537	50	236	286	588	3	1	8	0	5	1	2	0.715833	0.667942	0.715833	0.238813	1065	4721	5786
13986	8/10/2012	3	1	8	22	0	5	1	1	0.72	0.697	0.74	0.2836	50	168	218	588	3	1	8	0	5	1	2	0.715833	0.667942	0.715833	0.238813	1065	4721	5786
13987	8/10/2012	3	1	8	23	0	5	1	1	0.72	0.6818	0.7	0.2836	33	159	192	588	3	1	8	0	5	1	2	0.715833	0.667942	0.715833	0.238813	1065	4721	5786
13988	8/11/2012	3	1	8	0	0	6	0	1	0.7	0.6515	0.7	0.2836	38	142	180	589	3	1	8	0	6	0	2	0.6925	0.638267	0.732917	0.206479	2247	4052	6299
13989	8/11/2012	3	1	8	1	0	6	0	1	0.66	0.6212	0.74	0.2239	32	84	116	589	3	1	8	0	6	0	2	0.6925	0.638267	0.732917	0.206479	2247	4052	6299
13990	8/11/2012	3	1	8	2	0	6	0	3	0.64	0.5909	0.78	0.194	19	66	85	589	3	1	8	0	6	0	2	0.6925	0.638267	0.732917	0.206479	2247	4052	6299
13991	8/11/2012	3	1	8	3	0	6	0	3	0.62	0.5758	0.83	0.1642	2	19	21	589	3	1	8	0	6	0	2	0.6925	0.638267	0.732917	0.206479	2247	4052	6299
13992	8/11/2012	3	1	8	4	0	6	0	1	0.62	0.5758	0.83	0.1045	3	7	10	589	3	1	8	0	6	0	2	0.6925	0.638267	0.732917	0.206479	2247	4052	6299
13993	8/11/2012	3	1	8	5	0	6	0	1	0.62	0.5606	0.88	0.1045	2	9	11	589	3	1	8	0	6	0	2	0.6925	0.638267	0.732917	0.206479	2247	4052	6299
13994	8/11/2012	3	1	8	6	0	6	0	2	0.62	0.5606	0.88	0.1045	5	18	23	589	3	1	8	0	6	0	2	0.6925	0.638267	0.732917	0.206479	2247	4052	6299
13995	8/11/2012	3	1	8	7	0	6	0	1	0.64	0.5758	0.83	0.0896	8	54	62	589	3	1	8	0	6	0	2	0.6925	0.638267	0.732917	0.206479	2247	4052	6299
13996	8/11/2012	3	1	8	8	0	6	0	1	0.66	0.6061	0.83	0.1045	30	132	162	589	3	1	8	0	6	0	2	0.6925	0.638267	0.732917	0.206479	2247	4052	6299
13997	8/11/2012	3	1	8	9	0	6	0	1	0.68	0.6364	0.79	0.194	54	217	271	589	3	1	8	0	6	0	2	0.6925	0.638267	0.732917	0.206479	2247	4052	6299
13998	8/11/2012	3	1	8	10	0	6	0	1	0.72	0.6818	0.62	0.0896	125	282	407	589	3	1	8	0	6	0	2	0.6925	0.638267	0.732917	0.206479	2247	4052	6299
13999	8/11/2012	3	1	8	11	0	6	0	1	0.74	0.697	0.66	0.1642	203	296	499	589	3	1	8	0	6	0	2	0.6925	0.638267	0.732917	0.206479	2247	4052	6299
14000	8/11/2012	3	1	8	12	0	6	0	1	0.76	0.7121	0.58	0.2239	214	332	546	589	3	1	8	0	6	0	2	0.6925	0.638267	0.732917	0.206479	2247	4052	6299
14001	8/11/2012	3	1	8	13	0	6	0	1	0.8	0.7424	0.49	0.3582	228	341	569	589	3	1	8	0	6	0	2	0.6925	0.638267	0.732917	0.206479	2247	4052	6299
14002	8/11/2012	3	1	8	14	0	6	0	1	0.8	0.7424	0.49	0.2985	248	290	538	589	3	1	8	0	6	0	2	0.6925	0.638267	0.732917	0.206479	2247	4052	6299
14003	8/11/2012	3	1	8	15	0	6	0	1	0.8	0.7273	0.46	0.2836	246	316	562	589	3	1	8	0	6	0	2	0.6925	0.638267	0.732917	0.206479	2247	4052	6299
14004	8/11/2012	3	1	8	16	0	6	0	1	0.8	0.7273	0.46	0.2985	227	304	531	589	3	1	8	0	6	0	2	0.6925	0.638267	0.732917	0.206479	2247	4052	6299
14005	8/11/2012	3	1	8	17	0	6	0	3	0.74	0.697	0.66	0.3582	220	292	512	589	3	1	8	0	6	0	2	0.6925	0.638267	0.732917	0.206479	2247	4052	6299
14006	8/11/2012	3	1	8	18	0	6	0	2	0.7	0.6667	0.74	0.2985	107	193	300	589	3	1	8	0	6	0	2	0.6925	0.638267	0.732917	0.206479	2247	4052	6299
14007	8/11/2012	3	1	8	19	0	6	0	2	0.66	0.5909	0.89	0.1045	97	178	275	589	3	1	8	0	6	0	2	0.6925	0.638267	0.732917	0.206479	2247	4052	6299
14008	8/11/2012	3	1	8	20	0	6	0	3	0.66	0.5909	0.89	0.4179	31	129	160	589	3	1	8	0	6	0	2	0.6925	0.638267	0.732917	0.206479	2247	4052	6299
14009	8/11/2012	3	1	8	21	0	6	0	2	0.66	0.5909	0.89	0.1642	26	102	128	589	3	1	8	0	6	0	2	0.6925	0.638267	0.732917	0.206479	2247	4052	6299
14010	8/11/2012	3	1	8	22	0	6	0	2	0.66	0.5909	0.89	0.1642	40	128	168	589	3	1	8	0	6	0	2	0.6925	0.638267	0.732917	0.206479	2247	4052	6299
14011	8/11/2012	3	1	8	23	0	6	0	3	0.66	0.6061	0.78	0.1642	42	121	163	589	3	1	8	0	6	0	2	0.6925	0.638267	0.732917	0.206479	2247	4052	6299
14012	8/12/2012	3	1	8	0	0	0	0	2	0.64	0.6061	0.73	0.1343	24	96	120	590	3	1	8	0	0	0	1	0.700833	0.644579	0.530417	0.122512	2182	4362	6544
14013	8/12/2012	3	1	8	1	0	0	0	1	0.62	0.5909	0.78	0.1343	21	92	113	590	3	1	8	0	0	0	1	0.700833	0.644579	0.530417	0.122512	2182	4362	6544
14014	8/12/2012	3	1	8	2	0	0	0	1	0.64	0.6061	0.69	0.1343	19	67	86	590	3	1	8	0	0	0	1	0.700833	0.644579	0.530417	0.122512	2182	4362	6544
14015	8/12/2012	3	1	8	3	0	0	0	1	0.62	0.5909	0.73	0.0896	11	37	48	590	3	1	8	0	0	0	1	0.700833	0.644579	0.530417	0.122512	2182	4362	6544
14016	8/12/2012	3	1	8	4	0	0	0	1	0.64	0.6061	0.69	0.0896	2	8	10	590	3	1	8	0	0	0	1	0.700833	0.644579	0.530417	0.122512	2182	4362	6544
14017	8/12/2012	3	1	8	5	0	0	0	1	0.64	0.6212	0.61	0.194	1	9	10	590	3	1	8	0	0	0	1	0.700833	0.644579	0.530417	0.122512	2182	4362	6544
14018	8/12/2012	3	1	8	6	0	0	0	1	0.64	0.6061	0.65	0.1642	2	14	16	590	3	1	8	0	0	0	1	0.700833	0.644579	0.530417	0.122512	2182	4362	6544
14019	8/12/2012	3	1	8	7	0	0	0	1	0.64	0.6061	0.65	0.1343	9	30	39	590	3	1	8	0	0	0	1	0.700833	0.644579	0.530417	0.122512	2182	4362	6544
14020	8/12/2012	3	1	8	8	0	0	0	1	0.66	0.6212	0.54	0.2239	35	84	119	590	3	1	8	0	0	0	1	0.700833	0.644579	0.530417	0.122512	2182	4362	6544
14021	8/12/2012	3	1	8	9	0	0	0	1	0.7	0.6515	0.48	0.2239	64	153	217	590	3	1	8	0	0	0	1	0.700833	0.644579	0.530417	0.122512	2182	4362	6544
14022	8/12/2012	3	1	8	10	0	0	0	1	0.7	0.6515	0.51	0.1642	88	240	328	590	3	1	8	0	0	0	1	0.700833	0.644579	0.530417	0.122512	2182	4362	6544
14023	8/12/2012	3	1	8	11	0	0	0	1	0.74	0.6667	0.42	0.1642	167	282	449	590	3	1	8	0	0	0	1	0.700833	0.644579	0.530417	0.122512	2182	4362	6544
14024	8/12/2012	3	1	8	12	0	0	0	1	0.74	0.6667	0.42	0.194	163	342	505	590	3	1	8	0	0	0	1	0.700833	0.644579	0.530417	0.122512	2182	4362	6544
14025	8/12/2012	3	1	8	13	0	0	0	1	0.78	0.697	0.4	0	178	365	543	590	3	1	8	0	0	0	1	0.700833	0.644579	0.530417	0.122512	2182	4362	6544
14026	8/12/2012	3	1	8	14	0	0	0	1	0.76	0.6818	0.4	0.194	213	366	579	590	3	1	8	0	0	0	1	0.700833	0.644579	0.530417	0.122512	2182	4362	6544
14027	8/12/2012	3	1	8	15	0	0	0	1	0.76	0.6818	0.4	0.1343	235	342	577	590	3	1	8	0	0	0	1	0.700833	0.644579	0.530417	0.122512	2182	4362	6544
14028	8/12/2012	3	1	8	16	0	0	0	1	0.76	0.6818	0.4	0.1045	213	300	513	590	3	1	8	0	0	0	1	0.700833	0.644579	0.530417	0.122512	2182	4362	6544
14029	8/12/2012	3	1	8	17	0	0	0	1	0.8	0.697	0.33	0	186	319	505	590	3	1	8	0	0	0	1	0.700833	0.644579	0.530417	0.122512	2182	4362	6544
14030	8/12/2012	3	1	8	18	0	0	0	1	0.78	0.6818	0.35	0.1045	164	327	491	590	3	1	8	0	0	0	1	0.700833	0.644579	0.530417	0.122512	2182	4362	6544
14031	8/12/2012	3	1	8	19	0	0	0	1	0.74	0.6515	0.4	0.1343	148	317	465	590	3	1	8	0	0	0	1	0.700833	0.644579	0.530417	0.122512	2182	4362	6544
14032	8/12/2012	3	1	8	20	0	0	0	1	0.72	0.6515	0.45	0	96	204	300	590	3	1	8	0	0	0	1	0.700833	0.644579	0.530417	0.122512	2182	4362	6544
14033	8/12/2012	3	1	8	21	0	0	0	1	0.72	0.6667	0.51	0.0896	78	142	220	590	3	1	8	0	0	0	1	0.700833	0.644579	0.530417	0.122512	2182	4362	6544
14034	8/12/2012	3	1	8	22	0	0	0	1	0.7	0.6515	0.58	0.1343	40	141	181	590	3	1	8	0	0	0	1	0.700833	0.644579	0.530417	0.122512	2182	4362	6544
14035	8/12/2012	3	1	8	23	0	0	0	1	0.68	0.6364	0.61	0	25	85	110	590	3	1	8	0	0	0	1	0.700833	0.644579	0.530417	0.122512	2182	4362	6544
14036	8/13/2012	3	1	8	0	0	1	1	1	0.66	0.6212	0.65	0.1045	14	33	47	591	3	1	8	0	1	1	1	0.720833	0.662254	0.545417	0.136212	1207	5676	6883
14037	8/13/2012	3	1	8	1	0	1	1	1	0.66	0.6212	0.65	0.0896	3	11	14	591	3	1	8	0	1	1	1	0.720833	0.662254	0.545417	0.136212	1207	5676	6883
14038	8/13/2012	3	1	8	2	0	1	1	1	0.64	0.6061	0.69	0.1045	1	8	9	591	3	1	8	0	1	1	1	0.720833	0.662254	0.545417	0.136212	1207	5676	6883
14039	8/13/2012	3	1	8	3	0	1	1	1	0.64	0.6061	0.69	0	1	5	6	591	3	1	8	0	1	1	1	0.720833	0.662254	0.545417	0.136212	1207	5676	6883
14040	8/13/2012	3	1	8	4	0	1	1	1	0.64	0.6061	0.69	0.1045	0	11	11	591	3	1	8	0	1	1	1	0.720833	0.662254	0.545417	0.136212	1207	5676	6883
14041	8/13/2012	3	1	8	5	0	1	1	1	0.64	0.6061	0.69	0.1045	3	33	36	591	3	1	8	0	1	1	1	0.720833	0.662254	0.545417	0.136212	1207	5676	6883
14042	8/13/2012	3	1	8	6	0	1	1	1	0.62	0.5909	0.73	0.0896	4	155	159	591	3	1	8	0	1	1	1	0.720833	0.662254	0.545417	0.136212	1207	5676	6883
14043	8/13/2012	3	1	8	7	0	1	1	1	0.66	0.6212	0.65	0.1343	11	425	436	591	3	1	8	0	1	1	1	0.720833	0.662254	0.545417	0.136212	1207	5676	6883
14044	8/13/2012	3	1	8	8	0	1	1	2	0.72	0.6667	0.51	0.0896	25	648	673	591	3	1	8	0	1	1	1	0.720833	0.662254	0.545417	0.136212	1207	5676	6883
14045	8/13/2012	3	1	8	9	0	1	1	2	0.74	0.6667	0.45	0	40	265	305	591	3	1	8	0	1	1	1	0.720833	0.662254	0.545417	0.136212	1207	5676	6883
14046	8/13/2012	3	1	8	10	0	1	1	2	0.76	0.6818	0.4	0	88	111	199	591	3	1	8	0	1	1	1	0.720833	0.662254	0.545417	0.136212	1207	5676	6883
14047	8/13/2012	3	1	8	11	0	1	1	1	0.76	0.6818	0.4	0.0896	94	151	245	591	3	1	8	0	1	1	1	0.720833	0.662254	0.545417	0.136212	1207	5676	6883
14048	8/13/2012	3	1	8	12	0	1	1	1	0.78	0.697	0.4	0.194	96	180	276	591	3	1	8	0	1	1	1	0.720833	0.662254	0.545417	0.136212	1207	5676	6883
14049	8/13/2012	3	1	8	13	0	1	1	1	0.78	0.697	0.4	0.1642	79	175	254	591	3	1	8	0	1	1	1	0.720833	0.662254	0.545417	0.136212	1207	5676	6883
14050	8/13/2012	3	1	8	14	0	1	1	1	0.8	0.697	0.33	0.1045	85	163	248	591	3	1	8	0	1	1	1	0.720833	0.662254	0.545417	0.136212	1207	5676	6883
14051	8/13/2012	3	1	8	15	0	1	1	1	0.82	0.7273	0.34	0.2239	80	194	274	591	3	1	8	0	1	1	1	0.720833	0.662254	0.545417	0.136212	1207	5676	6883
14052	8/13/2012	3	1	8	16	0	1	1	1	0.8	0.7121	0.36	0.0896	116	348	464	591	3	1	8	0	1	1	1	0.720833	0.662254	0.545417	0.136212	1207	5676	6883
14053	8/13/2012	3	1	8	17	0	1	1	1	0.8	0.7121	0.36	0.1642	102	716	818	591	3	1	8	0	1	1	1	0.720833	0.662254	0.545417	0.136212	1207	5676	6883
14054	8/13/2012	3	1	8	18	0	1	1	1	0.76	0.697	0.52	0.2836	103	709	812	591	3	1	8	0	1	1	1	0.720833	0.662254	0.545417	0.136212	1207	5676	6883
14055	8/13/2012	3	1	8	19	0	1	1	1	0.74	0.6818	0.58	0.1642	88	467	555	591	3	1	8	0	1	1	1	0.720833	0.662254	0.545417	0.136212	1207	5676	6883
14056	8/13/2012	3	1	8	20	0	1	1	1	0.74	0.6818	0.62	0.2239	58	374	432	591	3	1	8	0	1	1	1	0.720833	0.662254	0.545417	0.136212	1207	5676	6883
14057	8/13/2012	3	1	8	21	0	1	1	1	0.72	0.6818	0.66	0.194	44	246	290	591	3	1	8	0	1	1	1	0.720833	0.662254	0.545417	0.136212	1207	5676	6883
14058	8/13/2012	3	1	8	22	0	1	1	1	0.72	0.6818	0.62	0.3284	44	148	192	591	3	1	8	0	1	1	1	0.720833	0.662254	0.545417	0.136212	1207	5676	6883
14059	8/13/2012	3	1	8	23	0	1	1	1	0.7	0.6515	0.7	0.2239	28	100	128	591	3	1	8	0	1	1	1	0.720833	0.662254	0.545417	0.136212	1207	5676	6883
14060	8/14/2012	3	1	8	0	0	2	1	1	0.7	0.6667	0.74	0.2239	12	48	60	592	3	1	8	0	2	1	1	0.726667	0.676779	0.686667	0.169158	1128	5656	6784
14061	8/14/2012	3	1	8	1	0	2	1	1	0.68	0.6364	0.79	0.2537	8	19	27	592	3	1	8	0	2	1	1	0.726667	0.676779	0.686667	0.169158	1128	5656	6784
14062	8/14/2012	3	1	8	2	0	2	1	2	0.68	0.6364	0.83	0.194	2	9	11	592	3	1	8	0	2	1	1	0.726667	0.676779	0.686667	0.169158	1128	5656	6784
14063	8/14/2012	3	1	8	3	0	2	1	2	0.68	0.6364	0.83	0.194	0	3	3	592	3	1	8	0	2	1	1	0.726667	0.676779	0.686667	0.169158	1128	5656	6784
14064	8/14/2012	3	1	8	4	0	2	1	2	0.68	0.6364	0.83	0.194	0	5	5	592	3	1	8	0	2	1	1	0.726667	0.676779	0.686667	0.169158	1128	5656	6784
14065	8/14/2012	3	1	8	5	0	2	1	2	0.68	0.6364	0.89	0.194	1	35	36	592	3	1	8	0	2	1	1	0.726667	0.676779	0.686667	0.169158	1128	5656	6784
14066	8/14/2012	3	1	8	6	0	2	1	3	0.64	0.5758	0.83	0.194	1	63	64	592	3	1	8	0	2	1	1	0.726667	0.676779	0.686667	0.169158	1128	5656	6784
14067	8/14/2012	3	1	8	7	0	2	1	2	0.66	0.6061	0.83	0.0896	1	178	179	592	3	1	8	0	2	1	1	0.726667	0.676779	0.686667	0.169158	1128	5656	6784
14068	8/14/2012	3	1	8	8	0	2	1	2	0.66	0.5909	0.89	0.0896	27	591	618	592	3	1	8	0	2	1	1	0.726667	0.676779	0.686667	0.169158	1128	5656	6784
14069	8/14/2012	3	1	8	9	0	2	1	2	0.7	0.6667	0.74	0	48	354	402	592	3	1	8	0	2	1	1	0.726667	0.676779	0.686667	0.169158	1128	5656	6784
14070	8/14/2012	3	1	8	10	0	2	1	1	0.7	0.6667	0.79	0.1045	53	155	208	592	3	1	8	0	2	1	1	0.726667	0.676779	0.686667	0.169158	1128	5656	6784
14071	8/14/2012	3	1	8	11	0	2	1	1	0.74	0.6818	0.62	0	69	127	196	592	3	1	8	0	2	1	1	0.726667	0.676779	0.686667	0.169158	1128	5656	6784
14072	8/14/2012	3	1	8	12	0	2	1	1	0.78	0.7121	0.49	0.1343	93	207	300	592	3	1	8	0	2	1	1	0.726667	0.676779	0.686667	0.169158	1128	5656	6784
14073	8/14/2012	3	1	8	13	0	2	1	1	0.8	0.7273	0.46	0.0896	83	203	286	592	3	1	8	0	2	1	1	0.726667	0.676779	0.686667	0.169158	1128	5656	6784
14074	8/14/2012	3	1	8	14	0	2	1	1	0.82	0.7424	0.41	0.2239	80	175	255	592	3	1	8	0	2	1	1	0.726667	0.676779	0.686667	0.169158	1128	5656	6784
14075	8/14/2012	3	1	8	15	0	2	1	1	0.82	0.7576	0.46	0.2239	84	199	283	592	3	1	8	0	2	1	1	0.726667	0.676779	0.686667	0.169158	1128	5656	6784
14076	8/14/2012	3	1	8	16	0	2	1	1	0.82	0.7424	0.43	0.2239	95	363	458	592	3	1	8	0	2	1	1	0.726667	0.676779	0.686667	0.169158	1128	5656	6784
14077	8/14/2012	3	1	8	17	0	2	1	3	0.76	0.7273	0.66	0.2537	78	734	812	592	3	1	8	0	2	1	1	0.726667	0.676779	0.686667	0.169158	1128	5656	6784
14078	8/14/2012	3	1	8	18	0	2	1	1	0.76	0.7121	0.62	0.2836	97	757	854	592	3	1	8	0	2	1	1	0.726667	0.676779	0.686667	0.169158	1128	5656	6784
14079	8/14/2012	3	1	8	19	0	2	1	1	0.76	0.7273	0.66	0.194	94	533	627	592	3	1	8	0	2	1	1	0.726667	0.676779	0.686667	0.169158	1128	5656	6784
14080	8/14/2012	3	1	8	20	0	2	1	1	0.74	0.7121	0.74	0.2239	65	371	436	592	3	1	8	0	2	1	1	0.726667	0.676779	0.686667	0.169158	1128	5656	6784
14081	8/14/2012	3	1	8	21	0	2	1	1	0.74	0.6818	0.62	0.2239	56	252	308	592	3	1	8	0	2	1	1	0.726667	0.676779	0.686667	0.169158	1128	5656	6784
14082	8/14/2012	3	1	8	22	0	2	1	1	0.72	0.6818	0.66	0.0896	28	161	189	592	3	1	8	0	2	1	1	0.726667	0.676779	0.686667	0.169158	1128	5656	6784
14083	8/14/2012	3	1	8	23	0	2	1	1	0.72	0.6818	0.66	0.1642	53	114	167	592	3	1	8	0	2	1	1	0.726667	0.676779	0.686667	0.169158	1128	5656	6784
14084	8/15/2012	3	1	8	0	0	3	1	1	0.7	0.6515	0.61	0.194	8	52	60	593	3	1	8	0	3	1	1	0.706667	0.654037	0.619583	0.169771	1198	6149	7347
14085	8/15/2012	3	1	8	1	0	3	1	1	0.7	0.6515	0.61	0	6	31	37	593	3	1	8	0	3	1	1	0.706667	0.654037	0.619583	0.169771	1198	6149	7347
14086	8/15/2012	3	1	8	2	0	3	1	1	0.68	0.6364	0.65	0	1	7	8	593	3	1	8	0	3	1	1	0.706667	0.654037	0.619583	0.169771	1198	6149	7347
14087	8/15/2012	3	1	8	3	0	3	1	1	0.66	0.6212	0.74	0.1045	1	10	11	593	3	1	8	0	3	1	1	0.706667	0.654037	0.619583	0.169771	1198	6149	7347
14088	8/15/2012	3	1	8	4	0	3	1	1	0.64	0.5758	0.83	0.1045	0	4	4	593	3	1	8	0	3	1	1	0.706667	0.654037	0.619583	0.169771	1198	6149	7347
14089	8/15/2012	3	1	8	5	0	3	1	1	0.64	0.5909	0.78	0.1045	4	35	39	593	3	1	8	0	3	1	1	0.706667	0.654037	0.619583	0.169771	1198	6149	7347
14090	8/15/2012	3	1	8	6	0	3	1	1	0.64	0.5909	0.78	0.1045	12	160	172	593	3	1	8	0	3	1	1	0.706667	0.654037	0.619583	0.169771	1198	6149	7347
14091	8/15/2012	3	1	8	7	0	3	1	2	0.66	0.6212	0.69	0.194	25	467	492	593	3	1	8	0	3	1	1	0.706667	0.654037	0.619583	0.169771	1198	6149	7347
14092	8/15/2012	3	1	8	8	0	3	1	2	0.7	0.6515	0.65	0.2836	40	642	682	593	3	1	8	0	3	1	1	0.706667	0.654037	0.619583	0.169771	1198	6149	7347
14093	8/15/2012	3	1	8	9	0	3	1	2	0.72	0.6818	0.62	0.194	57	310	367	593	3	1	8	0	3	1	1	0.706667	0.654037	0.619583	0.169771	1198	6149	7347
14094	8/15/2012	3	1	8	10	0	3	1	2	0.72	0.6818	0.62	0.194	70	163	233	593	3	1	8	0	3	1	1	0.706667	0.654037	0.619583	0.169771	1198	6149	7347
14095	8/15/2012	3	1	8	11	0	3	1	2	0.74	0.6818	0.58	0.194	80	155	235	593	3	1	8	0	3	1	1	0.706667	0.654037	0.619583	0.169771	1198	6149	7347
14096	8/15/2012	3	1	8	12	0	3	1	1	0.74	0.6818	0.55	0.2239	77	230	307	593	3	1	8	0	3	1	1	0.706667	0.654037	0.619583	0.169771	1198	6149	7347
14097	8/15/2012	3	1	8	13	0	3	1	2	0.78	0.7121	0.49	0.194	88	206	294	593	3	1	8	0	3	1	1	0.706667	0.654037	0.619583	0.169771	1198	6149	7347
14098	8/15/2012	3	1	8	14	0	3	1	2	0.76	0.697	0.52	0.2985	94	161	255	593	3	1	8	0	3	1	1	0.706667	0.654037	0.619583	0.169771	1198	6149	7347
14099	8/15/2012	3	1	8	15	0	3	1	1	0.76	0.697	0.52	0.2537	70	196	266	593	3	1	8	0	3	1	1	0.706667	0.654037	0.619583	0.169771	1198	6149	7347
14100	8/15/2012	3	1	8	16	0	3	1	1	0.76	0.6818	0.48	0.194	91	340	431	593	3	1	8	0	3	1	1	0.706667	0.654037	0.619583	0.169771	1198	6149	7347
14101	8/15/2012	3	1	8	17	0	3	1	1	0.74	0.6818	0.55	0.2836	102	749	851	593	3	1	8	0	3	1	1	0.706667	0.654037	0.619583	0.169771	1198	6149	7347
14102	8/15/2012	3	1	8	18	0	3	1	1	0.74	0.6667	0.51	0.2239	80	768	848	593	3	1	8	0	3	1	1	0.706667	0.654037	0.619583	0.169771	1198	6149	7347
14103	8/15/2012	3	1	8	19	0	3	1	1	0.7	0.6515	0.61	0.1343	124	525	649	593	3	1	8	0	3	1	1	0.706667	0.654037	0.619583	0.169771	1198	6149	7347
14104	8/15/2012	3	1	8	20	0	3	1	1	0.7	0.6515	0.61	0.1343	72	355	427	593	3	1	8	0	3	1	1	0.706667	0.654037	0.619583	0.169771	1198	6149	7347
14105	8/15/2012	3	1	8	21	0	3	1	1	0.7	0.6515	0.61	0.194	49	266	315	593	3	1	8	0	3	1	1	0.706667	0.654037	0.619583	0.169771	1198	6149	7347
14106	8/15/2012	3	1	8	22	0	3	1	1	0.7	0.6515	0.61	0.1642	29	197	226	593	3	1	8	0	3	1	1	0.706667	0.654037	0.619583	0.169771	1198	6149	7347
14107	8/15/2012	3	1	8	23	0	3	1	1	0.68	0.6364	0.65	0.1045	18	120	138	593	3	1	8	0	3	1	1	0.706667	0.654037	0.619583	0.169771	1198	6149	7347
14108	8/16/2012	3	1	8	0	0	4	1	1	0.66	0.6212	0.69	0	13	63	76	594	3	1	8	0	4	1	1	0.719167	0.654688	0.519167	0.141796	1338	6267	7605
14109	8/16/2012	3	1	8	1	0	4	1	1	0.64	0.6061	0.73	0	3	18	21	594	3	1	8	0	4	1	1	0.719167	0.654688	0.519167	0.141796	1338	6267	7605
14110	8/16/2012	3	1	8	2	0	4	1	1	0.64	0.6061	0.69	0.194	0	15	15	594	3	1	8	0	4	1	1	0.719167	0.654688	0.519167	0.141796	1338	6267	7605
14111	8/16/2012	3	1	8	3	0	4	1	1	0.62	0.5909	0.73	0.2537	0	4	4	594	3	1	8	0	4	1	1	0.719167	0.654688	0.519167	0.141796	1338	6267	7605
14112	8/16/2012	3	1	8	4	0	4	1	1	0.62	0.5909	0.73	0.2239	2	3	5	594	3	1	8	0	4	1	1	0.719167	0.654688	0.519167	0.141796	1338	6267	7605
14113	8/16/2012	3	1	8	5	0	4	1	1	0.6	0.5758	0.78	0.1642	7	30	37	594	3	1	8	0	4	1	1	0.719167	0.654688	0.519167	0.141796	1338	6267	7605
14114	8/16/2012	3	1	8	6	0	4	1	1	0.6	0.5758	0.78	0.1642	3	162	165	594	3	1	8	0	4	1	1	0.719167	0.654688	0.519167	0.141796	1338	6267	7605
14115	8/16/2012	3	1	8	7	0	4	1	1	0.64	0.6061	0.69	0.2239	16	448	464	594	3	1	8	0	4	1	1	0.719167	0.654688	0.519167	0.141796	1338	6267	7605
14116	8/16/2012	3	1	8	8	0	4	1	1	0.68	0.6364	0.61	0.194	33	649	682	594	3	1	8	0	4	1	1	0.719167	0.654688	0.519167	0.141796	1338	6267	7605
14117	8/16/2012	3	1	8	9	0	4	1	1	0.72	0.6667	0.54	0.1045	41	296	337	594	3	1	8	0	4	1	1	0.719167	0.654688	0.519167	0.141796	1338	6267	7605
14118	8/16/2012	3	1	8	10	0	4	1	1	0.74	0.6667	0.48	0.1343	78	121	199	594	3	1	8	0	4	1	1	0.719167	0.654688	0.519167	0.141796	1338	6267	7605
14119	8/16/2012	3	1	8	11	0	4	1	1	0.76	0.6667	0.37	0.0896	83	191	274	594	3	1	8	0	4	1	1	0.719167	0.654688	0.519167	0.141796	1338	6267	7605
14120	8/16/2012	3	1	8	12	0	4	1	1	0.8	0.697	0.33	0.1045	96	247	343	594	3	1	8	0	4	1	1	0.719167	0.654688	0.519167	0.141796	1338	6267	7605
14121	8/16/2012	3	1	8	13	0	4	1	1	0.8	0.697	0.31	0.2239	81	219	300	594	3	1	8	0	4	1	1	0.719167	0.654688	0.519167	0.141796	1338	6267	7605
14122	8/16/2012	3	1	8	14	0	4	1	1	0.82	0.7121	0.32	0	72	176	248	594	3	1	8	0	4	1	1	0.719167	0.654688	0.519167	0.141796	1338	6267	7605
14123	8/16/2012	3	1	8	15	0	4	1	1	0.8	0.697	0.33	0.2537	63	197	260	594	3	1	8	0	4	1	1	0.719167	0.654688	0.519167	0.141796	1338	6267	7605
14124	8/16/2012	3	1	8	16	0	4	1	1	0.82	0.7121	0.32	0.2239	79	340	419	594	3	1	8	0	4	1	1	0.719167	0.654688	0.519167	0.141796	1338	6267	7605
14125	8/16/2012	3	1	8	17	0	4	1	1	0.82	0.7273	0.34	0.194	130	767	897	594	3	1	8	0	4	1	1	0.719167	0.654688	0.519167	0.141796	1338	6267	7605
14126	8/16/2012	3	1	8	18	0	4	1	1	0.8	0.7121	0.36	0	109	723	832	594	3	1	8	0	4	1	1	0.719167	0.654688	0.519167	0.141796	1338	6267	7605
14127	8/16/2012	3	1	8	19	0	4	1	1	0.76	0.6818	0.4	0.1045	119	558	677	594	3	1	8	0	4	1	1	0.719167	0.654688	0.519167	0.141796	1338	6267	7605
14128	8/16/2012	3	1	8	20	0	4	1	1	0.76	0.6818	0.4	0.0896	100	414	514	594	3	1	8	0	4	1	1	0.719167	0.654688	0.519167	0.141796	1338	6267	7605
14129	8/16/2012	3	1	8	21	0	4	1	1	0.74	0.6667	0.48	0.194	83	273	356	594	3	1	8	0	4	1	1	0.719167	0.654688	0.519167	0.141796	1338	6267	7605
14130	8/16/2012	3	1	8	22	0	4	1	1	0.72	0.6667	0.51	0.1642	69	185	254	594	3	1	8	0	4	1	1	0.719167	0.654688	0.519167	0.141796	1338	6267	7605
14131	8/16/2012	3	1	8	23	0	4	1	1	0.7	0.6515	0.54	0.1045	58	168	226	594	3	1	8	0	4	1	1	0.719167	0.654688	0.519167	0.141796	1338	6267	7605
14132	8/17/2012	3	1	8	0	0	5	1	1	0.68	0.2424	0.57	0.1642	21	67	88	595	3	1	8	0	5	1	1	0.723333	0.2424	0.570833	0.231354	1483	5665	7148
14133	8/17/2012	3	1	8	1	0	5	1	1	0.66	0.2424	0.65	0.1045	16	38	54	595	3	1	8	0	5	1	1	0.723333	0.2424	0.570833	0.231354	1483	5665	7148
14134	8/17/2012	3	1	8	2	0	5	1	1	0.66	0.2424	0.61	0.1343	4	15	19	595	3	1	8	0	5	1	1	0.723333	0.2424	0.570833	0.231354	1483	5665	7148
14135	8/17/2012	3	1	8	3	0	5	1	1	0.64	0.2424	0.65	0.1045	0	6	6	595	3	1	8	0	5	1	1	0.723333	0.2424	0.570833	0.231354	1483	5665	7148
14136	8/17/2012	3	1	8	4	0	5	1	1	0.64	0.2424	0.73	0.1642	0	9	9	595	3	1	8	0	5	1	1	0.723333	0.2424	0.570833	0.231354	1483	5665	7148
14137	8/17/2012	3	1	8	5	0	5	1	1	0.64	0.2424	0.73	0.1045	2	34	36	595	3	1	8	0	5	1	1	0.723333	0.2424	0.570833	0.231354	1483	5665	7148
14138	8/17/2012	3	1	8	6	0	5	1	1	0.62	0.2424	0.78	0.1343	6	151	157	595	3	1	8	0	5	1	1	0.723333	0.2424	0.570833	0.231354	1483	5665	7148
14139	8/17/2012	3	1	8	7	0	5	1	1	0.64	0.2424	0.73	0.1045	11	368	379	595	3	1	8	0	5	1	1	0.723333	0.2424	0.570833	0.231354	1483	5665	7148
14140	8/17/2012	3	1	8	8	0	5	1	1	0.68	0.2424	0.65	0.1343	43	625	668	595	3	1	8	0	5	1	1	0.723333	0.2424	0.570833	0.231354	1483	5665	7148
14141	8/17/2012	3	1	8	9	0	5	1	1	0.7	0.2424	0.58	0.1045	58	320	378	595	3	1	8	0	5	1	1	0.723333	0.2424	0.570833	0.231354	1483	5665	7148
14142	8/17/2012	3	1	8	10	0	5	1	1	0.74	0.2424	0.55	0.1642	82	149	231	595	3	1	8	0	5	1	1	0.723333	0.2424	0.570833	0.231354	1483	5665	7148
14143	8/17/2012	3	1	8	11	0	5	1	1	0.76	0.2424	0.52	0.2836	98	205	303	595	3	1	8	0	5	1	1	0.723333	0.2424	0.570833	0.231354	1483	5665	7148
14144	8/17/2012	3	1	8	12	0	5	1	1	0.82	0.2424	0.41	0.2239	110	255	365	595	3	1	8	0	5	1	1	0.723333	0.2424	0.570833	0.231354	1483	5665	7148
14145	8/17/2012	3	1	8	13	0	5	1	1	0.84	0.2424	0.36	0.3881	103	254	357	595	3	1	8	0	5	1	1	0.723333	0.2424	0.570833	0.231354	1483	5665	7148
14146	8/17/2012	3	1	8	14	0	5	1	1	0.86	0.2424	0.34	0.4179	128	200	328	595	3	1	8	0	5	1	1	0.723333	0.2424	0.570833	0.231354	1483	5665	7148
14147	8/17/2012	3	1	8	15	0	5	1	1	0.86	0.2424	0.3	0.4627	127	256	383	595	3	1	8	0	5	1	1	0.723333	0.2424	0.570833	0.231354	1483	5665	7148
14148	8/17/2012	3	1	8	16	0	5	1	2	0.84	0.2424	0.32	0.4478	116	372	488	595	3	1	8	0	5	1	1	0.723333	0.2424	0.570833	0.231354	1483	5665	7148
14149	8/17/2012	3	1	8	17	0	5	1	1	0.82	0.2424	0.36	0.3284	144	647	791	595	3	1	8	0	5	1	1	0.723333	0.2424	0.570833	0.231354	1483	5665	7148
14150	8/17/2012	3	1	8	18	0	5	1	2	0.82	0.2424	0.38	0.2537	108	561	669	595	3	1	8	0	5	1	1	0.723333	0.2424	0.570833	0.231354	1483	5665	7148
14151	8/17/2012	3	1	8	19	0	5	1	2	0.74	0.2424	0.55	0.3881	88	403	491	595	3	1	8	0	5	1	1	0.723333	0.2424	0.570833	0.231354	1483	5665	7148
14152	8/17/2012	3	1	8	20	0	5	1	2	0.72	0.2424	0.58	0.2239	97	262	359	595	3	1	8	0	5	1	1	0.723333	0.2424	0.570833	0.231354	1483	5665	7148
14153	8/17/2012	3	1	8	21	0	5	1	2	0.68	0.2424	0.69	0.2985	57	198	255	595	3	1	8	0	5	1	1	0.723333	0.2424	0.570833	0.231354	1483	5665	7148
14154	8/17/2012	3	1	8	22	0	5	1	3	0.66	0.2424	0.83	0.194	43	170	213	595	3	1	8	0	5	1	1	0.723333	0.2424	0.570833	0.231354	1483	5665	7148
14155	8/17/2012	3	1	8	23	0	5	1	3	0.64	0.2424	0.83	0.2239	21	100	121	595	3	1	8	0	5	1	1	0.723333	0.2424	0.570833	0.231354	1483	5665	7148
14156	8/18/2012	3	1	8	0	0	6	0	2	0.64	0.5758	0.83	0.2239	6	99	105	596	3	1	8	0	6	0	1	0.678333	0.618071	0.603333	0.177867	2827	5038	7865
14157	8/18/2012	3	1	8	1	0	6	0	3	0.62	0.5455	0.94	0.1642	14	78	92	596	3	1	8	0	6	0	1	0.678333	0.618071	0.603333	0.177867	2827	5038	7865
14158	8/18/2012	3	1	8	2	0	6	0	3	0.62	0.5606	0.88	0.1642	4	39	43	596	3	1	8	0	6	0	1	0.678333	0.618071	0.603333	0.177867	2827	5038	7865
14159	8/18/2012	3	1	8	3	0	6	0	1	0.62	0.5606	0.88	0.194	7	23	30	596	3	1	8	0	6	0	1	0.678333	0.618071	0.603333	0.177867	2827	5038	7865
14160	8/18/2012	3	1	8	4	0	6	0	1	0.62	0.5909	0.73	0.2239	5	8	13	596	3	1	8	0	6	0	1	0.678333	0.618071	0.603333	0.177867	2827	5038	7865
14161	8/18/2012	3	1	8	5	0	6	0	1	0.6	0.5758	0.78	0.2537	2	7	9	596	3	1	8	0	6	0	1	0.678333	0.618071	0.603333	0.177867	2827	5038	7865
14162	8/18/2012	3	1	8	6	0	6	0	1	0.6	0.5606	0.83	0.2239	4	23	27	596	3	1	8	0	6	0	1	0.678333	0.618071	0.603333	0.177867	2827	5038	7865
14163	8/18/2012	3	1	8	7	0	6	0	1	0.6	0.5606	0.83	0.2239	12	52	64	596	3	1	8	0	6	0	1	0.678333	0.618071	0.603333	0.177867	2827	5038	7865
14164	8/18/2012	3	1	8	8	0	6	0	1	0.64	0.6061	0.69	0.2537	28	161	189	596	3	1	8	0	6	0	1	0.678333	0.618071	0.603333	0.177867	2827	5038	7865
14165	8/18/2012	3	1	8	9	0	6	0	1	0.66	0.6212	0.65	0.2836	81	211	292	596	3	1	8	0	6	0	1	0.678333	0.618071	0.603333	0.177867	2827	5038	7865
14166	8/18/2012	3	1	8	10	0	6	0	1	0.7	0.6515	0.54	0.1642	166	314	480	596	3	1	8	0	6	0	1	0.678333	0.618071	0.603333	0.177867	2827	5038	7865
14167	8/18/2012	3	1	8	11	0	6	0	1	0.72	0.6667	0.51	0	180	356	536	596	3	1	8	0	6	0	1	0.678333	0.618071	0.603333	0.177867	2827	5038	7865
14168	8/18/2012	3	1	8	12	0	6	0	1	0.76	0.6667	0.37	0.194	266	388	654	596	3	1	8	0	6	0	1	0.678333	0.618071	0.603333	0.177867	2827	5038	7865
14169	8/18/2012	3	1	8	13	0	6	0	1	0.74	0.6515	0.4	0.194	289	355	644	596	3	1	8	0	6	0	1	0.678333	0.618071	0.603333	0.177867	2827	5038	7865
14170	8/18/2012	3	1	8	14	0	6	0	1	0.76	0.6667	0.37	0.2836	242	356	598	596	3	1	8	0	6	0	1	0.678333	0.618071	0.603333	0.177867	2827	5038	7865
14171	8/18/2012	3	1	8	15	0	6	0	1	0.76	0.6667	0.37	0.2239	250	346	596	596	3	1	8	0	6	0	1	0.678333	0.618071	0.603333	0.177867	2827	5038	7865
14172	8/18/2012	3	1	8	16	0	6	0	1	0.76	0.6667	0.37	0.2537	287	354	641	596	3	1	8	0	6	0	1	0.678333	0.618071	0.603333	0.177867	2827	5038	7865
14173	8/18/2012	3	1	8	17	0	6	0	1	0.76	0.6667	0.37	0.2239	256	379	635	596	3	1	8	0	6	0	1	0.678333	0.618071	0.603333	0.177867	2827	5038	7865
14174	8/18/2012	3	1	8	18	0	6	0	1	0.74	0.6515	0.37	0.1642	225	329	554	596	3	1	8	0	6	0	1	0.678333	0.618071	0.603333	0.177867	2827	5038	7865
14175	8/18/2012	3	1	8	19	0	6	0	1	0.7	0.6364	0.45	0.1642	164	324	488	596	3	1	8	0	6	0	1	0.678333	0.618071	0.603333	0.177867	2827	5038	7865
14176	8/18/2012	3	1	8	20	0	6	0	1	0.7	0.6364	0.45	0.1045	99	242	341	596	3	1	8	0	6	0	1	0.678333	0.618071	0.603333	0.177867	2827	5038	7865
14177	8/18/2012	3	1	8	21	0	6	0	1	0.66	0.6212	0.61	0	90	248	338	596	3	1	8	0	6	0	1	0.678333	0.618071	0.603333	0.177867	2827	5038	7865
14178	8/18/2012	3	1	8	22	0	6	0	1	0.66	0.6212	0.61	0	90	171	261	596	3	1	8	0	6	0	1	0.678333	0.618071	0.603333	0.177867	2827	5038	7865
14179	8/18/2012	3	1	8	23	0	6	0	1	0.64	0.6061	0.65	0.0896	60	175	235	596	3	1	8	0	6	0	1	0.678333	0.618071	0.603333	0.177867	2827	5038	7865
14180	8/19/2012	3	1	8	0	0	0	0	1	0.66	0.6212	0.57	0.0896	44	143	187	597	3	1	8	0	0	0	2	0.635833	0.603554	0.711667	0.08645	1208	3341	4549
14181	8/19/2012	3	1	8	1	0	0	0	1	0.64	0.6061	0.65	0	29	102	131	597	3	1	8	0	0	0	2	0.635833	0.603554	0.711667	0.08645	1208	3341	4549
14182	8/19/2012	3	1	8	2	0	0	0	2	0.62	0.6061	0.69	0.0896	16	103	119	597	3	1	8	0	0	0	2	0.635833	0.603554	0.711667	0.08645	1208	3341	4549
14183	8/19/2012	3	1	8	3	0	0	0	2	0.62	0.6061	0.61	0.1642	21	34	55	597	3	1	8	0	0	0	2	0.635833	0.603554	0.711667	0.08645	1208	3341	4549
14184	8/19/2012	3	1	8	4	0	0	0	2	0.62	0.6061	0.65	0.1642	4	22	26	597	3	1	8	0	0	0	2	0.635833	0.603554	0.711667	0.08645	1208	3341	4549
14185	8/19/2012	3	1	8	5	0	0	0	2	0.6	0.5909	0.73	0.1343	3	8	11	597	3	1	8	0	0	0	2	0.635833	0.603554	0.711667	0.08645	1208	3341	4549
14186	8/19/2012	3	1	8	6	0	0	0	2	0.62	0.6061	0.69	0.1045	5	15	20	597	3	1	8	0	0	0	2	0.635833	0.603554	0.711667	0.08645	1208	3341	4549
14187	8/19/2012	3	1	8	7	0	0	0	2	0.62	0.6061	0.69	0.1343	12	29	41	597	3	1	8	0	0	0	2	0.635833	0.603554	0.711667	0.08645	1208	3341	4549
14188	8/19/2012	3	1	8	8	0	0	0	2	0.64	0.6061	0.69	0.1045	34	90	124	597	3	1	8	0	0	0	2	0.635833	0.603554	0.711667	0.08645	1208	3341	4549
14189	8/19/2012	3	1	8	9	0	0	0	2	0.66	0.6212	0.74	0	86	184	270	597	3	1	8	0	0	0	2	0.635833	0.603554	0.711667	0.08645	1208	3341	4549
14190	8/19/2012	3	1	8	10	0	0	0	2	0.68	0.6364	0.69	0	138	287	425	597	3	1	8	0	0	0	2	0.635833	0.603554	0.711667	0.08645	1208	3341	4549
14191	8/19/2012	3	1	8	11	0	0	0	3	0.64	0.5909	0.78	0.1642	83	189	272	597	3	1	8	0	0	0	2	0.635833	0.603554	0.711667	0.08645	1208	3341	4549
14192	8/19/2012	3	1	8	12	0	0	0	3	0.64	0.6061	0.73	0	112	186	298	597	3	1	8	0	0	0	2	0.635833	0.603554	0.711667	0.08645	1208	3341	4549
14193	8/19/2012	3	1	8	13	0	0	0	3	0.64	0.5758	0.83	0.1343	50	112	162	597	3	1	8	0	0	0	2	0.635833	0.603554	0.711667	0.08645	1208	3341	4549
14194	8/19/2012	3	1	8	14	0	0	0	3	0.64	0.6061	0.73	0	41	108	149	597	3	1	8	0	0	0	2	0.635833	0.603554	0.711667	0.08645	1208	3341	4549
14195	8/19/2012	3	1	8	15	0	0	0	2	0.64	0.6061	0.65	0	89	187	276	597	3	1	8	0	0	0	2	0.635833	0.603554	0.711667	0.08645	1208	3341	4549
14196	8/19/2012	3	1	8	16	0	0	0	2	0.66	0.6212	0.65	0	97	259	356	597	3	1	8	0	0	0	2	0.635833	0.603554	0.711667	0.08645	1208	3341	4549
14197	8/19/2012	3	1	8	17	0	0	0	2	0.64	0.5909	0.78	0.1045	76	267	343	597	3	1	8	0	0	0	2	0.635833	0.603554	0.711667	0.08645	1208	3341	4549
14198	8/19/2012	3	1	8	18	0	0	0	2	0.64	0.5909	0.78	0.1045	86	291	377	597	3	1	8	0	0	0	2	0.635833	0.603554	0.711667	0.08645	1208	3341	4549
14199	8/19/2012	3	1	8	19	0	0	0	2	0.64	0.6061	0.73	0.1343	72	269	341	597	3	1	8	0	0	0	2	0.635833	0.603554	0.711667	0.08645	1208	3341	4549
14200	8/19/2012	3	1	8	20	0	0	0	2	0.64	0.6061	0.73	0.194	61	213	274	597	3	1	8	0	0	0	2	0.635833	0.603554	0.711667	0.08645	1208	3341	4549
14201	8/19/2012	3	1	8	21	0	0	0	3	0.62	0.5909	0.78	0.0896	36	154	190	597	3	1	8	0	0	0	2	0.635833	0.603554	0.711667	0.08645	1208	3341	4549
14202	8/19/2012	3	1	8	22	0	0	0	2	0.62	0.5909	0.78	0.1642	6	50	56	597	3	1	8	0	0	0	2	0.635833	0.603554	0.711667	0.08645	1208	3341	4549
14203	8/19/2012	3	1	8	23	0	0	0	2	0.62	0.5909	0.73	0	7	39	46	597	3	1	8	0	0	0	2	0.635833	0.603554	0.711667	0.08645	1208	3341	4549
14204	8/20/2012	3	1	8	0	0	1	1	2	0.6	0.5606	0.83	0.1045	1	25	26	598	3	1	8	0	1	1	2	0.635833	0.595967	0.734167	0.129979	1026	5504	6530
14205	8/20/2012	3	1	8	1	0	1	1	1	0.6	0.5606	0.83	0.1642	0	10	10	598	3	1	8	0	1	1	2	0.635833	0.595967	0.734167	0.129979	1026	5504	6530
14206	8/20/2012	3	1	8	2	0	1	1	1	0.6	0.5606	0.83	0.1642	0	5	5	598	3	1	8	0	1	1	2	0.635833	0.595967	0.734167	0.129979	1026	5504	6530
14207	8/20/2012	3	1	8	3	0	1	1	1	0.6	0.5455	0.88	0.1045	0	3	3	598	3	1	8	0	1	1	2	0.635833	0.595967	0.734167	0.129979	1026	5504	6530
14208	8/20/2012	3	1	8	4	0	1	1	2	0.6	0.5606	0.83	0.0896	0	7	7	598	3	1	8	0	1	1	2	0.635833	0.595967	0.734167	0.129979	1026	5504	6530
14209	8/20/2012	3	1	8	5	0	1	1	2	0.6	0.5606	0.83	0	2	35	37	598	3	1	8	0	1	1	2	0.635833	0.595967	0.734167	0.129979	1026	5504	6530
14210	8/20/2012	3	1	8	6	0	1	1	2	0.6	0.5758	0.78	0.1343	6	155	161	598	3	1	8	0	1	1	2	0.635833	0.595967	0.734167	0.129979	1026	5504	6530
14211	8/20/2012	3	1	8	7	0	1	1	2	0.62	0.5909	0.78	0.1343	15	427	442	598	3	1	8	0	1	1	2	0.635833	0.595967	0.734167	0.129979	1026	5504	6530
14212	8/20/2012	3	1	8	8	0	1	1	2	0.62	0.5909	0.73	0.1045	37	618	655	598	3	1	8	0	1	1	2	0.635833	0.595967	0.734167	0.129979	1026	5504	6530
14213	8/20/2012	3	1	8	9	0	1	1	2	0.64	0.6061	0.69	0	55	302	357	598	3	1	8	0	1	1	2	0.635833	0.595967	0.734167	0.129979	1026	5504	6530
14214	8/20/2012	3	1	8	10	0	1	1	2	0.64	0.6061	0.69	0.0896	69	124	193	598	3	1	8	0	1	1	2	0.635833	0.595967	0.734167	0.129979	1026	5504	6530
14215	8/20/2012	3	1	8	11	0	1	1	1	0.66	0.6212	0.65	0.1045	90	151	241	598	3	1	8	0	1	1	2	0.635833	0.595967	0.734167	0.129979	1026	5504	6530
14216	8/20/2012	3	1	8	12	0	1	1	2	0.66	0.6212	0.61	0.1045	66	216	282	598	3	1	8	0	1	1	2	0.635833	0.595967	0.734167	0.129979	1026	5504	6530
14217	8/20/2012	3	1	8	13	0	1	1	1	0.7	0.6515	0.58	0.1343	97	194	291	598	3	1	8	0	1	1	2	0.635833	0.595967	0.734167	0.129979	1026	5504	6530
14218	8/20/2012	3	1	8	14	0	1	1	1	0.72	0.6667	0.54	0.1642	87	188	275	598	3	1	8	0	1	1	2	0.635833	0.595967	0.734167	0.129979	1026	5504	6530
14219	8/20/2012	3	1	8	15	0	1	1	1	0.72	0.6667	0.54	0.2537	102	207	309	598	3	1	8	0	1	1	2	0.635833	0.595967	0.734167	0.129979	1026	5504	6530
14220	8/20/2012	3	1	8	16	0	1	1	1	0.72	0.6667	0.54	0.2537	103	357	460	598	3	1	8	0	1	1	2	0.635833	0.595967	0.734167	0.129979	1026	5504	6530
14221	8/20/2012	3	1	8	17	0	1	1	1	0.7	0.6515	0.58	0.2836	83	810	893	598	3	1	8	0	1	1	2	0.635833	0.595967	0.734167	0.129979	1026	5504	6530
14222	8/20/2012	3	1	8	18	0	1	1	2	0.62	0.5909	0.78	0.2537	89	726	815	598	3	1	8	0	1	1	2	0.635833	0.595967	0.734167	0.129979	1026	5504	6530
14223	8/20/2012	3	1	8	19	0	1	1	2	0.62	0.5909	0.78	0.194	33	266	299	598	3	1	8	0	1	1	2	0.635833	0.595967	0.734167	0.129979	1026	5504	6530
14224	8/20/2012	3	1	8	20	0	1	1	2	0.62	0.5758	0.83	0.2836	30	231	261	598	3	1	8	0	1	1	2	0.635833	0.595967	0.734167	0.129979	1026	5504	6530
14225	8/20/2012	3	1	8	21	0	1	1	1	0.6	0.5606	0.83	0	26	219	245	598	3	1	8	0	1	1	2	0.635833	0.595967	0.734167	0.129979	1026	5504	6530
14226	8/20/2012	3	1	8	22	0	1	1	2	0.6	0.5606	0.83	0	25	136	161	598	3	1	8	0	1	1	2	0.635833	0.595967	0.734167	0.129979	1026	5504	6530
14227	8/20/2012	3	1	8	23	0	1	1	2	0.6	0.5606	0.83	0	10	92	102	598	3	1	8	0	1	1	2	0.635833	0.595967	0.734167	0.129979	1026	5504	6530
14228	8/21/2012	3	1	8	0	0	2	1	2	0.6	0.5606	0.83	0.0896	7	52	59	599	3	1	8	0	2	1	1	0.649167	0.601025	0.67375	0.0727708	1081	5925	7006
14229	8/21/2012	3	1	8	1	0	2	1	2	0.6	0.5606	0.83	0.1343	11	22	33	599	3	1	8	0	2	1	1	0.649167	0.601025	0.67375	0.0727708	1081	5925	7006
14230	8/21/2012	3	1	8	2	0	2	1	2	0.58	0.5455	0.88	0.2836	1	7	8	599	3	1	8	0	2	1	1	0.649167	0.601025	0.67375	0.0727708	1081	5925	7006
14231	8/21/2012	3	1	8	3	0	2	1	1	0.56	0.5303	0.88	0	0	3	3	599	3	1	8	0	2	1	1	0.649167	0.601025	0.67375	0.0727708	1081	5925	7006
14232	8/21/2012	3	1	8	4	0	2	1	1	0.56	0.5303	0.88	0	0	4	4	599	3	1	8	0	2	1	1	0.649167	0.601025	0.67375	0.0727708	1081	5925	7006
14233	8/21/2012	3	1	8	5	0	2	1	1	0.56	0.5303	0.83	0.0896	4	30	34	599	3	1	8	0	2	1	1	0.649167	0.601025	0.67375	0.0727708	1081	5925	7006
14234	8/21/2012	3	1	8	6	0	2	1	1	0.56	0.5303	0.83	0.1045	5	164	169	599	3	1	8	0	2	1	1	0.649167	0.601025	0.67375	0.0727708	1081	5925	7006
14235	8/21/2012	3	1	8	7	0	2	1	1	0.6	0.5758	0.78	0.1045	19	500	519	599	3	1	8	0	2	1	1	0.649167	0.601025	0.67375	0.0727708	1081	5925	7006
14236	8/21/2012	3	1	8	8	0	2	1	1	0.6	0.5758	0.78	0.1343	27	696	723	599	3	1	8	0	2	1	1	0.649167	0.601025	0.67375	0.0727708	1081	5925	7006
14237	8/21/2012	3	1	8	9	0	2	1	1	0.64	0.6061	0.69	0	47	281	328	599	3	1	8	0	2	1	1	0.649167	0.601025	0.67375	0.0727708	1081	5925	7006
14238	8/21/2012	3	1	8	10	0	2	1	1	0.66	0.6212	0.61	0.1045	58	120	178	599	3	1	8	0	2	1	1	0.649167	0.601025	0.67375	0.0727708	1081	5925	7006
14239	8/21/2012	3	1	8	11	0	2	1	1	0.7	0.6515	0.54	0	61	195	256	599	3	1	8	0	2	1	1	0.649167	0.601025	0.67375	0.0727708	1081	5925	7006
14240	8/21/2012	3	1	8	12	0	2	1	1	0.72	0.6515	0.45	0	79	226	305	599	3	1	8	0	2	1	1	0.649167	0.601025	0.67375	0.0727708	1081	5925	7006
14241	8/21/2012	3	1	8	13	0	2	1	1	0.74	0.6515	0.4	0	76	255	331	599	3	1	8	0	2	1	1	0.649167	0.601025	0.67375	0.0727708	1081	5925	7006
14242	8/21/2012	3	1	8	14	0	2	1	1	0.76	0.6667	0.37	0.0896	110	192	302	599	3	1	8	0	2	1	1	0.649167	0.601025	0.67375	0.0727708	1081	5925	7006
14243	8/21/2012	3	1	8	15	0	2	1	1	0.76	0.6667	0.37	0	76	226	302	599	3	1	8	0	2	1	1	0.649167	0.601025	0.67375	0.0727708	1081	5925	7006
14244	8/21/2012	3	1	8	16	0	2	1	1	0.76	0.6667	0.37	0	109	358	467	599	3	1	8	0	2	1	1	0.649167	0.601025	0.67375	0.0727708	1081	5925	7006
14245	8/21/2012	3	1	8	17	0	2	1	1	0.74	0.6667	0.51	0.2836	92	786	878	599	3	1	8	0	2	1	1	0.649167	0.601025	0.67375	0.0727708	1081	5925	7006
14246	8/21/2012	3	1	8	18	0	2	1	1	0.72	0.6667	0.54	0.2239	93	532	625	599	3	1	8	0	2	1	1	0.649167	0.601025	0.67375	0.0727708	1081	5925	7006
14247	8/21/2012	3	1	8	19	0	2	1	3	0.62	0.5909	0.73	0.1045	56	420	476	599	3	1	8	0	2	1	1	0.649167	0.601025	0.67375	0.0727708	1081	5925	7006
14248	8/21/2012	3	1	8	20	0	2	1	1	0.64	0.6061	0.73	0	62	296	358	599	3	1	8	0	2	1	1	0.649167	0.601025	0.67375	0.0727708	1081	5925	7006
14249	8/21/2012	3	1	8	21	0	2	1	1	0.64	0.6061	0.73	0	41	239	280	599	3	1	8	0	2	1	1	0.649167	0.601025	0.67375	0.0727708	1081	5925	7006
14250	8/21/2012	3	1	8	22	0	2	1	1	0.64	0.5909	0.78	0	24	208	232	599	3	1	8	0	2	1	1	0.649167	0.601025	0.67375	0.0727708	1081	5925	7006
14251	8/21/2012	3	1	8	23	0	2	1	1	0.62	0.5758	0.83	0	23	113	136	599	3	1	8	0	2	1	1	0.649167	0.601025	0.67375	0.0727708	1081	5925	7006
14252	8/22/2012	3	1	8	0	0	3	1	1	0.62	0.5758	0.83	0.1045	9	46	55	600	3	1	8	0	3	1	1	0.6675	0.621854	0.677083	0.0702833	1094	6281	7375
14253	8/22/2012	3	1	8	1	0	3	1	1	0.62	0.5909	0.78	0	1	20	21	600	3	1	8	0	3	1	1	0.6675	0.621854	0.677083	0.0702833	1094	6281	7375
14254	8/22/2012	3	1	8	2	0	3	1	1	0.62	0.5909	0.78	0	7	10	17	600	3	1	8	0	3	1	1	0.6675	0.621854	0.677083	0.0702833	1094	6281	7375
14255	8/22/2012	3	1	8	3	0	3	1	1	0.62	0.5909	0.78	0	0	7	7	600	3	1	8	0	3	1	1	0.6675	0.621854	0.677083	0.0702833	1094	6281	7375
14256	8/22/2012	3	1	8	4	0	3	1	1	0.58	0.5455	0.83	0.1045	1	7	8	600	3	1	8	0	3	1	1	0.6675	0.621854	0.677083	0.0702833	1094	6281	7375
14257	8/22/2012	3	1	8	5	0	3	1	1	0.6	0.5758	0.78	0	2	38	40	600	3	1	8	0	3	1	1	0.6675	0.621854	0.677083	0.0702833	1094	6281	7375
14258	8/22/2012	3	1	8	6	0	3	1	1	0.62	0.5909	0.73	0	12	175	187	600	3	1	8	0	3	1	1	0.6675	0.621854	0.677083	0.0702833	1094	6281	7375
14259	8/22/2012	3	1	8	7	0	3	1	1	0.62	0.5909	0.78	0	16	537	553	600	3	1	8	0	3	1	1	0.6675	0.621854	0.677083	0.0702833	1094	6281	7375
14260	8/22/2012	3	1	8	8	0	3	1	1	0.64	0.6061	0.73	0.0896	37	703	740	600	3	1	8	0	3	1	1	0.6675	0.621854	0.677083	0.0702833	1094	6281	7375
14261	8/22/2012	3	1	8	9	0	3	1	1	0.68	0.6364	0.65	0	41	335	376	600	3	1	8	0	3	1	1	0.6675	0.621854	0.677083	0.0702833	1094	6281	7375
14262	8/22/2012	3	1	8	10	0	3	1	1	0.7	0.6515	0.61	0.0896	66	159	225	600	3	1	8	0	3	1	1	0.6675	0.621854	0.677083	0.0702833	1094	6281	7375
14263	8/22/2012	3	1	8	11	0	3	1	1	0.72	0.6667	0.58	0.0896	71	196	267	600	3	1	8	0	3	1	1	0.6675	0.621854	0.677083	0.0702833	1094	6281	7375
14264	8/22/2012	3	1	8	12	0	3	1	1	0.74	0.6667	0.51	0	59	253	312	600	3	1	8	0	3	1	1	0.6675	0.621854	0.677083	0.0702833	1094	6281	7375
14265	8/22/2012	3	1	8	13	0	3	1	1	0.76	0.6818	0.48	0.1045	74	242	316	600	3	1	8	0	3	1	1	0.6675	0.621854	0.677083	0.0702833	1094	6281	7375
14266	8/22/2012	3	1	8	14	0	3	1	1	0.76	0.6818	0.45	0.1045	82	184	266	600	3	1	8	0	3	1	1	0.6675	0.621854	0.677083	0.0702833	1094	6281	7375
14267	8/22/2012	3	1	8	15	0	3	1	1	0.76	0.6818	0.48	0.1343	94	222	316	600	3	1	8	0	3	1	1	0.6675	0.621854	0.677083	0.0702833	1094	6281	7375
14268	8/22/2012	3	1	8	16	0	3	1	3	0.74	0.6818	0.55	0.2239	102	358	460	600	3	1	8	0	3	1	1	0.6675	0.621854	0.677083	0.0702833	1094	6281	7375
14269	8/22/2012	3	1	8	17	0	3	1	3	0.74	0.6818	0.55	0.2239	72	711	783	600	3	1	8	0	3	1	1	0.6675	0.621854	0.677083	0.0702833	1094	6281	7375
14270	8/22/2012	3	1	8	18	0	3	1	3	0.66	0.6212	0.61	0.2239	91	592	683	600	3	1	8	0	3	1	1	0.6675	0.621854	0.677083	0.0702833	1094	6281	7375
14271	8/22/2012	3	1	8	19	0	3	1	2	0.66	0.6212	0.74	0	56	524	580	600	3	1	8	0	3	1	1	0.6675	0.621854	0.677083	0.0702833	1094	6281	7375
14272	8/22/2012	3	1	8	20	0	3	1	1	0.64	0.6061	0.73	0.194	59	332	391	600	3	1	8	0	3	1	1	0.6675	0.621854	0.677083	0.0702833	1094	6281	7375
14273	8/22/2012	3	1	8	21	0	3	1	1	0.64	0.6061	0.73	0	60	291	351	600	3	1	8	0	3	1	1	0.6675	0.621854	0.677083	0.0702833	1094	6281	7375
14274	8/22/2012	3	1	8	22	0	3	1	1	0.64	0.6061	0.73	0	55	226	281	600	3	1	8	0	3	1	1	0.6675	0.621854	0.677083	0.0702833	1094	6281	7375
14275	8/22/2012	3	1	8	23	0	3	1	1	0.64	0.5758	0.83	0	27	113	140	600	3	1	8	0	3	1	1	0.6675	0.621854	0.677083	0.0702833	1094	6281	7375
14276	8/23/2012	3	1	8	0	0	4	1	1	0.64	0.5909	0.78	0	9	51	60	601	3	1	8	0	4	1	1	0.695833	0.637008	0.635833	0.0845958	1363	6402	7765
14277	8/23/2012	3	1	8	1	0	4	1	1	0.62	0.5758	0.83	0	10	15	25	601	3	1	8	0	4	1	1	0.695833	0.637008	0.635833	0.0845958	1363	6402	7765
14278	8/23/2012	3	1	8	2	0	4	1	1	0.62	0.5758	0.83	0	9	11	20	601	3	1	8	0	4	1	1	0.695833	0.637008	0.635833	0.0845958	1363	6402	7765
14279	8/23/2012	3	1	8	3	0	4	1	1	0.62	0.5758	0.83	0.0896	3	6	9	601	3	1	8	0	4	1	1	0.695833	0.637008	0.635833	0.0845958	1363	6402	7765
14280	8/23/2012	3	1	8	4	0	4	1	1	0.62	0.5758	0.83	0	0	6	6	601	3	1	8	0	4	1	1	0.695833	0.637008	0.635833	0.0845958	1363	6402	7765
14281	8/23/2012	3	1	8	5	0	4	1	1	0.62	0.5758	0.83	0	1	36	37	601	3	1	8	0	4	1	1	0.695833	0.637008	0.635833	0.0845958	1363	6402	7765
14282	8/23/2012	3	1	8	6	0	4	1	2	0.6	0.5455	0.88	0.0896	14	178	192	601	3	1	8	0	4	1	1	0.695833	0.637008	0.635833	0.0845958	1363	6402	7765
14283	8/23/2012	3	1	8	7	0	4	1	2	0.62	0.5758	0.83	0.0896	18	463	481	601	3	1	8	0	4	1	1	0.695833	0.637008	0.635833	0.0845958	1363	6402	7765
14284	8/23/2012	3	1	8	8	0	4	1	2	0.66	0.6212	0.74	0.0896	45	662	707	601	3	1	8	0	4	1	1	0.695833	0.637008	0.635833	0.0845958	1363	6402	7765
14285	8/23/2012	3	1	8	9	0	4	1	2	0.7	0.6515	0.7	0	58	354	412	601	3	1	8	0	4	1	1	0.695833	0.637008	0.635833	0.0845958	1363	6402	7765
14286	8/23/2012	3	1	8	10	0	4	1	1	0.74	0.6818	0.58	0.0896	76	157	233	601	3	1	8	0	4	1	1	0.695833	0.637008	0.635833	0.0845958	1363	6402	7765
14287	8/23/2012	3	1	8	11	0	4	1	1	0.76	0.6818	0.48	0.0896	86	192	278	601	3	1	8	0	4	1	1	0.695833	0.637008	0.635833	0.0845958	1363	6402	7765
14288	8/23/2012	3	1	8	12	0	4	1	1	0.78	0.6818	0.38	0	97	235	332	601	3	1	8	0	4	1	1	0.695833	0.637008	0.635833	0.0845958	1363	6402	7765
14289	8/23/2012	3	1	8	13	0	4	1	1	0.82	0.7273	0.38	0.0896	93	253	346	601	3	1	8	0	4	1	1	0.695833	0.637008	0.635833	0.0845958	1363	6402	7765
14290	8/23/2012	3	1	8	14	0	4	1	1	0.78	0.697	0.46	0.2239	114	191	305	601	3	1	8	0	4	1	1	0.695833	0.637008	0.635833	0.0845958	1363	6402	7765
14291	8/23/2012	3	1	8	15	0	4	1	1	0.78	0.697	0.46	0.1343	104	201	305	601	3	1	8	0	4	1	1	0.695833	0.637008	0.635833	0.0845958	1363	6402	7765
14292	8/23/2012	3	1	8	16	0	4	1	1	0.76	0.6818	0.48	0.1642	121	344	465	601	3	1	8	0	4	1	1	0.695833	0.637008	0.635833	0.0845958	1363	6402	7765
14293	8/23/2012	3	1	8	17	0	4	1	1	0.76	0.6818	0.45	0.2239	111	709	820	601	3	1	8	0	4	1	1	0.695833	0.637008	0.635833	0.0845958	1363	6402	7765
14294	8/23/2012	3	1	8	18	0	4	1	1	0.74	0.6667	0.48	0.2239	130	811	941	601	3	1	8	0	4	1	1	0.695833	0.637008	0.635833	0.0845958	1363	6402	7765
14295	8/23/2012	3	1	8	19	0	4	1	1	0.72	0.6667	0.51	0.0896	96	537	633	601	3	1	8	0	4	1	1	0.695833	0.637008	0.635833	0.0845958	1363	6402	7765
14296	8/23/2012	3	1	8	20	0	4	1	1	0.7	0.6515	0.61	0.1045	70	404	474	601	3	1	8	0	4	1	1	0.695833	0.637008	0.635833	0.0845958	1363	6402	7765
14297	8/23/2012	3	1	8	21	0	4	1	1	0.7	0.6515	0.61	0.1343	53	276	329	601	3	1	8	0	4	1	1	0.695833	0.637008	0.635833	0.0845958	1363	6402	7765
14298	8/23/2012	3	1	8	22	0	4	1	2	0.68	0.6364	0.61	0.1045	21	177	198	601	3	1	8	0	4	1	1	0.695833	0.637008	0.635833	0.0845958	1363	6402	7765
14299	8/23/2012	3	1	8	23	0	4	1	2	0.66	0.6212	0.69	0	24	133	157	601	3	1	8	0	4	1	1	0.695833	0.637008	0.635833	0.0845958	1363	6402	7765
14300	8/24/2012	3	1	8	0	0	5	1	2	0.66	0.6212	0.69	0	27	84	111	602	3	1	8	0	5	1	2	0.7025	0.6471	0.615	0.0721458	1325	6257	7582
14301	8/24/2012	3	1	8	1	0	5	1	2	0.64	0.6061	0.73	0	5	37	42	602	3	1	8	0	5	1	2	0.7025	0.6471	0.615	0.0721458	1325	6257	7582
14302	8/24/2012	3	1	8	2	0	5	1	1	0.66	0.6212	0.69	0	1	15	16	602	3	1	8	0	5	1	2	0.7025	0.6471	0.615	0.0721458	1325	6257	7582
14303	8/24/2012	3	1	8	3	0	5	1	1	0.64	0.6061	0.73	0	2	6	8	602	3	1	8	0	5	1	2	0.7025	0.6471	0.615	0.0721458	1325	6257	7582
14304	8/24/2012	3	1	8	4	0	5	1	2	0.64	0.6061	0.73	0	2	6	8	602	3	1	8	0	5	1	2	0.7025	0.6471	0.615	0.0721458	1325	6257	7582
14305	8/24/2012	3	1	8	5	0	5	1	1	0.64	0.5909	0.78	0	1	37	38	602	3	1	8	0	5	1	2	0.7025	0.6471	0.615	0.0721458	1325	6257	7582
14306	8/24/2012	3	1	8	6	0	5	1	2	0.62	0.5758	0.83	0	9	142	151	602	3	1	8	0	5	1	2	0.7025	0.6471	0.615	0.0721458	1325	6257	7582
14307	8/24/2012	3	1	8	7	0	5	1	2	0.64	0.5909	0.78	0	13	412	425	602	3	1	8	0	5	1	2	0.7025	0.6471	0.615	0.0721458	1325	6257	7582
14308	8/24/2012	3	1	8	8	0	5	1	2	0.66	0.6212	0.74	0	41	703	744	602	3	1	8	0	5	1	2	0.7025	0.6471	0.615	0.0721458	1325	6257	7582
14309	8/24/2012	3	1	8	9	0	5	1	2	0.72	0.6667	0.58	0	58	331	389	602	3	1	8	0	5	1	2	0.7025	0.6471	0.615	0.0721458	1325	6257	7582
14310	8/24/2012	3	1	8	10	0	5	1	2	0.76	0.6818	0.48	0	78	184	262	602	3	1	8	0	5	1	2	0.7025	0.6471	0.615	0.0721458	1325	6257	7582
14311	8/24/2012	3	1	8	11	0	5	1	2	0.76	0.6818	0.48	0.1045	69	212	281	602	3	1	8	0	5	1	2	0.7025	0.6471	0.615	0.0721458	1325	6257	7582
14312	8/24/2012	3	1	8	12	0	5	1	2	0.76	0.6818	0.45	0.0896	95	276	371	602	3	1	8	0	5	1	2	0.7025	0.6471	0.615	0.0721458	1325	6257	7582
14313	8/24/2012	3	1	8	13	0	5	1	2	0.8	0.7121	0.41	0.1045	79	272	351	602	3	1	8	0	5	1	2	0.7025	0.6471	0.615	0.0721458	1325	6257	7582
14314	8/24/2012	3	1	8	14	0	5	1	1	0.78	0.697	0.43	0.1045	109	229	338	602	3	1	8	0	5	1	2	0.7025	0.6471	0.615	0.0721458	1325	6257	7582
14315	8/24/2012	3	1	8	15	0	5	1	2	0.76	0.6818	0.48	0.1343	99	251	350	602	3	1	8	0	5	1	2	0.7025	0.6471	0.615	0.0721458	1325	6257	7582
14316	8/24/2012	3	1	8	16	0	5	1	2	0.76	0.6818	0.48	0.1343	101	414	515	602	3	1	8	0	5	1	2	0.7025	0.6471	0.615	0.0721458	1325	6257	7582
14317	8/24/2012	3	1	8	17	0	5	1	2	0.74	0.6667	0.51	0.2239	117	695	812	602	3	1	8	0	5	1	2	0.7025	0.6471	0.615	0.0721458	1325	6257	7582
14318	8/24/2012	3	1	8	18	0	5	1	2	0.72	0.6818	0.62	0.194	109	627	736	602	3	1	8	0	5	1	2	0.7025	0.6471	0.615	0.0721458	1325	6257	7582
14319	8/24/2012	3	1	8	19	0	5	1	2	0.72	0.6667	0.58	0.1642	106	430	536	602	3	1	8	0	5	1	2	0.7025	0.6471	0.615	0.0721458	1325	6257	7582
14320	8/24/2012	3	1	8	20	0	5	1	2	0.7	0.6515	0.65	0.2239	66	297	363	602	3	1	8	0	5	1	2	0.7025	0.6471	0.615	0.0721458	1325	6257	7582
14321	8/24/2012	3	1	8	21	0	5	1	2	0.7	0.6515	0.61	0.1642	58	248	306	602	3	1	8	0	5	1	2	0.7025	0.6471	0.615	0.0721458	1325	6257	7582
14322	8/24/2012	3	1	8	22	0	5	1	2	0.7	0.6515	0.61	0	42	209	251	602	3	1	8	0	5	1	2	0.7025	0.6471	0.615	0.0721458	1325	6257	7582
14323	8/24/2012	3	1	8	23	0	5	1	2	0.68	0.6364	0.69	0.0896	38	140	178	602	3	1	8	0	5	1	2	0.7025	0.6471	0.615	0.0721458	1325	6257	7582
14324	8/25/2012	3	1	8	0	0	6	0	2	0.7	0.6515	0.61	0	21	114	135	603	3	1	8	0	6	0	2	0.661667	0.618696	0.712917	0.244408	1829	4224	6053
14325	8/25/2012	3	1	8	1	0	6	0	2	0.68	0.6364	0.69	0	15	100	115	603	3	1	8	0	6	0	2	0.661667	0.618696	0.712917	0.244408	1829	4224	6053
14326	8/25/2012	3	1	8	2	0	6	0	2	0.66	0.6212	0.74	0.0896	18	61	79	603	3	1	8	0	6	0	2	0.661667	0.618696	0.712917	0.244408	1829	4224	6053
14327	8/25/2012	3	1	8	3	0	6	0	1	0.66	0.6212	0.69	0.0896	7	31	38	603	3	1	8	0	6	0	2	0.661667	0.618696	0.712917	0.244408	1829	4224	6053
14328	8/25/2012	3	1	8	4	0	6	0	2	0.66	0.6212	0.69	0.1045	3	9	12	603	3	1	8	0	6	0	2	0.661667	0.618696	0.712917	0.244408	1829	4224	6053
14329	8/25/2012	3	1	8	5	0	6	0	2	0.64	0.6061	0.73	0.1642	4	10	14	603	3	1	8	0	6	0	2	0.661667	0.618696	0.712917	0.244408	1829	4224	6053
14330	8/25/2012	3	1	8	6	0	6	0	2	0.64	0.5909	0.78	0.1642	5	25	30	603	3	1	8	0	6	0	2	0.661667	0.618696	0.712917	0.244408	1829	4224	6053
14331	8/25/2012	3	1	8	7	0	6	0	2	0.64	0.5909	0.78	0.194	14	88	102	603	3	1	8	0	6	0	2	0.661667	0.618696	0.712917	0.244408	1829	4224	6053
14332	8/25/2012	3	1	8	8	0	6	0	2	0.66	0.6212	0.74	0.2537	29	133	162	603	3	1	8	0	6	0	2	0.661667	0.618696	0.712917	0.244408	1829	4224	6053
14333	8/25/2012	3	1	8	9	0	6	0	2	0.68	0.6364	0.69	0.2836	60	228	288	603	3	1	8	0	6	0	2	0.661667	0.618696	0.712917	0.244408	1829	4224	6053
14334	8/25/2012	3	1	8	10	0	6	0	2	0.7	0.6515	0.65	0.2985	148	294	442	603	3	1	8	0	6	0	2	0.661667	0.618696	0.712917	0.244408	1829	4224	6053
14335	8/25/2012	3	1	8	11	0	6	0	2	0.72	0.6818	0.62	0.2836	143	314	457	603	3	1	8	0	6	0	2	0.661667	0.618696	0.712917	0.244408	1829	4224	6053
14336	8/25/2012	3	1	8	12	0	6	0	3	0.72	0.6667	0.54	0.3881	217	367	584	603	3	1	8	0	6	0	2	0.661667	0.618696	0.712917	0.244408	1829	4224	6053
14337	8/25/2012	3	1	8	13	0	6	0	2	0.72	0.6667	0.51	0.3582	186	331	517	603	3	1	8	0	6	0	2	0.661667	0.618696	0.712917	0.244408	1829	4224	6053
14338	8/25/2012	3	1	8	14	0	6	0	3	0.66	0.6212	0.65	0.2537	150	332	482	603	3	1	8	0	6	0	2	0.661667	0.618696	0.712917	0.244408	1829	4224	6053
14339	8/25/2012	3	1	8	15	0	6	0	2	0.64	0.6061	0.73	0.3284	79	154	233	603	3	1	8	0	6	0	2	0.661667	0.618696	0.712917	0.244408	1829	4224	6053
14340	8/25/2012	3	1	8	16	0	6	0	2	0.66	0.6212	0.74	0.2985	174	260	434	603	3	1	8	0	6	0	2	0.661667	0.618696	0.712917	0.244408	1829	4224	6053
14341	8/25/2012	3	1	8	17	0	6	0	2	0.66	0.6212	0.74	0.3284	132	271	403	603	3	1	8	0	6	0	2	0.661667	0.618696	0.712917	0.244408	1829	4224	6053
14342	8/25/2012	3	1	8	18	0	6	0	2	0.66	0.6212	0.69	0.4627	122	261	383	603	3	1	8	0	6	0	2	0.661667	0.618696	0.712917	0.244408	1829	4224	6053
14343	8/25/2012	3	1	8	19	0	6	0	2	0.64	0.5909	0.78	0.2985	97	257	354	603	3	1	8	0	6	0	2	0.661667	0.618696	0.712917	0.244408	1829	4224	6053
14344	8/25/2012	3	1	8	20	0	6	0	3	0.62	0.5758	0.83	0.2537	65	176	241	603	3	1	8	0	6	0	2	0.661667	0.618696	0.712917	0.244408	1829	4224	6053
14345	8/25/2012	3	1	8	21	0	6	0	1	0.62	0.5758	0.83	0.3582	60	148	208	603	3	1	8	0	6	0	2	0.661667	0.618696	0.712917	0.244408	1829	4224	6053
14346	8/25/2012	3	1	8	22	0	6	0	1	0.62	0.5758	0.83	0.3582	46	136	182	603	3	1	8	0	6	0	2	0.661667	0.618696	0.712917	0.244408	1829	4224	6053
14347	8/25/2012	3	1	8	23	0	6	0	2	0.62	0.5758	0.83	0.2537	34	124	158	603	3	1	8	0	6	0	2	0.661667	0.618696	0.712917	0.244408	1829	4224	6053
14348	8/26/2012	3	1	8	0	0	0	0	1	0.64	0.5758	0.89	0.2537	23	111	134	604	3	1	8	0	0	0	2	0.653333	0.595996	0.845833	0.228858	1483	3772	5255
14349	8/26/2012	3	1	8	1	0	0	0	1	0.64	0.5758	0.89	0.194	18	116	134	604	3	1	8	0	0	0	2	0.653333	0.595996	0.845833	0.228858	1483	3772	5255
14350	8/26/2012	3	1	8	2	0	0	0	2	0.64	0.5758	0.89	0.2239	12	104	116	604	3	1	8	0	0	0	2	0.653333	0.595996	0.845833	0.228858	1483	3772	5255
14351	8/26/2012	3	1	8	3	0	0	0	2	0.64	0.5758	0.89	0.2537	11	42	53	604	3	1	8	0	0	0	2	0.653333	0.595996	0.845833	0.228858	1483	3772	5255
14352	8/26/2012	3	1	8	4	0	0	0	2	0.64	0.5758	0.89	0.194	5	11	16	604	3	1	8	0	0	0	2	0.653333	0.595996	0.845833	0.228858	1483	3772	5255
14353	8/26/2012	3	1	8	5	0	0	0	1	0.64	0.5758	0.89	0.194	3	13	16	604	3	1	8	0	0	0	2	0.653333	0.595996	0.845833	0.228858	1483	3772	5255
14354	8/26/2012	3	1	8	6	0	0	0	1	0.62	0.5606	0.88	0.2985	5	16	21	604	3	1	8	0	0	0	2	0.653333	0.595996	0.845833	0.228858	1483	3772	5255
14355	8/26/2012	3	1	8	7	0	0	0	1	0.64	0.5758	0.89	0.194	11	23	34	604	3	1	8	0	0	0	2	0.653333	0.595996	0.845833	0.228858	1483	3772	5255
14356	8/26/2012	3	1	8	8	0	0	0	1	0.68	0.6364	0.79	0.2836	21	112	133	604	3	1	8	0	0	0	2	0.653333	0.595996	0.845833	0.228858	1483	3772	5255
14357	8/26/2012	3	1	8	9	0	0	0	1	0.68	0.6364	0.79	0.2537	67	196	263	604	3	1	8	0	0	0	2	0.653333	0.595996	0.845833	0.228858	1483	3772	5255
14358	8/26/2012	3	1	8	10	0	0	0	1	0.74	0.697	0.66	0.3881	127	258	385	604	3	1	8	0	0	0	2	0.653333	0.595996	0.845833	0.228858	1483	3772	5255
14359	8/26/2012	3	1	8	11	0	0	0	1	0.74	0.697	0.66	0.3582	150	332	482	604	3	1	8	0	0	0	2	0.653333	0.595996	0.845833	0.228858	1483	3772	5255
14360	8/26/2012	3	1	8	12	0	0	0	3	0.72	0.697	0.74	0.3582	225	401	626	604	3	1	8	0	0	0	2	0.653333	0.595996	0.845833	0.228858	1483	3772	5255
14361	8/26/2012	3	1	8	13	0	0	0	3	0.66	0.6061	0.78	0.4179	166	375	541	604	3	1	8	0	0	0	2	0.653333	0.595996	0.845833	0.228858	1483	3772	5255
14362	8/26/2012	3	1	8	14	0	0	0	1	0.64	0.5758	0.89	0.1045	125	252	377	604	3	1	8	0	0	0	2	0.653333	0.595996	0.845833	0.228858	1483	3772	5255
14363	8/26/2012	3	1	8	15	0	0	0	3	0.64	0.5758	0.89	0.2836	132	259	391	604	3	1	8	0	0	0	2	0.653333	0.595996	0.845833	0.228858	1483	3772	5255
14364	8/26/2012	3	1	8	16	0	0	0	3	0.64	0.5758	0.89	0.2836	57	116	173	604	3	1	8	0	0	0	2	0.653333	0.595996	0.845833	0.228858	1483	3772	5255
14365	8/26/2012	3	1	8	17	0	0	0	1	0.64	0.5758	0.89	0.2239	61	172	233	604	3	1	8	0	0	0	2	0.653333	0.595996	0.845833	0.228858	1483	3772	5255
14366	8/26/2012	3	1	8	18	0	0	0	2	0.64	0.5758	0.89	0.0896	77	187	264	604	3	1	8	0	0	0	2	0.653333	0.595996	0.845833	0.228858	1483	3772	5255
14367	8/26/2012	3	1	8	19	0	0	0	2	0.64	0.5758	0.89	0.1642	80	212	292	604	3	1	8	0	0	0	2	0.653333	0.595996	0.845833	0.228858	1483	3772	5255
14368	8/26/2012	3	1	8	20	0	0	0	1	0.64	0.5758	0.89	0.1642	40	171	211	604	3	1	8	0	0	0	2	0.653333	0.595996	0.845833	0.228858	1483	3772	5255
14369	8/26/2012	3	1	8	21	0	0	0	1	0.64	0.5758	0.83	0.1343	26	140	166	604	3	1	8	0	0	0	2	0.653333	0.595996	0.845833	0.228858	1483	3772	5255
14370	8/26/2012	3	1	8	22	0	0	0	1	0.62	0.5606	0.88	0.0896	20	94	114	604	3	1	8	0	0	0	2	0.653333	0.595996	0.845833	0.228858	1483	3772	5255
14371	8/26/2012	3	1	8	23	0	0	0	1	0.62	0.5758	0.83	0.0896	21	59	80	604	3	1	8	0	0	0	2	0.653333	0.595996	0.845833	0.228858	1483	3772	5255
14372	8/27/2012	3	1	8	0	0	1	1	1	0.62	0.5758	0.83	0	4	28	32	605	3	1	8	0	1	1	1	0.703333	0.654688	0.730417	0.128733	989	5928	6917
14373	8/27/2012	3	1	8	1	0	1	1	1	0.62	0.5606	0.88	0.0896	3	4	7	605	3	1	8	0	1	1	1	0.703333	0.654688	0.730417	0.128733	989	5928	6917
14374	8/27/2012	3	1	8	2	0	1	1	1	0.62	0.5606	0.88	0.1343	0	8	8	605	3	1	8	0	1	1	1	0.703333	0.654688	0.730417	0.128733	989	5928	6917
14375	8/27/2012	3	1	8	3	0	1	1	1	0.62	0.5606	0.88	0.0896	1	3	4	605	3	1	8	0	1	1	1	0.703333	0.654688	0.730417	0.128733	989	5928	6917
14376	8/27/2012	3	1	8	4	0	1	1	1	0.62	0.5758	0.83	0	1	11	12	605	3	1	8	0	1	1	1	0.703333	0.654688	0.730417	0.128733	989	5928	6917
14377	8/27/2012	3	1	8	5	0	1	1	1	0.62	0.5606	0.88	0	4	32	36	605	3	1	8	0	1	1	1	0.703333	0.654688	0.730417	0.128733	989	5928	6917
14378	8/27/2012	3	1	8	6	0	1	1	1	0.62	0.5606	0.88	0	4	141	145	605	3	1	8	0	1	1	1	0.703333	0.654688	0.730417	0.128733	989	5928	6917
14379	8/27/2012	3	1	8	7	0	1	1	1	0.66	0.6061	0.83	0	15	418	433	605	3	1	8	0	1	1	1	0.703333	0.654688	0.730417	0.128733	989	5928	6917
14380	8/27/2012	3	1	8	8	0	1	1	1	0.66	0.6061	0.83	0.0896	29	670	699	605	3	1	8	0	1	1	1	0.703333	0.654688	0.730417	0.128733	989	5928	6917
14381	8/27/2012	3	1	8	9	0	1	1	1	0.66	0.6061	0.83	0.1045	40	302	342	605	3	1	8	0	1	1	1	0.703333	0.654688	0.730417	0.128733	989	5928	6917
14382	8/27/2012	3	1	8	10	0	1	1	1	0.72	0.697	0.74	0.1343	63	143	206	605	3	1	8	0	1	1	1	0.703333	0.654688	0.730417	0.128733	989	5928	6917
14383	8/27/2012	3	1	8	11	0	1	1	1	0.74	0.697	0.66	0.194	47	182	229	605	3	1	8	0	1	1	1	0.703333	0.654688	0.730417	0.128733	989	5928	6917
14384	8/27/2012	3	1	8	12	0	1	1	1	0.76	0.7121	0.62	0	69	214	283	605	3	1	8	0	1	1	1	0.703333	0.654688	0.730417	0.128733	989	5928	6917
14385	8/27/2012	3	1	8	13	0	1	1	1	0.76	0.7121	0.57	0.1642	77	211	288	605	3	1	8	0	1	1	1	0.703333	0.654688	0.730417	0.128733	989	5928	6917
14386	8/27/2012	3	1	8	14	0	1	1	1	0.8	0.7424	0.49	0.0896	66	180	246	605	3	1	8	0	1	1	1	0.703333	0.654688	0.730417	0.128733	989	5928	6917
14387	8/27/2012	3	1	8	15	0	1	1	1	0.8	0.7576	0.55	0.2985	77	205	282	605	3	1	8	0	1	1	1	0.703333	0.654688	0.730417	0.128733	989	5928	6917
14388	8/27/2012	3	1	8	16	0	1	1	1	0.8	0.7576	0.55	0.2537	77	367	444	605	3	1	8	0	1	1	1	0.703333	0.654688	0.730417	0.128733	989	5928	6917
14389	8/27/2012	3	1	8	17	0	1	1	1	0.8	0.7273	0.46	0.2239	101	744	845	605	3	1	8	0	1	1	1	0.703333	0.654688	0.730417	0.128733	989	5928	6917
14390	8/27/2012	3	1	8	18	0	1	1	1	0.78	0.7121	0.52	0.2537	83	751	834	605	3	1	8	0	1	1	1	0.703333	0.654688	0.730417	0.128733	989	5928	6917
14391	8/27/2012	3	1	8	19	0	1	1	1	0.74	0.697	0.7	0.2239	74	499	573	605	3	1	8	0	1	1	1	0.703333	0.654688	0.730417	0.128733	989	5928	6917
14392	8/27/2012	3	1	8	20	0	1	1	1	0.74	0.697	0.7	0.194	50	366	416	605	3	1	8	0	1	1	1	0.703333	0.654688	0.730417	0.128733	989	5928	6917
14393	8/27/2012	3	1	8	21	0	1	1	1	0.72	0.697	0.74	0.194	39	239	278	605	3	1	8	0	1	1	1	0.703333	0.654688	0.730417	0.128733	989	5928	6917
14394	8/27/2012	3	1	8	22	0	1	1	1	0.7	0.6667	0.84	0.194	30	131	161	605	3	1	8	0	1	1	1	0.703333	0.654688	0.730417	0.128733	989	5928	6917
14395	8/27/2012	3	1	8	23	0	1	1	1	0.7	0.6667	0.84	0.1642	35	79	114	605	3	1	8	0	1	1	1	0.703333	0.654688	0.730417	0.128733	989	5928	6917
14396	8/28/2012	3	1	8	0	0	2	1	1	0.7	0.6667	0.84	0.2537	9	29	38	606	3	1	8	0	2	1	1	0.728333	0.66605	0.62	0.190925	935	6105	7040
14397	8/28/2012	3	1	8	1	0	2	1	1	0.68	0.6364	0.89	0.194	4	17	21	606	3	1	8	0	2	1	1	0.728333	0.66605	0.62	0.190925	935	6105	7040
14398	8/28/2012	3	1	8	2	0	2	1	1	0.68	0.6364	0.83	0.2537	2	13	15	606	3	1	8	0	2	1	1	0.728333	0.66605	0.62	0.190925	935	6105	7040
14399	8/28/2012	3	1	8	3	0	2	1	1	0.66	0.5909	0.89	0.1343	0	4	4	606	3	1	8	0	2	1	1	0.728333	0.66605	0.62	0.190925	935	6105	7040
14400	8/28/2012	3	1	8	4	0	2	1	1	0.66	0.6061	0.83	0.1343	2	6	8	606	3	1	8	0	2	1	1	0.728333	0.66605	0.62	0.190925	935	6105	7040
14401	8/28/2012	3	1	8	5	0	2	1	2	0.66	0.6061	0.83	0.0896	3	39	42	606	3	1	8	0	2	1	1	0.728333	0.66605	0.62	0.190925	935	6105	7040
14402	8/28/2012	3	1	8	6	0	2	1	2	0.66	0.5909	0.89	0.1045	3	144	147	606	3	1	8	0	2	1	1	0.728333	0.66605	0.62	0.190925	935	6105	7040
14403	8/28/2012	3	1	8	7	0	2	1	2	0.66	0.6061	0.83	0.1045	14	255	269	606	3	1	8	0	2	1	1	0.728333	0.66605	0.62	0.190925	935	6105	7040
14404	8/28/2012	3	1	8	8	0	2	1	2	0.66	0.6212	0.85	0.1045	25	668	693	606	3	1	8	0	2	1	1	0.728333	0.66605	0.62	0.190925	935	6105	7040
14405	8/28/2012	3	1	8	9	0	2	1	2	0.7	0.6667	0.79	0.1642	44	351	395	606	3	1	8	0	2	1	1	0.728333	0.66605	0.62	0.190925	935	6105	7040
14406	8/28/2012	3	1	8	10	0	2	1	1	0.74	0.6818	0.62	0.2537	39	165	204	606	3	1	8	0	2	1	1	0.728333	0.66605	0.62	0.190925	935	6105	7040
14407	8/28/2012	3	1	8	11	0	2	1	1	0.78	0.7273	0.55	0.2537	47	171	218	606	3	1	8	0	2	1	1	0.728333	0.66605	0.62	0.190925	935	6105	7040
14408	8/28/2012	3	1	8	12	0	2	1	1	0.8	0.7424	0.49	0.2836	56	241	297	606	3	1	8	0	2	1	1	0.728333	0.66605	0.62	0.190925	935	6105	7040
14409	8/28/2012	3	1	8	13	0	2	1	1	0.82	0.7424	0.43	0.2985	56	232	288	606	3	1	8	0	2	1	1	0.728333	0.66605	0.62	0.190925	935	6105	7040
14410	8/28/2012	3	1	8	14	0	2	1	1	0.84	0.7424	0.38	0.3284	72	179	251	606	3	1	8	0	2	1	1	0.728333	0.66605	0.62	0.190925	935	6105	7040
14411	8/28/2012	3	1	8	15	0	2	1	1	0.82	0.7273	0.34	0.2985	59	258	317	606	3	1	8	0	2	1	1	0.728333	0.66605	0.62	0.190925	935	6105	7040
14412	8/28/2012	3	1	8	16	0	2	1	1	0.82	0.7121	0.33	0.3284	84	396	480	606	3	1	8	0	2	1	1	0.728333	0.66605	0.62	0.190925	935	6105	7040
14413	8/28/2012	3	1	8	17	0	2	1	1	0.8	0.697	0.35	0.3881	90	774	864	606	3	1	8	0	2	1	1	0.728333	0.66605	0.62	0.190925	935	6105	7040
14414	8/28/2012	3	1	8	18	0	2	1	1	0.78	0.697	0.4	0.2537	82	736	818	606	3	1	8	0	2	1	1	0.728333	0.66605	0.62	0.190925	935	6105	7040
14415	8/28/2012	3	1	8	19	0	2	1	1	0.74	0.6667	0.45	0.1642	82	515	597	606	3	1	8	0	2	1	1	0.728333	0.66605	0.62	0.190925	935	6105	7040
14416	8/28/2012	3	1	8	20	0	2	1	1	0.72	0.6667	0.48	0.1045	87	348	435	606	3	1	8	0	2	1	1	0.728333	0.66605	0.62	0.190925	935	6105	7040
14417	8/28/2012	3	1	8	21	0	2	1	1	0.72	0.6667	0.48	0.0896	38	276	314	606	3	1	8	0	2	1	1	0.728333	0.66605	0.62	0.190925	935	6105	7040
14418	8/28/2012	3	1	8	22	0	2	1	1	0.7	0.6515	0.54	0	20	196	216	606	3	1	8	0	2	1	1	0.728333	0.66605	0.62	0.190925	935	6105	7040
14419	8/28/2012	3	1	8	23	0	2	1	1	0.68	0.6364	0.57	0	17	92	109	606	3	1	8	0	2	1	1	0.728333	0.66605	0.62	0.190925	935	6105	7040
14420	8/29/2012	3	1	8	0	0	3	1	1	0.66	0.6212	0.69	0	8	39	47	607	3	1	8	0	3	1	1	0.685	0.635733	0.552083	0.112562	1177	6520	7697
14421	8/29/2012	3	1	8	1	0	3	1	1	0.64	0.6061	0.69	0.1343	2	12	14	607	3	1	8	0	3	1	1	0.685	0.635733	0.552083	0.112562	1177	6520	7697
14422	8/29/2012	3	1	8	2	0	3	1	1	0.62	0.5909	0.73	0.1343	2	4	6	607	3	1	8	0	3	1	1	0.685	0.635733	0.552083	0.112562	1177	6520	7697
14423	8/29/2012	3	1	8	3	0	3	1	1	0.62	0.5909	0.73	0.1045	0	9	9	607	3	1	8	0	3	1	1	0.685	0.635733	0.552083	0.112562	1177	6520	7697
14424	8/29/2012	3	1	8	4	0	3	1	1	0.6	0.5909	0.73	0.2239	2	8	10	607	3	1	8	0	3	1	1	0.685	0.635733	0.552083	0.112562	1177	6520	7697
14425	8/29/2012	3	1	8	5	0	3	1	1	0.6	0.5909	0.73	0.194	3	37	40	607	3	1	8	0	3	1	1	0.685	0.635733	0.552083	0.112562	1177	6520	7697
14426	8/29/2012	3	1	8	6	0	3	1	1	0.6	0.5909	0.73	0.194	6	175	181	607	3	1	8	0	3	1	1	0.685	0.635733	0.552083	0.112562	1177	6520	7697
14427	8/29/2012	3	1	8	7	0	3	1	1	0.64	0.6061	0.65	0.0896	23	531	554	607	3	1	8	0	3	1	1	0.685	0.635733	0.552083	0.112562	1177	6520	7697
14428	8/29/2012	3	1	8	8	0	3	1	1	0.66	0.6212	0.61	0.1642	28	780	808	607	3	1	8	0	3	1	1	0.685	0.635733	0.552083	0.112562	1177	6520	7697
14429	8/29/2012	3	1	8	9	0	3	1	1	0.7	0.6515	0.51	0.194	40	308	348	607	3	1	8	0	3	1	1	0.685	0.635733	0.552083	0.112562	1177	6520	7697
14430	8/29/2012	3	1	8	10	0	3	1	1	0.72	0.6667	0.48	0.1642	34	144	178	607	3	1	8	0	3	1	1	0.685	0.635733	0.552083	0.112562	1177	6520	7697
14431	8/29/2012	3	1	8	11	0	3	1	1	0.72	0.6515	0.45	0	67	186	253	607	3	1	8	0	3	1	1	0.685	0.635733	0.552083	0.112562	1177	6520	7697
14432	8/29/2012	3	1	8	12	0	3	1	1	0.76	0.6818	0.4	0	79	281	360	607	3	1	8	0	3	1	1	0.685	0.635733	0.552083	0.112562	1177	6520	7697
14433	8/29/2012	3	1	8	13	0	3	1	1	0.74	0.6667	0.42	0	68	232	300	607	3	1	8	0	3	1	1	0.685	0.635733	0.552083	0.112562	1177	6520	7697
14434	8/29/2012	3	1	8	14	0	3	1	1	0.76	0.6818	0.4	0.0896	87	214	301	607	3	1	8	0	3	1	1	0.685	0.635733	0.552083	0.112562	1177	6520	7697
14435	8/29/2012	3	1	8	15	0	3	1	1	0.76	0.6818	0.4	0.194	96	242	338	607	3	1	8	0	3	1	1	0.685	0.635733	0.552083	0.112562	1177	6520	7697
14436	8/29/2012	3	1	8	16	0	3	1	1	0.76	0.6667	0.37	0.1343	104	389	493	607	3	1	8	0	3	1	1	0.685	0.635733	0.552083	0.112562	1177	6520	7697
14437	8/29/2012	3	1	8	17	0	3	1	1	0.78	0.6818	0.35	0.2239	108	762	870	607	3	1	8	0	3	1	1	0.685	0.635733	0.552083	0.112562	1177	6520	7697
14438	8/29/2012	3	1	8	18	0	3	1	1	0.74	0.6667	0.42	0.1642	119	693	812	607	3	1	8	0	3	1	1	0.685	0.635733	0.552083	0.112562	1177	6520	7697
14439	8/29/2012	3	1	8	19	0	3	1	1	0.7	0.6515	0.54	0.194	120	523	643	607	3	1	8	0	3	1	1	0.685	0.635733	0.552083	0.112562	1177	6520	7697
14440	8/29/2012	3	1	8	20	0	3	1	1	0.68	0.6364	0.57	0	49	378	427	607	3	1	8	0	3	1	1	0.685	0.635733	0.552083	0.112562	1177	6520	7697
14441	8/29/2012	3	1	8	21	0	3	1	1	0.66	0.6212	0.54	0.1045	48	265	313	607	3	1	8	0	3	1	1	0.685	0.635733	0.552083	0.112562	1177	6520	7697
14442	8/29/2012	3	1	8	22	0	3	1	1	0.66	0.6212	0.54	0	50	185	235	607	3	1	8	0	3	1	1	0.685	0.635733	0.552083	0.112562	1177	6520	7697
14443	8/29/2012	3	1	8	23	0	3	1	1	0.66	0.6212	0.57	0	34	123	157	607	3	1	8	0	3	1	1	0.685	0.635733	0.552083	0.112562	1177	6520	7697
14444	8/30/2012	3	1	8	0	0	4	1	1	0.64	0.6061	0.69	0	14	51	65	608	3	1	8	0	4	1	1	0.706667	0.652779	0.590417	0.0771167	1172	6541	7713
14445	8/30/2012	3	1	8	1	0	4	1	1	0.64	0.6061	0.65	0	6	17	23	608	3	1	8	0	4	1	1	0.706667	0.652779	0.590417	0.0771167	1172	6541	7713
14446	8/30/2012	3	1	8	2	0	4	1	1	0.62	0.5909	0.73	0	3	14	17	608	3	1	8	0	4	1	1	0.706667	0.652779	0.590417	0.0771167	1172	6541	7713
14447	8/30/2012	3	1	8	3	0	4	1	1	0.62	0.5909	0.73	0	0	5	5	608	3	1	8	0	4	1	1	0.706667	0.652779	0.590417	0.0771167	1172	6541	7713
14448	8/30/2012	3	1	8	4	0	4	1	1	0.62	0.5909	0.73	0	4	4	8	608	3	1	8	0	4	1	1	0.706667	0.652779	0.590417	0.0771167	1172	6541	7713
14449	8/30/2012	3	1	8	5	0	4	1	1	0.62	0.5909	0.73	0	2	33	35	608	3	1	8	0	4	1	1	0.706667	0.652779	0.590417	0.0771167	1172	6541	7713
14450	8/30/2012	3	1	8	6	0	4	1	1	0.6	0.5606	0.83	0.1642	8	155	163	608	3	1	8	0	4	1	1	0.706667	0.652779	0.590417	0.0771167	1172	6541	7713
14451	8/30/2012	3	1	8	7	0	4	1	1	0.64	0.6061	0.73	0	31	501	532	608	3	1	8	0	4	1	1	0.706667	0.652779	0.590417	0.0771167	1172	6541	7713
14452	8/30/2012	3	1	8	8	0	4	1	1	0.66	0.6212	0.65	0	53	701	754	608	3	1	8	0	4	1	1	0.706667	0.652779	0.590417	0.0771167	1172	6541	7713
14453	8/30/2012	3	1	8	9	0	4	1	1	0.7	0.6515	0.58	0	57	339	396	608	3	1	8	0	4	1	1	0.706667	0.652779	0.590417	0.0771167	1172	6541	7713
14454	8/30/2012	3	1	8	10	0	4	1	1	0.72	0.6667	0.54	0	73	161	234	608	3	1	8	0	4	1	1	0.706667	0.652779	0.590417	0.0771167	1172	6541	7713
14455	8/30/2012	3	1	8	11	0	4	1	1	0.76	0.6818	0.4	0.0896	85	191	276	608	3	1	8	0	4	1	1	0.706667	0.652779	0.590417	0.0771167	1172	6541	7713
14456	8/30/2012	3	1	8	12	0	4	1	1	0.76	0.6818	0.45	0.1343	73	221	294	608	3	1	8	0	4	1	1	0.706667	0.652779	0.590417	0.0771167	1172	6541	7713
14457	8/30/2012	3	1	8	13	0	4	1	1	0.76	0.6818	0.48	0.1045	76	214	290	608	3	1	8	0	4	1	1	0.706667	0.652779	0.590417	0.0771167	1172	6541	7713
14458	8/30/2012	3	1	8	14	0	4	1	1	0.76	0.6818	0.48	0.1343	74	199	273	608	3	1	8	0	4	1	1	0.706667	0.652779	0.590417	0.0771167	1172	6541	7713
14459	8/30/2012	3	1	8	15	0	4	1	1	0.8	0.7273	0.46	0.1642	99	239	338	608	3	1	8	0	4	1	1	0.706667	0.652779	0.590417	0.0771167	1172	6541	7713
14460	8/30/2012	3	1	8	16	0	4	1	1	0.8	0.7273	0.43	0.1642	77	405	482	608	3	1	8	0	4	1	1	0.706667	0.652779	0.590417	0.0771167	1172	6541	7713
14461	8/30/2012	3	1	8	17	0	4	1	1	0.82	0.7273	0.34	0.2239	93	751	844	608	3	1	8	0	4	1	1	0.706667	0.652779	0.590417	0.0771167	1172	6541	7713
14462	8/30/2012	3	1	8	18	0	4	1	1	0.8	0.7121	0.38	0.1343	109	744	853	608	3	1	8	0	4	1	1	0.706667	0.652779	0.590417	0.0771167	1172	6541	7713
14463	8/30/2012	3	1	8	19	0	4	1	1	0.76	0.6818	0.48	0.1343	78	532	610	608	3	1	8	0	4	1	1	0.706667	0.652779	0.590417	0.0771167	1172	6541	7713
14464	8/30/2012	3	1	8	20	0	4	1	1	0.74	0.6818	0.58	0.1642	68	403	471	608	3	1	8	0	4	1	1	0.706667	0.652779	0.590417	0.0771167	1172	6541	7713
14465	8/30/2012	3	1	8	21	0	4	1	1	0.72	0.6818	0.66	0.1343	32	275	307	608	3	1	8	0	4	1	1	0.706667	0.652779	0.590417	0.0771167	1172	6541	7713
14466	8/30/2012	3	1	8	22	0	4	1	1	0.7	0.6515	0.7	0	38	253	291	608	3	1	8	0	4	1	1	0.706667	0.652779	0.590417	0.0771167	1172	6541	7713
14467	8/30/2012	3	1	8	23	0	4	1	1	0.7	0.6667	0.74	0.1045	19	133	152	608	3	1	8	0	4	1	1	0.706667	0.652779	0.590417	0.0771167	1172	6541	7713
14468	8/31/2012	3	1	8	0	0	5	1	1	0.68	0.6364	0.83	0.1642	13	69	82	609	3	1	8	0	5	1	1	0.764167	0.6894	0.5875	0.168533	1433	5917	7350
14469	8/31/2012	3	1	8	1	0	5	1	1	0.68	0.6364	0.83	0.1642	8	24	32	609	3	1	8	0	5	1	1	0.764167	0.6894	0.5875	0.168533	1433	5917	7350
14470	8/31/2012	3	1	8	2	0	5	1	1	0.66	0.5909	0.89	0.1343	9	11	20	609	3	1	8	0	5	1	1	0.764167	0.6894	0.5875	0.168533	1433	5917	7350
14471	8/31/2012	3	1	8	3	0	5	1	1	0.66	0.5909	0.89	0.1045	3	2	5	609	3	1	8	0	5	1	1	0.764167	0.6894	0.5875	0.168533	1433	5917	7350
14472	8/31/2012	3	1	8	4	0	5	1	1	0.64	0.5758	0.89	0.1343	0	7	7	609	3	1	8	0	5	1	1	0.764167	0.6894	0.5875	0.168533	1433	5917	7350
14473	8/31/2012	3	1	8	5	0	5	1	1	0.64	0.5758	0.89	0.1642	2	27	29	609	3	1	8	0	5	1	1	0.764167	0.6894	0.5875	0.168533	1433	5917	7350
14474	8/31/2012	3	1	8	6	0	5	1	2	0.64	0.5758	0.89	0.1642	7	101	108	609	3	1	8	0	5	1	1	0.764167	0.6894	0.5875	0.168533	1433	5917	7350
14475	8/31/2012	3	1	8	7	0	5	1	2	0.64	0.5758	0.89	0.0896	21	400	421	609	3	1	8	0	5	1	1	0.764167	0.6894	0.5875	0.168533	1433	5917	7350
14476	8/31/2012	3	1	8	8	0	5	1	2	0.7	0.6667	0.74	0	36	654	690	609	3	1	8	0	5	1	1	0.764167	0.6894	0.5875	0.168533	1433	5917	7350
14477	8/31/2012	3	1	8	9	0	5	1	1	0.74	0.697	0.7	0	61	337	398	609	3	1	8	0	5	1	1	0.764167	0.6894	0.5875	0.168533	1433	5917	7350
14478	8/31/2012	3	1	8	10	0	5	1	1	0.76	0.7121	0.62	0.0896	59	197	256	609	3	1	8	0	5	1	1	0.764167	0.6894	0.5875	0.168533	1433	5917	7350
14479	8/31/2012	3	1	8	11	0	5	1	1	0.86	0.7424	0.28	0.2985	88	221	309	609	3	1	8	0	5	1	1	0.764167	0.6894	0.5875	0.168533	1433	5917	7350
14480	8/31/2012	3	1	8	12	0	5	1	1	0.86	0.7424	0.26	0.2537	120	290	410	609	3	1	8	0	5	1	1	0.764167	0.6894	0.5875	0.168533	1433	5917	7350
14481	8/31/2012	3	1	8	13	0	5	1	1	0.88	0.7576	0.27	0.3284	97	271	368	609	3	1	8	0	5	1	1	0.764167	0.6894	0.5875	0.168533	1433	5917	7350
14482	8/31/2012	3	1	8	14	0	5	1	1	0.9	0.7727	0.25	0.2239	112	324	436	609	3	1	8	0	5	1	1	0.764167	0.6894	0.5875	0.168533	1433	5917	7350
14483	8/31/2012	3	1	8	15	0	5	1	1	0.9	0.7879	0.27	0.2985	109	417	526	609	3	1	8	0	5	1	1	0.764167	0.6894	0.5875	0.168533	1433	5917	7350
14484	8/31/2012	3	1	8	16	0	5	1	1	0.9	0.7879	0.27	0.2537	111	417	528	609	3	1	8	0	5	1	1	0.764167	0.6894	0.5875	0.168533	1433	5917	7350
14485	8/31/2012	3	1	8	17	0	5	1	1	0.88	0.7727	0.32	0.1642	129	488	617	609	3	1	8	0	5	1	1	0.764167	0.6894	0.5875	0.168533	1433	5917	7350
14486	8/31/2012	3	1	8	18	0	5	1	1	0.86	0.7576	0.36	0.2537	87	459	546	609	3	1	8	0	5	1	1	0.764167	0.6894	0.5875	0.168533	1433	5917	7350
14487	8/31/2012	3	1	8	19	0	5	1	1	0.8	0.7424	0.49	0.1343	91	361	452	609	3	1	8	0	5	1	1	0.764167	0.6894	0.5875	0.168533	1433	5917	7350
14488	8/31/2012	3	1	8	20	0	5	1	1	0.8	0.7424	0.49	0.1343	102	254	356	609	3	1	8	0	5	1	1	0.764167	0.6894	0.5875	0.168533	1433	5917	7350
14489	8/31/2012	3	1	8	21	0	5	1	1	0.76	0.7121	0.58	0.194	71	232	303	609	3	1	8	0	5	1	1	0.764167	0.6894	0.5875	0.168533	1433	5917	7350
14490	8/31/2012	3	1	8	22	0	5	1	1	0.76	0.7121	0.58	0.194	65	212	277	609	3	1	8	0	5	1	1	0.764167	0.6894	0.5875	0.168533	1433	5917	7350
14491	8/31/2012	3	1	8	23	0	5	1	1	0.74	0.6818	0.62	0.1045	32	142	174	609	3	1	8	0	5	1	1	0.764167	0.6894	0.5875	0.168533	1433	5917	7350
14492	9/1/2012	3	1	9	0	0	6	0	1	0.74	0.6818	0.62	0.1045	22	146	168	610	3	1	9	0	6	0	2	0.753333	0.702654	0.638333	0.113187	2352	3788	6140
14493	9/1/2012	3	1	9	1	0	6	0	1	0.72	0.697	0.74	0.1343	11	68	79	610	3	1	9	0	6	0	2	0.753333	0.702654	0.638333	0.113187	2352	3788	6140
14494	9/1/2012	3	1	9	2	0	6	0	1	0.7	0.6515	0.7	0.1642	8	61	69	610	3	1	9	0	6	0	2	0.753333	0.702654	0.638333	0.113187	2352	3788	6140
14495	9/1/2012	3	1	9	3	0	6	0	1	0.7	0.6515	0.7	0.1045	6	29	35	610	3	1	9	0	6	0	2	0.753333	0.702654	0.638333	0.113187	2352	3788	6140
14496	9/1/2012	3	1	9	4	0	6	0	1	0.7	0.6515	0.7	0	3	9	12	610	3	1	9	0	6	0	2	0.753333	0.702654	0.638333	0.113187	2352	3788	6140
14497	9/1/2012	3	1	9	5	0	6	0	1	0.68	0.6364	0.79	0	2	20	22	610	3	1	9	0	6	0	2	0.753333	0.702654	0.638333	0.113187	2352	3788	6140
14498	9/1/2012	3	1	9	6	0	6	0	1	0.68	0.6364	0.79	0	13	23	36	610	3	1	9	0	6	0	2	0.753333	0.702654	0.638333	0.113187	2352	3788	6140
14499	9/1/2012	3	1	9	7	0	6	0	2	0.74	0.6818	0.58	0.1343	8	58	66	610	3	1	9	0	6	0	2	0.753333	0.702654	0.638333	0.113187	2352	3788	6140
14500	9/1/2012	3	1	9	8	0	6	0	2	0.76	0.7121	0.58	0.2537	28	134	162	610	3	1	9	0	6	0	2	0.753333	0.702654	0.638333	0.113187	2352	3788	6140
14501	9/1/2012	3	1	9	9	0	6	0	2	0.76	0.7121	0.58	0.194	62	175	237	610	3	1	9	0	6	0	2	0.753333	0.702654	0.638333	0.113187	2352	3788	6140
14502	9/1/2012	3	1	9	10	0	6	0	2	0.78	0.7273	0.55	0.194	128	289	417	610	3	1	9	0	6	0	2	0.753333	0.702654	0.638333	0.113187	2352	3788	6140
14503	9/1/2012	3	1	9	11	0	6	0	2	0.8	0.7576	0.55	0.2239	219	273	492	610	3	1	9	0	6	0	2	0.753333	0.702654	0.638333	0.113187	2352	3788	6140
14504	9/1/2012	3	1	9	12	0	6	0	2	0.8	0.7576	0.55	0.1642	187	284	471	610	3	1	9	0	6	0	2	0.753333	0.702654	0.638333	0.113187	2352	3788	6140
14505	9/1/2012	3	1	9	13	0	6	0	2	0.82	0.7727	0.52	0.0896	237	267	504	610	3	1	9	0	6	0	2	0.753333	0.702654	0.638333	0.113187	2352	3788	6140
14506	9/1/2012	3	1	9	14	0	6	0	2	0.86	0.7879	0.44	0.1642	240	274	514	610	3	1	9	0	6	0	2	0.753333	0.702654	0.638333	0.113187	2352	3788	6140
14507	9/1/2012	3	1	9	15	0	6	0	2	0.86	0.7879	0.44	0.2836	257	306	563	610	3	1	9	0	6	0	2	0.753333	0.702654	0.638333	0.113187	2352	3788	6140
14508	9/1/2012	3	1	9	16	0	6	0	2	0.84	0.7879	0.49	0.1642	209	253	462	610	3	1	9	0	6	0	2	0.753333	0.702654	0.638333	0.113187	2352	3788	6140
14509	9/1/2012	3	1	9	17	0	6	0	2	0.82	0.7727	0.52	0	205	258	463	610	3	1	9	0	6	0	2	0.753333	0.702654	0.638333	0.113187	2352	3788	6140
14510	9/1/2012	3	1	9	18	0	6	0	2	0.82	0.7727	0.52	0	184	258	442	610	3	1	9	0	6	0	2	0.753333	0.702654	0.638333	0.113187	2352	3788	6140
14511	9/1/2012	3	1	9	19	0	6	0	3	0.78	0.7424	0.62	0	157	235	392	610	3	1	9	0	6	0	2	0.753333	0.702654	0.638333	0.113187	2352	3788	6140
14512	9/1/2012	3	1	9	20	0	6	0	3	0.76	0.7273	0.67	0.2537	67	140	207	610	3	1	9	0	6	0	2	0.753333	0.702654	0.638333	0.113187	2352	3788	6140
14513	9/1/2012	3	1	9	21	0	6	0	3	0.64	0.5758	0.89	0	21	83	104	610	3	1	9	0	6	0	2	0.753333	0.702654	0.638333	0.113187	2352	3788	6140
14514	9/1/2012	3	1	9	22	0	6	0	2	0.66	0.5909	0.89	0	21	57	78	610	3	1	9	0	6	0	2	0.753333	0.702654	0.638333	0.113187	2352	3788	6140
14515	9/1/2012	3	1	9	23	0	6	0	1	0.66	0.5909	0.89	0.0896	57	88	145	610	3	1	9	0	6	0	2	0.753333	0.702654	0.638333	0.113187	2352	3788	6140
14516	9/2/2012	3	1	9	0	0	0	0	2	0.66	0.5909	0.89	0.0896	27	72	99	611	3	1	9	0	0	0	2	0.696667	0.649	0.815	0.0640708	2613	3197	5810
14517	9/2/2012	3	1	9	1	0	0	0	1	0.66	0.5909	0.89	0	15	58	73	611	3	1	9	0	0	0	2	0.696667	0.649	0.815	0.0640708	2613	3197	5810
14518	9/2/2012	3	1	9	2	0	0	0	1	0.66	0.5909	0.89	0	28	56	84	611	3	1	9	0	0	0	2	0.696667	0.649	0.815	0.0640708	2613	3197	5810
14519	9/2/2012	3	1	9	3	0	0	0	1	0.66	0.5909	0.89	0.0896	9	33	42	611	3	1	9	0	0	0	2	0.696667	0.649	0.815	0.0640708	2613	3197	5810
14520	9/2/2012	3	1	9	4	0	0	0	1	0.66	0.5909	0.89	0	7	15	22	611	3	1	9	0	0	0	2	0.696667	0.649	0.815	0.0640708	2613	3197	5810
14521	9/2/2012	3	1	9	5	0	0	0	1	0.66	0.5909	0.89	0	2	10	12	611	3	1	9	0	0	0	2	0.696667	0.649	0.815	0.0640708	2613	3197	5810
14522	9/2/2012	3	1	9	6	0	0	0	2	0.66	0.5909	0.89	0	2	13	15	611	3	1	9	0	0	0	2	0.696667	0.649	0.815	0.0640708	2613	3197	5810
14523	9/2/2012	3	1	9	7	0	0	0	1	0.66	0.5909	0.94	0.0896	13	29	42	611	3	1	9	0	0	0	2	0.696667	0.649	0.815	0.0640708	2613	3197	5810
14524	9/2/2012	3	1	9	8	0	0	0	1	0.68	0.6364	0.89	0.0896	30	99	129	611	3	1	9	0	0	0	2	0.696667	0.649	0.815	0.0640708	2613	3197	5810
14525	9/2/2012	3	1	9	9	0	0	0	2	0.7	0.6667	0.84	0	88	144	232	611	3	1	9	0	0	0	2	0.696667	0.649	0.815	0.0640708	2613	3197	5810
14526	9/2/2012	3	1	9	10	0	0	0	2	0.72	0.697	0.79	0	158	230	388	611	3	1	9	0	0	0	2	0.696667	0.649	0.815	0.0640708	2613	3197	5810
14527	9/2/2012	3	1	9	11	0	0	0	2	0.74	0.697	0.7	0	226	263	489	611	3	1	9	0	0	0	2	0.696667	0.649	0.815	0.0640708	2613	3197	5810
14528	9/2/2012	3	1	9	12	0	0	0	3	0.74	0.697	0.7	0	248	297	545	611	3	1	9	0	0	0	2	0.696667	0.649	0.815	0.0640708	2613	3197	5810
14529	9/2/2012	3	1	9	13	0	0	0	3	0.72	0.697	0.74	0.0896	263	230	493	611	3	1	9	0	0	0	2	0.696667	0.649	0.815	0.0640708	2613	3197	5810
14530	9/2/2012	3	1	9	14	0	0	0	3	0.72	0.697	0.79	0.0896	249	208	457	611	3	1	9	0	0	0	2	0.696667	0.649	0.815	0.0640708	2613	3197	5810
14531	9/2/2012	3	1	9	15	0	0	0	3	0.74	0.7121	0.74	0.1343	179	176	355	611	3	1	9	0	0	0	2	0.696667	0.649	0.815	0.0640708	2613	3197	5810
14532	9/2/2012	3	1	9	16	0	0	0	1	0.74	0.697	0.7	0	222	252	474	611	3	1	9	0	0	0	2	0.696667	0.649	0.815	0.0640708	2613	3197	5810
14533	9/2/2012	3	1	9	17	0	0	0	1	0.76	0.7273	0.66	0.0896	219	284	503	611	3	1	9	0	0	0	2	0.696667	0.649	0.815	0.0640708	2613	3197	5810
14534	9/2/2012	3	1	9	18	0	0	0	1	0.74	0.7121	0.74	0	227	273	500	611	3	1	9	0	0	0	2	0.696667	0.649	0.815	0.0640708	2613	3197	5810
14535	9/2/2012	3	1	9	19	0	0	0	2	0.7	0.6667	0.84	0.2239	140	152	292	611	3	1	9	0	0	0	2	0.696667	0.649	0.815	0.0640708	2613	3197	5810
14536	9/2/2012	3	1	9	20	0	0	0	2	0.7	0.6667	0.84	0.1642	63	41	104	611	3	1	9	0	0	0	2	0.696667	0.649	0.815	0.0640708	2613	3197	5810
14537	9/2/2012	3	1	9	21	0	0	0	1	0.7	0.6515	0.7	0.1642	79	92	171	611	3	1	9	0	0	0	2	0.696667	0.649	0.815	0.0640708	2613	3197	5810
14538	9/2/2012	3	1	9	22	0	0	0	3	0.68	0.6364	0.83	0.1343	66	100	166	611	3	1	9	0	0	0	2	0.696667	0.649	0.815	0.0640708	2613	3197	5810
14539	9/2/2012	3	1	9	23	0	0	0	3	0.66	0.5909	0.89	0.0896	53	70	123	611	3	1	9	0	0	0	2	0.696667	0.649	0.815	0.0640708	2613	3197	5810
14540	9/3/2012	3	1	9	0	1	1	0	2	0.66	0.5909	0.94	0	42	62	104	612	3	1	9	1	1	0	1	0.7075	0.661629	0.790833	0.151121	1965	4069	6034
14541	9/3/2012	3	1	9	1	1	1	0	2	0.68	0.6364	0.89	0.1642	18	37	55	612	3	1	9	1	1	0	1	0.7075	0.661629	0.790833	0.151121	1965	4069	6034
14542	9/3/2012	3	1	9	2	1	1	0	1	0.66	0.5909	0.89	0.1045	10	30	40	612	3	1	9	1	1	0	1	0.7075	0.661629	0.790833	0.151121	1965	4069	6034
14543	9/3/2012	3	1	9	3	1	1	0	1	0.66	0.5909	0.89	0.1343	6	22	28	612	3	1	9	1	1	0	1	0.7075	0.661629	0.790833	0.151121	1965	4069	6034
14544	9/3/2012	3	1	9	4	1	1	0	1	0.66	0.5909	0.89	0.0896	6	5	11	612	3	1	9	1	1	0	1	0.7075	0.661629	0.790833	0.151121	1965	4069	6034
14545	9/3/2012	3	1	9	5	1	1	0	1	0.66	0.5909	0.89	0	1	3	4	612	3	1	9	1	1	0	1	0.7075	0.661629	0.790833	0.151121	1965	4069	6034
14546	9/3/2012	3	1	9	6	1	1	0	1	0.66	0.5909	0.94	0	3	12	15	612	3	1	9	1	1	0	1	0.7075	0.661629	0.790833	0.151121	1965	4069	6034
14547	9/3/2012	3	1	9	7	1	1	0	1	0.68	0.6364	0.85	0	6	37	43	612	3	1	9	1	1	0	1	0.7075	0.661629	0.790833	0.151121	1965	4069	6034
14548	9/3/2012	3	1	9	8	1	1	0	2	0.7	0.6667	0.84	0.1045	36	91	127	612	3	1	9	1	1	0	1	0.7075	0.661629	0.790833	0.151121	1965	4069	6034
14549	9/3/2012	3	1	9	9	1	1	0	2	0.7	0.6667	0.84	0.1343	71	158	229	612	3	1	9	1	1	0	1	0.7075	0.661629	0.790833	0.151121	1965	4069	6034
14550	9/3/2012	3	1	9	10	1	1	0	2	0.74	0.7121	0.74	0.2239	135	224	359	612	3	1	9	1	1	0	1	0.7075	0.661629	0.790833	0.151121	1965	4069	6034
14551	9/3/2012	3	1	9	11	1	1	0	2	0.74	0.697	0.7	0.2836	187	272	459	612	3	1	9	1	1	0	1	0.7075	0.661629	0.790833	0.151121	1965	4069	6034
14552	9/3/2012	3	1	9	12	1	1	0	2	0.76	0.7121	0.62	0.2985	191	352	543	612	3	1	9	1	1	0	1	0.7075	0.661629	0.790833	0.151121	1965	4069	6034
14553	9/3/2012	3	1	9	13	1	1	0	2	0.76	0.7273	0.66	0.2537	209	357	566	612	3	1	9	1	1	0	1	0.7075	0.661629	0.790833	0.151121	1965	4069	6034
14554	9/3/2012	3	1	9	14	1	1	0	1	0.74	0.697	0.7	0.2985	163	349	512	612	3	1	9	1	1	0	1	0.7075	0.661629	0.790833	0.151121	1965	4069	6034
14555	9/3/2012	3	1	9	15	1	1	0	1	0.74	0.697	0.7	0.2239	168	281	449	612	3	1	9	1	1	0	1	0.7075	0.661629	0.790833	0.151121	1965	4069	6034
14556	9/3/2012	3	1	9	16	1	1	0	1	0.74	0.697	0.7	0.2239	165	335	500	612	3	1	9	1	1	0	1	0.7075	0.661629	0.790833	0.151121	1965	4069	6034
14557	9/3/2012	3	1	9	17	1	1	0	1	0.74	0.697	0.7	0.1343	181	317	498	612	3	1	9	1	1	0	1	0.7075	0.661629	0.790833	0.151121	1965	4069	6034
14558	9/3/2012	3	1	9	18	1	1	0	1	0.74	0.697	0.66	0.1642	145	337	482	612	3	1	9	1	1	0	1	0.7075	0.661629	0.790833	0.151121	1965	4069	6034
14559	9/3/2012	3	1	9	19	1	1	0	1	0.72	0.697	0.74	0.194	73	301	374	612	3	1	9	1	1	0	1	0.7075	0.661629	0.790833	0.151121	1965	4069	6034
14560	9/3/2012	3	1	9	20	1	1	0	1	0.72	0.6818	0.76	0.1045	78	183	261	612	3	1	9	1	1	0	1	0.7075	0.661629	0.790833	0.151121	1965	4069	6034
14561	9/3/2012	3	1	9	21	1	1	0	1	0.72	0.6818	0.76	0.1045	42	142	184	612	3	1	9	1	1	0	1	0.7075	0.661629	0.790833	0.151121	1965	4069	6034
14562	9/3/2012	3	1	9	22	1	1	0	2	0.7	0.6667	0.84	0.1343	17	104	121	612	3	1	9	1	1	0	1	0.7075	0.661629	0.790833	0.151121	1965	4069	6034
14563	9/3/2012	3	1	9	23	1	1	0	2	0.7	0.6667	0.84	0.2537	12	58	70	612	3	1	9	1	1	0	1	0.7075	0.661629	0.790833	0.151121	1965	4069	6034
14564	9/4/2012	3	1	9	0	0	2	1	2	0.7	0.6667	0.84	0.2537	10	19	29	613	3	1	9	0	2	1	1	0.725833	0.686888	0.755	0.236321	867	5997	6864
14565	9/4/2012	3	1	9	1	0	2	1	1	0.68	0.6364	0.82	0.1343	15	9	24	613	3	1	9	0	2	1	1	0.725833	0.686888	0.755	0.236321	867	5997	6864
14566	9/4/2012	3	1	9	2	0	2	1	1	0.68	0.6364	0.82	0.1343	1	4	5	613	3	1	9	0	2	1	1	0.725833	0.686888	0.755	0.236321	867	5997	6864
14567	9/4/2012	3	1	9	3	0	2	1	2	0.66	0.5909	0.89	0.0896	1	9	10	613	3	1	9	0	2	1	1	0.725833	0.686888	0.755	0.236321	867	5997	6864
14568	9/4/2012	3	1	9	4	0	2	1	2	0.66	0.5909	0.89	0	0	8	8	613	3	1	9	0	2	1	1	0.725833	0.686888	0.755	0.236321	867	5997	6864
14569	9/4/2012	3	1	9	5	0	2	1	2	0.66	0.5909	0.89	0	1	37	38	613	3	1	9	0	2	1	1	0.725833	0.686888	0.755	0.236321	867	5997	6864
14570	9/4/2012	3	1	9	6	0	2	1	2	0.68	0.6364	0.89	0.1045	7	165	172	613	3	1	9	0	2	1	1	0.725833	0.686888	0.755	0.236321	867	5997	6864
14571	9/4/2012	3	1	9	7	0	2	1	2	0.68	0.6364	0.89	0.1045	13	480	493	613	3	1	9	0	2	1	1	0.725833	0.686888	0.755	0.236321	867	5997	6864
14572	9/4/2012	3	1	9	8	0	2	1	1	0.7	0.6667	0.84	0.1642	15	617	632	613	3	1	9	0	2	1	1	0.725833	0.686888	0.755	0.236321	867	5997	6864
14573	9/4/2012	3	1	9	9	0	2	1	2	0.72	0.697	0.79	0.2239	30	293	323	613	3	1	9	0	2	1	1	0.725833	0.686888	0.755	0.236321	867	5997	6864
14574	9/4/2012	3	1	9	10	0	2	1	2	0.72	0.697	0.74	0.2537	42	130	172	613	3	1	9	0	2	1	1	0.725833	0.686888	0.755	0.236321	867	5997	6864
14575	9/4/2012	3	1	9	11	0	2	1	2	0.74	0.697	0.7	0.2836	39	159	198	613	3	1	9	0	2	1	1	0.725833	0.686888	0.755	0.236321	867	5997	6864
14576	9/4/2012	3	1	9	12	0	2	1	1	0.76	0.7273	0.7	0.2836	54	233	287	613	3	1	9	0	2	1	1	0.725833	0.686888	0.755	0.236321	867	5997	6864
14577	9/4/2012	3	1	9	13	0	2	1	1	0.8	0.7576	0.55	0.4478	72	203	275	613	3	1	9	0	2	1	1	0.725833	0.686888	0.755	0.236321	867	5997	6864
14578	9/4/2012	3	1	9	14	0	2	1	1	0.8	0.7576	0.55	0.4179	72	202	274	613	3	1	9	0	2	1	1	0.725833	0.686888	0.755	0.236321	867	5997	6864
14579	9/4/2012	3	1	9	15	0	2	1	1	0.8	0.7727	0.59	0.4627	68	224	292	613	3	1	9	0	2	1	1	0.725833	0.686888	0.755	0.236321	867	5997	6864
14580	9/4/2012	3	1	9	16	0	2	1	1	0.76	0.7273	0.7	0.4179	61	397	458	613	3	1	9	0	2	1	1	0.725833	0.686888	0.755	0.236321	867	5997	6864
14581	9/4/2012	3	1	9	17	0	2	1	1	0.76	0.7273	0.7	0.3582	110	746	856	613	3	1	9	0	2	1	1	0.725833	0.686888	0.755	0.236321	867	5997	6864
14582	9/4/2012	3	1	9	18	0	2	1	1	0.76	0.7424	0.75	0.2239	94	745	839	613	3	1	9	0	2	1	1	0.725833	0.686888	0.755	0.236321	867	5997	6864
14583	9/4/2012	3	1	9	19	0	2	1	1	0.76	0.7273	0.7	0.2239	50	502	552	613	3	1	9	0	2	1	1	0.725833	0.686888	0.755	0.236321	867	5997	6864
14584	9/4/2012	3	1	9	20	0	2	1	1	0.74	0.697	0.7	0.2537	47	338	385	613	3	1	9	0	2	1	1	0.725833	0.686888	0.755	0.236321	867	5997	6864
14585	9/4/2012	3	1	9	21	0	2	1	1	0.74	0.7121	0.74	0.2537	28	240	268	613	3	1	9	0	2	1	1	0.725833	0.686888	0.755	0.236321	867	5997	6864
14586	9/4/2012	3	1	9	22	0	2	1	1	0.74	0.697	0.7	0.2836	25	154	179	613	3	1	9	0	2	1	1	0.725833	0.686888	0.755	0.236321	867	5997	6864
14587	9/4/2012	3	1	9	23	0	2	1	1	0.72	0.697	0.74	0.2985	12	83	95	613	3	1	9	0	2	1	1	0.725833	0.686888	0.755	0.236321	867	5997	6864
14588	9/5/2012	3	1	9	0	0	3	1	1	0.72	0.697	0.74	0.2537	10	27	37	614	3	1	9	0	3	1	1	0.736667	0.708983	0.74125	0.187808	832	6280	7112
14589	9/5/2012	3	1	9	1	0	3	1	1	0.7	0.6667	0.84	0.194	2	11	13	614	3	1	9	0	3	1	1	0.736667	0.708983	0.74125	0.187808	832	6280	7112
14590	9/5/2012	3	1	9	2	0	3	1	1	0.7	0.6667	0.84	0.194	0	9	9	614	3	1	9	0	3	1	1	0.736667	0.708983	0.74125	0.187808	832	6280	7112
14591	9/5/2012	3	1	9	3	0	3	1	1	0.7	0.6667	0.79	0.2836	0	4	4	614	3	1	9	0	3	1	1	0.736667	0.708983	0.74125	0.187808	832	6280	7112
14592	9/5/2012	3	1	9	4	0	3	1	1	0.7	0.6667	0.79	0.2836	2	3	5	614	3	1	9	0	3	1	1	0.736667	0.708983	0.74125	0.187808	832	6280	7112
14593	9/5/2012	3	1	9	5	0	3	1	2	0.7	0.6667	0.79	0.2985	1	39	40	614	3	1	9	0	3	1	1	0.736667	0.708983	0.74125	0.187808	832	6280	7112
14594	9/5/2012	3	1	9	6	0	3	1	1	0.7	0.6667	0.79	0.2836	7	203	210	614	3	1	9	0	3	1	1	0.736667	0.708983	0.74125	0.187808	832	6280	7112
14595	9/5/2012	3	1	9	7	0	3	1	2	0.7	0.6667	0.79	0.2537	11	489	500	614	3	1	9	0	3	1	1	0.736667	0.708983	0.74125	0.187808	832	6280	7112
14596	9/5/2012	3	1	9	8	0	3	1	1	0.72	0.697	0.74	0.194	33	692	725	614	3	1	9	0	3	1	1	0.736667	0.708983	0.74125	0.187808	832	6280	7112
14597	9/5/2012	3	1	9	9	0	3	1	1	0.74	0.697	0.7	0.2537	27	263	290	614	3	1	9	0	3	1	1	0.736667	0.708983	0.74125	0.187808	832	6280	7112
14598	9/5/2012	3	1	9	10	0	3	1	2	0.76	0.7273	0.7	0.1642	54	181	235	614	3	1	9	0	3	1	1	0.736667	0.708983	0.74125	0.187808	832	6280	7112
14599	9/5/2012	3	1	9	11	0	3	1	2	0.78	0.7424	0.62	0.1642	61	156	217	614	3	1	9	0	3	1	1	0.736667	0.708983	0.74125	0.187808	832	6280	7112
14600	9/5/2012	3	1	9	12	0	3	1	1	0.78	0.7727	0.7	0.1045	49	217	266	614	3	1	9	0	3	1	1	0.736667	0.708983	0.74125	0.187808	832	6280	7112
14601	9/5/2012	3	1	9	13	0	3	1	1	0.8	0.7879	0.63	0.1642	50	184	234	614	3	1	9	0	3	1	1	0.736667	0.708983	0.74125	0.187808	832	6280	7112
14602	9/5/2012	3	1	9	14	0	3	1	1	0.82	0.7879	0.56	0.1045	34	177	211	614	3	1	9	0	3	1	1	0.736667	0.708983	0.74125	0.187808	832	6280	7112
14603	9/5/2012	3	1	9	15	0	3	1	1	0.78	0.7727	0.7	0.194	41	204	245	614	3	1	9	0	3	1	1	0.736667	0.708983	0.74125	0.187808	832	6280	7112
14604	9/5/2012	3	1	9	16	0	3	1	1	0.76	0.7273	0.7	0.2537	86	344	430	614	3	1	9	0	3	1	1	0.736667	0.708983	0.74125	0.187808	832	6280	7112
14605	9/5/2012	3	1	9	17	0	3	1	1	0.76	0.7273	0.66	0.2537	83	780	863	614	3	1	9	0	3	1	1	0.736667	0.708983	0.74125	0.187808	832	6280	7112
14606	9/5/2012	3	1	9	18	0	3	1	1	0.76	0.7424	0.75	0.194	82	757	839	614	3	1	9	0	3	1	1	0.736667	0.708983	0.74125	0.187808	832	6280	7112
14607	9/5/2012	3	1	9	19	0	3	1	1	0.74	0.697	0.7	0.1642	64	598	662	614	3	1	9	0	3	1	1	0.736667	0.708983	0.74125	0.187808	832	6280	7112
14608	9/5/2012	3	1	9	20	0	3	1	1	0.72	0.7121	0.84	0.1642	55	357	412	614	3	1	9	0	3	1	1	0.736667	0.708983	0.74125	0.187808	832	6280	7112
14609	9/5/2012	3	1	9	21	0	3	1	1	0.72	0.697	0.79	0	18	278	296	614	3	1	9	0	3	1	1	0.736667	0.708983	0.74125	0.187808	832	6280	7112
14610	9/5/2012	3	1	9	22	0	3	1	1	0.72	0.697	0.79	0	38	181	219	614	3	1	9	0	3	1	1	0.736667	0.708983	0.74125	0.187808	832	6280	7112
14611	9/5/2012	3	1	9	23	0	3	1	1	0.7	0.6667	0.84	0.0896	24	126	150	614	3	1	9	0	3	1	1	0.736667	0.708983	0.74125	0.187808	832	6280	7112
14612	9/6/2012	3	1	9	0	0	4	1	2	0.7	0.6667	0.84	0.0896	30	35	65	615	3	1	9	0	4	1	2	0.696667	0.655329	0.810417	0.142421	611	5592	6203
14613	9/6/2012	3	1	9	1	0	4	1	2	0.7	0.6667	0.84	0	2	16	18	615	3	1	9	0	4	1	2	0.696667	0.655329	0.810417	0.142421	611	5592	6203
14614	9/6/2012	3	1	9	2	0	4	1	1	0.72	0.697	0.79	0	1	7	8	615	3	1	9	0	4	1	2	0.696667	0.655329	0.810417	0.142421	611	5592	6203
14615	9/6/2012	3	1	9	3	0	4	1	1	0.7	0.6667	0.84	0.1045	0	9	9	615	3	1	9	0	4	1	2	0.696667	0.655329	0.810417	0.142421	611	5592	6203
14616	9/6/2012	3	1	9	4	0	4	1	2	0.7	0.6667	0.84	0.0896	0	8	8	615	3	1	9	0	4	1	2	0.696667	0.655329	0.810417	0.142421	611	5592	6203
14617	9/6/2012	3	1	9	5	0	4	1	2	0.7	0.6667	0.84	0.194	3	35	38	615	3	1	9	0	4	1	2	0.696667	0.655329	0.810417	0.142421	611	5592	6203
14618	9/6/2012	3	1	9	6	0	4	1	2	0.7	0.6667	0.84	0.0896	11	189	200	615	3	1	9	0	4	1	2	0.696667	0.655329	0.810417	0.142421	611	5592	6203
14619	9/6/2012	3	1	9	7	0	4	1	2	0.7	0.6667	0.84	0.1045	21	461	482	615	3	1	9	0	4	1	2	0.696667	0.655329	0.810417	0.142421	611	5592	6203
14620	9/6/2012	3	1	9	8	0	4	1	3	0.7	0.6667	0.79	0	24	622	646	615	3	1	9	0	4	1	2	0.696667	0.655329	0.810417	0.142421	611	5592	6203
14621	9/6/2012	3	1	9	9	0	4	1	3	0.66	0.5909	0.94	0.1343	8	115	123	615	3	1	9	0	4	1	2	0.696667	0.655329	0.810417	0.142421	611	5592	6203
14622	9/6/2012	3	1	9	10	0	4	1	3	0.66	0.5909	0.94	0.1343	9	40	49	615	3	1	9	0	4	1	2	0.696667	0.655329	0.810417	0.142421	611	5592	6203
14623	9/6/2012	3	1	9	11	0	4	1	3	0.7	0.6667	0.84	0.1642	10	52	62	615	3	1	9	0	4	1	2	0.696667	0.655329	0.810417	0.142421	611	5592	6203
14624	9/6/2012	3	1	9	12	0	4	1	2	0.72	0.697	0.79	0.2239	11	126	137	615	3	1	9	0	4	1	2	0.696667	0.655329	0.810417	0.142421	611	5592	6203
14625	9/6/2012	3	1	9	13	0	4	1	2	0.72	0.697	0.79	0.1045	39	152	191	615	3	1	9	0	4	1	2	0.696667	0.655329	0.810417	0.142421	611	5592	6203
14626	9/6/2012	3	1	9	14	0	4	1	1	0.74	0.7121	0.74	0.0896	38	178	216	615	3	1	9	0	4	1	2	0.696667	0.655329	0.810417	0.142421	611	5592	6203
14627	9/6/2012	3	1	9	15	0	4	1	1	0.74	0.697	0.66	0.194	42	228	270	615	3	1	9	0	4	1	2	0.696667	0.655329	0.810417	0.142421	611	5592	6203
14628	9/6/2012	3	1	9	16	0	4	1	1	0.74	0.697	0.7	0.2239	42	374	416	615	3	1	9	0	4	1	2	0.696667	0.655329	0.810417	0.142421	611	5592	6203
14629	9/6/2012	3	1	9	17	0	4	1	1	0.74	0.697	0.7	0.2537	67	741	808	615	3	1	9	0	4	1	2	0.696667	0.655329	0.810417	0.142421	611	5592	6203
14630	9/6/2012	3	1	9	18	0	4	1	1	0.72	0.6818	0.7	0.2537	74	761	835	615	3	1	9	0	4	1	2	0.696667	0.655329	0.810417	0.142421	611	5592	6203
14631	9/6/2012	3	1	9	19	0	4	1	1	0.68	0.6364	0.74	0.2537	54	504	558	615	3	1	9	0	4	1	2	0.696667	0.655329	0.810417	0.142421	611	5592	6203
14632	9/6/2012	3	1	9	20	0	4	1	1	0.66	0.6061	0.78	0.2239	50	356	406	615	3	1	9	0	4	1	2	0.696667	0.655329	0.810417	0.142421	611	5592	6203
14633	9/6/2012	3	1	9	21	0	4	1	1	0.64	0.5758	0.89	0.1642	32	240	272	615	3	1	9	0	4	1	2	0.696667	0.655329	0.810417	0.142421	611	5592	6203
14634	9/6/2012	3	1	9	22	0	4	1	1	0.64	0.5758	0.89	0.1642	24	193	217	615	3	1	9	0	4	1	2	0.696667	0.655329	0.810417	0.142421	611	5592	6203
14635	9/6/2012	3	1	9	23	0	4	1	1	0.64	0.5758	0.89	0.1642	19	150	169	615	3	1	9	0	4	1	2	0.696667	0.655329	0.810417	0.142421	611	5592	6203
14636	9/7/2012	3	1	9	0	0	5	1	1	0.64	0.5758	0.89	0.1343	17	79	96	616	3	1	9	0	5	1	1	0.703333	0.657204	0.73625	0.171646	1045	6459	7504
14637	9/7/2012	3	1	9	1	0	5	1	1	0.62	0.5606	0.88	0.1045	10	19	29	616	3	1	9	0	5	1	1	0.703333	0.657204	0.73625	0.171646	1045	6459	7504
14638	9/7/2012	3	1	9	2	0	5	1	1	0.62	0.5758	0.83	0.0896	1	10	11	616	3	1	9	0	5	1	1	0.703333	0.657204	0.73625	0.171646	1045	6459	7504
14639	9/7/2012	3	1	9	3	0	5	1	1	0.62	0.5758	0.83	0.0896	0	9	9	616	3	1	9	0	5	1	1	0.703333	0.657204	0.73625	0.171646	1045	6459	7504
14640	9/7/2012	3	1	9	4	0	5	1	1	0.62	0.5606	0.88	0	1	7	8	616	3	1	9	0	5	1	1	0.703333	0.657204	0.73625	0.171646	1045	6459	7504
14641	9/7/2012	3	1	9	5	0	5	1	1	0.62	0.5606	0.88	0	1	39	40	616	3	1	9	0	5	1	1	0.703333	0.657204	0.73625	0.171646	1045	6459	7504
14642	9/7/2012	3	1	9	6	0	5	1	1	0.62	0.5606	0.88	0.1045	5	135	140	616	3	1	9	0	5	1	1	0.703333	0.657204	0.73625	0.171646	1045	6459	7504
14643	9/7/2012	3	1	9	7	0	5	1	1	0.64	0.5758	0.89	0.1045	21	465	486	616	3	1	9	0	5	1	1	0.703333	0.657204	0.73625	0.171646	1045	6459	7504
14644	9/7/2012	3	1	9	8	0	5	1	1	0.66	0.6061	0.83	0.1045	29	690	719	616	3	1	9	0	5	1	1	0.703333	0.657204	0.73625	0.171646	1045	6459	7504
14645	9/7/2012	3	1	9	9	0	5	1	1	0.7	0.6667	0.79	0.1343	33	311	344	616	3	1	9	0	5	1	1	0.703333	0.657204	0.73625	0.171646	1045	6459	7504
14646	9/7/2012	3	1	9	10	0	5	1	1	0.72	0.697	0.74	0.1343	53	171	224	616	3	1	9	0	5	1	1	0.703333	0.657204	0.73625	0.171646	1045	6459	7504
14647	9/7/2012	3	1	9	11	0	5	1	1	0.76	0.7121	0.62	0.1343	81	215	296	616	3	1	9	0	5	1	1	0.703333	0.657204	0.73625	0.171646	1045	6459	7504
14648	9/7/2012	3	1	9	12	0	5	1	1	0.78	0.7424	0.59	0.1642	76	247	323	616	3	1	9	0	5	1	1	0.703333	0.657204	0.73625	0.171646	1045	6459	7504
14649	9/7/2012	3	1	9	13	0	5	1	1	0.8	0.7727	0.59	0.2537	71	283	354	616	3	1	9	0	5	1	1	0.703333	0.657204	0.73625	0.171646	1045	6459	7504
14650	9/7/2012	3	1	9	14	0	5	1	1	0.8	0.7727	0.59	0.2537	66	187	253	616	3	1	9	0	5	1	1	0.703333	0.657204	0.73625	0.171646	1045	6459	7504
14651	9/7/2012	3	1	9	15	0	5	1	1	0.8	0.7576	0.55	0.2537	66	265	331	616	3	1	9	0	5	1	1	0.703333	0.657204	0.73625	0.171646	1045	6459	7504
14652	9/7/2012	3	1	9	16	0	5	1	1	0.8	0.7576	0.55	0.2836	75	395	470	616	3	1	9	0	5	1	1	0.703333	0.657204	0.73625	0.171646	1045	6459	7504
14653	9/7/2012	3	1	9	17	0	5	1	1	0.78	0.7424	0.59	0.3284	88	684	772	616	3	1	9	0	5	1	1	0.703333	0.657204	0.73625	0.171646	1045	6459	7504
14654	9/7/2012	3	1	9	18	0	5	1	1	0.76	0.7121	0.62	0.2985	95	697	792	616	3	1	9	0	5	1	1	0.703333	0.657204	0.73625	0.171646	1045	6459	7504
14655	9/7/2012	3	1	9	19	0	5	1	1	0.74	0.6818	0.62	0.2836	70	498	568	616	3	1	9	0	5	1	1	0.703333	0.657204	0.73625	0.171646	1045	6459	7504
14656	9/7/2012	3	1	9	20	0	5	1	1	0.72	0.6818	0.66	0.2239	51	340	391	616	3	1	9	0	5	1	1	0.703333	0.657204	0.73625	0.171646	1045	6459	7504
14657	9/7/2012	3	1	9	21	0	5	1	1	0.7	0.6667	0.74	0.1642	55	246	301	616	3	1	9	0	5	1	1	0.703333	0.657204	0.73625	0.171646	1045	6459	7504
14658	9/7/2012	3	1	9	22	0	5	1	1	0.7	0.6667	0.74	0.2239	52	247	299	616	3	1	9	0	5	1	1	0.703333	0.657204	0.73625	0.171646	1045	6459	7504
14659	9/7/2012	3	1	9	23	0	5	1	1	0.66	0.5909	0.89	0.2537	28	220	248	616	3	1	9	0	5	1	1	0.703333	0.657204	0.73625	0.171646	1045	6459	7504
14660	9/8/2012	3	1	9	0	0	6	0	1	0.66	0.5909	0.89	0.2537	20	130	150	617	3	1	9	0	6	0	2	0.659167	0.611121	0.799167	0.281104	1557	4419	5976
14661	9/8/2012	3	1	9	1	0	6	0	2	0.66	0.5909	0.89	0.2836	10	107	117	617	3	1	9	0	6	0	2	0.659167	0.611121	0.799167	0.281104	1557	4419	5976
14662	9/8/2012	3	1	9	2	0	6	0	1	0.66	0.5909	0.89	0.3284	9	68	77	617	3	1	9	0	6	0	2	0.659167	0.611121	0.799167	0.281104	1557	4419	5976
14663	9/8/2012	3	1	9	3	0	6	0	2	0.66	0.5909	0.89	0.2239	3	40	43	617	3	1	9	0	6	0	2	0.659167	0.611121	0.799167	0.281104	1557	4419	5976
14664	9/8/2012	3	1	9	4	0	6	0	2	0.66	0.5909	0.94	0.2239	3	8	11	617	3	1	9	0	6	0	2	0.659167	0.611121	0.799167	0.281104	1557	4419	5976
14665	9/8/2012	3	1	9	5	0	6	0	2	0.66	0.5909	0.94	0.2537	2	13	15	617	3	1	9	0	6	0	2	0.659167	0.611121	0.799167	0.281104	1557	4419	5976
14666	9/8/2012	3	1	9	6	0	6	0	2	0.66	0.5909	0.89	0.2836	8	26	34	617	3	1	9	0	6	0	2	0.659167	0.611121	0.799167	0.281104	1557	4419	5976
14667	9/8/2012	3	1	9	7	0	6	0	1	0.66	0.5909	0.89	0.2836	11	71	82	617	3	1	9	0	6	0	2	0.659167	0.611121	0.799167	0.281104	1557	4419	5976
14668	9/8/2012	3	1	9	8	0	6	0	1	0.7	0.6667	0.79	0.3284	33	197	230	617	3	1	9	0	6	0	2	0.659167	0.611121	0.799167	0.281104	1557	4419	5976
14669	9/8/2012	3	1	9	9	0	6	0	1	0.7	0.6667	0.74	0.3881	87	261	348	617	3	1	9	0	6	0	2	0.659167	0.611121	0.799167	0.281104	1557	4419	5976
14670	9/8/2012	3	1	9	10	0	6	0	1	0.74	0.697	0.7	0.3881	100	322	422	617	3	1	9	0	6	0	2	0.659167	0.611121	0.799167	0.281104	1557	4419	5976
14671	9/8/2012	3	1	9	11	0	6	0	1	0.76	0.7121	0.62	0.4478	173	405	578	617	3	1	9	0	6	0	2	0.659167	0.611121	0.799167	0.281104	1557	4419	5976
14672	9/8/2012	3	1	9	12	0	6	0	1	0.8	0.7576	0.55	0.4925	220	474	694	617	3	1	9	0	6	0	2	0.659167	0.611121	0.799167	0.281104	1557	4419	5976
14673	9/8/2012	3	1	9	13	0	6	0	1	0.82	0.7727	0.52	0.5224	233	435	668	617	3	1	9	0	6	0	2	0.659167	0.611121	0.799167	0.281104	1557	4419	5976
14674	9/8/2012	3	1	9	14	0	6	0	1	0.82	0.7727	0.52	0.4478	260	366	626	617	3	1	9	0	6	0	2	0.659167	0.611121	0.799167	0.281104	1557	4419	5976
14675	9/8/2012	3	1	9	15	0	6	0	3	0.56	0.5303	0.88	0.2537	175	337	512	617	3	1	9	0	6	0	2	0.659167	0.611121	0.799167	0.281104	1557	4419	5976
14676	9/8/2012	3	1	9	16	0	6	0	3	0.56	0.5303	0.88	0.194	19	95	114	617	3	1	9	0	6	0	2	0.659167	0.611121	0.799167	0.281104	1557	4419	5976
14677	9/8/2012	3	1	9	17	0	6	0	3	0.58	0.5455	0.83	0.194	52	119	171	617	3	1	9	0	6	0	2	0.659167	0.611121	0.799167	0.281104	1557	4419	5976
14678	9/8/2012	3	1	9	18	0	6	0	3	0.58	0.5455	0.83	0.1343	27	140	167	617	3	1	9	0	6	0	2	0.659167	0.611121	0.799167	0.281104	1557	4419	5976
14679	9/8/2012	3	1	9	19	0	6	0	3	0.58	0.5455	0.88	0.1045	28	187	215	617	3	1	9	0	6	0	2	0.659167	0.611121	0.799167	0.281104	1557	4419	5976
14680	9/8/2012	3	1	9	20	0	6	0	2	0.58	0.5455	0.88	0.0896	28	166	194	617	3	1	9	0	6	0	2	0.659167	0.611121	0.799167	0.281104	1557	4419	5976
14681	9/8/2012	3	1	9	21	0	6	0	2	0.6	0.5606	0.83	0.1642	26	155	181	617	3	1	9	0	6	0	2	0.659167	0.611121	0.799167	0.281104	1557	4419	5976
14682	9/8/2012	3	1	9	22	0	6	0	2	0.58	0.5455	0.78	0.2985	18	176	194	617	3	1	9	0	6	0	2	0.659167	0.611121	0.799167	0.281104	1557	4419	5976
14683	9/8/2012	3	1	9	23	0	6	0	2	0.58	0.5455	0.73	0.1642	12	121	133	617	3	1	9	0	6	0	2	0.659167	0.611121	0.799167	0.281104	1557	4419	5976
14684	9/9/2012	3	1	9	0	0	0	0	2	0.56	0.5303	0.73	0.194	18	106	124	618	3	1	9	0	0	0	1	0.61	0.578925	0.5475	0.224496	2570	5657	8227
14685	9/9/2012	3	1	9	1	0	0	0	1	0.56	0.5303	0.73	0.2239	20	104	124	618	3	1	9	0	0	0	1	0.61	0.578925	0.5475	0.224496	2570	5657	8227
14686	9/9/2012	3	1	9	2	0	0	0	1	0.54	0.5152	0.77	0.2836	15	81	96	618	3	1	9	0	0	0	1	0.61	0.578925	0.5475	0.224496	2570	5657	8227
14687	9/9/2012	3	1	9	3	0	0	0	1	0.54	0.5152	0.73	0.2239	14	32	46	618	3	1	9	0	0	0	1	0.61	0.578925	0.5475	0.224496	2570	5657	8227
14688	9/9/2012	3	1	9	4	0	0	0	1	0.52	0.5	0.77	0.2537	12	16	28	618	3	1	9	0	0	0	1	0.61	0.578925	0.5475	0.224496	2570	5657	8227
14689	9/9/2012	3	1	9	5	0	0	0	1	0.52	0.5	0.77	0.194	16	39	55	618	3	1	9	0	0	0	1	0.61	0.578925	0.5475	0.224496	2570	5657	8227
14690	9/9/2012	3	1	9	6	0	0	0	1	0.52	0.5	0.77	0.194	11	24	35	618	3	1	9	0	0	0	1	0.61	0.578925	0.5475	0.224496	2570	5657	8227
14691	9/9/2012	3	1	9	7	0	0	0	1	0.54	0.5152	0.73	0.1642	20	50	70	618	3	1	9	0	0	0	1	0.61	0.578925	0.5475	0.224496	2570	5657	8227
14692	9/9/2012	3	1	9	8	0	0	0	1	0.58	0.5455	0.68	0.2239	27	143	170	618	3	1	9	0	0	0	1	0.61	0.578925	0.5475	0.224496	2570	5657	8227
14693	9/9/2012	3	1	9	9	0	0	0	1	0.62	0.6061	0.61	0.2537	85	214	299	618	3	1	9	0	0	0	1	0.61	0.578925	0.5475	0.224496	2570	5657	8227
14694	9/9/2012	3	1	9	10	0	0	0	1	0.64	0.6212	0.57	0.2985	172	323	495	618	3	1	9	0	0	0	1	0.61	0.578925	0.5475	0.224496	2570	5657	8227
14695	9/9/2012	3	1	9	11	0	0	0	1	0.66	0.6212	0.47	0.2537	194	391	585	618	3	1	9	0	0	0	1	0.61	0.578925	0.5475	0.224496	2570	5657	8227
14696	9/9/2012	3	1	9	12	0	0	0	1	0.66	0.6212	0.47	0	247	510	757	618	3	1	9	0	0	0	1	0.61	0.578925	0.5475	0.224496	2570	5657	8227
14697	9/9/2012	3	1	9	13	0	0	0	1	0.68	0.6364	0.39	0	238	491	729	618	3	1	9	0	0	0	1	0.61	0.578925	0.5475	0.224496	2570	5657	8227
14698	9/9/2012	3	1	9	14	0	0	0	1	0.72	0.6515	0.3	0.2836	232	415	647	618	3	1	9	0	0	0	1	0.61	0.578925	0.5475	0.224496	2570	5657	8227
14699	9/9/2012	3	1	9	15	0	0	0	1	0.72	0.6515	0.32	0.2537	284	412	696	618	3	1	9	0	0	0	1	0.61	0.578925	0.5475	0.224496	2570	5657	8227
14700	9/9/2012	3	1	9	16	0	0	0	1	0.68	0.6364	0.36	0.2836	228	473	701	618	3	1	9	0	0	0	1	0.61	0.578925	0.5475	0.224496	2570	5657	8227
14701	9/9/2012	3	1	9	17	0	0	0	1	0.7	0.6364	0.37	0.2537	213	458	671	618	3	1	9	0	0	0	1	0.61	0.578925	0.5475	0.224496	2570	5657	8227
14702	9/9/2012	3	1	9	18	0	0	0	1	0.66	0.6212	0.36	0.2537	156	404	560	618	3	1	9	0	0	0	1	0.61	0.578925	0.5475	0.224496	2570	5657	8227
14703	9/9/2012	3	1	9	19	0	0	0	1	0.66	0.6212	0.36	0.2537	134	362	496	618	3	1	9	0	0	0	1	0.61	0.578925	0.5475	0.224496	2570	5657	8227
14704	9/9/2012	3	1	9	20	0	0	0	1	0.62	0.6212	0.41	0.2836	91	265	356	618	3	1	9	0	0	0	1	0.61	0.578925	0.5475	0.224496	2570	5657	8227
14705	9/9/2012	3	1	9	21	0	0	0	1	0.6	0.6212	0.46	0.2239	57	149	206	618	3	1	9	0	0	0	1	0.61	0.578925	0.5475	0.224496	2570	5657	8227
14706	9/9/2012	3	1	9	22	0	0	0	1	0.58	0.5455	0.49	0.2537	64	125	189	618	3	1	9	0	0	0	1	0.61	0.578925	0.5475	0.224496	2570	5657	8227
14707	9/9/2012	3	1	9	23	0	0	0	1	0.56	0.5303	0.52	0.2836	22	70	92	618	3	1	9	0	0	0	1	0.61	0.578925	0.5475	0.224496	2570	5657	8227
14708	9/10/2012	3	1	9	0	0	1	1	1	0.56	0.5303	0.52	0.2836	6	35	41	619	3	1	9	0	1	1	1	0.583333	0.565654	0.50375	0.258713	1118	6407	7525
14709	9/10/2012	3	1	9	1	0	1	1	1	0.54	0.5152	0.6	0.194	7	11	18	619	3	1	9	0	1	1	1	0.583333	0.565654	0.50375	0.258713	1118	6407	7525
14710	9/10/2012	3	1	9	2	0	1	1	1	0.54	0.5152	0.6	0.3582	11	6	17	619	3	1	9	0	1	1	1	0.583333	0.565654	0.50375	0.258713	1118	6407	7525
14711	9/10/2012	3	1	9	3	0	1	1	1	0.52	0.5	0.68	0.2836	5	7	12	619	3	1	9	0	1	1	1	0.583333	0.565654	0.50375	0.258713	1118	6407	7525
14712	9/10/2012	3	1	9	4	0	1	1	1	0.52	0.5	0.68	0.2836	1	4	5	619	3	1	9	0	1	1	1	0.583333	0.565654	0.50375	0.258713	1118	6407	7525
14713	9/10/2012	3	1	9	5	0	1	1	1	0.5	0.4848	0.72	0.2537	4	36	40	619	3	1	9	0	1	1	1	0.583333	0.565654	0.50375	0.258713	1118	6407	7525
14714	9/10/2012	3	1	9	6	0	1	1	1	0.5	0.4848	0.72	0.1343	8	172	180	619	3	1	9	0	1	1	1	0.583333	0.565654	0.50375	0.258713	1118	6407	7525
14715	9/10/2012	3	1	9	7	0	1	1	1	0.52	0.5	0.68	0.2239	20	427	447	619	3	1	9	0	1	1	1	0.583333	0.565654	0.50375	0.258713	1118	6407	7525
14716	9/10/2012	3	1	9	8	0	1	1	1	0.56	0.5303	0.6	0.2836	33	697	730	619	3	1	9	0	1	1	1	0.583333	0.565654	0.50375	0.258713	1118	6407	7525
14717	9/10/2012	3	1	9	9	0	1	1	1	0.6	0.6212	0.53	0.2985	40	321	361	619	3	1	9	0	1	1	1	0.583333	0.565654	0.50375	0.258713	1118	6407	7525
14718	9/10/2012	3	1	9	10	0	1	1	1	0.62	0.6212	0.5	0.2836	42	168	210	619	3	1	9	0	1	1	1	0.583333	0.565654	0.50375	0.258713	1118	6407	7525
14719	9/10/2012	3	1	9	11	0	1	1	1	0.62	0.6212	0.43	0.2985	69	167	236	619	3	1	9	0	1	1	1	0.583333	0.565654	0.50375	0.258713	1118	6407	7525
14720	9/10/2012	3	1	9	12	0	1	1	1	0.64	0.6212	0.44	0.3881	76	256	332	619	3	1	9	0	1	1	1	0.583333	0.565654	0.50375	0.258713	1118	6407	7525
14721	9/10/2012	3	1	9	13	0	1	1	1	0.64	0.6212	0.38	0.2239	72	251	323	619	3	1	9	0	1	1	1	0.583333	0.565654	0.50375	0.258713	1118	6407	7525
14722	9/10/2012	3	1	9	14	0	1	1	1	0.66	0.6212	0.36	0.2836	107	233	340	619	3	1	9	0	1	1	1	0.583333	0.565654	0.50375	0.258713	1118	6407	7525
14723	9/10/2012	3	1	9	15	0	1	1	1	0.66	0.6212	0.31	0.3881	115	231	346	619	3	1	9	0	1	1	1	0.583333	0.565654	0.50375	0.258713	1118	6407	7525
14724	9/10/2012	3	1	9	16	0	1	1	1	0.66	0.6212	0.34	0.3284	108	380	488	619	3	1	9	0	1	1	1	0.583333	0.565654	0.50375	0.258713	1118	6407	7525
14725	9/10/2012	3	1	9	17	0	1	1	1	0.66	0.6212	0.34	0.3284	127	744	871	619	3	1	9	0	1	1	1	0.583333	0.565654	0.50375	0.258713	1118	6407	7525
14726	9/10/2012	3	1	9	18	0	1	1	1	0.62	0.6212	0.35	0.2985	111	857	968	619	3	1	9	0	1	1	1	0.583333	0.565654	0.50375	0.258713	1118	6407	7525
14727	9/10/2012	3	1	9	19	0	1	1	1	0.62	0.6212	0.38	0.2985	71	562	633	619	3	1	9	0	1	1	1	0.583333	0.565654	0.50375	0.258713	1118	6407	7525
14728	9/10/2012	3	1	9	20	0	1	1	1	0.6	0.6212	0.4	0.194	34	356	390	619	3	1	9	0	1	1	1	0.583333	0.565654	0.50375	0.258713	1118	6407	7525
14729	9/10/2012	3	1	9	21	0	1	1	1	0.56	0.5303	0.49	0.1642	29	256	285	619	3	1	9	0	1	1	1	0.583333	0.565654	0.50375	0.258713	1118	6407	7525
14730	9/10/2012	3	1	9	22	0	1	1	1	0.54	0.5152	0.52	0.1343	15	144	159	619	3	1	9	0	1	1	1	0.583333	0.565654	0.50375	0.258713	1118	6407	7525
14731	9/10/2012	3	1	9	23	0	1	1	1	0.54	0.5152	0.52	0	7	86	93	619	3	1	9	0	1	1	1	0.583333	0.565654	0.50375	0.258713	1118	6407	7525
14732	9/11/2012	3	1	9	0	0	2	1	1	0.52	0.5	0.59	0.1045	5	27	32	620	3	1	9	0	2	1	1	0.5775	0.554292	0.52	0.0920542	1070	6697	7767
14733	9/11/2012	3	1	9	1	0	2	1	1	0.5	0.4848	0.63	0	0	10	10	620	3	1	9	0	2	1	1	0.5775	0.554292	0.52	0.0920542	1070	6697	7767
14734	9/11/2012	3	1	9	2	0	2	1	1	0.48	0.4697	0.77	0.1642	1	5	6	620	3	1	9	0	2	1	1	0.5775	0.554292	0.52	0.0920542	1070	6697	7767
14735	9/11/2012	3	1	9	3	0	2	1	1	0.48	0.4697	0.67	0.1343	1	7	8	620	3	1	9	0	2	1	1	0.5775	0.554292	0.52	0.0920542	1070	6697	7767
14736	9/11/2012	3	1	9	4	0	2	1	1	0.48	0.4697	0.72	0.1045	1	8	9	620	3	1	9	0	2	1	1	0.5775	0.554292	0.52	0.0920542	1070	6697	7767
14737	9/11/2012	3	1	9	5	0	2	1	1	0.46	0.4545	0.72	0.0896	3	41	44	620	3	1	9	0	2	1	1	0.5775	0.554292	0.52	0.0920542	1070	6697	7767
14738	9/11/2012	3	1	9	6	0	2	1	1	0.46	0.4545	0.77	0.1045	11	200	211	620	3	1	9	0	2	1	1	0.5775	0.554292	0.52	0.0920542	1070	6697	7767
14739	9/11/2012	3	1	9	7	0	2	1	1	0.5	0.4848	0.72	0.1045	24	572	596	620	3	1	9	0	2	1	1	0.5775	0.554292	0.52	0.0920542	1070	6697	7767
14740	9/11/2012	3	1	9	8	0	2	1	1	0.54	0.5152	0.68	0.0896	48	702	750	620	3	1	9	0	2	1	1	0.5775	0.554292	0.52	0.0920542	1070	6697	7767
14741	9/11/2012	3	1	9	9	0	2	1	1	0.6	0.6212	0.49	0	35	323	358	620	3	1	9	0	2	1	1	0.5775	0.554292	0.52	0.0920542	1070	6697	7767
14742	9/11/2012	3	1	9	10	0	2	1	1	0.62	0.6212	0.38	0	54	142	196	620	3	1	9	0	2	1	1	0.5775	0.554292	0.52	0.0920542	1070	6697	7767
14743	9/11/2012	3	1	9	11	0	2	1	1	0.64	0.6212	0.33	0.0896	60	187	247	620	3	1	9	0	2	1	1	0.5775	0.554292	0.52	0.0920542	1070	6697	7767
14744	9/11/2012	3	1	9	12	0	2	1	1	0.64	0.6212	0.33	0	62	254	316	620	3	1	9	0	2	1	1	0.5775	0.554292	0.52	0.0920542	1070	6697	7767
14745	9/11/2012	3	1	9	13	0	2	1	1	0.66	0.6212	0.29	0.0896	72	256	328	620	3	1	9	0	2	1	1	0.5775	0.554292	0.52	0.0920542	1070	6697	7767
14746	9/11/2012	3	1	9	14	0	2	1	1	0.68	0.6212	0.3	0.0896	74	181	255	620	3	1	9	0	2	1	1	0.5775	0.554292	0.52	0.0920542	1070	6697	7767
14747	9/11/2012	3	1	9	15	0	2	1	1	0.7	0.6364	0.28	0.1045	73	253	326	620	3	1	9	0	2	1	1	0.5775	0.554292	0.52	0.0920542	1070	6697	7767
14748	9/11/2012	3	1	9	16	0	2	1	1	0.7	0.6364	0.28	0.1343	99	437	536	620	3	1	9	0	2	1	1	0.5775	0.554292	0.52	0.0920542	1070	6697	7767
14749	9/11/2012	3	1	9	17	0	2	1	1	0.7	0.6364	0.28	0	168	802	970	620	3	1	9	0	2	1	1	0.5775	0.554292	0.52	0.0920542	1070	6697	7767
14750	9/11/2012	3	1	9	18	0	2	1	1	0.64	0.6212	0.36	0.1642	110	767	877	620	3	1	9	0	2	1	1	0.5775	0.554292	0.52	0.0920542	1070	6697	7767
14751	9/11/2012	3	1	9	19	0	2	1	1	0.62	0.6212	0.41	0.194	56	540	596	620	3	1	9	0	2	1	1	0.5775	0.554292	0.52	0.0920542	1070	6697	7767
14752	9/11/2012	3	1	9	20	0	2	1	1	0.58	0.5455	0.56	0.1343	40	421	461	620	3	1	9	0	2	1	1	0.5775	0.554292	0.52	0.0920542	1070	6697	7767
14753	9/11/2012	3	1	9	21	0	2	1	1	0.56	0.5303	0.6	0.1045	28	282	310	620	3	1	9	0	2	1	1	0.5775	0.554292	0.52	0.0920542	1070	6697	7767
14754	9/11/2012	3	1	9	22	0	2	1	1	0.56	0.5303	0.64	0.1045	27	189	216	620	3	1	9	0	2	1	1	0.5775	0.554292	0.52	0.0920542	1070	6697	7767
14755	9/11/2012	3	1	9	23	0	2	1	1	0.54	0.5152	0.68	0.1045	18	91	109	620	3	1	9	0	2	1	1	0.5775	0.554292	0.52	0.0920542	1070	6697	7767
14756	9/12/2012	3	1	9	0	0	3	1	1	0.52	0.5	0.72	0.1045	8	41	49	621	3	1	9	0	3	1	1	0.599167	0.570075	0.577083	0.131846	1050	6820	7870
14757	9/12/2012	3	1	9	1	0	3	1	1	0.52	0.5	0.72	0.1045	2	19	21	621	3	1	9	0	3	1	1	0.599167	0.570075	0.577083	0.131846	1050	6820	7870
14758	9/12/2012	3	1	9	2	0	3	1	1	0.52	0.5	0.72	0.0896	2	9	11	621	3	1	9	0	3	1	1	0.599167	0.570075	0.577083	0.131846	1050	6820	7870
14759	9/12/2012	3	1	9	3	0	3	1	1	0.5	0.4848	0.77	0.0896	0	7	7	621	3	1	9	0	3	1	1	0.599167	0.570075	0.577083	0.131846	1050	6820	7870
14760	9/12/2012	3	1	9	4	0	3	1	1	0.5	0.4848	0.72	0.0896	0	5	5	621	3	1	9	0	3	1	1	0.599167	0.570075	0.577083	0.131846	1050	6820	7870
14761	9/12/2012	3	1	9	5	0	3	1	1	0.5	0.4848	0.72	0.0896	4	44	48	621	3	1	9	0	3	1	1	0.599167	0.570075	0.577083	0.131846	1050	6820	7870
14762	9/12/2012	3	1	9	6	0	3	1	1	0.5	0.4848	0.72	0.0896	6	199	205	621	3	1	9	0	3	1	1	0.599167	0.570075	0.577083	0.131846	1050	6820	7870
14763	9/12/2012	3	1	9	7	0	3	1	1	0.52	0.5	0.72	0	24	533	557	621	3	1	9	0	3	1	1	0.599167	0.570075	0.577083	0.131846	1050	6820	7870
14764	9/12/2012	3	1	9	8	0	3	1	1	0.56	0.5303	0.64	0.1045	43	727	770	621	3	1	9	0	3	1	1	0.599167	0.570075	0.577083	0.131846	1050	6820	7870
14765	9/12/2012	3	1	9	9	0	3	1	1	0.6	0.6061	0.64	0.1343	50	278	328	621	3	1	9	0	3	1	1	0.599167	0.570075	0.577083	0.131846	1050	6820	7870
14766	9/12/2012	3	1	9	10	0	3	1	1	0.62	0.6061	0.61	0.1343	57	148	205	621	3	1	9	0	3	1	1	0.599167	0.570075	0.577083	0.131846	1050	6820	7870
14767	9/12/2012	3	1	9	11	0	3	1	1	0.66	0.6212	0.5	0.194	51	181	232	621	3	1	9	0	3	1	1	0.599167	0.570075	0.577083	0.131846	1050	6820	7870
14768	9/12/2012	3	1	9	12	0	3	1	1	0.68	0.6364	0.36	0.1343	88	264	352	621	3	1	9	0	3	1	1	0.599167	0.570075	0.577083	0.131846	1050	6820	7870
14769	9/12/2012	3	1	9	13	0	3	1	1	0.7	0.6364	0.34	0.1343	85	238	323	621	3	1	9	0	3	1	1	0.599167	0.570075	0.577083	0.131846	1050	6820	7870
14770	9/12/2012	3	1	9	14	0	3	1	1	0.7	0.6364	0.37	0.1642	78	200	278	621	3	1	9	0	3	1	1	0.599167	0.570075	0.577083	0.131846	1050	6820	7870
14771	9/12/2012	3	1	9	15	0	3	1	1	0.72	0.6515	0.37	0.1343	75	243	318	621	3	1	9	0	3	1	1	0.599167	0.570075	0.577083	0.131846	1050	6820	7870
14772	9/12/2012	3	1	9	16	0	3	1	1	0.72	0.6515	0.37	0.1642	90	419	509	621	3	1	9	0	3	1	1	0.599167	0.570075	0.577083	0.131846	1050	6820	7870
14773	9/12/2012	3	1	9	17	0	3	1	1	0.7	0.6364	0.41	0.2985	114	811	925	621	3	1	9	0	3	1	1	0.599167	0.570075	0.577083	0.131846	1050	6820	7870
14774	9/12/2012	3	1	9	18	0	3	1	1	0.66	0.6212	0.44	0.2537	91	886	977	621	3	1	9	0	3	1	1	0.599167	0.570075	0.577083	0.131846	1050	6820	7870
14775	9/12/2012	3	1	9	19	0	3	1	1	0.64	0.6212	0.5	0.194	78	557	635	621	3	1	9	0	3	1	1	0.599167	0.570075	0.577083	0.131846	1050	6820	7870
14776	9/12/2012	3	1	9	20	0	3	1	1	0.62	0.6212	0.57	0.1343	38	432	470	621	3	1	9	0	3	1	1	0.599167	0.570075	0.577083	0.131846	1050	6820	7870
14777	9/12/2012	3	1	9	21	0	3	1	1	0.6	0.6061	0.6	0.1343	27	279	306	621	3	1	9	0	3	1	1	0.599167	0.570075	0.577083	0.131846	1050	6820	7870
14778	9/12/2012	3	1	9	22	0	3	1	1	0.56	0.5303	0.64	0.0896	23	189	212	621	3	1	9	0	3	1	1	0.599167	0.570075	0.577083	0.131846	1050	6820	7870
14779	9/12/2012	3	1	9	23	0	3	1	1	0.56	0.5303	0.68	0.1045	16	111	127	621	3	1	9	0	3	1	1	0.599167	0.570075	0.577083	0.131846	1050	6820	7870
14780	9/13/2012	3	1	9	0	0	4	1	1	0.56	0.5303	0.73	0.0896	11	46	57	622	3	1	9	0	4	1	1	0.6125	0.579558	0.637083	0.0827208	1054	6750	7804
14781	9/13/2012	3	1	9	1	0	4	1	1	0.54	0.5152	0.77	0.0896	6	22	28	622	3	1	9	0	4	1	1	0.6125	0.579558	0.637083	0.0827208	1054	6750	7804
14782	9/13/2012	3	1	9	2	0	4	1	1	0.54	0.5152	0.77	0	0	9	9	622	3	1	9	0	4	1	1	0.6125	0.579558	0.637083	0.0827208	1054	6750	7804
14783	9/13/2012	3	1	9	3	0	4	1	1	0.52	0.5	0.83	0	2	9	11	622	3	1	9	0	4	1	1	0.6125	0.579558	0.637083	0.0827208	1054	6750	7804
14784	9/13/2012	3	1	9	4	0	4	1	1	0.52	0.5	0.83	0	0	6	6	622	3	1	9	0	4	1	1	0.6125	0.579558	0.637083	0.0827208	1054	6750	7804
14785	9/13/2012	3	1	9	5	0	4	1	1	0.52	0.5	0.83	0	3	54	57	622	3	1	9	0	4	1	1	0.6125	0.579558	0.637083	0.0827208	1054	6750	7804
14786	9/13/2012	3	1	9	6	0	4	1	1	0.5	0.4848	0.82	0	9	186	195	622	3	1	9	0	4	1	1	0.6125	0.579558	0.637083	0.0827208	1054	6750	7804
14787	9/13/2012	3	1	9	7	0	4	1	1	0.54	0.5152	0.77	0	22	549	571	622	3	1	9	0	4	1	1	0.6125	0.579558	0.637083	0.0827208	1054	6750	7804
14788	9/13/2012	3	1	9	8	0	4	1	1	0.56	0.5303	0.73	0	33	725	758	622	3	1	9	0	4	1	1	0.6125	0.579558	0.637083	0.0827208	1054	6750	7804
14789	9/13/2012	3	1	9	9	0	4	1	1	0.6	0.6061	0.64	0.0896	46	292	338	622	3	1	9	0	4	1	1	0.6125	0.579558	0.637083	0.0827208	1054	6750	7804
14790	9/13/2012	3	1	9	10	0	4	1	1	0.64	0.6212	0.61	0.0896	63	149	212	622	3	1	9	0	4	1	1	0.6125	0.579558	0.637083	0.0827208	1054	6750	7804
14791	9/13/2012	3	1	9	11	0	4	1	1	0.66	0.6212	0.5	0.1642	71	183	254	622	3	1	9	0	4	1	1	0.6125	0.579558	0.637083	0.0827208	1054	6750	7804
14792	9/13/2012	3	1	9	12	0	4	1	1	0.68	0.6364	0.44	0.1045	57	240	297	622	3	1	9	0	4	1	1	0.6125	0.579558	0.637083	0.0827208	1054	6750	7804
14793	9/13/2012	3	1	9	13	0	4	1	1	0.7	0.6364	0.42	0	60	223	283	622	3	1	9	0	4	1	1	0.6125	0.579558	0.637083	0.0827208	1054	6750	7804
14794	9/13/2012	3	1	9	14	0	4	1	1	0.72	0.6515	0.39	0.1343	60	214	274	622	3	1	9	0	4	1	1	0.6125	0.579558	0.637083	0.0827208	1054	6750	7804
14795	9/13/2012	3	1	9	15	0	4	1	1	0.72	0.6515	0.42	0.1045	99	253	352	622	3	1	9	0	4	1	1	0.6125	0.579558	0.637083	0.0827208	1054	6750	7804
14796	9/13/2012	3	1	9	16	0	4	1	1	0.72	0.6515	0.39	0.0896	85	406	491	622	3	1	9	0	4	1	1	0.6125	0.579558	0.637083	0.0827208	1054	6750	7804
14797	9/13/2012	3	1	9	17	0	4	1	1	0.72	0.6515	0.42	0.194	97	787	884	622	3	1	9	0	4	1	1	0.6125	0.579558	0.637083	0.0827208	1054	6750	7804
14798	9/13/2012	3	1	9	18	0	4	1	1	0.68	0.6364	0.57	0.2537	108	744	852	622	3	1	9	0	4	1	1	0.6125	0.579558	0.637083	0.0827208	1054	6750	7804
14799	9/13/2012	3	1	9	19	0	4	1	1	0.64	0.6061	0.65	0.1343	80	594	674	622	3	1	9	0	4	1	1	0.6125	0.579558	0.637083	0.0827208	1054	6750	7804
14800	9/13/2012	3	1	9	20	0	4	1	1	0.62	0.6061	0.69	0.1045	55	408	463	622	3	1	9	0	4	1	1	0.6125	0.579558	0.637083	0.0827208	1054	6750	7804
14801	9/13/2012	3	1	9	21	0	4	1	1	0.62	0.6061	0.65	0.1045	26	291	317	622	3	1	9	0	4	1	1	0.6125	0.579558	0.637083	0.0827208	1054	6750	7804
14802	9/13/2012	3	1	9	22	0	4	1	1	0.6	0.5909	0.69	0.1343	28	223	251	622	3	1	9	0	4	1	1	0.6125	0.579558	0.637083	0.0827208	1054	6750	7804
14803	9/13/2012	3	1	9	23	0	4	1	1	0.58	0.5455	0.73	0.1045	33	137	170	622	3	1	9	0	4	1	1	0.6125	0.579558	0.637083	0.0827208	1054	6750	7804
14804	9/14/2012	3	1	9	0	0	5	1	1	0.56	0.5303	0.73	0.0896	24	63	87	623	3	1	9	0	5	1	1	0.633333	0.594083	0.6725	0.103863	1379	6630	8009
14805	9/14/2012	3	1	9	1	0	5	1	1	0.56	0.5303	0.73	0.0896	6	35	41	623	3	1	9	0	5	1	1	0.633333	0.594083	0.6725	0.103863	1379	6630	8009
14806	9/14/2012	3	1	9	2	0	5	1	1	0.56	0.5303	0.73	0	7	23	30	623	3	1	9	0	5	1	1	0.633333	0.594083	0.6725	0.103863	1379	6630	8009
14807	9/14/2012	3	1	9	3	0	5	1	1	0.54	0.5152	0.77	0	5	9	14	623	3	1	9	0	5	1	1	0.633333	0.594083	0.6725	0.103863	1379	6630	8009
14808	9/14/2012	3	1	9	4	0	5	1	1	0.54	0.5152	0.77	0	1	11	12	623	3	1	9	0	5	1	1	0.633333	0.594083	0.6725	0.103863	1379	6630	8009
14809	9/14/2012	3	1	9	5	0	5	1	1	0.54	0.5152	0.83	0	1	40	41	623	3	1	9	0	5	1	1	0.633333	0.594083	0.6725	0.103863	1379	6630	8009
14810	9/14/2012	3	1	9	6	0	5	1	1	0.54	0.5152	0.88	0	8	144	152	623	3	1	9	0	5	1	1	0.633333	0.594083	0.6725	0.103863	1379	6630	8009
14811	9/14/2012	3	1	9	7	0	5	1	2	0.56	0.5303	0.88	0	17	437	454	623	3	1	9	0	5	1	1	0.633333	0.594083	0.6725	0.103863	1379	6630	8009
14812	9/14/2012	3	1	9	8	0	5	1	2	0.6	0.5758	0.78	0.1642	51	715	766	623	3	1	9	0	5	1	1	0.633333	0.594083	0.6725	0.103863	1379	6630	8009
14813	9/14/2012	3	1	9	9	0	5	1	2	0.62	0.5909	0.78	0.1642	46	301	347	623	3	1	9	0	5	1	1	0.633333	0.594083	0.6725	0.103863	1379	6630	8009
14814	9/14/2012	3	1	9	10	0	5	1	2	0.68	0.6364	0.65	0	75	171	246	623	3	1	9	0	5	1	1	0.633333	0.594083	0.6725	0.103863	1379	6630	8009
14815	9/14/2012	3	1	9	11	0	5	1	2	0.68	0.6364	0.61	0.1045	84	196	280	623	3	1	9	0	5	1	1	0.633333	0.594083	0.6725	0.103863	1379	6630	8009
14816	9/14/2012	3	1	9	12	0	5	1	2	0.7	0.6515	0.54	0.194	119	290	409	623	3	1	9	0	5	1	1	0.633333	0.594083	0.6725	0.103863	1379	6630	8009
14817	9/14/2012	3	1	9	13	0	5	1	2	0.7	0.6515	0.54	0.194	107	301	408	623	3	1	9	0	5	1	1	0.633333	0.594083	0.6725	0.103863	1379	6630	8009
14818	9/14/2012	3	1	9	14	0	5	1	2	0.72	0.6515	0.45	0.1642	113	258	371	623	3	1	9	0	5	1	1	0.633333	0.594083	0.6725	0.103863	1379	6630	8009
14819	9/14/2012	3	1	9	15	0	5	1	2	0.72	0.6667	0.48	0.1343	94	273	367	623	3	1	9	0	5	1	1	0.633333	0.594083	0.6725	0.103863	1379	6630	8009
14820	9/14/2012	3	1	9	16	0	5	1	2	0.72	0.6667	0.51	0	109	454	563	623	3	1	9	0	5	1	1	0.633333	0.594083	0.6725	0.103863	1379	6630	8009
14821	9/14/2012	3	1	9	17	0	5	1	1	0.72	0.6667	0.51	0.194	137	757	894	623	3	1	9	0	5	1	1	0.633333	0.594083	0.6725	0.103863	1379	6630	8009
14822	9/14/2012	3	1	9	18	0	5	1	1	0.72	0.6515	0.45	0.2239	116	692	808	623	3	1	9	0	5	1	1	0.633333	0.594083	0.6725	0.103863	1379	6630	8009
14823	9/14/2012	3	1	9	19	0	5	1	1	0.68	0.6364	0.57	0.1642	83	496	579	623	3	1	9	0	5	1	1	0.633333	0.594083	0.6725	0.103863	1379	6630	8009
14824	9/14/2012	3	1	9	20	0	5	1	1	0.66	0.6212	0.61	0.1045	67	337	404	623	3	1	9	0	5	1	1	0.633333	0.594083	0.6725	0.103863	1379	6630	8009
14825	9/14/2012	3	1	9	21	0	5	1	1	0.64	0.6061	0.73	0.2239	42	270	312	623	3	1	9	0	5	1	1	0.633333	0.594083	0.6725	0.103863	1379	6630	8009
14826	9/14/2012	3	1	9	22	0	5	1	1	0.62	0.5758	0.83	0.194	40	189	229	623	3	1	9	0	5	1	1	0.633333	0.594083	0.6725	0.103863	1379	6630	8009
14827	9/14/2012	3	1	9	23	0	5	1	1	0.62	0.5909	0.78	0.0896	27	168	195	623	3	1	9	0	5	1	1	0.633333	0.594083	0.6725	0.103863	1379	6630	8009
14828	9/15/2012	3	1	9	0	0	6	0	1	0.6	0.5606	0.83	0.1045	38	169	207	624	3	1	9	0	6	0	1	0.608333	0.585867	0.501667	0.247521	3160	5554	8714
14829	9/15/2012	3	1	9	1	0	6	0	1	0.6	0.5909	0.73	0	8	101	109	624	3	1	9	0	6	0	1	0.608333	0.585867	0.501667	0.247521	3160	5554	8714
14830	9/15/2012	3	1	9	2	0	6	0	1	0.58	0.5455	0.78	0.1045	18	75	93	624	3	1	9	0	6	0	1	0.608333	0.585867	0.501667	0.247521	3160	5554	8714
14831	9/15/2012	3	1	9	3	0	6	0	1	0.6	0.5909	0.73	0.2537	6	31	37	624	3	1	9	0	6	0	1	0.608333	0.585867	0.501667	0.247521	3160	5554	8714
14832	9/15/2012	3	1	9	4	0	6	0	2	0.6	0.5909	0.69	0.3582	3	3	6	624	3	1	9	0	6	0	1	0.608333	0.585867	0.501667	0.247521	3160	5554	8714
14833	9/15/2012	3	1	9	5	0	6	0	1	0.58	0.5455	0.6	0.5224	1	15	16	624	3	1	9	0	6	0	1	0.608333	0.585867	0.501667	0.247521	3160	5554	8714
14834	9/15/2012	3	1	9	6	0	6	0	1	0.54	0.5152	0.49	0.4179	6	27	33	624	3	1	9	0	6	0	1	0.608333	0.585867	0.501667	0.247521	3160	5554	8714
14835	9/15/2012	3	1	9	7	0	6	0	1	0.54	0.5152	0.52	0.2836	10	63	73	624	3	1	9	0	6	0	1	0.608333	0.585867	0.501667	0.247521	3160	5554	8714
14836	9/15/2012	3	1	9	8	0	6	0	1	0.56	0.5303	0.49	0.4179	43	169	212	624	3	1	9	0	6	0	1	0.608333	0.585867	0.501667	0.247521	3160	5554	8714
14837	9/15/2012	3	1	9	9	0	6	0	1	0.6	0.6212	0.43	0.4179	79	263	342	624	3	1	9	0	6	0	1	0.608333	0.585867	0.501667	0.247521	3160	5554	8714
14838	9/15/2012	3	1	9	10	0	6	0	1	0.62	0.6212	0.41	0.3881	119	323	442	624	3	1	9	0	6	0	1	0.608333	0.585867	0.501667	0.247521	3160	5554	8714
14839	9/15/2012	3	1	9	11	0	6	0	1	0.64	0.6212	0.38	0.3881	228	399	627	624	3	1	9	0	6	0	1	0.608333	0.585867	0.501667	0.247521	3160	5554	8714
14840	9/15/2012	3	1	9	12	0	6	0	1	0.66	0.6212	0.36	0.3582	287	419	706	624	3	1	9	0	6	0	1	0.608333	0.585867	0.501667	0.247521	3160	5554	8714
14841	9/15/2012	3	1	9	13	0	6	0	1	0.68	0.6364	0.36	0.194	327	377	704	624	3	1	9	0	6	0	1	0.608333	0.585867	0.501667	0.247521	3160	5554	8714
14842	9/15/2012	3	1	9	14	0	6	0	1	0.68	0.6364	0.34	0.3284	325	390	715	624	3	1	9	0	6	0	1	0.608333	0.585867	0.501667	0.247521	3160	5554	8714
14843	9/15/2012	3	1	9	15	0	6	0	2	0.68	0.6364	0.34	0.2836	312	342	654	624	3	1	9	0	6	0	1	0.608333	0.585867	0.501667	0.247521	3160	5554	8714
14844	9/15/2012	3	1	9	16	0	6	0	2	0.66	0.6212	0.36	0.2239	350	433	783	624	3	1	9	0	6	0	1	0.608333	0.585867	0.501667	0.247521	3160	5554	8714
14845	9/15/2012	3	1	9	17	0	6	0	2	0.66	0.6212	0.36	0.2537	295	434	729	624	3	1	9	0	6	0	1	0.608333	0.585867	0.501667	0.247521	3160	5554	8714
14846	9/15/2012	3	1	9	18	0	6	0	2	0.64	0.6212	0.36	0.2836	232	382	614	624	3	1	9	0	6	0	1	0.608333	0.585867	0.501667	0.247521	3160	5554	8714
14847	9/15/2012	3	1	9	19	0	6	0	1	0.62	0.6212	0.41	0.1642	169	309	478	624	3	1	9	0	6	0	1	0.608333	0.585867	0.501667	0.247521	3160	5554	8714
14848	9/15/2012	3	1	9	20	0	6	0	1	0.6	0.6212	0.43	0.0896	89	241	330	624	3	1	9	0	6	0	1	0.608333	0.585867	0.501667	0.247521	3160	5554	8714
14849	9/15/2012	3	1	9	21	0	6	0	1	0.56	0.5303	0.52	0.1045	86	210	296	624	3	1	9	0	6	0	1	0.608333	0.585867	0.501667	0.247521	3160	5554	8714
14850	9/15/2012	3	1	9	22	0	6	0	1	0.56	0.5303	0.52	0	82	197	279	624	3	1	9	0	6	0	1	0.608333	0.585867	0.501667	0.247521	3160	5554	8714
14851	9/15/2012	3	1	9	23	0	6	0	1	0.54	0.5152	0.6	0	47	182	229	624	3	1	9	0	6	0	1	0.608333	0.585867	0.501667	0.247521	3160	5554	8714
14852	9/16/2012	3	1	9	0	0	0	0	1	0.54	0.5152	0.64	0	28	123	151	625	3	1	9	0	0	0	1	0.58	0.563125	0.57	0.0901833	2166	5167	7333
14853	9/16/2012	3	1	9	1	0	0	0	1	0.54	0.5152	0.64	0	35	82	117	625	3	1	9	0	0	0	1	0.58	0.563125	0.57	0.0901833	2166	5167	7333
14854	9/16/2012	3	1	9	2	0	0	0	1	0.52	0.5	0.63	0	27	62	89	625	3	1	9	0	0	0	1	0.58	0.563125	0.57	0.0901833	2166	5167	7333
14855	9/16/2012	3	1	9	3	0	0	0	1	0.5	0.4848	0.68	0	10	38	48	625	3	1	9	0	0	0	1	0.58	0.563125	0.57	0.0901833	2166	5167	7333
14856	9/16/2012	3	1	9	4	0	0	0	1	0.5	0.4848	0.72	0	2	6	8	625	3	1	9	0	0	0	1	0.58	0.563125	0.57	0.0901833	2166	5167	7333
14857	9/16/2012	3	1	9	5	0	0	0	1	0.5	0.4848	0.72	0	3	10	13	625	3	1	9	0	0	0	1	0.58	0.563125	0.57	0.0901833	2166	5167	7333
14858	9/16/2012	3	1	9	6	0	0	0	1	0.5	0.4848	0.72	0	9	26	35	625	3	1	9	0	0	0	1	0.58	0.563125	0.57	0.0901833	2166	5167	7333
14859	9/16/2012	3	1	9	7	0	0	0	1	0.5	0.4848	0.77	0.1045	28	43	71	625	3	1	9	0	0	0	1	0.58	0.563125	0.57	0.0901833	2166	5167	7333
14860	9/16/2012	3	1	9	8	0	0	0	1	0.54	0.5152	0.64	0.1642	34	94	128	625	3	1	9	0	0	0	1	0.58	0.563125	0.57	0.0901833	2166	5167	7333
14861	9/16/2012	3	1	9	9	0	0	0	1	0.58	0.5455	0.6	0.1343	70	226	296	625	3	1	9	0	0	0	1	0.58	0.563125	0.57	0.0901833	2166	5167	7333
14862	9/16/2012	3	1	9	10	0	0	0	1	0.62	0.6212	0.5	0.1045	160	330	490	625	3	1	9	0	0	0	1	0.58	0.563125	0.57	0.0901833	2166	5167	7333
14863	9/16/2012	3	1	9	11	0	0	0	1	0.64	0.6212	0.47	0.1642	183	376	559	625	3	1	9	0	0	0	1	0.58	0.563125	0.57	0.0901833	2166	5167	7333
14864	9/16/2012	3	1	9	12	0	0	0	1	0.66	0.6212	0.44	0.1642	188	468	656	625	3	1	9	0	0	0	1	0.58	0.563125	0.57	0.0901833	2166	5167	7333
14865	9/16/2012	3	1	9	13	0	0	0	1	0.64	0.6212	0.41	0.1642	240	454	694	625	3	1	9	0	0	0	1	0.58	0.563125	0.57	0.0901833	2166	5167	7333
14866	9/16/2012	3	1	9	14	0	0	0	1	0.66	0.6212	0.39	0.1343	225	410	635	625	3	1	9	0	0	0	1	0.58	0.563125	0.57	0.0901833	2166	5167	7333
14867	9/16/2012	3	1	9	15	0	0	0	1	0.64	0.6212	0.41	0.1642	215	342	557	625	3	1	9	0	0	0	1	0.58	0.563125	0.57	0.0901833	2166	5167	7333
14868	9/16/2012	3	1	9	16	0	0	0	1	0.64	0.6212	0.44	0.1642	194	402	596	625	3	1	9	0	0	0	1	0.58	0.563125	0.57	0.0901833	2166	5167	7333
14869	9/16/2012	3	1	9	17	0	0	0	1	0.66	0.6212	0.41	0	177	393	570	625	3	1	9	0	0	0	1	0.58	0.563125	0.57	0.0901833	2166	5167	7333
14870	9/16/2012	3	1	9	18	0	0	0	1	0.62	0.6212	0.5	0.1642	120	361	481	625	3	1	9	0	0	0	1	0.58	0.563125	0.57	0.0901833	2166	5167	7333
14871	9/16/2012	3	1	9	19	0	0	0	1	0.62	0.6212	0.5	0.1343	91	312	403	625	3	1	9	0	0	0	1	0.58	0.563125	0.57	0.0901833	2166	5167	7333
14872	9/16/2012	3	1	9	20	0	0	0	1	0.6	0.6212	0.53	0.1045	57	267	324	625	3	1	9	0	0	0	1	0.58	0.563125	0.57	0.0901833	2166	5167	7333
14873	9/16/2012	3	1	9	21	0	0	0	1	0.6	0.6212	0.56	0.1045	43	148	191	625	3	1	9	0	0	0	1	0.58	0.563125	0.57	0.0901833	2166	5167	7333
14874	9/16/2012	3	1	9	22	0	0	0	1	0.56	0.5303	0.68	0.0896	18	109	127	625	3	1	9	0	0	0	1	0.58	0.563125	0.57	0.0901833	2166	5167	7333
14875	9/16/2012	3	1	9	23	0	0	0	1	0.54	0.5152	0.68	0.1045	9	85	94	625	3	1	9	0	0	0	1	0.58	0.563125	0.57	0.0901833	2166	5167	7333
14876	9/17/2012	3	1	9	0	0	1	1	1	0.54	0.5152	0.68	0.1642	14	31	45	626	3	1	9	0	1	1	2	0.580833	0.55305	0.734583	0.151742	1022	5847	6869
14877	9/17/2012	3	1	9	1	0	1	1	1	0.52	0.5	0.72	0.0896	9	12	21	626	3	1	9	0	1	1	2	0.580833	0.55305	0.734583	0.151742	1022	5847	6869
14878	9/17/2012	3	1	9	2	0	1	1	1	0.52	0.5	0.72	0	5	8	13	626	3	1	9	0	1	1	2	0.580833	0.55305	0.734583	0.151742	1022	5847	6869
14879	9/17/2012	3	1	9	3	0	1	1	1	0.5	0.4848	0.77	0.0896	0	7	7	626	3	1	9	0	1	1	2	0.580833	0.55305	0.734583	0.151742	1022	5847	6869
14880	9/17/2012	3	1	9	4	0	1	1	1	0.5	0.4848	0.77	0	2	9	11	626	3	1	9	0	1	1	2	0.580833	0.55305	0.734583	0.151742	1022	5847	6869
14881	9/17/2012	3	1	9	5	0	1	1	1	0.48	0.4697	0.82	0.0896	1	44	45	626	3	1	9	0	1	1	2	0.580833	0.55305	0.734583	0.151742	1022	5847	6869
14882	9/17/2012	3	1	9	6	0	1	1	1	0.48	0.4697	0.82	0	7	157	164	626	3	1	9	0	1	1	2	0.580833	0.55305	0.734583	0.151742	1022	5847	6869
14883	9/17/2012	3	1	9	7	0	1	1	1	0.52	0.5	0.77	0	18	474	492	626	3	1	9	0	1	1	2	0.580833	0.55305	0.734583	0.151742	1022	5847	6869
14884	9/17/2012	3	1	9	8	0	1	1	1	0.54	0.5152	0.77	0.0896	36	647	683	626	3	1	9	0	1	1	2	0.580833	0.55305	0.734583	0.151742	1022	5847	6869
14885	9/17/2012	3	1	9	9	0	1	1	1	0.58	0.5455	0.68	0.1343	34	265	299	626	3	1	9	0	1	1	2	0.580833	0.55305	0.734583	0.151742	1022	5847	6869
14886	9/17/2012	3	1	9	10	0	1	1	2	0.62	0.6061	0.65	0.194	73	129	202	626	3	1	9	0	1	1	2	0.580833	0.55305	0.734583	0.151742	1022	5847	6869
14887	9/17/2012	3	1	9	11	0	1	1	2	0.62	0.6061	0.69	0.2239	61	191	252	626	3	1	9	0	1	1	2	0.580833	0.55305	0.734583	0.151742	1022	5847	6869
14888	9/17/2012	3	1	9	12	0	1	1	2	0.62	0.6061	0.69	0.194	62	233	295	626	3	1	9	0	1	1	2	0.580833	0.55305	0.734583	0.151742	1022	5847	6869
14889	9/17/2012	3	1	9	13	0	1	1	1	0.64	0.6061	0.65	0.2537	112	231	343	626	3	1	9	0	1	1	2	0.580833	0.55305	0.734583	0.151742	1022	5847	6869
14890	9/17/2012	3	1	9	14	0	1	1	2	0.64	0.6061	0.65	0.2537	129	203	332	626	3	1	9	0	1	1	2	0.580833	0.55305	0.734583	0.151742	1022	5847	6869
14891	9/17/2012	3	1	9	15	0	1	1	2	0.64	0.6061	0.65	0.2537	82	256	338	626	3	1	9	0	1	1	2	0.580833	0.55305	0.734583	0.151742	1022	5847	6869
14892	9/17/2012	3	1	9	16	0	1	1	2	0.64	0.6061	0.69	0.2537	74	379	453	626	3	1	9	0	1	1	2	0.580833	0.55305	0.734583	0.151742	1022	5847	6869
14893	9/17/2012	3	1	9	17	0	1	1	2	0.64	0.6061	0.65	0.2239	102	740	842	626	3	1	9	0	1	1	2	0.580833	0.55305	0.734583	0.151742	1022	5847	6869
14894	9/17/2012	3	1	9	18	0	1	1	2	0.62	0.5909	0.73	0.1642	66	708	774	626	3	1	9	0	1	1	2	0.580833	0.55305	0.734583	0.151742	1022	5847	6869
14895	9/17/2012	3	1	9	19	0	1	1	2	0.62	0.5909	0.73	0.1045	51	435	486	626	3	1	9	0	1	1	2	0.580833	0.55305	0.734583	0.151742	1022	5847	6869
14896	9/17/2012	3	1	9	20	0	1	1	2	0.62	0.5909	0.73	0.1343	32	308	340	626	3	1	9	0	1	1	2	0.580833	0.55305	0.734583	0.151742	1022	5847	6869
14897	9/17/2012	3	1	9	21	0	1	1	3	0.62	0.5758	0.83	0.2239	28	205	233	626	3	1	9	0	1	1	2	0.580833	0.55305	0.734583	0.151742	1022	5847	6869
14898	9/17/2012	3	1	9	22	0	1	1	3	0.62	0.5758	0.83	0.2537	20	109	129	626	3	1	9	0	1	1	2	0.580833	0.55305	0.734583	0.151742	1022	5847	6869
14899	9/17/2012	3	1	9	23	0	1	1	3	0.6	0.5152	0.94	0.2537	4	66	70	626	3	1	9	0	1	1	2	0.580833	0.55305	0.734583	0.151742	1022	5847	6869
14900	9/18/2012	3	1	9	0	0	2	1	3	0.6	0.5152	0.94	0.2537	2	11	13	627	3	1	9	0	2	1	2	0.623333	0.565067	0.8725	0.357587	371	3702	4073
14901	9/18/2012	3	1	9	1	0	2	1	3	0.6	0.5152	0.94	0.194	0	5	5	627	3	1	9	0	2	1	2	0.623333	0.565067	0.8725	0.357587	371	3702	4073
14902	9/18/2012	3	1	9	2	0	2	1	3	0.6	0.5152	0.94	0.194	0	4	4	627	3	1	9	0	2	1	2	0.623333	0.565067	0.8725	0.357587	371	3702	4073
14903	9/18/2012	3	1	9	3	0	2	1	2	0.62	0.5455	0.94	0.2836	0	6	6	627	3	1	9	0	2	1	2	0.623333	0.565067	0.8725	0.357587	371	3702	4073
14904	9/18/2012	3	1	9	4	0	2	1	2	0.62	0.5455	0.94	0.3582	2	5	7	627	3	1	9	0	2	1	2	0.623333	0.565067	0.8725	0.357587	371	3702	4073
14905	9/18/2012	3	1	9	5	0	2	1	2	0.64	0.5758	0.89	0.3284	3	45	48	627	3	1	9	0	2	1	2	0.623333	0.565067	0.8725	0.357587	371	3702	4073
14906	9/18/2012	3	1	9	6	0	2	1	2	0.64	0.5758	0.89	0.3284	4	163	167	627	3	1	9	0	2	1	2	0.623333	0.565067	0.8725	0.357587	371	3702	4073
14907	9/18/2012	3	1	9	7	0	2	1	2	0.64	0.5758	0.89	0.4478	13	343	356	627	3	1	9	0	2	1	2	0.623333	0.565067	0.8725	0.357587	371	3702	4073
14908	9/18/2012	3	1	9	8	0	2	1	2	0.66	0.6061	0.83	0.5522	32	640	672	627	3	1	9	0	2	1	2	0.623333	0.565067	0.8725	0.357587	371	3702	4073
14909	9/18/2012	3	1	9	9	0	2	1	2	0.66	0.6061	0.83	0.5821	27	266	293	627	3	1	9	0	2	1	2	0.623333	0.565067	0.8725	0.357587	371	3702	4073
14910	9/18/2012	3	1	9	10	0	2	1	3	0.68	0.6364	0.79	0.6418	30	130	160	627	3	1	9	0	2	1	2	0.623333	0.565067	0.8725	0.357587	371	3702	4073
14911	9/18/2012	3	1	9	11	0	2	1	2	0.68	0.6364	0.79	0.6418	36	115	151	627	3	1	9	0	2	1	2	0.623333	0.565067	0.8725	0.357587	371	3702	4073
14912	9/18/2012	3	1	9	12	0	2	1	3	0.68	0.6364	0.83	0.4478	16	72	88	627	3	1	9	0	2	1	2	0.623333	0.565067	0.8725	0.357587	371	3702	4073
14913	9/18/2012	3	1	9	13	0	2	1	2	0.7	0.6667	0.74	0.5821	17	97	114	627	3	1	9	0	2	1	2	0.623333	0.565067	0.8725	0.357587	371	3702	4073
14914	9/18/2012	3	1	9	14	0	2	1	3	0.6	0.5152	0.94	0.4627	27	116	143	627	3	1	9	0	2	1	2	0.623333	0.565067	0.8725	0.357587	371	3702	4073
14915	9/18/2012	3	1	9	15	0	2	1	3	0.6	0.5455	0.88	0.2537	1	35	36	627	3	1	9	0	2	1	2	0.623333	0.565067	0.8725	0.357587	371	3702	4073
14916	9/18/2012	3	1	9	16	0	2	1	3	0.6	0.5455	0.88	0.2985	19	122	141	627	3	1	9	0	2	1	2	0.623333	0.565067	0.8725	0.357587	371	3702	4073
14917	9/18/2012	3	1	9	17	0	2	1	3	0.6	0.5455	0.88	0.194	36	302	338	627	3	1	9	0	2	1	2	0.623333	0.565067	0.8725	0.357587	371	3702	4073
14918	9/18/2012	3	1	9	18	0	2	1	2	0.6	0.5455	0.88	0.1642	19	262	281	627	3	1	9	0	2	1	2	0.623333	0.565067	0.8725	0.357587	371	3702	4073
14919	9/18/2012	3	1	9	19	0	2	1	2	0.6	0.5455	0.88	0.2985	22	302	324	627	3	1	9	0	2	1	2	0.623333	0.565067	0.8725	0.357587	371	3702	4073
14920	9/18/2012	3	1	9	20	0	2	1	2	0.6	0.5455	0.88	0.194	19	271	290	627	3	1	9	0	2	1	2	0.623333	0.565067	0.8725	0.357587	371	3702	4073
14921	9/18/2012	3	1	9	21	0	2	1	2	0.6	0.5455	0.88	0.194	21	186	207	627	3	1	9	0	2	1	2	0.623333	0.565067	0.8725	0.357587	371	3702	4073
14922	9/18/2012	3	1	9	22	0	2	1	3	0.58	0.5455	0.83	0.4627	14	137	151	627	3	1	9	0	2	1	2	0.623333	0.565067	0.8725	0.357587	371	3702	4073
14923	9/18/2012	3	1	9	23	0	2	1	2	0.56	0.5303	0.83	0.2239	11	67	78	627	3	1	9	0	2	1	2	0.623333	0.565067	0.8725	0.357587	371	3702	4073
14924	9/19/2012	3	1	9	0	0	3	1	2	0.56	0.5303	0.68	0.2836	3	23	26	628	3	1	9	0	3	1	1	0.5525	0.540404	0.536667	0.215175	788	6803	7591
14925	9/19/2012	3	1	9	1	0	3	1	2	0.54	0.5152	0.68	0.2537	0	12	12	628	3	1	9	0	3	1	1	0.5525	0.540404	0.536667	0.215175	788	6803	7591
14926	9/19/2012	3	1	9	2	0	3	1	2	0.54	0.5152	0.64	0.3284	0	3	3	628	3	1	9	0	3	1	1	0.5525	0.540404	0.536667	0.215175	788	6803	7591
14927	9/19/2012	3	1	9	3	0	3	1	2	0.52	0.5	0.63	0.2537	1	4	5	628	3	1	9	0	3	1	1	0.5525	0.540404	0.536667	0.215175	788	6803	7591
14928	9/19/2012	3	1	9	4	0	3	1	2	0.52	0.5	0.68	0.3582	0	10	10	628	3	1	9	0	3	1	1	0.5525	0.540404	0.536667	0.215175	788	6803	7591
14929	9/19/2012	3	1	9	5	0	3	1	2	0.52	0.5	0.68	0.2836	2	54	56	628	3	1	9	0	3	1	1	0.5525	0.540404	0.536667	0.215175	788	6803	7591
14930	9/19/2012	3	1	9	6	0	3	1	1	0.52	0.5	0.63	0.2537	6	166	172	628	3	1	9	0	3	1	1	0.5525	0.540404	0.536667	0.215175	788	6803	7591
14931	9/19/2012	3	1	9	7	0	3	1	1	0.52	0.5	0.63	0.2239	16	529	545	628	3	1	9	0	3	1	1	0.5525	0.540404	0.536667	0.215175	788	6803	7591
14932	9/19/2012	3	1	9	8	0	3	1	1	0.52	0.5	0.59	0.2239	39	758	797	628	3	1	9	0	3	1	1	0.5525	0.540404	0.536667	0.215175	788	6803	7591
14933	9/19/2012	3	1	9	9	0	3	1	1	0.54	0.5152	0.6	0.2537	26	336	362	628	3	1	9	0	3	1	1	0.5525	0.540404	0.536667	0.215175	788	6803	7591
14934	9/19/2012	3	1	9	10	0	3	1	1	0.56	0.5303	0.52	0.194	23	169	192	628	3	1	9	0	3	1	1	0.5525	0.540404	0.536667	0.215175	788	6803	7591
14935	9/19/2012	3	1	9	11	0	3	1	1	0.6	0.6212	0.43	0.2537	44	203	247	628	3	1	9	0	3	1	1	0.5525	0.540404	0.536667	0.215175	788	6803	7591
14936	9/19/2012	3	1	9	12	0	3	1	1	0.6	0.6212	0.43	0.2537	53	260	313	628	3	1	9	0	3	1	1	0.5525	0.540404	0.536667	0.215175	788	6803	7591
14937	9/19/2012	3	1	9	13	0	3	1	1	0.6	0.6212	0.4	0.2537	55	234	289	628	3	1	9	0	3	1	1	0.5525	0.540404	0.536667	0.215175	788	6803	7591
14938	9/19/2012	3	1	9	14	0	3	1	1	0.62	0.6212	0.38	0.2537	59	227	286	628	3	1	9	0	3	1	1	0.5525	0.540404	0.536667	0.215175	788	6803	7591
14939	9/19/2012	3	1	9	15	0	3	1	1	0.62	0.6212	0.35	0	57	254	311	628	3	1	9	0	3	1	1	0.5525	0.540404	0.536667	0.215175	788	6803	7591
14940	9/19/2012	3	1	9	16	0	3	1	1	0.62	0.6212	0.35	0	69	397	466	628	3	1	9	0	3	1	1	0.5525	0.540404	0.536667	0.215175	788	6803	7591
14941	9/19/2012	3	1	9	17	0	3	1	1	0.6	0.6212	0.38	0.2239	74	812	886	628	3	1	9	0	3	1	1	0.5525	0.540404	0.536667	0.215175	788	6803	7591
14942	9/19/2012	3	1	9	18	0	3	1	1	0.58	0.5455	0.4	0.2836	85	807	892	628	3	1	9	0	3	1	1	0.5525	0.540404	0.536667	0.215175	788	6803	7591
14943	9/19/2012	3	1	9	19	0	3	1	1	0.56	0.5303	0.43	0.2239	72	539	611	628	3	1	9	0	3	1	1	0.5525	0.540404	0.536667	0.215175	788	6803	7591
14944	9/19/2012	3	1	9	20	0	3	1	1	0.52	0.5	0.48	0.1642	31	378	409	628	3	1	9	0	3	1	1	0.5525	0.540404	0.536667	0.215175	788	6803	7591
14945	9/19/2012	3	1	9	21	0	3	1	1	0.5	0.4848	0.59	0.1642	25	324	349	628	3	1	9	0	3	1	1	0.5525	0.540404	0.536667	0.215175	788	6803	7591
14946	9/19/2012	3	1	9	22	0	3	1	1	0.5	0.4848	0.63	0.0896	31	198	229	628	3	1	9	0	3	1	1	0.5525	0.540404	0.536667	0.215175	788	6803	7591
14947	9/19/2012	3	1	9	23	0	3	1	1	0.48	0.4697	0.67	0.0896	17	106	123	628	3	1	9	0	3	1	1	0.5525	0.540404	0.536667	0.215175	788	6803	7591
14948	9/20/2012	3	1	9	0	0	4	1	1	0.5	0.4848	0.63	0	12	46	58	629	3	1	9	0	4	1	1	0.546667	0.532192	0.618333	0.118167	939	6781	7720
14949	9/20/2012	3	1	9	1	0	4	1	1	0.46	0.4545	0.72	0.1045	4	14	18	629	3	1	9	0	4	1	1	0.546667	0.532192	0.618333	0.118167	939	6781	7720
14950	9/20/2012	3	1	9	2	0	4	1	1	0.46	0.4545	0.72	0.0896	2	9	11	629	3	1	9	0	4	1	1	0.546667	0.532192	0.618333	0.118167	939	6781	7720
14951	9/20/2012	3	1	9	3	0	4	1	1	0.44	0.4394	0.77	0	0	6	6	629	3	1	9	0	4	1	1	0.546667	0.532192	0.618333	0.118167	939	6781	7720
14952	9/20/2012	3	1	9	4	0	4	1	1	0.44	0.4394	0.77	0.1045	0	6	6	629	3	1	9	0	4	1	1	0.546667	0.532192	0.618333	0.118167	939	6781	7720
14953	9/20/2012	3	1	9	5	0	4	1	1	0.44	0.4394	0.77	0.1045	4	52	56	629	3	1	9	0	4	1	1	0.546667	0.532192	0.618333	0.118167	939	6781	7720
14954	9/20/2012	3	1	9	6	0	4	1	1	0.44	0.4394	0.77	0	9	161	170	629	3	1	9	0	4	1	1	0.546667	0.532192	0.618333	0.118167	939	6781	7720
14955	9/20/2012	3	1	9	7	0	4	1	1	0.46	0.4545	0.82	0.1045	20	514	534	629	3	1	9	0	4	1	1	0.546667	0.532192	0.618333	0.118167	939	6781	7720
14956	9/20/2012	3	1	9	8	0	4	1	1	0.5	0.4848	0.68	0.0896	44	746	790	629	3	1	9	0	4	1	1	0.546667	0.532192	0.618333	0.118167	939	6781	7720
14957	9/20/2012	3	1	9	9	0	4	1	1	0.56	0.5303	0.6	0.0896	25	330	355	629	3	1	9	0	4	1	1	0.546667	0.532192	0.618333	0.118167	939	6781	7720
14958	9/20/2012	3	1	9	10	0	4	1	1	0.58	0.5455	0.53	0.0896	33	157	190	629	3	1	9	0	4	1	1	0.546667	0.532192	0.618333	0.118167	939	6781	7720
14959	9/20/2012	3	1	9	11	0	4	1	1	0.62	0.6212	0.43	0	37	206	243	629	3	1	9	0	4	1	1	0.546667	0.532192	0.618333	0.118167	939	6781	7720
14960	9/20/2012	3	1	9	12	0	4	1	1	0.62	0.6212	0.43	0.1343	57	233	290	629	3	1	9	0	4	1	1	0.546667	0.532192	0.618333	0.118167	939	6781	7720
14961	9/20/2012	3	1	9	13	0	4	1	1	0.64	0.6212	0.44	0.1343	68	268	336	629	3	1	9	0	4	1	1	0.546667	0.532192	0.618333	0.118167	939	6781	7720
14962	9/20/2012	3	1	9	14	0	4	1	1	0.64	0.6212	0.47	0.194	76	222	298	629	3	1	9	0	4	1	1	0.546667	0.532192	0.618333	0.118167	939	6781	7720
14963	9/20/2012	3	1	9	15	0	4	1	1	0.66	0.6212	0.47	0.194	60	231	291	629	3	1	9	0	4	1	1	0.546667	0.532192	0.618333	0.118167	939	6781	7720
14964	9/20/2012	3	1	9	16	0	4	1	1	0.64	0.6212	0.47	0.1642	72	385	457	629	3	1	9	0	4	1	1	0.546667	0.532192	0.618333	0.118167	939	6781	7720
14965	9/20/2012	3	1	9	17	0	4	1	1	0.64	0.6212	0.5	0.2239	91	885	976	629	3	1	9	0	4	1	1	0.546667	0.532192	0.618333	0.118167	939	6781	7720
14966	9/20/2012	3	1	9	18	0	4	1	1	0.6	0.6212	0.56	0.2537	119	781	900	629	3	1	9	0	4	1	1	0.546667	0.532192	0.618333	0.118167	939	6781	7720
14967	9/20/2012	3	1	9	19	0	4	1	1	0.58	0.5455	0.6	0.2239	69	534	603	629	3	1	9	0	4	1	1	0.546667	0.532192	0.618333	0.118167	939	6781	7720
14968	9/20/2012	3	1	9	20	0	4	1	1	0.56	0.5303	0.64	0.1343	57	360	417	629	3	1	9	0	4	1	1	0.546667	0.532192	0.618333	0.118167	939	6781	7720
14969	9/20/2012	3	1	9	21	0	4	1	1	0.56	0.5303	0.64	0.194	28	246	274	629	3	1	9	0	4	1	1	0.546667	0.532192	0.618333	0.118167	939	6781	7720
14970	9/20/2012	3	1	9	22	0	4	1	1	0.54	0.5152	0.73	0.1045	35	252	287	629	3	1	9	0	4	1	1	0.546667	0.532192	0.618333	0.118167	939	6781	7720
14971	9/20/2012	3	1	9	23	0	4	1	1	0.54	0.5152	0.68	0.1045	17	137	154	629	3	1	9	0	4	1	1	0.546667	0.532192	0.618333	0.118167	939	6781	7720
14972	9/21/2012	3	1	9	0	0	5	1	1	0.54	0.5152	0.68	0	13	53	66	630	3	1	9	0	5	1	1	0.599167	0.571971	0.66875	0.154229	1250	6917	8167
14973	9/21/2012	3	1	9	1	0	5	1	1	0.52	0.5	0.72	0	11	38	49	630	3	1	9	0	5	1	1	0.599167	0.571971	0.66875	0.154229	1250	6917	8167
14974	9/21/2012	3	1	9	2	0	5	1	1	0.52	0.5	0.72	0	6	8	14	630	3	1	9	0	5	1	1	0.599167	0.571971	0.66875	0.154229	1250	6917	8167
14975	9/21/2012	3	1	9	3	0	5	1	1	0.5	0.4848	0.77	0.0896	1	11	12	630	3	1	9	0	5	1	1	0.599167	0.571971	0.66875	0.154229	1250	6917	8167
14976	9/21/2012	3	1	9	4	0	5	1	1	0.5	0.4848	0.77	0	1	9	10	630	3	1	9	0	5	1	1	0.599167	0.571971	0.66875	0.154229	1250	6917	8167
14977	9/21/2012	3	1	9	5	0	5	1	1	0.5	0.4848	0.82	0	2	47	49	630	3	1	9	0	5	1	1	0.599167	0.571971	0.66875	0.154229	1250	6917	8167
14978	9/21/2012	3	1	9	6	0	5	1	1	0.5	0.4848	0.77	0.0896	19	146	165	630	3	1	9	0	5	1	1	0.599167	0.571971	0.66875	0.154229	1250	6917	8167
14979	9/21/2012	3	1	9	7	0	5	1	1	0.52	0.5	0.77	0	35	468	503	630	3	1	9	0	5	1	1	0.599167	0.571971	0.66875	0.154229	1250	6917	8167
14980	9/21/2012	3	1	9	8	0	5	1	1	0.54	0.5152	0.73	0.1343	31	726	757	630	3	1	9	0	5	1	1	0.599167	0.571971	0.66875	0.154229	1250	6917	8167
14981	9/21/2012	3	1	9	9	0	5	1	1	0.58	0.5455	0.68	0.1343	35	348	383	630	3	1	9	0	5	1	1	0.599167	0.571971	0.66875	0.154229	1250	6917	8167
14982	9/21/2012	3	1	9	10	0	5	1	1	0.62	0.6061	0.61	0.2239	44	181	225	630	3	1	9	0	5	1	1	0.599167	0.571971	0.66875	0.154229	1250	6917	8167
14983	9/21/2012	3	1	9	11	0	5	1	1	0.66	0.6212	0.57	0.2239	79	242	321	630	3	1	9	0	5	1	1	0.599167	0.571971	0.66875	0.154229	1250	6917	8167
14984	9/21/2012	3	1	9	12	0	5	1	1	0.68	0.6364	0.57	0.1642	84	305	389	630	3	1	9	0	5	1	1	0.599167	0.571971	0.66875	0.154229	1250	6917	8167
14985	9/21/2012	3	1	9	13	0	5	1	1	0.7	0.6515	0.54	0.1642	105	316	421	630	3	1	9	0	5	1	1	0.599167	0.571971	0.66875	0.154229	1250	6917	8167
14986	9/21/2012	3	1	9	14	0	5	1	1	0.7	0.6515	0.54	0.2985	113	299	412	630	3	1	9	0	5	1	1	0.599167	0.571971	0.66875	0.154229	1250	6917	8167
14987	9/21/2012	3	1	9	15	0	5	1	1	0.7	0.6515	0.54	0.2239	90	333	423	630	3	1	9	0	5	1	1	0.599167	0.571971	0.66875	0.154229	1250	6917	8167
14988	9/21/2012	3	1	9	16	0	5	1	1	0.7	0.6515	0.54	0.194	103	464	567	630	3	1	9	0	5	1	1	0.599167	0.571971	0.66875	0.154229	1250	6917	8167
14989	9/21/2012	3	1	9	17	0	5	1	1	0.68	0.6364	0.57	0.2836	107	739	846	630	3	1	9	0	5	1	1	0.599167	0.571971	0.66875	0.154229	1250	6917	8167
14990	9/21/2012	3	1	9	18	0	5	1	1	0.66	0.6212	0.61	0.2537	106	699	805	630	3	1	9	0	5	1	1	0.599167	0.571971	0.66875	0.154229	1250	6917	8167
14991	9/21/2012	3	1	9	19	0	5	1	1	0.64	0.6061	0.65	0.2537	95	493	588	630	3	1	9	0	5	1	1	0.599167	0.571971	0.66875	0.154229	1250	6917	8167
14992	9/21/2012	3	1	9	20	0	5	1	1	0.62	0.6061	0.69	0.194	54	315	369	630	3	1	9	0	5	1	1	0.599167	0.571971	0.66875	0.154229	1250	6917	8167
14993	9/21/2012	3	1	9	21	0	5	1	1	0.6	0.5909	0.73	0.2537	46	266	312	630	3	1	9	0	5	1	1	0.599167	0.571971	0.66875	0.154229	1250	6917	8167
14994	9/21/2012	3	1	9	22	0	5	1	1	0.6	0.5909	0.73	0.194	47	248	295	630	3	1	9	0	5	1	1	0.599167	0.571971	0.66875	0.154229	1250	6917	8167
14995	9/21/2012	3	1	9	23	0	5	1	1	0.6	0.5909	0.73	0.3284	23	163	186	630	3	1	9	0	5	1	1	0.599167	0.571971	0.66875	0.154229	1250	6917	8167
14996	9/22/2012	3	1	9	0	0	6	0	1	0.6	0.5909	0.73	0.2836	32	140	172	631	3	1	9	0	6	0	1	0.65	0.610488	0.646667	0.283583	2512	5883	8395
14997	9/22/2012	3	1	9	1	0	6	0	1	0.58	0.5455	0.83	0.2985	18	106	124	631	3	1	9	0	6	0	1	0.65	0.610488	0.646667	0.283583	2512	5883	8395
14998	9/22/2012	3	1	9	2	0	6	0	1	0.56	0.5303	0.88	0.2537	10	73	83	631	3	1	9	0	6	0	1	0.65	0.610488	0.646667	0.283583	2512	5883	8395
14999	9/22/2012	3	1	9	3	0	6	0	1	0.56	0.5303	0.83	0.2836	6	39	45	631	3	1	9	0	6	0	1	0.65	0.610488	0.646667	0.283583	2512	5883	8395
15000	9/22/2012	3	1	9	4	0	6	0	1	0.56	0.5303	0.83	0.2836	5	10	15	631	3	1	9	0	6	0	1	0.65	0.610488	0.646667	0.283583	2512	5883	8395
15001	9/22/2012	3	1	9	5	0	6	0	1	0.56	0.5303	0.83	0.3284	2	15	17	631	3	1	9	0	6	0	1	0.65	0.610488	0.646667	0.283583	2512	5883	8395
15002	9/22/2012	3	1	9	6	0	6	0	1	0.56	0.5303	0.83	0.2985	6	35	41	631	3	1	9	0	6	0	1	0.65	0.610488	0.646667	0.283583	2512	5883	8395
15003	9/22/2012	3	1	9	7	0	6	0	1	0.58	0.5455	0.78	0.2537	7	70	77	631	3	1	9	0	6	0	1	0.65	0.610488	0.646667	0.283583	2512	5883	8395
15004	9/22/2012	3	1	9	8	0	6	0	1	0.6	0.5909	0.73	0.2985	21	197	218	631	3	1	9	0	6	0	1	0.65	0.610488	0.646667	0.283583	2512	5883	8395
15005	9/22/2012	3	1	9	9	0	6	0	1	0.64	0.6061	0.69	0.2537	88	289	377	631	3	1	9	0	6	0	1	0.65	0.610488	0.646667	0.283583	2512	5883	8395
15006	9/22/2012	3	1	9	10	0	6	0	1	0.66	0.6212	0.65	0.3284	124	350	474	631	3	1	9	0	6	0	1	0.65	0.610488	0.646667	0.283583	2512	5883	8395
15007	9/22/2012	3	1	9	11	0	6	0	1	0.7	0.6515	0.58	0.2836	189	437	626	631	3	1	9	0	6	0	1	0.65	0.610488	0.646667	0.283583	2512	5883	8395
15008	9/22/2012	3	1	9	12	0	6	0	1	0.72	0.6667	0.54	0.2985	228	460	688	631	3	1	9	0	6	0	1	0.65	0.610488	0.646667	0.283583	2512	5883	8395
15009	9/22/2012	3	1	9	13	0	6	0	1	0.74	0.6667	0.51	0.3582	273	434	707	631	3	1	9	0	6	0	1	0.65	0.610488	0.646667	0.283583	2512	5883	8395
15010	9/22/2012	3	1	9	14	0	6	0	1	0.76	0.6818	0.48	0.2836	250	404	654	631	3	1	9	0	6	0	1	0.65	0.610488	0.646667	0.283583	2512	5883	8395
15011	9/22/2012	3	1	9	15	0	6	0	1	0.74	0.6667	0.48	0.3881	307	443	750	631	3	1	9	0	6	0	1	0.65	0.610488	0.646667	0.283583	2512	5883	8395
15012	9/22/2012	3	1	9	16	0	6	0	1	0.74	0.6667	0.51	0.3284	253	427	680	631	3	1	9	0	6	0	1	0.65	0.610488	0.646667	0.283583	2512	5883	8395
15013	9/22/2012	3	1	9	17	0	6	0	1	0.74	0.6667	0.51	0.3284	195	451	646	631	3	1	9	0	6	0	1	0.65	0.610488	0.646667	0.283583	2512	5883	8395
15014	9/22/2012	3	1	9	18	0	6	0	1	0.72	0.6667	0.54	0.2836	171	427	598	631	3	1	9	0	6	0	1	0.65	0.610488	0.646667	0.283583	2512	5883	8395
15015	9/22/2012	3	1	9	19	0	6	0	1	0.7	0.6515	0.58	0.194	99	308	407	631	3	1	9	0	6	0	1	0.65	0.610488	0.646667	0.283583	2512	5883	8395
15016	9/22/2012	3	1	9	20	0	6	0	1	0.7	0.6515	0.54	0.2537	76	249	325	631	3	1	9	0	6	0	1	0.65	0.610488	0.646667	0.283583	2512	5883	8395
15017	9/22/2012	3	1	9	21	0	6	0	1	0.64	0.6212	0.57	0.2537	59	202	261	631	3	1	9	0	6	0	1	0.65	0.610488	0.646667	0.283583	2512	5883	8395
15018	9/22/2012	3	1	9	22	0	6	0	1	0.62	0.6212	0.57	0.194	59	180	239	631	3	1	9	0	6	0	1	0.65	0.610488	0.646667	0.283583	2512	5883	8395
15019	9/22/2012	3	1	9	23	0	6	0	1	0.62	0.6212	0.5	0.194	34	137	171	631	3	1	9	0	6	0	1	0.65	0.610488	0.646667	0.283583	2512	5883	8395
15020	9/23/2012	4	1	9	0	0	0	0	1	0.62	0.6212	0.38	0.2537	34	146	180	632	4	1	9	0	0	0	1	0.529167	0.518933	0.467083	0.223258	2454	5453	7907
15021	9/23/2012	4	1	9	1	0	0	0	1	0.54	0.5152	0.52	0.3582	23	119	142	632	4	1	9	0	0	0	1	0.529167	0.518933	0.467083	0.223258	2454	5453	7907
15022	9/23/2012	4	1	9	2	0	0	0	1	0.52	0.5	0.48	0.2537	18	77	95	632	4	1	9	0	0	0	1	0.529167	0.518933	0.467083	0.223258	2454	5453	7907
15023	9/23/2012	4	1	9	3	0	0	0	1	0.48	0.4697	0.55	0.2985	13	41	54	632	4	1	9	0	0	0	1	0.529167	0.518933	0.467083	0.223258	2454	5453	7907
15024	9/23/2012	4	1	9	4	0	0	0	1	0.46	0.4545	0.55	0.2239	1	9	10	632	4	1	9	0	0	0	1	0.529167	0.518933	0.467083	0.223258	2454	5453	7907
15025	9/23/2012	4	1	9	5	0	0	0	1	0.46	0.4545	0.59	0.2537	1	5	6	632	4	1	9	0	0	0	1	0.529167	0.518933	0.467083	0.223258	2454	5453	7907
15026	9/23/2012	4	1	9	6	0	0	0	1	0.44	0.4394	0.62	0.2537	5	11	16	632	4	1	9	0	0	0	1	0.529167	0.518933	0.467083	0.223258	2454	5453	7907
15027	9/23/2012	4	1	9	7	0	0	0	1	0.46	0.4545	0.59	0.2239	9	48	57	632	4	1	9	0	0	0	1	0.529167	0.518933	0.467083	0.223258	2454	5453	7907
15028	9/23/2012	4	1	9	8	0	0	0	1	0.48	0.4697	0.55	0.3582	38	137	175	632	4	1	9	0	0	0	1	0.529167	0.518933	0.467083	0.223258	2454	5453	7907
15029	9/23/2012	4	1	9	9	0	0	0	1	0.5	0.4848	0.51	0.3284	71	205	276	632	4	1	9	0	0	0	1	0.529167	0.518933	0.467083	0.223258	2454	5453	7907
15030	9/23/2012	4	1	9	10	0	0	0	1	0.54	0.5152	0.45	0.2537	138	351	489	632	4	1	9	0	0	0	1	0.529167	0.518933	0.467083	0.223258	2454	5453	7907
15031	9/23/2012	4	1	9	11	0	0	0	1	0.56	0.5303	0.46	0.2537	186	384	570	632	4	1	9	0	0	0	1	0.529167	0.518933	0.467083	0.223258	2454	5453	7907
15032	9/23/2012	4	1	9	12	0	0	0	1	0.56	0.5303	0.43	0.1045	250	526	776	632	4	1	9	0	0	0	1	0.529167	0.518933	0.467083	0.223258	2454	5453	7907
15033	9/23/2012	4	1	9	13	0	0	0	1	0.6	0.6212	0.38	0.1642	257	445	702	632	4	1	9	0	0	0	1	0.529167	0.518933	0.467083	0.223258	2454	5453	7907
15034	9/23/2012	4	1	9	14	0	0	0	1	0.6	0.6212	0.38	0.194	266	400	666	632	4	1	9	0	0	0	1	0.529167	0.518933	0.467083	0.223258	2454	5453	7907
15035	9/23/2012	4	1	9	15	0	0	0	1	0.6	0.6212	0.33	0.2239	265	375	640	632	4	1	9	0	0	0	1	0.529167	0.518933	0.467083	0.223258	2454	5453	7907
15036	9/23/2012	4	1	9	16	0	0	0	1	0.6	0.6212	0.33	0.3284	254	437	691	632	4	1	9	0	0	0	1	0.529167	0.518933	0.467083	0.223258	2454	5453	7907
15037	9/23/2012	4	1	9	17	0	0	0	1	0.56	0.5303	0.35	0.2985	227	496	723	632	4	1	9	0	0	0	1	0.529167	0.518933	0.467083	0.223258	2454	5453	7907
15038	9/23/2012	4	1	9	18	0	0	0	1	0.54	0.5152	0.37	0.194	135	405	540	632	4	1	9	0	0	0	1	0.529167	0.518933	0.467083	0.223258	2454	5453	7907
15039	9/23/2012	4	1	9	19	0	0	0	1	0.52	0.5	0.42	0.1642	82	331	413	632	4	1	9	0	0	0	1	0.529167	0.518933	0.467083	0.223258	2454	5453	7907
15040	9/23/2012	4	1	9	20	0	0	0	1	0.52	0.5	0.42	0.1642	60	192	252	632	4	1	9	0	0	0	1	0.529167	0.518933	0.467083	0.223258	2454	5453	7907
15041	9/23/2012	4	1	9	21	0	0	0	2	0.52	0.5	0.48	0.1045	51	145	196	632	4	1	9	0	0	0	1	0.529167	0.518933	0.467083	0.223258	2454	5453	7907
15042	9/23/2012	4	1	9	22	0	0	0	1	0.52	0.5	0.48	0	40	98	138	632	4	1	9	0	0	0	1	0.529167	0.518933	0.467083	0.223258	2454	5453	7907
15043	9/23/2012	4	1	9	23	0	0	0	2	0.5	0.4848	0.59	0.1045	30	70	100	632	4	1	9	0	0	0	1	0.529167	0.518933	0.467083	0.223258	2454	5453	7907
15044	9/24/2012	4	1	9	0	0	1	1	1	0.46	0.4545	0.63	0.194	10	54	64	633	4	1	9	0	1	1	1	0.514167	0.502513	0.492917	0.142404	1001	6435	7436
15045	9/24/2012	4	1	9	1	0	1	1	1	0.46	0.4545	0.67	0.1343	6	12	18	633	4	1	9	0	1	1	1	0.514167	0.502513	0.492917	0.142404	1001	6435	7436
15046	9/24/2012	4	1	9	2	0	1	1	2	0.46	0.4545	0.63	0.1343	0	8	8	633	4	1	9	0	1	1	1	0.514167	0.502513	0.492917	0.142404	1001	6435	7436
15047	9/24/2012	4	1	9	3	0	1	1	1	0.46	0.4545	0.63	0.1642	0	5	5	633	4	1	9	0	1	1	1	0.514167	0.502513	0.492917	0.142404	1001	6435	7436
15048	9/24/2012	4	1	9	4	0	1	1	1	0.44	0.4394	0.67	0.1045	0	8	8	633	4	1	9	0	1	1	1	0.514167	0.502513	0.492917	0.142404	1001	6435	7436
15049	9/24/2012	4	1	9	5	0	1	1	1	0.46	0.4545	0.63	0	2	35	37	633	4	1	9	0	1	1	1	0.514167	0.502513	0.492917	0.142404	1001	6435	7436
15050	9/24/2012	4	1	9	6	0	1	1	1	0.46	0.4545	0.59	0	6	162	168	633	4	1	9	0	1	1	1	0.514167	0.502513	0.492917	0.142404	1001	6435	7436
15051	9/24/2012	4	1	9	7	0	1	1	1	0.46	0.4545	0.67	0.1343	17	513	530	633	4	1	9	0	1	1	1	0.514167	0.502513	0.492917	0.142404	1001	6435	7436
15052	9/24/2012	4	1	9	8	0	1	1	1	0.5	0.4848	0.55	0.194	31	719	750	633	4	1	9	0	1	1	1	0.514167	0.502513	0.492917	0.142404	1001	6435	7436
15053	9/24/2012	4	1	9	9	0	1	1	1	0.52	0.5	0.52	0.194	42	286	328	633	4	1	9	0	1	1	1	0.514167	0.502513	0.492917	0.142404	1001	6435	7436
15054	9/24/2012	4	1	9	10	0	1	1	1	0.54	0.5152	0.49	0.2239	52	146	198	633	4	1	9	0	1	1	1	0.514167	0.502513	0.492917	0.142404	1001	6435	7436
15055	9/24/2012	4	1	9	11	0	1	1	1	0.56	0.5303	0.37	0.194	71	167	238	633	4	1	9	0	1	1	1	0.514167	0.502513	0.492917	0.142404	1001	6435	7436
15056	9/24/2012	4	1	9	12	0	1	1	1	0.56	0.5303	0.35	0.2985	77	265	342	633	4	1	9	0	1	1	1	0.514167	0.502513	0.492917	0.142404	1001	6435	7436
15057	9/24/2012	4	1	9	13	0	1	1	1	0.6	0.6212	0.31	0.2985	80	248	328	633	4	1	9	0	1	1	1	0.514167	0.502513	0.492917	0.142404	1001	6435	7436
15058	9/24/2012	4	1	9	14	0	1	1	1	0.6	0.6061	0.28	0	77	226	303	633	4	1	9	0	1	1	1	0.514167	0.502513	0.492917	0.142404	1001	6435	7436
15059	9/24/2012	4	1	9	15	0	1	1	1	0.6	0.6212	0.31	0	84	216	300	633	4	1	9	0	1	1	1	0.514167	0.502513	0.492917	0.142404	1001	6435	7436
15060	9/24/2012	4	1	9	16	0	1	1	1	0.58	0.5455	0.3	0.2537	99	417	516	633	4	1	9	0	1	1	1	0.514167	0.502513	0.492917	0.142404	1001	6435	7436
15061	9/24/2012	4	1	9	17	0	1	1	1	0.58	0.5455	0.3	0	89	809	898	633	4	1	9	0	1	1	1	0.514167	0.502513	0.492917	0.142404	1001	6435	7436
15062	9/24/2012	4	1	9	18	0	1	1	1	0.54	0.5152	0.37	0.1642	95	758	853	633	4	1	9	0	1	1	1	0.514167	0.502513	0.492917	0.142404	1001	6435	7436
15063	9/24/2012	4	1	9	19	0	1	1	1	0.52	0.5	0.39	0.1343	56	534	590	633	4	1	9	0	1	1	1	0.514167	0.502513	0.492917	0.142404	1001	6435	7436
15064	9/24/2012	4	1	9	20	0	1	1	1	0.52	0.5	0.52	0.1045	52	380	432	633	4	1	9	0	1	1	1	0.514167	0.502513	0.492917	0.142404	1001	6435	7436
15065	9/24/2012	4	1	9	21	0	1	1	1	0.5	0.4848	0.51	0.1343	26	230	256	633	4	1	9	0	1	1	1	0.514167	0.502513	0.492917	0.142404	1001	6435	7436
15066	9/24/2012	4	1	9	22	0	1	1	1	0.5	0.4848	0.51	0.2239	18	154	172	633	4	1	9	0	1	1	1	0.514167	0.502513	0.492917	0.142404	1001	6435	7436
15067	9/24/2012	4	1	9	23	0	1	1	1	0.46	0.4545	0.63	0.1343	11	83	94	633	4	1	9	0	1	1	1	0.514167	0.502513	0.492917	0.142404	1001	6435	7436
15068	9/25/2012	4	1	9	0	0	2	1	1	0.46	0.4545	0.67	0.1642	8	56	64	634	4	1	9	0	2	1	1	0.55	0.544179	0.57	0.236321	845	6693	7538
15069	9/25/2012	4	1	9	1	0	2	1	1	0.44	0.4394	0.72	0.1343	2	11	13	634	4	1	9	0	2	1	1	0.55	0.544179	0.57	0.236321	845	6693	7538
15070	9/25/2012	4	1	9	2	0	2	1	1	0.42	0.4242	0.77	0.1343	5	9	14	634	4	1	9	0	2	1	1	0.55	0.544179	0.57	0.236321	845	6693	7538
15071	9/25/2012	4	1	9	3	0	2	1	1	0.42	0.4242	0.71	0.0896	2	3	5	634	4	1	9	0	2	1	1	0.55	0.544179	0.57	0.236321	845	6693	7538
15072	9/25/2012	4	1	9	4	0	2	1	1	0.42	0.4242	0.71	0.1343	2	7	9	634	4	1	9	0	2	1	1	0.55	0.544179	0.57	0.236321	845	6693	7538
15073	9/25/2012	4	1	9	5	0	2	1	1	0.42	0.4242	0.77	0.0896	1	46	47	634	4	1	9	0	2	1	1	0.55	0.544179	0.57	0.236321	845	6693	7538
15074	9/25/2012	4	1	9	6	0	2	1	1	0.44	0.4394	0.77	0.2239	5	189	194	634	4	1	9	0	2	1	1	0.55	0.544179	0.57	0.236321	845	6693	7538
15075	9/25/2012	4	1	9	7	0	2	1	1	0.44	0.4394	0.77	0.194	17	539	556	634	4	1	9	0	2	1	1	0.55	0.544179	0.57	0.236321	845	6693	7538
15076	9/25/2012	4	1	9	8	0	2	1	1	0.48	0.4697	0.67	0.194	41	764	805	634	4	1	9	0	2	1	1	0.55	0.544179	0.57	0.236321	845	6693	7538
15077	9/25/2012	4	1	9	9	0	2	1	1	0.54	0.5152	0.56	0.2537	28	381	409	634	4	1	9	0	2	1	1	0.55	0.544179	0.57	0.236321	845	6693	7538
15078	9/25/2012	4	1	9	10	0	2	1	1	0.56	0.5303	0.52	0.2985	45	125	170	634	4	1	9	0	2	1	1	0.55	0.544179	0.57	0.236321	845	6693	7538
15079	9/25/2012	4	1	9	11	0	2	1	1	0.6	0.6212	0.46	0.2985	63	155	218	634	4	1	9	0	2	1	1	0.55	0.544179	0.57	0.236321	845	6693	7538
15080	9/25/2012	4	1	9	12	0	2	1	1	0.62	0.6212	0.43	0.2836	69	233	302	634	4	1	9	0	2	1	1	0.55	0.544179	0.57	0.236321	845	6693	7538
15081	9/25/2012	4	1	9	13	0	2	1	1	0.64	0.6212	0.47	0.2537	48	257	305	634	4	1	9	0	2	1	1	0.55	0.544179	0.57	0.236321	845	6693	7538
15082	9/25/2012	4	1	9	14	0	2	1	1	0.66	0.6212	0.39	0.3284	80	213	293	634	4	1	9	0	2	1	1	0.55	0.544179	0.57	0.236321	845	6693	7538
15083	9/25/2012	4	1	9	15	0	2	1	1	0.66	0.6212	0.36	0.3284	56	247	303	634	4	1	9	0	2	1	1	0.55	0.544179	0.57	0.236321	845	6693	7538
15084	9/25/2012	4	1	9	16	0	2	1	1	0.66	0.6212	0.39	0.2985	59	436	495	634	4	1	9	0	2	1	1	0.55	0.544179	0.57	0.236321	845	6693	7538
15085	9/25/2012	4	1	9	17	0	2	1	1	0.66	0.6212	0.39	0.2836	107	860	967	634	4	1	9	0	2	1	1	0.55	0.544179	0.57	0.236321	845	6693	7538
15086	9/25/2012	4	1	9	18	0	2	1	1	0.64	0.6212	0.41	0.2239	64	758	822	634	4	1	9	0	2	1	1	0.55	0.544179	0.57	0.236321	845	6693	7538
15087	9/25/2012	4	1	9	19	0	2	1	1	0.62	0.6212	0.5	0.2537	49	490	539	634	4	1	9	0	2	1	1	0.55	0.544179	0.57	0.236321	845	6693	7538
15088	9/25/2012	4	1	9	20	0	2	1	1	0.6	0.6212	0.56	0.2985	37	388	425	634	4	1	9	0	2	1	1	0.55	0.544179	0.57	0.236321	845	6693	7538
15089	9/25/2012	4	1	9	21	0	2	1	1	0.6	0.6212	0.56	0.2985	34	263	297	634	4	1	9	0	2	1	1	0.55	0.544179	0.57	0.236321	845	6693	7538
15090	9/25/2012	4	1	9	22	0	2	1	1	0.6	0.6212	0.56	0.2836	14	174	188	634	4	1	9	0	2	1	1	0.55	0.544179	0.57	0.236321	845	6693	7538
15091	9/25/2012	4	1	9	23	0	2	1	1	0.6	0.6212	0.56	0.3284	9	89	98	634	4	1	9	0	2	1	1	0.55	0.544179	0.57	0.236321	845	6693	7538
15092	9/26/2012	4	1	9	0	0	3	1	1	0.58	0.5455	0.64	0.2985	6	34	40	635	4	1	9	0	3	1	1	0.635	0.596613	0.630833	0.2444	787	6946	7733
15093	9/26/2012	4	1	9	1	0	3	1	1	0.58	0.5455	0.64	0.3284	10	19	29	635	4	1	9	0	3	1	1	0.635	0.596613	0.630833	0.2444	787	6946	7733
15094	9/26/2012	4	1	9	2	0	3	1	2	0.58	0.5455	0.64	0.2836	2	15	17	635	4	1	9	0	3	1	1	0.635	0.596613	0.630833	0.2444	787	6946	7733
15095	9/26/2012	4	1	9	3	0	3	1	2	0.58	0.5455	0.64	0.2836	4	6	10	635	4	1	9	0	3	1	1	0.635	0.596613	0.630833	0.2444	787	6946	7733
15096	9/26/2012	4	1	9	4	0	3	1	1	0.56	0.5303	0.73	0.2537	2	12	14	635	4	1	9	0	3	1	1	0.635	0.596613	0.630833	0.2444	787	6946	7733
15097	9/26/2012	4	1	9	5	0	3	1	1	0.56	0.5303	0.73	0.2239	1	35	36	635	4	1	9	0	3	1	1	0.635	0.596613	0.630833	0.2444	787	6946	7733
15098	9/26/2012	4	1	9	6	0	3	1	1	0.54	0.5152	0.73	0.194	3	179	182	635	4	1	9	0	3	1	1	0.635	0.596613	0.630833	0.2444	787	6946	7733
15099	9/26/2012	4	1	9	7	0	3	1	1	0.54	0.5152	0.77	0.1343	9	523	532	635	4	1	9	0	3	1	1	0.635	0.596613	0.630833	0.2444	787	6946	7733
15100	9/26/2012	4	1	9	8	0	3	1	1	0.56	0.5303	0.73	0.2985	30	808	838	635	4	1	9	0	3	1	1	0.635	0.596613	0.630833	0.2444	787	6946	7733
15101	9/26/2012	4	1	9	9	0	3	1	1	0.6	0.6061	0.64	0.194	27	307	334	635	4	1	9	0	3	1	1	0.635	0.596613	0.630833	0.2444	787	6946	7733
15102	9/26/2012	4	1	9	10	0	3	1	1	0.6	0.5909	0.73	0.2836	29	156	185	635	4	1	9	0	3	1	1	0.635	0.596613	0.630833	0.2444	787	6946	7733
15103	9/26/2012	4	1	9	11	0	3	1	1	0.64	0.6212	0.61	0.2537	46	181	227	635	4	1	9	0	3	1	1	0.635	0.596613	0.630833	0.2444	787	6946	7733
15104	9/26/2012	4	1	9	12	0	3	1	1	0.68	0.6364	0.61	0.2239	56	260	316	635	4	1	9	0	3	1	1	0.635	0.596613	0.630833	0.2444	787	6946	7733
15105	9/26/2012	4	1	9	13	0	3	1	1	0.7	0.6515	0.58	0.2239	67	273	340	635	4	1	9	0	3	1	1	0.635	0.596613	0.630833	0.2444	787	6946	7733
15106	9/26/2012	4	1	9	14	0	3	1	1	0.74	0.6667	0.48	0.2836	60	217	277	635	4	1	9	0	3	1	1	0.635	0.596613	0.630833	0.2444	787	6946	7733
15107	9/26/2012	4	1	9	15	0	3	1	1	0.74	0.6667	0.48	0.2985	69	231	300	635	4	1	9	0	3	1	1	0.635	0.596613	0.630833	0.2444	787	6946	7733
15108	9/26/2012	4	1	9	16	0	3	1	1	0.74	0.6667	0.45	0.2836	71	397	468	635	4	1	9	0	3	1	1	0.635	0.596613	0.630833	0.2444	787	6946	7733
15109	9/26/2012	4	1	9	17	0	3	1	1	0.74	0.6667	0.48	0.2985	77	876	953	635	4	1	9	0	3	1	1	0.635	0.596613	0.630833	0.2444	787	6946	7733
15110	9/26/2012	4	1	9	18	0	3	1	1	0.74	0.6667	0.48	0.2239	69	815	884	635	4	1	9	0	3	1	1	0.635	0.596613	0.630833	0.2444	787	6946	7733
15111	9/26/2012	4	1	9	19	0	3	1	1	0.7	0.6515	0.54	0.1642	38	589	627	635	4	1	9	0	3	1	1	0.635	0.596613	0.630833	0.2444	787	6946	7733
15112	9/26/2012	4	1	9	20	0	3	1	1	0.66	0.6212	0.69	0.194	45	389	434	635	4	1	9	0	3	1	1	0.635	0.596613	0.630833	0.2444	787	6946	7733
15113	9/26/2012	4	1	9	21	0	3	1	1	0.66	0.6212	0.65	0.194	32	328	360	635	4	1	9	0	3	1	1	0.635	0.596613	0.630833	0.2444	787	6946	7733
15114	9/26/2012	4	1	9	22	0	3	1	3	0.62	0.6061	0.69	0.194	21	194	215	635	4	1	9	0	3	1	1	0.635	0.596613	0.630833	0.2444	787	6946	7733
15115	9/26/2012	4	1	9	23	0	3	1	2	0.6	0.5758	0.78	0.2537	13	102	115	635	4	1	9	0	3	1	1	0.635	0.596613	0.630833	0.2444	787	6946	7733
15116	9/27/2012	4	1	9	0	0	4	1	1	0.6	0.5758	0.78	0.0896	5	60	65	636	4	1	9	0	4	1	2	0.65	0.607975	0.690833	0.134342	751	6642	7393
15117	9/27/2012	4	1	9	1	0	4	1	1	0.6	0.5758	0.78	0.0896	5	16	21	636	4	1	9	0	4	1	2	0.65	0.607975	0.690833	0.134342	751	6642	7393
15118	9/27/2012	4	1	9	2	0	4	1	1	0.6	0.5758	0.78	0.0896	3	13	16	636	4	1	9	0	4	1	2	0.65	0.607975	0.690833	0.134342	751	6642	7393
15119	9/27/2012	4	1	9	3	0	4	1	1	0.6	0.5758	0.78	0	0	7	7	636	4	1	9	0	4	1	2	0.65	0.607975	0.690833	0.134342	751	6642	7393
15120	9/27/2012	4	1	9	4	0	4	1	1	0.56	0.5303	0.94	0.1343	2	6	8	636	4	1	9	0	4	1	2	0.65	0.607975	0.690833	0.134342	751	6642	7393
15121	9/27/2012	4	1	9	5	0	4	1	1	0.58	0.5455	0.83	0	2	64	66	636	4	1	9	0	4	1	2	0.65	0.607975	0.690833	0.134342	751	6642	7393
15122	9/27/2012	4	1	9	6	0	4	1	1	0.56	0.5303	0.88	0.0896	5	164	169	636	4	1	9	0	4	1	2	0.65	0.607975	0.690833	0.134342	751	6642	7393
15123	9/27/2012	4	1	9	7	0	4	1	1	0.6	0.5758	0.78	0	12	546	558	636	4	1	9	0	4	1	2	0.65	0.607975	0.690833	0.134342	751	6642	7393
15124	9/27/2012	4	1	9	8	0	4	1	1	0.62	0.6061	0.71	0.0896	20	774	794	636	4	1	9	0	4	1	2	0.65	0.607975	0.690833	0.134342	751	6642	7393
15125	9/27/2012	4	1	9	9	0	4	1	1	0.66	0.6212	0.65	0	30	305	335	636	4	1	9	0	4	1	2	0.65	0.607975	0.690833	0.134342	751	6642	7393
15126	9/27/2012	4	1	9	10	0	4	1	2	0.7	0.6515	0.51	0.2836	40	168	208	636	4	1	9	0	4	1	2	0.65	0.607975	0.690833	0.134342	751	6642	7393
15127	9/27/2012	4	1	9	11	0	4	1	2	0.72	0.6667	0.51	0.1642	67	227	294	636	4	1	9	0	4	1	2	0.65	0.607975	0.690833	0.134342	751	6642	7393
15128	9/27/2012	4	1	9	12	0	4	1	2	0.74	0.6667	0.48	0.1343	63	272	335	636	4	1	9	0	4	1	2	0.65	0.607975	0.690833	0.134342	751	6642	7393
15129	9/27/2012	4	1	9	13	0	4	1	2	0.74	0.6667	0.48	0	61	265	326	636	4	1	9	0	4	1	2	0.65	0.607975	0.690833	0.134342	751	6642	7393
15130	9/27/2012	4	1	9	14	0	4	1	2	0.76	0.6818	0.45	0.0896	44	214	258	636	4	1	9	0	4	1	2	0.65	0.607975	0.690833	0.134342	751	6642	7393
15131	9/27/2012	4	1	9	15	0	4	1	2	0.76	0.6818	0.45	0	41	255	296	636	4	1	9	0	4	1	2	0.65	0.607975	0.690833	0.134342	751	6642	7393
15132	9/27/2012	4	1	9	16	0	4	1	2	0.72	0.6667	0.58	0.3284	73	399	472	636	4	1	9	0	4	1	2	0.65	0.607975	0.690833	0.134342	751	6642	7393
15133	9/27/2012	4	1	9	17	0	4	1	2	0.66	0.6212	0.69	0.2985	87	818	905	636	4	1	9	0	4	1	2	0.65	0.607975	0.690833	0.134342	751	6642	7393
15134	9/27/2012	4	1	9	18	0	4	1	2	0.66	0.6212	0.69	0.2239	77	822	899	636	4	1	9	0	4	1	2	0.65	0.607975	0.690833	0.134342	751	6642	7393
15135	9/27/2012	4	1	9	19	0	4	1	1	0.66	0.6212	0.65	0.1343	48	511	559	636	4	1	9	0	4	1	2	0.65	0.607975	0.690833	0.134342	751	6642	7393
15136	9/27/2012	4	1	9	20	0	4	1	2	0.64	0.6061	0.69	0.2239	45	412	457	636	4	1	9	0	4	1	2	0.65	0.607975	0.690833	0.134342	751	6642	7393
15137	9/27/2012	4	1	9	21	0	4	1	3	0.62	0.5758	0.83	0.2985	18	235	253	636	4	1	9	0	4	1	2	0.65	0.607975	0.690833	0.134342	751	6642	7393
15138	9/27/2012	4	1	9	22	0	4	1	3	0.62	0.5758	0.83	0.2985	2	45	47	636	4	1	9	0	4	1	2	0.65	0.607975	0.690833	0.134342	751	6642	7393
15139	9/27/2012	4	1	9	23	0	4	1	3	0.62	0.5758	0.83	0.1642	1	44	45	636	4	1	9	0	4	1	2	0.65	0.607975	0.690833	0.134342	751	6642	7393
15140	9/28/2012	4	1	9	0	0	5	1	3	0.6	0.5455	0.88	0.1642	2	15	17	637	4	1	9	0	5	1	2	0.619167	0.585863	0.69	0.164179	1045	6370	7415
15141	9/28/2012	4	1	9	1	0	5	1	3	0.6	0.5455	0.88	0	0	13	13	637	4	1	9	0	5	1	2	0.619167	0.585863	0.69	0.164179	1045	6370	7415
15142	9/28/2012	4	1	9	2	0	5	1	3	0.6	0.5455	0.88	0.2985	1	9	10	637	4	1	9	0	5	1	2	0.619167	0.585863	0.69	0.164179	1045	6370	7415
15143	9/28/2012	4	1	9	3	0	5	1	2	0.6	0.5606	0.83	0.1343	0	7	7	637	4	1	9	0	5	1	2	0.619167	0.585863	0.69	0.164179	1045	6370	7415
15144	9/28/2012	4	1	9	4	0	5	1	3	0.56	0.5303	0.88	0.1045	2	10	12	637	4	1	9	0	5	1	2	0.619167	0.585863	0.69	0.164179	1045	6370	7415
15145	9/28/2012	4	1	9	5	0	5	1	1	0.56	0.5303	0.88	0	1	37	38	637	4	1	9	0	5	1	2	0.619167	0.585863	0.69	0.164179	1045	6370	7415
15146	9/28/2012	4	1	9	6	0	5	1	2	0.56	0.5303	0.94	0.0896	2	136	138	637	4	1	9	0	5	1	2	0.619167	0.585863	0.69	0.164179	1045	6370	7415
15147	9/28/2012	4	1	9	7	0	5	1	2	0.56	0.5303	0.94	0	10	384	394	637	4	1	9	0	5	1	2	0.619167	0.585863	0.69	0.164179	1045	6370	7415
15148	9/28/2012	4	1	9	8	0	5	1	1	0.6	0.5606	0.83	0.0896	31	674	705	637	4	1	9	0	5	1	2	0.619167	0.585863	0.69	0.164179	1045	6370	7415
15149	9/28/2012	4	1	9	9	0	5	1	2	0.62	0.5758	0.83	0.1045	27	399	426	637	4	1	9	0	5	1	2	0.619167	0.585863	0.69	0.164179	1045	6370	7415
15150	9/28/2012	4	1	9	10	0	5	1	2	0.64	0.5909	0.78	0.1343	51	194	245	637	4	1	9	0	5	1	2	0.619167	0.585863	0.69	0.164179	1045	6370	7415
15151	9/28/2012	4	1	9	11	0	5	1	2	0.66	0.6212	0.69	0	109	252	361	637	4	1	9	0	5	1	2	0.619167	0.585863	0.69	0.164179	1045	6370	7415
15152	9/28/2012	4	1	9	12	0	5	1	2	0.7	0.6515	0.54	0.2537	94	286	380	637	4	1	9	0	5	1	2	0.619167	0.585863	0.69	0.164179	1045	6370	7415
15153	9/28/2012	4	1	9	13	0	5	1	2	0.7	0.6515	0.51	0.2537	106	304	410	637	4	1	9	0	5	1	2	0.619167	0.585863	0.69	0.164179	1045	6370	7415
15154	9/28/2012	4	1	9	14	0	5	1	2	0.7	0.6515	0.54	0.2537	105	294	399	637	4	1	9	0	5	1	2	0.619167	0.585863	0.69	0.164179	1045	6370	7415
15155	9/28/2012	4	1	9	15	0	5	1	2	0.68	0.6364	0.54	0.2836	104	288	392	637	4	1	9	0	5	1	2	0.619167	0.585863	0.69	0.164179	1045	6370	7415
15156	9/28/2012	4	1	9	16	0	5	1	2	0.66	0.6212	0.5	0.2239	83	419	502	637	4	1	9	0	5	1	2	0.619167	0.585863	0.69	0.164179	1045	6370	7415
15157	9/28/2012	4	1	9	17	0	5	1	2	0.66	0.6212	0.54	0.2985	101	707	808	637	4	1	9	0	5	1	2	0.619167	0.585863	0.69	0.164179	1045	6370	7415
15158	9/28/2012	4	1	9	18	0	5	1	2	0.64	0.6212	0.5	0.2239	58	609	667	637	4	1	9	0	5	1	2	0.619167	0.585863	0.69	0.164179	1045	6370	7415
15159	9/28/2012	4	1	9	19	0	5	1	3	0.62	0.6212	0.5	0.2537	38	470	508	637	4	1	9	0	5	1	2	0.619167	0.585863	0.69	0.164179	1045	6370	7415
15160	9/28/2012	4	1	9	20	0	5	1	3	0.6	0.6212	0.53	0.1642	32	304	336	637	4	1	9	0	5	1	2	0.619167	0.585863	0.69	0.164179	1045	6370	7415
15161	9/28/2012	4	1	9	21	0	5	1	3	0.6	0.6212	0.53	0.194	32	205	237	637	4	1	9	0	5	1	2	0.619167	0.585863	0.69	0.164179	1045	6370	7415
15162	9/28/2012	4	1	9	22	0	5	1	2	0.58	0.5455	0.53	0.2239	30	190	220	637	4	1	9	0	5	1	2	0.619167	0.585863	0.69	0.164179	1045	6370	7415
15163	9/28/2012	4	1	9	23	0	5	1	2	0.56	0.5303	0.56	0.194	26	164	190	637	4	1	9	0	5	1	2	0.619167	0.585863	0.69	0.164179	1045	6370	7415
15164	9/29/2012	4	1	9	0	0	6	0	1	0.54	0.5152	0.6	0.2239	15	134	149	638	4	1	9	0	6	0	1	0.5425	0.530296	0.542917	0.227604	2589	5966	8555
15165	9/29/2012	4	1	9	1	0	6	0	1	0.54	0.5152	0.6	0.2239	12	89	101	638	4	1	9	0	6	0	1	0.5425	0.530296	0.542917	0.227604	2589	5966	8555
15166	9/29/2012	4	1	9	2	0	6	0	2	0.54	0.5152	0.56	0.2239	12	80	92	638	4	1	9	0	6	0	1	0.5425	0.530296	0.542917	0.227604	2589	5966	8555
15167	9/29/2012	4	1	9	3	0	6	0	2	0.52	0.5	0.59	0.194	4	25	29	638	4	1	9	0	6	0	1	0.5425	0.530296	0.542917	0.227604	2589	5966	8555
15168	9/29/2012	4	1	9	4	0	6	0	1	0.52	0.5	0.59	0.2537	6	8	14	638	4	1	9	0	6	0	1	0.5425	0.530296	0.542917	0.227604	2589	5966	8555
15169	9/29/2012	4	1	9	5	0	6	0	1	0.5	0.4848	0.63	0.194	2	13	15	638	4	1	9	0	6	0	1	0.5425	0.530296	0.542917	0.227604	2589	5966	8555
15170	9/29/2012	4	1	9	6	0	6	0	1	0.5	0.4848	0.63	0.2537	4	33	37	638	4	1	9	0	6	0	1	0.5425	0.530296	0.542917	0.227604	2589	5966	8555
15171	9/29/2012	4	1	9	7	0	6	0	1	0.48	0.4697	0.67	0.2836	12	61	73	638	4	1	9	0	6	0	1	0.5425	0.530296	0.542917	0.227604	2589	5966	8555
15172	9/29/2012	4	1	9	8	0	6	0	1	0.5	0.4848	0.68	0.2836	37	174	211	638	4	1	9	0	6	0	1	0.5425	0.530296	0.542917	0.227604	2589	5966	8555
15173	9/29/2012	4	1	9	9	0	6	0	1	0.5	0.4848	0.63	0.194	69	263	332	638	4	1	9	0	6	0	1	0.5425	0.530296	0.542917	0.227604	2589	5966	8555
15174	9/29/2012	4	1	9	10	0	6	0	1	0.54	0.5152	0.56	0.2537	134	338	472	638	4	1	9	0	6	0	1	0.5425	0.530296	0.542917	0.227604	2589	5966	8555
15175	9/29/2012	4	1	9	11	0	6	0	1	0.56	0.5303	0.52	0.2836	217	446	663	638	4	1	9	0	6	0	1	0.5425	0.530296	0.542917	0.227604	2589	5966	8555
15176	9/29/2012	4	1	9	12	0	6	0	1	0.62	0.6212	0.41	0.2985	191	491	682	638	4	1	9	0	6	0	1	0.5425	0.530296	0.542917	0.227604	2589	5966	8555
15177	9/29/2012	4	1	9	13	0	6	0	1	0.62	0.6212	0.41	0.2985	233	453	686	638	4	1	9	0	6	0	1	0.5425	0.530296	0.542917	0.227604	2589	5966	8555
15178	9/29/2012	4	1	9	14	0	6	0	1	0.6	0.6212	0.4	0.2537	302	448	750	638	4	1	9	0	6	0	1	0.5425	0.530296	0.542917	0.227604	2589	5966	8555
15179	9/29/2012	4	1	9	15	0	6	0	1	0.6	0.6212	0.43	0.2537	271	456	727	638	4	1	9	0	6	0	1	0.5425	0.530296	0.542917	0.227604	2589	5966	8555
15180	9/29/2012	4	1	9	16	0	6	0	1	0.62	0.6212	0.41	0.2537	275	447	722	638	4	1	9	0	6	0	1	0.5425	0.530296	0.542917	0.227604	2589	5966	8555
15181	9/29/2012	4	1	9	17	0	6	0	1	0.6	0.6212	0.38	0.3582	256	456	712	638	4	1	9	0	6	0	1	0.5425	0.530296	0.542917	0.227604	2589	5966	8555
15182	9/29/2012	4	1	9	18	0	6	0	1	0.56	0.5303	0.46	0.194	174	420	594	638	4	1	9	0	6	0	1	0.5425	0.530296	0.542917	0.227604	2589	5966	8555
15183	9/29/2012	4	1	9	19	0	6	0	1	0.52	0.5	0.55	0.1642	119	351	470	638	4	1	9	0	6	0	1	0.5425	0.530296	0.542917	0.227604	2589	5966	8555
15184	9/29/2012	4	1	9	20	0	6	0	1	0.52	0.5	0.55	0.194	88	227	315	638	4	1	9	0	6	0	1	0.5425	0.530296	0.542917	0.227604	2589	5966	8555
15185	9/29/2012	4	1	9	21	0	6	0	1	0.52	0.5	0.55	0.1343	73	219	292	638	4	1	9	0	6	0	1	0.5425	0.530296	0.542917	0.227604	2589	5966	8555
15186	9/29/2012	4	1	9	22	0	6	0	1	0.5	0.4848	0.63	0.1045	48	173	221	638	4	1	9	0	6	0	1	0.5425	0.530296	0.542917	0.227604	2589	5966	8555
15187	9/29/2012	4	1	9	23	0	6	0	1	0.5	0.4848	0.59	0.0896	35	161	196	638	4	1	9	0	6	0	1	0.5425	0.530296	0.542917	0.227604	2589	5966	8555
15188	9/30/2012	4	1	9	0	0	0	0	1	0.5	0.4848	0.59	0	35	112	147	639	4	1	9	0	0	0	1	0.526667	0.517663	0.583333	0.134958	2015	4874	6889
15189	9/30/2012	4	1	9	1	0	0	0	1	0.5	0.4848	0.59	0	31	85	116	639	4	1	9	0	0	0	1	0.526667	0.517663	0.583333	0.134958	2015	4874	6889
15190	9/30/2012	4	1	9	2	0	0	0	1	0.48	0.4697	0.63	0	21	71	92	639	4	1	9	0	0	0	1	0.526667	0.517663	0.583333	0.134958	2015	4874	6889
15191	9/30/2012	4	1	9	3	0	0	0	1	0.46	0.4545	0.67	0.0896	17	41	58	639	4	1	9	0	0	0	1	0.526667	0.517663	0.583333	0.134958	2015	4874	6889
15192	9/30/2012	4	1	9	4	0	0	0	1	0.46	0.4545	0.67	0.0896	1	6	7	639	4	1	9	0	0	0	1	0.526667	0.517663	0.583333	0.134958	2015	4874	6889
15193	9/30/2012	4	1	9	5	0	0	0	1	0.44	0.4394	0.72	0	1	9	10	639	4	1	9	0	0	0	1	0.526667	0.517663	0.583333	0.134958	2015	4874	6889
15194	9/30/2012	4	1	9	6	0	0	0	1	0.44	0.4394	0.72	0.0896	2	20	22	639	4	1	9	0	0	0	1	0.526667	0.517663	0.583333	0.134958	2015	4874	6889
15195	9/30/2012	4	1	9	7	0	0	0	1	0.44	0.4394	0.77	0	14	43	57	639	4	1	9	0	0	0	1	0.526667	0.517663	0.583333	0.134958	2015	4874	6889
15196	9/30/2012	4	1	9	8	0	0	0	1	0.48	0.4697	0.67	0.1045	18	126	144	639	4	1	9	0	0	0	1	0.526667	0.517663	0.583333	0.134958	2015	4874	6889
15197	9/30/2012	4	1	9	9	0	0	0	1	0.52	0.5	0.63	0.1045	74	211	285	639	4	1	9	0	0	0	1	0.526667	0.517663	0.583333	0.134958	2015	4874	6889
15198	9/30/2012	4	1	9	10	0	0	0	1	0.58	0.5455	0.46	0.1642	160	319	479	639	4	1	9	0	0	0	1	0.526667	0.517663	0.583333	0.134958	2015	4874	6889
15199	9/30/2012	4	1	9	11	0	0	0	1	0.6	0.6212	0.43	0.2239	222	369	591	639	4	1	9	0	0	0	1	0.526667	0.517663	0.583333	0.134958	2015	4874	6889
15200	9/30/2012	4	1	9	12	0	0	0	1	0.62	0.6212	0.41	0.2985	206	474	680	639	4	1	9	0	0	0	1	0.526667	0.517663	0.583333	0.134958	2015	4874	6889
15201	9/30/2012	4	1	9	13	0	0	0	1	0.62	0.6212	0.41	0.2537	180	414	594	639	4	1	9	0	0	0	1	0.526667	0.517663	0.583333	0.134958	2015	4874	6889
15202	9/30/2012	4	1	9	14	0	0	0	1	0.62	0.6212	0.41	0.2537	208	404	612	639	4	1	9	0	0	0	1	0.526667	0.517663	0.583333	0.134958	2015	4874	6889
15203	9/30/2012	4	1	9	15	0	0	0	1	0.64	0.6212	0.36	0.2537	230	419	649	639	4	1	9	0	0	0	1	0.526667	0.517663	0.583333	0.134958	2015	4874	6889
15204	9/30/2012	4	1	9	16	0	0	0	1	0.64	0.6212	0.36	0.2239	202	446	648	639	4	1	9	0	0	0	1	0.526667	0.517663	0.583333	0.134958	2015	4874	6889
15205	9/30/2012	4	1	9	17	0	0	0	1	0.62	0.6212	0.35	0.2836	195	380	575	639	4	1	9	0	0	0	1	0.526667	0.517663	0.583333	0.134958	2015	4874	6889
15206	9/30/2012	4	1	9	18	0	0	0	1	0.52	0.5	0.59	0.4478	91	310	401	639	4	1	9	0	0	0	1	0.526667	0.517663	0.583333	0.134958	2015	4874	6889
15207	9/30/2012	4	1	9	19	0	0	0	3	0.5	0.4848	0.72	0.1343	34	223	257	639	4	1	9	0	0	0	1	0.526667	0.517663	0.583333	0.134958	2015	4874	6889
15208	9/30/2012	4	1	9	20	0	0	0	3	0.5	0.4848	0.72	0.1343	31	163	194	639	4	1	9	0	0	0	1	0.526667	0.517663	0.583333	0.134958	2015	4874	6889
15209	9/30/2012	4	1	9	21	0	0	0	1	0.5	0.4848	0.68	0	19	104	123	639	4	1	9	0	0	0	1	0.526667	0.517663	0.583333	0.134958	2015	4874	6889
15210	9/30/2012	4	1	9	22	0	0	0	1	0.48	0.4697	0.72	0	15	76	91	639	4	1	9	0	0	0	1	0.526667	0.517663	0.583333	0.134958	2015	4874	6889
15211	9/30/2012	4	1	9	23	0	0	0	1	0.48	0.4697	0.72	0.0896	8	49	57	639	4	1	9	0	0	0	1	0.526667	0.517663	0.583333	0.134958	2015	4874	6889
15212	10/1/2012	4	1	10	0	0	1	1	1	0.46	0.4545	0.72	0.1045	6	39	45	640	4	1	10	0	1	1	2	0.520833	0.512	0.649167	0.0908042	763	6015	6778
15213	10/1/2012	4	1	10	1	0	1	1	1	0.44	0.4394	0.77	0.0896	5	13	18	640	4	1	10	0	1	1	2	0.520833	0.512	0.649167	0.0908042	763	6015	6778
15214	10/1/2012	4	1	10	2	0	1	1	1	0.46	0.4545	0.72	0	6	6	12	640	4	1	10	0	1	1	2	0.520833	0.512	0.649167	0.0908042	763	6015	6778
15215	10/1/2012	4	1	10	3	0	1	1	1	0.44	0.4394	0.77	0	1	6	7	640	4	1	10	0	1	1	2	0.520833	0.512	0.649167	0.0908042	763	6015	6778
15216	10/1/2012	4	1	10	4	0	1	1	1	0.42	0.4242	0.82	0.1045	0	10	10	640	4	1	10	0	1	1	2	0.520833	0.512	0.649167	0.0908042	763	6015	6778
15217	10/1/2012	4	1	10	5	0	1	1	1	0.44	0.4394	0.77	0	2	34	36	640	4	1	10	0	1	1	2	0.520833	0.512	0.649167	0.0908042	763	6015	6778
15218	10/1/2012	4	1	10	6	0	1	1	1	0.44	0.4394	0.77	0.1045	8	147	155	640	4	1	10	0	1	1	2	0.520833	0.512	0.649167	0.0908042	763	6015	6778
15219	10/1/2012	4	1	10	7	0	1	1	1	0.44	0.4394	0.77	0.1642	13	470	483	640	4	1	10	0	1	1	2	0.520833	0.512	0.649167	0.0908042	763	6015	6778
15220	10/1/2012	4	1	10	8	0	1	1	2	0.46	0.4545	0.77	0.1045	40	744	784	640	4	1	10	0	1	1	2	0.520833	0.512	0.649167	0.0908042	763	6015	6778
15221	10/1/2012	4	1	10	9	0	1	1	2	0.52	0.5	0.63	0	26	314	340	640	4	1	10	0	1	1	2	0.520833	0.512	0.649167	0.0908042	763	6015	6778
15222	10/1/2012	4	1	10	10	0	1	1	1	0.54	0.5152	0.56	0	44	135	179	640	4	1	10	0	1	1	2	0.520833	0.512	0.649167	0.0908042	763	6015	6778
15223	10/1/2012	4	1	10	11	0	1	1	1	0.58	0.5455	0.46	0	76	196	272	640	4	1	10	0	1	1	2	0.520833	0.512	0.649167	0.0908042	763	6015	6778
15224	10/1/2012	4	1	10	12	0	1	1	2	0.6	0.6212	0.43	0.1642	61	262	323	640	4	1	10	0	1	1	2	0.520833	0.512	0.649167	0.0908042	763	6015	6778
15225	10/1/2012	4	1	10	13	0	1	1	2	0.6	0.6212	0.43	0.1642	80	225	305	640	4	1	10	0	1	1	2	0.520833	0.512	0.649167	0.0908042	763	6015	6778
15226	10/1/2012	4	1	10	14	0	1	1	2	0.6	0.6212	0.43	0.1045	51	193	244	640	4	1	10	0	1	1	2	0.520833	0.512	0.649167	0.0908042	763	6015	6778
15227	10/1/2012	4	1	10	15	0	1	1	2	0.62	0.6212	0.43	0.1343	95	234	329	640	4	1	10	0	1	1	2	0.520833	0.512	0.649167	0.0908042	763	6015	6778
15228	10/1/2012	4	1	10	16	0	1	1	2	0.62	0.6212	0.46	0.2537	51	408	459	640	4	1	10	0	1	1	2	0.520833	0.512	0.649167	0.0908042	763	6015	6778
15229	10/1/2012	4	1	10	17	0	1	1	3	0.56	0.5303	0.6	0.2537	65	791	856	640	4	1	10	0	1	1	2	0.520833	0.512	0.649167	0.0908042	763	6015	6778
15230	10/1/2012	4	1	10	18	0	1	1	3	0.56	0.5303	0.64	0.1045	42	571	613	640	4	1	10	0	1	1	2	0.520833	0.512	0.649167	0.0908042	763	6015	6778
15231	10/1/2012	4	1	10	19	0	1	1	2	0.54	0.5152	0.68	0.1045	33	483	516	640	4	1	10	0	1	1	2	0.520833	0.512	0.649167	0.0908042	763	6015	6778
15232	10/1/2012	4	1	10	20	0	1	1	3	0.54	0.5152	0.68	0	11	251	262	640	4	1	10	0	1	1	2	0.520833	0.512	0.649167	0.0908042	763	6015	6778
15233	10/1/2012	4	1	10	21	0	1	1	2	0.54	0.5152	0.73	0.1343	13	205	218	640	4	1	10	0	1	1	2	0.520833	0.512	0.649167	0.0908042	763	6015	6778
15234	10/1/2012	4	1	10	22	0	1	1	3	0.54	0.5152	0.77	0.0896	17	190	207	640	4	1	10	0	1	1	2	0.520833	0.512	0.649167	0.0908042	763	6015	6778
15235	10/1/2012	4	1	10	23	0	1	1	3	0.54	0.5152	0.77	0	17	88	105	640	4	1	10	0	1	1	2	0.520833	0.512	0.649167	0.0908042	763	6015	6778
15236	10/2/2012	4	1	10	0	0	2	1	2	0.56	0.5303	0.73	0	1	30	31	641	4	1	10	0	2	1	3	0.590833	0.542333	0.871667	0.104475	315	4324	4639
15237	10/2/2012	4	1	10	1	0	2	1	2	0.54	0.5152	0.77	0.1045	0	11	11	641	4	1	10	0	2	1	3	0.590833	0.542333	0.871667	0.104475	315	4324	4639
15238	10/2/2012	4	1	10	2	0	2	1	2	0.54	0.5152	0.77	0.1045	0	2	2	641	4	1	10	0	2	1	3	0.590833	0.542333	0.871667	0.104475	315	4324	4639
15239	10/2/2012	4	1	10	3	0	2	1	2	0.54	0.5152	0.88	0.194	1	4	5	641	4	1	10	0	2	1	3	0.590833	0.542333	0.871667	0.104475	315	4324	4639
15240	10/2/2012	4	1	10	4	0	2	1	2	0.56	0.5303	0.83	0.0896	2	8	10	641	4	1	10	0	2	1	3	0.590833	0.542333	0.871667	0.104475	315	4324	4639
15241	10/2/2012	4	1	10	5	0	2	1	2	0.56	0.5303	0.83	0.1343	1	42	43	641	4	1	10	0	2	1	3	0.590833	0.542333	0.871667	0.104475	315	4324	4639
15242	10/2/2012	4	1	10	6	0	2	1	3	0.58	0.5455	0.83	0.1045	3	176	179	641	4	1	10	0	2	1	3	0.590833	0.542333	0.871667	0.104475	315	4324	4639
15243	10/2/2012	4	1	10	7	0	2	1	3	0.58	0.5455	0.83	0.1045	4	256	260	641	4	1	10	0	2	1	3	0.590833	0.542333	0.871667	0.104475	315	4324	4639
15244	10/2/2012	4	1	10	8	0	2	1	3	0.6	0.5455	0.88	0	6	128	134	641	4	1	10	0	2	1	3	0.590833	0.542333	0.871667	0.104475	315	4324	4639
15245	10/2/2012	4	1	10	9	0	2	1	3	0.58	0.5455	0.88	0.1343	3	83	86	641	4	1	10	0	2	1	3	0.590833	0.542333	0.871667	0.104475	315	4324	4639
15246	10/2/2012	4	1	10	10	0	2	1	3	0.58	0.5455	0.88	0.1343	3	42	45	641	4	1	10	0	2	1	3	0.590833	0.542333	0.871667	0.104475	315	4324	4639
15247	10/2/2012	4	1	10	11	0	2	1	3	0.58	0.5455	0.94	0.1343	7	92	99	641	4	1	10	0	2	1	3	0.590833	0.542333	0.871667	0.104475	315	4324	4639
15248	10/2/2012	4	1	10	12	0	2	1	2	0.6	0.5455	0.88	0.194	6	98	104	641	4	1	10	0	2	1	3	0.590833	0.542333	0.871667	0.104475	315	4324	4639
15249	10/2/2012	4	1	10	13	0	2	1	2	0.6	0.5455	0.88	0.1343	6	148	154	641	4	1	10	0	2	1	3	0.590833	0.542333	0.871667	0.104475	315	4324	4639
15250	10/2/2012	4	1	10	14	0	2	1	3	0.6	0.5455	0.88	0.1343	16	147	163	641	4	1	10	0	2	1	3	0.590833	0.542333	0.871667	0.104475	315	4324	4639
15251	10/2/2012	4	1	10	15	0	2	1	3	0.62	0.5758	0.83	0.1343	14	195	209	641	4	1	10	0	2	1	3	0.590833	0.542333	0.871667	0.104475	315	4324	4639
15252	10/2/2012	4	1	10	16	0	2	1	3	0.62	0.5606	0.88	0.1343	46	328	374	641	4	1	10	0	2	1	3	0.590833	0.542333	0.871667	0.104475	315	4324	4639
15253	10/2/2012	4	1	10	17	0	2	1	3	0.62	0.5606	0.88	0.1045	38	677	715	641	4	1	10	0	2	1	3	0.590833	0.542333	0.871667	0.104475	315	4324	4639
15254	10/2/2012	4	1	10	18	0	2	1	3	0.62	0.5455	0.94	0.0896	48	639	687	641	4	1	10	0	2	1	3	0.590833	0.542333	0.871667	0.104475	315	4324	4639
15255	10/2/2012	4	1	10	19	0	2	1	3	0.62	0.5455	0.94	0	27	368	395	641	4	1	10	0	2	1	3	0.590833	0.542333	0.871667	0.104475	315	4324	4639
15256	10/2/2012	4	1	10	20	0	2	1	3	0.62	0.5455	0.94	0.1343	20	286	306	641	4	1	10	0	2	1	3	0.590833	0.542333	0.871667	0.104475	315	4324	4639
15257	10/2/2012	4	1	10	21	0	2	1	3	0.62	0.5455	0.94	0.1045	24	265	289	641	4	1	10	0	2	1	3	0.590833	0.542333	0.871667	0.104475	315	4324	4639
15258	10/2/2012	4	1	10	22	0	2	1	2	0.62	0.5455	0.94	0.1045	28	212	240	641	4	1	10	0	2	1	3	0.590833	0.542333	0.871667	0.104475	315	4324	4639
15259	10/2/2012	4	1	10	23	0	2	1	2	0.62	0.5455	0.94	0	11	87	98	641	4	1	10	0	2	1	3	0.590833	0.542333	0.871667	0.104475	315	4324	4639
15260	10/3/2012	4	1	10	0	0	3	1	3	0.62	0.5455	0.94	0	5	47	52	642	4	1	10	0	3	1	2	0.6575	0.599133	0.79375	0.0665458	728	6844	7572
15261	10/3/2012	4	1	10	1	0	3	1	2	0.62	0.5455	0.94	0	3	16	19	642	4	1	10	0	3	1	2	0.6575	0.599133	0.79375	0.0665458	728	6844	7572
15262	10/3/2012	4	1	10	2	0	3	1	2	0.62	0.5455	0.94	0	2	7	9	642	4	1	10	0	3	1	2	0.6575	0.599133	0.79375	0.0665458	728	6844	7572
15263	10/3/2012	4	1	10	3	0	3	1	2	0.6	0.5152	0.94	0	0	7	7	642	4	1	10	0	3	1	2	0.6575	0.599133	0.79375	0.0665458	728	6844	7572
15264	10/3/2012	4	1	10	4	0	3	1	2	0.6	0.5	1	0	2	9	11	642	4	1	10	0	3	1	2	0.6575	0.599133	0.79375	0.0665458	728	6844	7572
15265	10/3/2012	4	1	10	5	0	3	1	2	0.62	0.5455	0.94	0.1045	2	32	34	642	4	1	10	0	3	1	2	0.6575	0.599133	0.79375	0.0665458	728	6844	7572
15266	10/3/2012	4	1	10	6	0	3	1	2	0.6	0.5152	0.94	0.1343	4	173	177	642	4	1	10	0	3	1	2	0.6575	0.599133	0.79375	0.0665458	728	6844	7572
15267	10/3/2012	4	1	10	7	0	3	1	2	0.6	0.5152	0.94	0.194	11	504	515	642	4	1	10	0	3	1	2	0.6575	0.599133	0.79375	0.0665458	728	6844	7572
15268	10/3/2012	4	1	10	8	0	3	1	2	0.62	0.5606	0.88	0.1045	28	781	809	642	4	1	10	0	3	1	2	0.6575	0.599133	0.79375	0.0665458	728	6844	7572
15269	10/3/2012	4	1	10	9	0	3	1	2	0.62	0.5758	0.83	0.194	30	332	362	642	4	1	10	0	3	1	2	0.6575	0.599133	0.79375	0.0665458	728	6844	7572
15270	10/3/2012	4	1	10	10	0	3	1	1	0.66	0.6061	0.78	0.1642	29	146	175	642	4	1	10	0	3	1	2	0.6575	0.599133	0.79375	0.0665458	728	6844	7572
15271	10/3/2012	4	1	10	11	0	3	1	1	0.66	0.6061	0.78	0.1642	52	178	230	642	4	1	10	0	3	1	2	0.6575	0.599133	0.79375	0.0665458	728	6844	7572
15272	10/3/2012	4	1	10	12	0	3	1	2	0.7	0.6515	0.7	0.1045	69	289	358	642	4	1	10	0	3	1	2	0.6575	0.599133	0.79375	0.0665458	728	6844	7572
15273	10/3/2012	4	1	10	13	0	3	1	2	0.7	0.6667	0.74	0.1045	55	224	279	642	4	1	10	0	3	1	2	0.6575	0.599133	0.79375	0.0665458	728	6844	7572
15274	10/3/2012	4	1	10	14	0	3	1	2	0.72	0.6818	0.7	0.1642	56	195	251	642	4	1	10	0	3	1	2	0.6575	0.599133	0.79375	0.0665458	728	6844	7572
15275	10/3/2012	4	1	10	15	0	3	1	2	0.72	0.6818	0.62	0.1642	59	260	319	642	4	1	10	0	3	1	2	0.6575	0.599133	0.79375	0.0665458	728	6844	7572
15276	10/3/2012	4	1	10	16	0	3	1	2	0.72	0.6667	0.58	0	42	436	478	642	4	1	10	0	3	1	2	0.6575	0.599133	0.79375	0.0665458	728	6844	7572
15277	10/3/2012	4	1	10	17	0	3	1	1	0.7	0.6515	0.65	0	84	833	917	642	4	1	10	0	3	1	2	0.6575	0.599133	0.79375	0.0665458	728	6844	7572
15278	10/3/2012	4	1	10	18	0	3	1	1	0.7	0.6515	0.65	0	54	756	810	642	4	1	10	0	3	1	2	0.6575	0.599133	0.79375	0.0665458	728	6844	7572
15279	10/3/2012	4	1	10	19	0	3	1	1	0.7	0.6515	0.65	0	49	544	593	642	4	1	10	0	3	1	2	0.6575	0.599133	0.79375	0.0665458	728	6844	7572
15280	10/3/2012	4	1	10	20	0	3	1	1	0.7	0.6515	0.65	0	48	449	497	642	4	1	10	0	3	1	2	0.6575	0.599133	0.79375	0.0665458	728	6844	7572
15281	10/3/2012	4	1	10	21	0	3	1	2	0.66	0.6212	0.74	0	14	195	209	642	4	1	10	0	3	1	2	0.6575	0.599133	0.79375	0.0665458	728	6844	7572
15282	10/3/2012	4	1	10	22	0	3	1	1	0.66	0.6212	0.74	0	9	232	241	642	4	1	10	0	3	1	2	0.6575	0.599133	0.79375	0.0665458	728	6844	7572
15283	10/3/2012	4	1	10	23	0	3	1	2	0.66	0.6061	0.78	0	21	199	220	642	4	1	10	0	3	1	2	0.6575	0.599133	0.79375	0.0665458	728	6844	7572
15284	10/4/2012	4	1	10	0	0	4	1	3	0.64	0.5758	0.89	0	11	65	76	643	4	1	10	0	4	1	2	0.6575	0.607975	0.722917	0.117546	891	6437	7328
15285	10/4/2012	4	1	10	1	0	4	1	2	0.62	0.5455	0.94	0	2	23	25	643	4	1	10	0	4	1	2	0.6575	0.607975	0.722917	0.117546	891	6437	7328
15286	10/4/2012	4	1	10	2	0	4	1	1	0.64	0.5758	0.89	0	3	10	13	643	4	1	10	0	4	1	2	0.6575	0.607975	0.722917	0.117546	891	6437	7328
15287	10/4/2012	4	1	10	3	0	4	1	2	0.62	0.5606	0.88	0	5	6	11	643	4	1	10	0	4	1	2	0.6575	0.607975	0.722917	0.117546	891	6437	7328
15288	10/4/2012	4	1	10	4	0	4	1	2	0.64	0.5758	0.89	0	0	10	10	643	4	1	10	0	4	1	2	0.6575	0.607975	0.722917	0.117546	891	6437	7328
15289	10/4/2012	4	1	10	5	0	4	1	3	0.64	0.5758	0.89	0.1045	2	37	39	643	4	1	10	0	4	1	2	0.6575	0.607975	0.722917	0.117546	891	6437	7328
15290	10/4/2012	4	1	10	6	0	4	1	3	0.62	0.5455	0.94	0.0896	1	132	133	643	4	1	10	0	4	1	2	0.6575	0.607975	0.722917	0.117546	891	6437	7328
15291	10/4/2012	4	1	10	7	0	4	1	2	0.64	0.5758	0.89	0.0896	12	379	391	643	4	1	10	0	4	1	2	0.6575	0.607975	0.722917	0.117546	891	6437	7328
15292	10/4/2012	4	1	10	8	0	4	1	1	0.64	0.5758	0.89	0	27	711	738	643	4	1	10	0	4	1	2	0.6575	0.607975	0.722917	0.117546	891	6437	7328
15293	10/4/2012	4	1	10	9	0	4	1	2	0.64	0.5758	0.89	0.194	40	319	359	643	4	1	10	0	4	1	2	0.6575	0.607975	0.722917	0.117546	891	6437	7328
15294	10/4/2012	4	1	10	10	0	4	1	2	0.66	0.6061	0.83	0.1343	27	150	177	643	4	1	10	0	4	1	2	0.6575	0.607975	0.722917	0.117546	891	6437	7328
15295	10/4/2012	4	1	10	11	0	4	1	2	0.7	0.6515	0.7	0.1045	38	176	214	643	4	1	10	0	4	1	2	0.6575	0.607975	0.722917	0.117546	891	6437	7328
15296	10/4/2012	4	1	10	12	0	4	1	2	0.72	0.6667	0.54	0.194	57	231	288	643	4	1	10	0	4	1	2	0.6575	0.607975	0.722917	0.117546	891	6437	7328
15297	10/4/2012	4	1	10	13	0	4	1	2	0.72	0.6667	0.58	0.3284	63	231	294	643	4	1	10	0	4	1	2	0.6575	0.607975	0.722917	0.117546	891	6437	7328
15298	10/4/2012	4	1	10	14	0	4	1	1	0.7	0.6515	0.61	0.2537	56	211	267	643	4	1	10	0	4	1	2	0.6575	0.607975	0.722917	0.117546	891	6437	7328
15299	10/4/2012	4	1	10	15	0	4	1	1	0.72	0.6667	0.54	0.2836	77	248	325	643	4	1	10	0	4	1	2	0.6575	0.607975	0.722917	0.117546	891	6437	7328
15300	10/4/2012	4	1	10	16	0	4	1	1	0.7	0.6515	0.54	0.2836	86	411	497	643	4	1	10	0	4	1	2	0.6575	0.607975	0.722917	0.117546	891	6437	7328
15301	10/4/2012	4	1	10	17	0	4	1	1	0.7	0.6515	0.51	0.2239	112	789	901	643	4	1	10	0	4	1	2	0.6575	0.607975	0.722917	0.117546	891	6437	7328
15302	10/4/2012	4	1	10	18	0	4	1	1	0.66	0.6212	0.57	0.1045	75	812	887	643	4	1	10	0	4	1	2	0.6575	0.607975	0.722917	0.117546	891	6437	7328
15303	10/4/2012	4	1	10	19	0	4	1	1	0.66	0.6212	0.57	0.1045	67	467	534	643	4	1	10	0	4	1	2	0.6575	0.607975	0.722917	0.117546	891	6437	7328
15304	10/4/2012	4	1	10	20	0	4	1	1	0.64	0.6061	0.65	0.1045	50	391	441	643	4	1	10	0	4	1	2	0.6575	0.607975	0.722917	0.117546	891	6437	7328
15305	10/4/2012	4	1	10	21	0	4	1	1	0.62	0.6061	0.69	0	33	288	321	643	4	1	10	0	4	1	2	0.6575	0.607975	0.722917	0.117546	891	6437	7328
15306	10/4/2012	4	1	10	22	0	4	1	1	0.64	0.6212	0.47	0.1343	29	203	232	643	4	1	10	0	4	1	2	0.6575	0.607975	0.722917	0.117546	891	6437	7328
15307	10/4/2012	4	1	10	23	0	4	1	1	0.6	0.6212	0.56	0.0896	18	137	155	643	4	1	10	0	4	1	2	0.6575	0.607975	0.722917	0.117546	891	6437	7328
15308	10/5/2012	4	1	10	0	0	5	1	1	0.56	0.5303	0.73	0	16	86	102	644	4	1	10	0	5	1	1	0.615	0.580187	0.6275	0.10635	1516	6640	8156
15309	10/5/2012	4	1	10	1	0	5	1	1	0.54	0.5152	0.68	0.1045	3	43	46	644	4	1	10	0	5	1	1	0.615	0.580187	0.6275	0.10635	1516	6640	8156
15310	10/5/2012	4	1	10	2	0	5	1	1	0.54	0.5152	0.73	0.0896	1	10	11	644	4	1	10	0	5	1	1	0.615	0.580187	0.6275	0.10635	1516	6640	8156
15311	10/5/2012	4	1	10	3	0	5	1	1	0.54	0.5152	0.73	0	5	11	16	644	4	1	10	0	5	1	1	0.615	0.580187	0.6275	0.10635	1516	6640	8156
15312	10/5/2012	4	1	10	4	0	5	1	1	0.54	0.5152	0.77	0	0	11	11	644	4	1	10	0	5	1	1	0.615	0.580187	0.6275	0.10635	1516	6640	8156
15313	10/5/2012	4	1	10	5	0	5	1	1	0.52	0.5	0.77	0	0	41	41	644	4	1	10	0	5	1	1	0.615	0.580187	0.6275	0.10635	1516	6640	8156
15314	10/5/2012	4	1	10	6	0	5	1	1	0.52	0.5	0.83	0	4	133	137	644	4	1	10	0	5	1	1	0.615	0.580187	0.6275	0.10635	1516	6640	8156
15315	10/5/2012	4	1	10	7	0	5	1	1	0.52	0.5	0.83	0.1045	11	417	428	644	4	1	10	0	5	1	1	0.615	0.580187	0.6275	0.10635	1516	6640	8156
15316	10/5/2012	4	1	10	8	0	5	1	1	0.58	0.5455	0.64	0	36	749	785	644	4	1	10	0	5	1	1	0.615	0.580187	0.6275	0.10635	1516	6640	8156
15317	10/5/2012	4	1	10	9	0	5	1	1	0.6	0.6061	0.6	0.0896	58	326	384	644	4	1	10	0	5	1	1	0.615	0.580187	0.6275	0.10635	1516	6640	8156
15318	10/5/2012	4	1	10	10	0	5	1	1	0.66	0.6212	0.54	0	68	192	260	644	4	1	10	0	5	1	1	0.615	0.580187	0.6275	0.10635	1516	6640	8156
15319	10/5/2012	4	1	10	11	0	5	1	1	0.7	0.6515	0.48	0.194	90	214	304	644	4	1	10	0	5	1	1	0.615	0.580187	0.6275	0.10635	1516	6640	8156
15320	10/5/2012	4	1	10	12	0	5	1	1	0.72	0.6515	0.42	0.1642	161	307	468	644	4	1	10	0	5	1	1	0.615	0.580187	0.6275	0.10635	1516	6640	8156
15321	10/5/2012	4	1	10	13	0	5	1	1	0.7	0.6515	0.48	0	117	307	424	644	4	1	10	0	5	1	1	0.615	0.580187	0.6275	0.10635	1516	6640	8156
15322	10/5/2012	4	1	10	14	0	5	1	1	0.74	0.6515	0.37	0.2239	113	287	400	644	4	1	10	0	5	1	1	0.615	0.580187	0.6275	0.10635	1516	6640	8156
15323	10/5/2012	4	1	10	15	0	5	1	1	0.72	0.6515	0.39	0.2537	150	320	470	644	4	1	10	0	5	1	1	0.615	0.580187	0.6275	0.10635	1516	6640	8156
15324	10/5/2012	4	1	10	16	0	5	1	1	0.72	0.6515	0.37	0	153	481	634	644	4	1	10	0	5	1	1	0.615	0.580187	0.6275	0.10635	1516	6640	8156
15325	10/5/2012	4	1	10	17	0	5	1	1	0.7	0.6364	0.42	0.1642	158	742	900	644	4	1	10	0	5	1	1	0.615	0.580187	0.6275	0.10635	1516	6640	8156
15326	10/5/2012	4	1	10	18	0	5	1	1	0.64	0.6212	0.57	0.1343	106	655	761	644	4	1	10	0	5	1	1	0.615	0.580187	0.6275	0.10635	1516	6640	8156
15327	10/5/2012	4	1	10	19	0	5	1	1	0.62	0.5909	0.73	0.1642	67	433	500	644	4	1	10	0	5	1	1	0.615	0.580187	0.6275	0.10635	1516	6640	8156
15328	10/5/2012	4	1	10	20	0	5	1	1	0.6	0.5758	0.78	0.1343	66	306	372	644	4	1	10	0	5	1	1	0.615	0.580187	0.6275	0.10635	1516	6640	8156
15329	10/5/2012	4	1	10	21	0	5	1	1	0.6	0.5909	0.69	0.2239	47	220	267	644	4	1	10	0	5	1	1	0.615	0.580187	0.6275	0.10635	1516	6640	8156
15330	10/5/2012	4	1	10	22	0	5	1	1	0.6	0.5909	0.73	0.2836	63	201	264	644	4	1	10	0	5	1	1	0.615	0.580187	0.6275	0.10635	1516	6640	8156
15331	10/5/2012	4	1	10	23	0	5	1	1	0.58	0.5455	0.78	0.2239	23	148	171	644	4	1	10	0	5	1	1	0.615	0.580187	0.6275	0.10635	1516	6640	8156
15332	10/6/2012	4	1	10	0	0	6	0	1	0.56	0.5303	0.83	0.1642	37	154	191	645	4	1	10	0	6	0	1	0.554167	0.538521	0.664167	0.268025	3031	4934	7965
15333	10/6/2012	4	1	10	1	0	6	0	1	0.56	0.5303	0.83	0.2537	25	116	141	645	4	1	10	0	6	0	1	0.554167	0.538521	0.664167	0.268025	3031	4934	7965
15334	10/6/2012	4	1	10	2	0	6	0	1	0.56	0.5303	0.78	0.194	13	62	75	645	4	1	10	0	6	0	1	0.554167	0.538521	0.664167	0.268025	3031	4934	7965
15335	10/6/2012	4	1	10	3	0	6	0	1	0.54	0.5152	0.77	0.2239	2	54	56	645	4	1	10	0	6	0	1	0.554167	0.538521	0.664167	0.268025	3031	4934	7965
15336	10/6/2012	4	1	10	4	0	6	0	1	0.54	0.5152	0.83	0.2537	4	7	11	645	4	1	10	0	6	0	1	0.554167	0.538521	0.664167	0.268025	3031	4934	7965
15337	10/6/2012	4	1	10	5	0	6	0	1	0.54	0.5152	0.83	0.194	2	8	10	645	4	1	10	0	6	0	1	0.554167	0.538521	0.664167	0.268025	3031	4934	7965
15338	10/6/2012	4	1	10	6	0	6	0	1	0.54	0.5152	0.88	0.2537	2	28	30	645	4	1	10	0	6	0	1	0.554167	0.538521	0.664167	0.268025	3031	4934	7965
15339	10/6/2012	4	1	10	7	0	6	0	1	0.54	0.5152	0.83	0.2985	13	71	84	645	4	1	10	0	6	0	1	0.554167	0.538521	0.664167	0.268025	3031	4934	7965
15340	10/6/2012	4	1	10	8	0	6	0	1	0.56	0.5303	0.83	0.194	22	184	206	645	4	1	10	0	6	0	1	0.554167	0.538521	0.664167	0.268025	3031	4934	7965
15341	10/6/2012	4	1	10	9	0	6	0	1	0.6	0.5909	0.73	0.194	130	265	395	645	4	1	10	0	6	0	1	0.554167	0.538521	0.664167	0.268025	3031	4934	7965
15342	10/6/2012	4	1	10	10	0	6	0	1	0.62	0.6061	0.69	0.2836	198	341	539	645	4	1	10	0	6	0	1	0.554167	0.538521	0.664167	0.268025	3031	4934	7965
15343	10/6/2012	4	1	10	11	0	6	0	1	0.64	0.6061	0.65	0.2537	258	389	647	645	4	1	10	0	6	0	1	0.554167	0.538521	0.664167	0.268025	3031	4934	7965
15344	10/6/2012	4	1	10	12	0	6	0	1	0.7	0.6515	0.54	0.1045	362	381	743	645	4	1	10	0	6	0	1	0.554167	0.538521	0.664167	0.268025	3031	4934	7965
15345	10/6/2012	4	1	10	13	0	6	0	2	0.64	0.6212	0.57	0.5224	310	400	710	645	4	1	10	0	6	0	1	0.554167	0.538521	0.664167	0.268025	3031	4934	7965
15346	10/6/2012	4	1	10	14	0	6	0	2	0.6	0.6212	0.56	0.4179	269	307	576	645	4	1	10	0	6	0	1	0.554167	0.538521	0.664167	0.268025	3031	4934	7965
15347	10/6/2012	4	1	10	15	0	6	0	1	0.6	0.6212	0.46	0.4179	279	341	620	645	4	1	10	0	6	0	1	0.554167	0.538521	0.664167	0.268025	3031	4934	7965
15348	10/6/2012	4	1	10	16	0	6	0	1	0.6	0.6212	0.43	0.5224	317	342	659	645	4	1	10	0	6	0	1	0.554167	0.538521	0.664167	0.268025	3031	4934	7965
15349	10/6/2012	4	1	10	17	0	6	0	1	0.54	0.5152	0.49	0.3881	268	342	610	645	4	1	10	0	6	0	1	0.554167	0.538521	0.664167	0.268025	3031	4934	7965
15350	10/6/2012	4	1	10	18	0	6	0	1	0.52	0.5	0.48	0.4179	183	312	495	645	4	1	10	0	6	0	1	0.554167	0.538521	0.664167	0.268025	3031	4934	7965
15351	10/6/2012	4	1	10	19	0	6	0	1	0.48	0.4697	0.55	0.2239	102	239	341	645	4	1	10	0	6	0	1	0.554167	0.538521	0.664167	0.268025	3031	4934	7965
15352	10/6/2012	4	1	10	20	0	6	0	1	0.48	0.4697	0.55	0.2537	75	172	247	645	4	1	10	0	6	0	1	0.554167	0.538521	0.664167	0.268025	3031	4934	7965
15353	10/6/2012	4	1	10	21	0	6	0	1	0.46	0.4545	0.59	0.1343	78	137	215	645	4	1	10	0	6	0	1	0.554167	0.538521	0.664167	0.268025	3031	4934	7965
15354	10/6/2012	4	1	10	22	0	6	0	1	0.44	0.4394	0.62	0.1343	45	140	185	645	4	1	10	0	6	0	1	0.554167	0.538521	0.664167	0.268025	3031	4934	7965
15355	10/6/2012	4	1	10	23	0	6	0	1	0.44	0.4394	0.62	0.1343	37	142	179	645	4	1	10	0	6	0	1	0.554167	0.538521	0.664167	0.268025	3031	4934	7965
15356	10/7/2012	4	1	10	0	0	0	0	1	0.44	0.4394	0.62	0.1642	28	99	127	646	4	1	10	0	0	0	2	0.415833	0.419813	0.708333	0.141162	781	2729	3510
15357	10/7/2012	4	1	10	1	0	0	0	1	0.44	0.4394	0.54	0.2239	29	80	109	646	4	1	10	0	0	0	2	0.415833	0.419813	0.708333	0.141162	781	2729	3510
15358	10/7/2012	4	1	10	2	0	0	0	1	0.42	0.4242	0.62	0.1343	10	64	74	646	4	1	10	0	0	0	2	0.415833	0.419813	0.708333	0.141162	781	2729	3510
15359	10/7/2012	4	1	10	3	0	0	0	2	0.44	0.4394	0.62	0.1343	5	17	22	646	4	1	10	0	0	0	2	0.415833	0.419813	0.708333	0.141162	781	2729	3510
15360	10/7/2012	4	1	10	4	0	0	0	2	0.44	0.4394	0.54	0.2537	5	6	11	646	4	1	10	0	0	0	2	0.415833	0.419813	0.708333	0.141162	781	2729	3510
15361	10/7/2012	4	1	10	5	0	0	0	2	0.44	0.4394	0.54	0.1343	2	8	10	646	4	1	10	0	0	0	2	0.415833	0.419813	0.708333	0.141162	781	2729	3510
15362	10/7/2012	4	1	10	6	0	0	0	2	0.44	0.4394	0.54	0.194	4	19	23	646	4	1	10	0	0	0	2	0.415833	0.419813	0.708333	0.141162	781	2729	3510
15363	10/7/2012	4	1	10	7	0	0	0	3	0.42	0.4242	0.58	0.1642	6	29	35	646	4	1	10	0	0	0	2	0.415833	0.419813	0.708333	0.141162	781	2729	3510
15364	10/7/2012	4	1	10	8	0	0	0	3	0.42	0.4242	0.67	0.1343	11	51	62	646	4	1	10	0	0	0	2	0.415833	0.419813	0.708333	0.141162	781	2729	3510
15365	10/7/2012	4	1	10	9	0	0	0	3	0.4	0.4091	0.71	0.1343	16	70	86	646	4	1	10	0	0	0	2	0.415833	0.419813	0.708333	0.141162	781	2729	3510
15366	10/7/2012	4	1	10	10	0	0	0	2	0.42	0.4242	0.67	0.194	41	144	185	646	4	1	10	0	0	0	2	0.415833	0.419813	0.708333	0.141162	781	2729	3510
15367	10/7/2012	4	1	10	11	0	0	0	2	0.42	0.4242	0.71	0.1045	76	260	336	646	4	1	10	0	0	0	2	0.415833	0.419813	0.708333	0.141162	781	2729	3510
15368	10/7/2012	4	1	10	12	0	0	0	2	0.42	0.4242	0.71	0	100	292	392	646	4	1	10	0	0	0	2	0.415833	0.419813	0.708333	0.141162	781	2729	3510
15369	10/7/2012	4	1	10	13	0	0	0	2	0.44	0.4394	0.72	0.0896	80	240	320	646	4	1	10	0	0	0	2	0.415833	0.419813	0.708333	0.141162	781	2729	3510
15370	10/7/2012	4	1	10	14	0	0	0	2	0.44	0.4394	0.67	0	71	243	314	646	4	1	10	0	0	0	2	0.415833	0.419813	0.708333	0.141162	781	2729	3510
15371	10/7/2012	4	1	10	15	0	0	0	3	0.42	0.4242	0.77	0.1343	74	232	306	646	4	1	10	0	0	0	2	0.415833	0.419813	0.708333	0.141162	781	2729	3510
15372	10/7/2012	4	1	10	16	0	0	0	3	0.4	0.4091	0.82	0.1642	87	246	333	646	4	1	10	0	0	0	2	0.415833	0.419813	0.708333	0.141162	781	2729	3510
15373	10/7/2012	4	1	10	17	0	0	0	3	0.4	0.4091	0.82	0.2239	35	122	157	646	4	1	10	0	0	0	2	0.415833	0.419813	0.708333	0.141162	781	2729	3510
15374	10/7/2012	4	1	10	18	0	0	0	3	0.4	0.4091	0.82	0.194	24	82	106	646	4	1	10	0	0	0	2	0.415833	0.419813	0.708333	0.141162	781	2729	3510
15375	10/7/2012	4	1	10	19	0	0	0	2	0.4	0.4091	0.82	0.1045	17	97	114	646	4	1	10	0	0	0	2	0.415833	0.419813	0.708333	0.141162	781	2729	3510
15376	10/7/2012	4	1	10	20	0	0	0	1	0.4	0.4091	0.82	0.1343	19	97	116	646	4	1	10	0	0	0	2	0.415833	0.419813	0.708333	0.141162	781	2729	3510
15377	10/7/2012	4	1	10	21	0	0	0	1	0.38	0.3939	0.87	0.1045	22	91	113	646	4	1	10	0	0	0	2	0.415833	0.419813	0.708333	0.141162	781	2729	3510
15378	10/7/2012	4	1	10	22	0	0	0	1	0.38	0.3939	0.87	0.1343	7	72	79	646	4	1	10	0	0	0	2	0.415833	0.419813	0.708333	0.141162	781	2729	3510
15379	10/7/2012	4	1	10	23	0	0	0	1	0.36	0.3485	0.93	0.1343	12	68	80	646	4	1	10	0	0	0	2	0.415833	0.419813	0.708333	0.141162	781	2729	3510
15380	10/8/2012	4	1	10	0	1	1	0	1	0.38	0.3939	0.76	0.2836	7	44	51	647	4	1	10	1	1	0	2	0.383333	0.387608	0.709583	0.189679	874	4604	5478
15381	10/8/2012	4	1	10	1	1	1	0	1	0.34	0.3333	0.87	0.1642	2	35	37	647	4	1	10	1	1	0	2	0.383333	0.387608	0.709583	0.189679	874	4604	5478
15382	10/8/2012	4	1	10	2	1	1	0	1	0.34	0.3333	0.81	0.194	3	12	15	647	4	1	10	1	1	0	2	0.383333	0.387608	0.709583	0.189679	874	4604	5478
15383	10/8/2012	4	1	10	3	1	1	0	1	0.34	0.3485	0.81	0.1045	2	8	10	647	4	1	10	1	1	0	2	0.383333	0.387608	0.709583	0.189679	874	4604	5478
15384	10/8/2012	4	1	10	4	1	1	0	1	0.32	0.3333	0.87	0.1343	1	6	7	647	4	1	10	1	1	0	2	0.383333	0.387608	0.709583	0.189679	874	4604	5478
15385	10/8/2012	4	1	10	5	1	1	0	1	0.34	0.3182	0.76	0.2239	2	17	19	647	4	1	10	1	1	0	2	0.383333	0.387608	0.709583	0.189679	874	4604	5478
15386	10/8/2012	4	1	10	6	1	1	0	1	0.34	0.3485	0.76	0.1045	5	54	59	647	4	1	10	1	1	0	2	0.383333	0.387608	0.709583	0.189679	874	4604	5478
15387	10/8/2012	4	1	10	7	1	1	0	2	0.34	0.3333	0.76	0.1642	3	151	154	647	4	1	10	1	1	0	2	0.383333	0.387608	0.709583	0.189679	874	4604	5478
15388	10/8/2012	4	1	10	8	1	1	0	2	0.36	0.3485	0.71	0.2239	23	374	397	647	4	1	10	1	1	0	2	0.383333	0.387608	0.709583	0.189679	874	4604	5478
15389	10/8/2012	4	1	10	9	1	1	0	2	0.38	0.3939	0.66	0.1642	59	273	332	647	4	1	10	1	1	0	2	0.383333	0.387608	0.709583	0.189679	874	4604	5478
15390	10/8/2012	4	1	10	10	1	1	0	2	0.38	0.3939	0.68	0.1343	69	229	298	647	4	1	10	1	1	0	2	0.383333	0.387608	0.709583	0.189679	874	4604	5478
15391	10/8/2012	4	1	10	11	1	1	0	2	0.4	0.4091	0.62	0.0896	72	236	308	647	4	1	10	1	1	0	2	0.383333	0.387608	0.709583	0.189679	874	4604	5478
15392	10/8/2012	4	1	10	12	1	1	0	2	0.42	0.4242	0.63	0.1642	74	267	341	647	4	1	10	1	1	0	2	0.383333	0.387608	0.709583	0.189679	874	4604	5478
15393	10/8/2012	4	1	10	13	1	1	0	2	0.42	0.4242	0.62	0.194	82	323	405	647	4	1	10	1	1	0	2	0.383333	0.387608	0.709583	0.189679	874	4604	5478
15394	10/8/2012	4	1	10	14	1	1	0	2	0.42	0.4242	0.58	0.1045	121	299	420	647	4	1	10	1	1	0	2	0.383333	0.387608	0.709583	0.189679	874	4604	5478
15395	10/8/2012	4	1	10	15	1	1	0	3	0.42	0.4242	0.58	0.194	76	294	370	647	4	1	10	1	1	0	2	0.383333	0.387608	0.709583	0.189679	874	4604	5478
15396	10/8/2012	4	1	10	16	1	1	0	3	0.42	0.4242	0.58	0.194	61	316	377	647	4	1	10	1	1	0	2	0.383333	0.387608	0.709583	0.189679	874	4604	5478
15397	10/8/2012	4	1	10	17	1	1	0	2	0.42	0.4242	0.66	0.2537	81	416	497	647	4	1	10	1	1	0	2	0.383333	0.387608	0.709583	0.189679	874	4604	5478
15398	10/8/2012	4	1	10	18	1	1	0	2	0.42	0.4242	0.66	0.2836	41	415	456	647	4	1	10	1	1	0	2	0.383333	0.387608	0.709583	0.189679	874	4604	5478
15399	10/8/2012	4	1	10	19	1	1	0	2	0.4	0.4091	0.71	0.2537	38	333	371	647	4	1	10	1	1	0	2	0.383333	0.387608	0.709583	0.189679	874	4604	5478
15400	10/8/2012	4	1	10	20	1	1	0	3	0.4	0.4091	0.71	0.2239	20	207	227	647	4	1	10	1	1	0	2	0.383333	0.387608	0.709583	0.189679	874	4604	5478
15401	10/8/2012	4	1	10	21	1	1	0	2	0.4	0.4091	0.76	0.2239	17	134	151	647	4	1	10	1	1	0	2	0.383333	0.387608	0.709583	0.189679	874	4604	5478
15402	10/8/2012	4	1	10	22	1	1	0	3	0.4	0.4091	0.76	0.2537	6	101	107	647	4	1	10	1	1	0	2	0.383333	0.387608	0.709583	0.189679	874	4604	5478
15403	10/8/2012	4	1	10	23	1	1	0	2	0.4	0.4091	0.71	0.2239	9	60	69	647	4	1	10	1	1	0	2	0.383333	0.387608	0.709583	0.189679	874	4604	5478
15404	10/9/2012	4	1	10	0	0	2	1	2	0.38	0.3939	0.82	0.2239	9	22	31	648	4	1	10	0	2	1	2	0.446667	0.438112	0.761667	0.1903	601	5791	6392
15405	10/9/2012	4	1	10	1	0	2	1	3	0.36	0.3485	0.87	0.2239	0	13	13	648	4	1	10	0	2	1	2	0.446667	0.438112	0.761667	0.1903	601	5791	6392
15406	10/9/2012	4	1	10	2	0	2	1	3	0.36	0.3333	0.87	0.2537	2	5	7	648	4	1	10	0	2	1	2	0.446667	0.438112	0.761667	0.1903	601	5791	6392
15407	10/9/2012	4	1	10	3	0	2	1	3	0.36	0.3333	0.87	0.2836	0	3	3	648	4	1	10	0	2	1	2	0.446667	0.438112	0.761667	0.1903	601	5791	6392
15408	10/9/2012	4	1	10	4	0	2	1	3	0.36	0.3485	0.87	0.1642	1	6	7	648	4	1	10	0	2	1	2	0.446667	0.438112	0.761667	0.1903	601	5791	6392
15409	10/9/2012	4	1	10	5	0	2	1	2	0.38	0.3939	0.82	0.194	0	19	19	648	4	1	10	0	2	1	2	0.446667	0.438112	0.761667	0.1903	601	5791	6392
15410	10/9/2012	4	1	10	6	0	2	1	2	0.38	0.3939	0.82	0.2537	2	141	143	648	4	1	10	0	2	1	2	0.446667	0.438112	0.761667	0.1903	601	5791	6392
15411	10/9/2012	4	1	10	7	0	2	1	1	0.38	0.3939	0.83	0.2537	5	357	362	648	4	1	10	0	2	1	2	0.446667	0.438112	0.761667	0.1903	601	5791	6392
15412	10/9/2012	4	1	10	8	0	2	1	2	0.42	0.4242	0.8	0.194	15	698	713	648	4	1	10	0	2	1	2	0.446667	0.438112	0.761667	0.1903	601	5791	6392
15413	10/9/2012	4	1	10	9	0	2	1	2	0.42	0.4242	0.77	0.2239	37	345	382	648	4	1	10	0	2	1	2	0.446667	0.438112	0.761667	0.1903	601	5791	6392
15414	10/9/2012	4	1	10	10	0	2	1	2	0.44	0.4394	0.75	0.2239	33	131	164	648	4	1	10	0	2	1	2	0.446667	0.438112	0.761667	0.1903	601	5791	6392
15415	10/9/2012	4	1	10	11	0	2	1	2	0.48	0.4697	0.69	0.194	37	156	193	648	4	1	10	0	2	1	2	0.446667	0.438112	0.761667	0.1903	601	5791	6392
15416	10/9/2012	4	1	10	12	0	2	1	2	0.48	0.4697	0.69	0.194	43	217	260	648	4	1	10	0	2	1	2	0.446667	0.438112	0.761667	0.1903	601	5791	6392
15417	10/9/2012	4	1	10	13	0	2	1	2	0.5	0.4848	0.67	0.1343	54	184	238	648	4	1	10	0	2	1	2	0.446667	0.438112	0.761667	0.1903	601	5791	6392
15418	10/9/2012	4	1	10	14	0	2	1	2	0.54	0.5152	0.64	0.194	43	201	244	648	4	1	10	0	2	1	2	0.446667	0.438112	0.761667	0.1903	601	5791	6392
15419	10/9/2012	4	1	10	15	0	2	1	2	0.52	0.5	0.63	0.1642	59	195	254	648	4	1	10	0	2	1	2	0.446667	0.438112	0.761667	0.1903	601	5791	6392
15420	10/9/2012	4	1	10	16	0	2	1	2	0.5	0.4848	0.72	0.1642	70	354	424	648	4	1	10	0	2	1	2	0.446667	0.438112	0.761667	0.1903	601	5791	6392
15421	10/9/2012	4	1	10	17	0	2	1	2	0.52	0.5	0.68	0.1642	73	733	806	648	4	1	10	0	2	1	2	0.446667	0.438112	0.761667	0.1903	601	5791	6392
15422	10/9/2012	4	1	10	18	0	2	1	2	0.5	0.4848	0.72	0.2239	26	758	784	648	4	1	10	0	2	1	2	0.446667	0.438112	0.761667	0.1903	601	5791	6392
15423	10/9/2012	4	1	10	19	0	2	1	2	0.5	0.4848	0.72	0.1642	31	483	514	648	4	1	10	0	2	1	2	0.446667	0.438112	0.761667	0.1903	601	5791	6392
15424	10/9/2012	4	1	10	20	0	2	1	2	0.5	0.4848	0.72	0.1642	30	330	360	648	4	1	10	0	2	1	2	0.446667	0.438112	0.761667	0.1903	601	5791	6392
15425	10/9/2012	4	1	10	21	0	2	1	2	0.48	0.4697	0.77	0.1343	16	209	225	648	4	1	10	0	2	1	2	0.446667	0.438112	0.761667	0.1903	601	5791	6392
15426	10/9/2012	4	1	10	22	0	2	1	2	0.48	0.4697	0.77	0.0896	7	155	162	648	4	1	10	0	2	1	2	0.446667	0.438112	0.761667	0.1903	601	5791	6392
15427	10/9/2012	4	1	10	23	0	2	1	2	0.48	0.4697	0.77	0.0896	8	76	84	648	4	1	10	0	2	1	2	0.446667	0.438112	0.761667	0.1903	601	5791	6392
15428	10/10/2012	4	1	10	0	0	3	1	2	0.46	0.4545	0.88	0.0896	0	33	33	649	4	1	10	0	3	1	1	0.514167	0.503142	0.630833	0.187821	780	6911	7691
15429	10/10/2012	4	1	10	1	0	3	1	2	0.46	0.4545	0.88	0	2	6	8	649	4	1	10	0	3	1	1	0.514167	0.503142	0.630833	0.187821	780	6911	7691
15430	10/10/2012	4	1	10	2	0	3	1	2	0.46	0.4545	0.88	0	2	6	8	649	4	1	10	0	3	1	1	0.514167	0.503142	0.630833	0.187821	780	6911	7691
15431	10/10/2012	4	1	10	3	0	3	1	2	0.46	0.4545	0.88	0	0	6	6	649	4	1	10	0	3	1	1	0.514167	0.503142	0.630833	0.187821	780	6911	7691
15432	10/10/2012	4	1	10	4	0	3	1	2	0.46	0.4545	0.88	0.1045	0	6	6	649	4	1	10	0	3	1	1	0.514167	0.503142	0.630833	0.187821	780	6911	7691
15433	10/10/2012	4	1	10	5	0	3	1	2	0.46	0.4545	0.88	0.0896	2	38	40	649	4	1	10	0	3	1	1	0.514167	0.503142	0.630833	0.187821	780	6911	7691
15434	10/10/2012	4	1	10	6	0	3	1	2	0.46	0.4545	0.88	0.0896	3	172	175	649	4	1	10	0	3	1	1	0.514167	0.503142	0.630833	0.187821	780	6911	7691
15435	10/10/2012	4	1	10	7	0	3	1	1	0.46	0.4545	0.82	0.1045	9	498	507	649	4	1	10	0	3	1	1	0.514167	0.503142	0.630833	0.187821	780	6911	7691
15436	10/10/2012	4	1	10	8	0	3	1	1	0.5	0.4848	0.77	0.1642	33	806	839	649	4	1	10	0	3	1	1	0.514167	0.503142	0.630833	0.187821	780	6911	7691
15437	10/10/2012	4	1	10	9	0	3	1	1	0.54	0.5152	0.6	0.2836	35	331	366	649	4	1	10	0	3	1	1	0.514167	0.503142	0.630833	0.187821	780	6911	7691
15438	10/10/2012	4	1	10	10	0	3	1	1	0.56	0.5303	0.52	0.2985	27	190	217	649	4	1	10	0	3	1	1	0.514167	0.503142	0.630833	0.187821	780	6911	7691
15439	10/10/2012	4	1	10	11	0	3	1	1	0.54	0.5152	0.52	0.194	53	238	291	649	4	1	10	0	3	1	1	0.514167	0.503142	0.630833	0.187821	780	6911	7691
15440	10/10/2012	4	1	10	12	0	3	1	1	0.54	0.5152	0.56	0.2239	78	312	390	649	4	1	10	0	3	1	1	0.514167	0.503142	0.630833	0.187821	780	6911	7691
15441	10/10/2012	4	1	10	13	0	3	1	1	0.56	0.5303	0.49	0	60	237	297	649	4	1	10	0	3	1	1	0.514167	0.503142	0.630833	0.187821	780	6911	7691
15442	10/10/2012	4	1	10	14	0	3	1	1	0.6	0.6212	0.4	0.1642	63	208	271	649	4	1	10	0	3	1	1	0.514167	0.503142	0.630833	0.187821	780	6911	7691
15443	10/10/2012	4	1	10	15	0	3	1	1	0.6	0.6212	0.4	0.1642	58	261	319	649	4	1	10	0	3	1	1	0.514167	0.503142	0.630833	0.187821	780	6911	7691
15444	10/10/2012	4	1	10	16	0	3	1	1	0.6	0.6212	0.4	0.2239	92	474	566	649	4	1	10	0	3	1	1	0.514167	0.503142	0.630833	0.187821	780	6911	7691
15445	10/10/2012	4	1	10	17	0	3	1	1	0.58	0.5455	0.43	0.2239	91	857	948	649	4	1	10	0	3	1	1	0.514167	0.503142	0.630833	0.187821	780	6911	7691
15446	10/10/2012	4	1	10	18	0	3	1	2	0.56	0.5303	0.49	0.1642	57	787	844	649	4	1	10	0	3	1	1	0.514167	0.503142	0.630833	0.187821	780	6911	7691
15447	10/10/2012	4	1	10	19	0	3	1	2	0.56	0.5303	0.46	0.5821	32	534	566	649	4	1	10	0	3	1	1	0.514167	0.503142	0.630833	0.187821	780	6911	7691
15448	10/10/2012	4	1	10	20	0	3	1	1	0.52	0.5	0.48	0.4925	21	371	392	649	4	1	10	0	3	1	1	0.514167	0.503142	0.630833	0.187821	780	6911	7691
15449	10/10/2012	4	1	10	21	0	3	1	1	0.5	0.4848	0.51	0.3582	18	251	269	649	4	1	10	0	3	1	1	0.514167	0.503142	0.630833	0.187821	780	6911	7691
15450	10/10/2012	4	1	10	22	0	3	1	1	0.46	0.4545	0.55	0.2985	27	170	197	649	4	1	10	0	3	1	1	0.514167	0.503142	0.630833	0.187821	780	6911	7691
15451	10/10/2012	4	1	10	23	0	3	1	1	0.44	0.4394	0.58	0.194	17	119	136	649	4	1	10	0	3	1	1	0.514167	0.503142	0.630833	0.187821	780	6911	7691
15452	10/11/2012	4	1	10	0	0	4	1	1	0.44	0.4394	0.51	0.1343	1	41	42	650	4	1	10	0	4	1	1	0.435	0.431167	0.463333	0.181596	834	6736	7570
15453	10/11/2012	4	1	10	1	0	4	1	1	0.44	0.4394	0.47	0.194	1	10	11	650	4	1	10	0	4	1	1	0.435	0.431167	0.463333	0.181596	834	6736	7570
15454	10/11/2012	4	1	10	2	0	4	1	1	0.42	0.4242	0.5	0.1343	4	7	11	650	4	1	10	0	4	1	1	0.435	0.431167	0.463333	0.181596	834	6736	7570
15455	10/11/2012	4	1	10	3	0	4	1	1	0.42	0.4242	0.47	0.2985	0	3	3	650	4	1	10	0	4	1	1	0.435	0.431167	0.463333	0.181596	834	6736	7570
15456	10/11/2012	4	1	10	4	0	4	1	1	0.4	0.4091	0.5	0.2537	0	10	10	650	4	1	10	0	4	1	1	0.435	0.431167	0.463333	0.181596	834	6736	7570
15457	10/11/2012	4	1	10	5	0	4	1	1	0.36	0.3485	0.5	0.1642	0	42	42	650	4	1	10	0	4	1	1	0.435	0.431167	0.463333	0.181596	834	6736	7570
15458	10/11/2012	4	1	10	6	0	4	1	1	0.36	0.3485	0.5	0.1642	1	158	159	650	4	1	10	0	4	1	1	0.435	0.431167	0.463333	0.181596	834	6736	7570
15459	10/11/2012	4	1	10	7	0	4	1	1	0.36	0.3333	0.5	0.2537	11	467	478	650	4	1	10	0	4	1	1	0.435	0.431167	0.463333	0.181596	834	6736	7570
15460	10/11/2012	4	1	10	8	0	4	1	1	0.38	0.3939	0.46	0.3881	25	773	798	650	4	1	10	0	4	1	1	0.435	0.431167	0.463333	0.181596	834	6736	7570
15461	10/11/2012	4	1	10	9	0	4	1	1	0.4	0.4091	0.43	0.3881	27	328	355	650	4	1	10	0	4	1	1	0.435	0.431167	0.463333	0.181596	834	6736	7570
15462	10/11/2012	4	1	10	10	0	4	1	1	0.44	0.4394	0.41	0.3582	39	165	204	650	4	1	10	0	4	1	1	0.435	0.431167	0.463333	0.181596	834	6736	7570
15463	10/11/2012	4	1	10	11	0	4	1	1	0.46	0.4545	0.36	0	76	175	251	650	4	1	10	0	4	1	1	0.435	0.431167	0.463333	0.181596	834	6736	7570
15464	10/11/2012	4	1	10	12	0	4	1	1	0.46	0.4545	0.36	0	47	279	326	650	4	1	10	0	4	1	1	0.435	0.431167	0.463333	0.181596	834	6736	7570
15465	10/11/2012	4	1	10	13	0	4	1	1	0.5	0.4848	0.31	0.1045	48	243	291	650	4	1	10	0	4	1	1	0.435	0.431167	0.463333	0.181596	834	6736	7570
15466	10/11/2012	4	1	10	14	0	4	1	1	0.52	0.5	0.32	0.0896	78	270	348	650	4	1	10	0	4	1	1	0.435	0.431167	0.463333	0.181596	834	6736	7570
15467	10/11/2012	4	1	10	15	0	4	1	1	0.52	0.5	0.34	0.1642	102	358	460	650	4	1	10	0	4	1	1	0.435	0.431167	0.463333	0.181596	834	6736	7570
15468	10/11/2012	4	1	10	16	0	4	1	1	0.5	0.4848	0.36	0.1343	68	413	481	650	4	1	10	0	4	1	1	0.435	0.431167	0.463333	0.181596	834	6736	7570
15469	10/11/2012	4	1	10	17	0	4	1	1	0.5	0.4848	0.39	0.2836	90	737	827	650	4	1	10	0	4	1	1	0.435	0.431167	0.463333	0.181596	834	6736	7570
15470	10/11/2012	4	1	10	18	0	4	1	1	0.46	0.4545	0.44	0.1642	64	628	692	650	4	1	10	0	4	1	1	0.435	0.431167	0.463333	0.181596	834	6736	7570
15471	10/11/2012	4	1	10	19	0	4	1	1	0.44	0.4394	0.51	0.1343	81	662	743	650	4	1	10	0	4	1	1	0.435	0.431167	0.463333	0.181596	834	6736	7570
15472	10/11/2012	4	1	10	20	0	4	1	1	0.42	0.4242	0.62	0.1642	27	388	415	650	4	1	10	0	4	1	1	0.435	0.431167	0.463333	0.181596	834	6736	7570
15473	10/11/2012	4	1	10	21	0	4	1	1	0.42	0.4242	0.62	0.1343	24	236	260	650	4	1	10	0	4	1	1	0.435	0.431167	0.463333	0.181596	834	6736	7570
15474	10/11/2012	4	1	10	22	0	4	1	1	0.4	0.4091	0.66	0.1642	10	167	177	650	4	1	10	0	4	1	1	0.435	0.431167	0.463333	0.181596	834	6736	7570
15475	10/11/2012	4	1	10	23	0	4	1	1	0.42	0.4242	0.58	0.0896	10	176	186	650	4	1	10	0	4	1	1	0.435	0.431167	0.463333	0.181596	834	6736	7570
15476	10/12/2012	4	1	10	0	0	5	1	1	0.4	0.4091	0.66	0.1045	8	60	68	651	4	1	10	0	5	1	1	0.4375	0.433071	0.539167	0.235092	1060	6222	7282
15477	10/12/2012	4	1	10	1	0	5	1	1	0.4	0.4091	0.66	0.0896	8	29	37	651	4	1	10	0	5	1	1	0.4375	0.433071	0.539167	0.235092	1060	6222	7282
15478	10/12/2012	4	1	10	2	0	5	1	1	0.4	0.4091	0.66	0.0896	0	16	16	651	4	1	10	0	5	1	1	0.4375	0.433071	0.539167	0.235092	1060	6222	7282
15479	10/12/2012	4	1	10	3	0	5	1	1	0.36	0.3636	0.76	0.0896	0	6	6	651	4	1	10	0	5	1	1	0.4375	0.433071	0.539167	0.235092	1060	6222	7282
15480	10/12/2012	4	1	10	4	0	5	1	1	0.36	0.3636	0.76	0.1045	0	8	8	651	4	1	10	0	5	1	1	0.4375	0.433071	0.539167	0.235092	1060	6222	7282
15481	10/12/2012	4	1	10	5	0	5	1	1	0.36	0.3636	0.81	0.0896	2	33	35	651	4	1	10	0	5	1	1	0.4375	0.433071	0.539167	0.235092	1060	6222	7282
15482	10/12/2012	4	1	10	6	0	5	1	1	0.34	0.3485	0.81	0.0896	3	140	143	651	4	1	10	0	5	1	1	0.4375	0.433071	0.539167	0.235092	1060	6222	7282
15483	10/12/2012	4	1	10	7	0	5	1	1	0.36	0.3636	0.81	0.0896	8	384	392	651	4	1	10	0	5	1	1	0.4375	0.433071	0.539167	0.235092	1060	6222	7282
15484	10/12/2012	4	1	10	8	0	5	1	1	0.42	0.4242	0.71	0.0896	34	711	745	651	4	1	10	0	5	1	1	0.4375	0.433071	0.539167	0.235092	1060	6222	7282
15485	10/12/2012	4	1	10	9	0	5	1	1	0.5	0.4848	0.39	0.2985	26	374	400	651	4	1	10	0	5	1	1	0.4375	0.433071	0.539167	0.235092	1060	6222	7282
15486	10/12/2012	4	1	10	10	0	5	1	1	0.52	0.5	0.36	0.2985	75	200	275	651	4	1	10	0	5	1	1	0.4375	0.433071	0.539167	0.235092	1060	6222	7282
15487	10/12/2012	4	1	10	11	0	5	1	1	0.54	0.5152	0.37	0.3582	61	252	313	651	4	1	10	0	5	1	1	0.4375	0.433071	0.539167	0.235092	1060	6222	7282
15488	10/12/2012	4	1	10	12	0	5	1	1	0.54	0.5152	0.39	0.4627	75	312	387	651	4	1	10	0	5	1	1	0.4375	0.433071	0.539167	0.235092	1060	6222	7282
15489	10/12/2012	4	1	10	13	0	5	1	1	0.56	0.5303	0.37	0.3881	81	300	381	651	4	1	10	0	5	1	1	0.4375	0.433071	0.539167	0.235092	1060	6222	7282
15490	10/12/2012	4	1	10	14	0	5	1	1	0.56	0.5303	0.37	0.4627	109	262	371	651	4	1	10	0	5	1	1	0.4375	0.433071	0.539167	0.235092	1060	6222	7282
15491	10/12/2012	4	1	10	15	0	5	1	1	0.52	0.5	0.42	0.4478	138	317	455	651	4	1	10	0	5	1	1	0.4375	0.433071	0.539167	0.235092	1060	6222	7282
15492	10/12/2012	4	1	10	16	0	5	1	1	0.46	0.4545	0.41	0.3582	108	412	520	651	4	1	10	0	5	1	1	0.4375	0.433071	0.539167	0.235092	1060	6222	7282
15493	10/12/2012	4	1	10	17	0	5	1	1	0.46	0.4545	0.38	0.3881	131	706	837	651	4	1	10	0	5	1	1	0.4375	0.433071	0.539167	0.235092	1060	6222	7282
15494	10/12/2012	4	1	10	18	0	5	1	1	0.44	0.4394	0.38	0.2985	76	566	642	651	4	1	10	0	5	1	1	0.4375	0.433071	0.539167	0.235092	1060	6222	7282
15495	10/12/2012	4	1	10	19	0	5	1	1	0.42	0.4242	0.41	0.2239	40	453	493	651	4	1	10	0	5	1	1	0.4375	0.433071	0.539167	0.235092	1060	6222	7282
15496	10/12/2012	4	1	10	20	0	5	1	1	0.42	0.4242	0.47	0.1343	28	280	308	651	4	1	10	0	5	1	1	0.4375	0.433071	0.539167	0.235092	1060	6222	7282
15497	10/12/2012	4	1	10	21	0	5	1	1	0.4	0.4091	0.54	0.194	21	169	190	651	4	1	10	0	5	1	1	0.4375	0.433071	0.539167	0.235092	1060	6222	7282
15498	10/12/2012	4	1	10	22	0	5	1	1	0.4	0.4091	0.47	0.2985	17	143	160	651	4	1	10	0	5	1	1	0.4375	0.433071	0.539167	0.235092	1060	6222	7282
15499	10/12/2012	4	1	10	23	0	5	1	1	0.36	0.3485	0.57	0.194	11	89	100	651	4	1	10	0	5	1	1	0.4375	0.433071	0.539167	0.235092	1060	6222	7282
15500	10/13/2012	4	1	10	0	0	6	0	1	0.36	0.3636	0.57	0.0896	31	218	249	652	4	1	10	0	6	0	1	0.393333	0.391396	0.494583	0.146142	2252	4857	7109
15501	10/13/2012	4	1	10	1	0	6	0	1	0.34	0.3333	0.53	0.1343	23	123	146	652	4	1	10	0	6	0	1	0.393333	0.391396	0.494583	0.146142	2252	4857	7109
15502	10/13/2012	4	1	10	2	0	6	0	1	0.34	0.3333	0.53	0.194	7	60	67	652	4	1	10	0	6	0	1	0.393333	0.391396	0.494583	0.146142	2252	4857	7109
15503	10/13/2012	4	1	10	3	0	6	0	1	0.32	0.303	0.66	0.2239	2	13	15	652	4	1	10	0	6	0	1	0.393333	0.391396	0.494583	0.146142	2252	4857	7109
15504	10/13/2012	4	1	10	4	0	6	0	1	0.3	0.303	0.65	0.1642	2	9	11	652	4	1	10	0	6	0	1	0.393333	0.391396	0.494583	0.146142	2252	4857	7109
15505	10/13/2012	4	1	10	5	0	6	0	1	0.3	0.2879	0.61	0.194	0	11	11	652	4	1	10	0	6	0	1	0.393333	0.391396	0.494583	0.146142	2252	4857	7109
15506	10/13/2012	4	1	10	6	0	6	0	1	0.3	0.2879	0.61	0.194	5	23	28	652	4	1	10	0	6	0	1	0.393333	0.391396	0.494583	0.146142	2252	4857	7109
15507	10/13/2012	4	1	10	7	0	6	0	1	0.3	0.303	0.61	0.1642	10	60	70	652	4	1	10	0	6	0	1	0.393333	0.391396	0.494583	0.146142	2252	4857	7109
15508	10/13/2012	4	1	10	8	0	6	0	1	0.34	0.3485	0.53	0.1045	23	151	174	652	4	1	10	0	6	0	1	0.393333	0.391396	0.494583	0.146142	2252	4857	7109
15509	10/13/2012	4	1	10	9	0	6	0	1	0.36	0.3636	0.5	0.0896	46	220	266	652	4	1	10	0	6	0	1	0.393333	0.391396	0.494583	0.146142	2252	4857	7109
15510	10/13/2012	4	1	10	10	0	6	0	1	0.4	0.4091	0.43	0	82	265	347	652	4	1	10	0	6	0	1	0.393333	0.391396	0.494583	0.146142	2252	4857	7109
15511	10/13/2012	4	1	10	11	0	6	0	1	0.42	0.4242	0.35	0.1343	192	335	527	652	4	1	10	0	6	0	1	0.393333	0.391396	0.494583	0.146142	2252	4857	7109
15512	10/13/2012	4	1	10	12	0	6	0	1	0.44	0.4394	0.35	0	202	371	573	652	4	1	10	0	6	0	1	0.393333	0.391396	0.494583	0.146142	2252	4857	7109
15513	10/13/2012	4	1	10	13	0	6	0	1	0.46	0.4545	0.36	0.194	235	435	670	652	4	1	10	0	6	0	1	0.393333	0.391396	0.494583	0.146142	2252	4857	7109
15514	10/13/2012	4	1	10	14	0	6	0	1	0.48	0.4697	0.33	0.194	243	354	597	652	4	1	10	0	6	0	1	0.393333	0.391396	0.494583	0.146142	2252	4857	7109
15515	10/13/2012	4	1	10	15	0	6	0	1	0.5	0.4848	0.36	0.194	251	364	615	652	4	1	10	0	6	0	1	0.393333	0.391396	0.494583	0.146142	2252	4857	7109
15516	10/13/2012	4	1	10	16	0	6	0	1	0.5	0.4848	0.31	0.194	294	343	637	652	4	1	10	0	6	0	1	0.393333	0.391396	0.494583	0.146142	2252	4857	7109
15517	10/13/2012	4	1	10	17	0	6	0	1	0.46	0.4545	0.38	0.1642	193	335	528	652	4	1	10	0	6	0	1	0.393333	0.391396	0.494583	0.146142	2252	4857	7109
15518	10/13/2012	4	1	10	18	0	6	0	1	0.46	0.4545	0.44	0.1343	174	299	473	652	4	1	10	0	6	0	1	0.393333	0.391396	0.494583	0.146142	2252	4857	7109
15519	10/13/2012	4	1	10	19	0	6	0	1	0.44	0.4394	0.44	0.1642	73	259	332	652	4	1	10	0	6	0	1	0.393333	0.391396	0.494583	0.146142	2252	4857	7109
15520	10/13/2012	4	1	10	20	0	6	0	1	0.4	0.4091	0.54	0.0896	57	198	255	652	4	1	10	0	6	0	1	0.393333	0.391396	0.494583	0.146142	2252	4857	7109
15521	10/13/2012	4	1	10	21	0	6	0	1	0.4	0.4091	0.58	0.194	47	157	204	652	4	1	10	0	6	0	1	0.393333	0.391396	0.494583	0.146142	2252	4857	7109
15522	10/13/2012	4	1	10	22	0	6	0	1	0.4	0.4091	0.62	0	33	156	189	652	4	1	10	0	6	0	1	0.393333	0.391396	0.494583	0.146142	2252	4857	7109
15523	10/13/2012	4	1	10	23	0	6	0	1	0.42	0.4242	0.58	0.2985	27	98	125	652	4	1	10	0	6	0	1	0.393333	0.391396	0.494583	0.146142	2252	4857	7109
15524	10/14/2012	4	1	10	0	0	0	0	1	0.4	0.4091	0.71	0.2537	8	103	111	653	4	1	10	0	0	0	1	0.521667	0.508204	0.640417	0.278612	2080	4559	6639
15525	10/14/2012	4	1	10	1	0	0	0	1	0.42	0.4242	0.77	0.2836	16	96	112	653	4	1	10	0	0	0	1	0.521667	0.508204	0.640417	0.278612	2080	4559	6639
15526	10/14/2012	4	1	10	2	0	0	0	1	0.4	0.4091	0.76	0.0896	8	58	66	653	4	1	10	0	0	0	1	0.521667	0.508204	0.640417	0.278612	2080	4559	6639
15527	10/14/2012	4	1	10	3	0	0	0	1	0.42	0.4242	0.77	0.2985	3	25	28	653	4	1	10	0	0	0	1	0.521667	0.508204	0.640417	0.278612	2080	4559	6639
15528	10/14/2012	4	1	10	4	0	0	0	1	0.42	0.4242	0.77	0.2836	2	10	12	653	4	1	10	0	0	0	1	0.521667	0.508204	0.640417	0.278612	2080	4559	6639
15529	10/14/2012	4	1	10	5	0	0	0	1	0.4	0.4091	0.82	0.194	5	6	11	653	4	1	10	0	0	0	1	0.521667	0.508204	0.640417	0.278612	2080	4559	6639
15530	10/14/2012	4	1	10	6	0	0	0	1	0.4	0.4091	0.82	0.1642	4	20	24	653	4	1	10	0	0	0	1	0.521667	0.508204	0.640417	0.278612	2080	4559	6639
15531	10/14/2012	4	1	10	7	0	0	0	1	0.42	0.4242	0.82	0.2239	7	44	51	653	4	1	10	0	0	0	1	0.521667	0.508204	0.640417	0.278612	2080	4559	6639
15532	10/14/2012	4	1	10	8	0	0	0	1	0.44	0.4394	0.77	0.194	28	104	132	653	4	1	10	0	0	0	1	0.521667	0.508204	0.640417	0.278612	2080	4559	6639
15533	10/14/2012	4	1	10	9	0	0	0	2	0.48	0.4697	0.67	0.2836	62	161	223	653	4	1	10	0	0	0	1	0.521667	0.508204	0.640417	0.278612	2080	4559	6639
15534	10/14/2012	4	1	10	10	0	0	0	1	0.54	0.5152	0.56	0.194	150	278	428	653	4	1	10	0	0	0	1	0.521667	0.508204	0.640417	0.278612	2080	4559	6639
15535	10/14/2012	4	1	10	11	0	0	0	1	0.56	0.5303	0.52	0.2985	156	338	494	653	4	1	10	0	0	0	1	0.521667	0.508204	0.640417	0.278612	2080	4559	6639
15536	10/14/2012	4	1	10	12	0	0	0	1	0.62	0.6212	0.46	0.3284	200	362	562	653	4	1	10	0	0	0	1	0.521667	0.508204	0.640417	0.278612	2080	4559	6639
15537	10/14/2012	4	1	10	13	0	0	0	1	0.64	0.6212	0.41	0.4478	218	401	619	653	4	1	10	0	0	0	1	0.521667	0.508204	0.640417	0.278612	2080	4559	6639
15538	10/14/2012	4	1	10	14	0	0	0	1	0.66	0.6212	0.39	0.4179	249	368	617	653	4	1	10	0	0	0	1	0.521667	0.508204	0.640417	0.278612	2080	4559	6639
15539	10/14/2012	4	1	10	15	0	0	0	1	0.66	0.6212	0.39	0.4179	213	355	568	653	4	1	10	0	0	0	1	0.521667	0.508204	0.640417	0.278612	2080	4559	6639
15540	10/14/2012	4	1	10	16	0	0	0	1	0.64	0.6212	0.41	0.2985	203	378	581	653	4	1	10	0	0	0	1	0.521667	0.508204	0.640417	0.278612	2080	4559	6639
15541	10/14/2012	4	1	10	17	0	0	0	1	0.64	0.6212	0.44	0.194	193	346	539	653	4	1	10	0	0	0	1	0.521667	0.508204	0.640417	0.278612	2080	4559	6639
15542	10/14/2012	4	1	10	18	0	0	0	1	0.58	0.5455	0.6	0.2537	134	319	453	653	4	1	10	0	0	0	1	0.521667	0.508204	0.640417	0.278612	2080	4559	6639
15543	10/14/2012	4	1	10	19	0	0	0	1	0.56	0.5303	0.64	0.2239	68	268	336	653	4	1	10	0	0	0	1	0.521667	0.508204	0.640417	0.278612	2080	4559	6639
15544	10/14/2012	4	1	10	20	0	0	0	1	0.54	0.5152	0.73	0.2239	48	198	246	653	4	1	10	0	0	0	1	0.521667	0.508204	0.640417	0.278612	2080	4559	6639
15545	10/14/2012	4	1	10	21	0	0	0	1	0.56	0.5303	0.73	0.4478	40	156	196	653	4	1	10	0	0	0	1	0.521667	0.508204	0.640417	0.278612	2080	4559	6639
15546	10/14/2012	4	1	10	22	0	0	0	1	0.56	0.5303	0.73	0.3881	38	87	125	653	4	1	10	0	0	0	1	0.521667	0.508204	0.640417	0.278612	2080	4559	6639
15547	10/14/2012	4	1	10	23	0	0	0	2	0.56	0.5303	0.68	0.2836	27	78	105	653	4	1	10	0	0	0	1	0.521667	0.508204	0.640417	0.278612	2080	4559	6639
15548	10/15/2012	4	1	10	0	0	1	1	2	0.56	0.5303	0.73	0.2537	17	31	48	654	4	1	10	0	1	1	2	0.561667	0.53915	0.7075	0.296037	760	5115	5875
15549	10/15/2012	4	1	10	1	0	1	1	2	0.58	0.5455	0.64	0.3881	5	24	29	654	4	1	10	0	1	1	2	0.561667	0.53915	0.7075	0.296037	760	5115	5875
15550	10/15/2012	4	1	10	2	0	1	1	2	0.58	0.5455	0.64	0.3582	1	5	6	654	4	1	10	0	1	1	2	0.561667	0.53915	0.7075	0.296037	760	5115	5875
15551	10/15/2012	4	1	10	3	0	1	1	2	0.56	0.5303	0.73	0.2537	2	2	4	654	4	1	10	0	1	1	2	0.561667	0.53915	0.7075	0.296037	760	5115	5875
15552	10/15/2012	4	1	10	4	0	1	1	2	0.56	0.5303	0.68	0.2239	1	9	10	654	4	1	10	0	1	1	2	0.561667	0.53915	0.7075	0.296037	760	5115	5875
15553	10/15/2012	4	1	10	5	0	1	1	2	0.56	0.5303	0.73	0.2836	2	38	40	654	4	1	10	0	1	1	2	0.561667	0.53915	0.7075	0.296037	760	5115	5875
15554	10/15/2012	4	1	10	6	0	1	1	2	0.56	0.5303	0.73	0.2985	6	141	147	654	4	1	10	0	1	1	2	0.561667	0.53915	0.7075	0.296037	760	5115	5875
15555	10/15/2012	4	1	10	7	0	1	1	2	0.58	0.5455	0.68	0.3284	15	461	476	654	4	1	10	0	1	1	2	0.561667	0.53915	0.7075	0.296037	760	5115	5875
15556	10/15/2012	4	1	10	8	0	1	1	2	0.6	0.6061	0.64	0.3881	24	713	737	654	4	1	10	0	1	1	2	0.561667	0.53915	0.7075	0.296037	760	5115	5875
15557	10/15/2012	4	1	10	9	0	1	1	3	0.6	0.5909	0.69	0.3881	31	328	359	654	4	1	10	0	1	1	2	0.561667	0.53915	0.7075	0.296037	760	5115	5875
15558	10/15/2012	4	1	10	10	0	1	1	2	0.6	0.5909	0.73	0.3881	43	125	168	654	4	1	10	0	1	1	2	0.561667	0.53915	0.7075	0.296037	760	5115	5875
15559	10/15/2012	4	1	10	11	0	1	1	2	0.6	0.5909	0.73	0.3881	88	175	263	654	4	1	10	0	1	1	2	0.561667	0.53915	0.7075	0.296037	760	5115	5875
15560	10/15/2012	4	1	10	12	0	1	1	3	0.6	0.5758	0.78	0.3284	73	211	284	654	4	1	10	0	1	1	2	0.561667	0.53915	0.7075	0.296037	760	5115	5875
15561	10/15/2012	4	1	10	13	0	1	1	2	0.56	0.5303	0.88	0.2239	37	109	146	654	4	1	10	0	1	1	2	0.561667	0.53915	0.7075	0.296037	760	5115	5875
15562	10/15/2012	4	1	10	14	0	1	1	2	0.6	0.5758	0.78	0.2836	57	128	185	654	4	1	10	0	1	1	2	0.561667	0.53915	0.7075	0.296037	760	5115	5875
15563	10/15/2012	4	1	10	15	0	1	1	1	0.6	0.5758	0.78	0.3284	70	190	260	654	4	1	10	0	1	1	2	0.561667	0.53915	0.7075	0.296037	760	5115	5875
15564	10/15/2012	4	1	10	16	0	1	1	1	0.56	0.5303	0.64	0.2985	76	371	447	654	4	1	10	0	1	1	2	0.561667	0.53915	0.7075	0.296037	760	5115	5875
15565	10/15/2012	4	1	10	17	0	1	1	1	0.56	0.5303	0.64	0.2537	96	670	766	654	4	1	10	0	1	1	2	0.561667	0.53915	0.7075	0.296037	760	5115	5875
15566	10/15/2012	4	1	10	18	0	1	1	3	0.54	0.5152	0.77	0.1343	52	540	592	654	4	1	10	0	1	1	2	0.561667	0.53915	0.7075	0.296037	760	5115	5875
15567	10/15/2012	4	1	10	19	0	1	1	3	0.52	0.5	0.83	0.0896	12	227	239	654	4	1	10	0	1	1	2	0.561667	0.53915	0.7075	0.296037	760	5115	5875
15568	10/15/2012	4	1	10	20	0	1	1	2	0.52	0.5	0.72	0.3881	19	237	256	654	4	1	10	0	1	1	2	0.561667	0.53915	0.7075	0.296037	760	5115	5875
15569	10/15/2012	4	1	10	21	0	1	1	1	0.52	0.5	0.59	0.3284	16	190	206	654	4	1	10	0	1	1	2	0.561667	0.53915	0.7075	0.296037	760	5115	5875
15570	10/15/2012	4	1	10	22	0	1	1	1	0.5	0.4848	0.59	0.2836	8	118	126	654	4	1	10	0	1	1	2	0.561667	0.53915	0.7075	0.296037	760	5115	5875
15571	10/15/2012	4	1	10	23	0	1	1	1	0.46	0.4545	0.63	0.2239	9	72	81	654	4	1	10	0	1	1	2	0.561667	0.53915	0.7075	0.296037	760	5115	5875
15572	10/16/2012	4	1	10	0	0	2	1	1	0.46	0.4545	0.63	0.3881	3	45	48	655	4	1	10	0	2	1	1	0.468333	0.460846	0.558333	0.182221	922	6612	7534
15573	10/16/2012	4	1	10	1	0	2	1	1	0.44	0.4394	0.67	0.194	4	9	13	655	4	1	10	0	2	1	1	0.468333	0.460846	0.558333	0.182221	922	6612	7534
15574	10/16/2012	4	1	10	2	0	2	1	1	0.44	0.4394	0.67	0.1343	2	1	3	655	4	1	10	0	2	1	1	0.468333	0.460846	0.558333	0.182221	922	6612	7534
15575	10/16/2012	4	1	10	3	0	2	1	1	0.42	0.4242	0.67	0.1045	0	2	2	655	4	1	10	0	2	1	1	0.468333	0.460846	0.558333	0.182221	922	6612	7534
15576	10/16/2012	4	1	10	4	0	2	1	1	0.42	0.4242	0.67	0.1642	0	7	7	655	4	1	10	0	2	1	1	0.468333	0.460846	0.558333	0.182221	922	6612	7534
15577	10/16/2012	4	1	10	5	0	2	1	1	0.42	0.4242	0.67	0.2537	5	47	52	655	4	1	10	0	2	1	1	0.468333	0.460846	0.558333	0.182221	922	6612	7534
15578	10/16/2012	4	1	10	6	0	2	1	1	0.42	0.4242	0.67	0.1642	4	168	172	655	4	1	10	0	2	1	1	0.468333	0.460846	0.558333	0.182221	922	6612	7534
15579	10/16/2012	4	1	10	7	0	2	1	1	0.42	0.4242	0.67	0.0896	20	505	525	655	4	1	10	0	2	1	1	0.468333	0.460846	0.558333	0.182221	922	6612	7534
15580	10/16/2012	4	1	10	8	0	2	1	1	0.44	0.4394	0.62	0	35	800	835	655	4	1	10	0	2	1	1	0.468333	0.460846	0.558333	0.182221	922	6612	7534
15581	10/16/2012	4	1	10	9	0	2	1	1	0.48	0.4697	0.55	0.2537	32	323	355	655	4	1	10	0	2	1	1	0.468333	0.460846	0.558333	0.182221	922	6612	7534
15582	10/16/2012	4	1	10	10	0	2	1	1	0.5	0.4848	0.48	0.2836	65	157	222	655	4	1	10	0	2	1	1	0.468333	0.460846	0.558333	0.182221	922	6612	7534
15583	10/16/2012	4	1	10	11	0	2	1	1	0.5	0.4848	0.45	0.4179	56	172	228	655	4	1	10	0	2	1	1	0.468333	0.460846	0.558333	0.182221	922	6612	7534
15584	10/16/2012	4	1	10	12	0	2	1	2	0.52	0.5	0.45	0.3284	69	256	325	655	4	1	10	0	2	1	1	0.468333	0.460846	0.558333	0.182221	922	6612	7534
15585	10/16/2012	4	1	10	13	0	2	1	1	0.52	0.5	0.45	0.2836	68	260	328	655	4	1	10	0	2	1	1	0.468333	0.460846	0.558333	0.182221	922	6612	7534
15586	10/16/2012	4	1	10	14	0	2	1	1	0.54	0.5152	0.39	0.2537	94	214	308	655	4	1	10	0	2	1	1	0.468333	0.460846	0.558333	0.182221	922	6612	7534
15587	10/16/2012	4	1	10	15	0	2	1	1	0.54	0.5152	0.41	0.3284	76	270	346	655	4	1	10	0	2	1	1	0.468333	0.460846	0.558333	0.182221	922	6612	7534
15588	10/16/2012	4	1	10	16	0	2	1	1	0.54	0.5152	0.39	0.2836	79	367	446	655	4	1	10	0	2	1	1	0.468333	0.460846	0.558333	0.182221	922	6612	7534
15589	10/16/2012	4	1	10	17	0	2	1	1	0.52	0.5	0.39	0.194	104	839	943	655	4	1	10	0	2	1	1	0.468333	0.460846	0.558333	0.182221	922	6612	7534
15590	10/16/2012	4	1	10	18	0	2	1	1	0.5	0.4848	0.42	0.1642	71	767	838	655	4	1	10	0	2	1	1	0.468333	0.460846	0.558333	0.182221	922	6612	7534
15591	10/16/2012	4	1	10	19	0	2	1	1	0.48	0.4697	0.48	0	40	491	531	655	4	1	10	0	2	1	1	0.468333	0.460846	0.558333	0.182221	922	6612	7534
15592	10/16/2012	4	1	10	20	0	2	1	1	0.46	0.4545	0.55	0	35	397	432	655	4	1	10	0	2	1	1	0.468333	0.460846	0.558333	0.182221	922	6612	7534
15593	10/16/2012	4	1	10	21	0	2	1	1	0.46	0.4545	0.63	0	19	176	195	655	4	1	10	0	2	1	1	0.468333	0.460846	0.558333	0.182221	922	6612	7534
15594	10/16/2012	4	1	10	22	0	2	1	1	0.4	0.4091	0.71	0.0896	18	163	181	655	4	1	10	0	2	1	1	0.468333	0.460846	0.558333	0.182221	922	6612	7534
15595	10/16/2012	4	1	10	23	0	2	1	1	0.4	0.4091	0.71	0	23	176	199	655	4	1	10	0	2	1	1	0.468333	0.460846	0.558333	0.182221	922	6612	7534
15596	10/17/2012	4	1	10	0	0	3	1	1	0.38	0.3939	0.76	0	1	48	49	656	4	1	10	0	3	1	1	0.455833	0.450108	0.692917	0.101371	979	6482	7461
15597	10/17/2012	4	1	10	1	0	3	1	1	0.38	0.3939	0.76	0	3	14	17	656	4	1	10	0	3	1	1	0.455833	0.450108	0.692917	0.101371	979	6482	7461
15598	10/17/2012	4	1	10	2	0	3	1	1	0.38	0.3939	0.76	0	4	12	16	656	4	1	10	0	3	1	1	0.455833	0.450108	0.692917	0.101371	979	6482	7461
15599	10/17/2012	4	1	10	3	0	3	1	1	0.36	0.3788	0.87	0	0	7	7	656	4	1	10	0	3	1	1	0.455833	0.450108	0.692917	0.101371	979	6482	7461
15600	10/17/2012	4	1	10	4	0	3	1	1	0.36	0.3636	0.81	0.0896	0	4	4	656	4	1	10	0	3	1	1	0.455833	0.450108	0.692917	0.101371	979	6482	7461
15601	10/17/2012	4	1	10	5	0	3	1	2	0.36	0.3788	0.81	0	2	39	41	656	4	1	10	0	3	1	1	0.455833	0.450108	0.692917	0.101371	979	6482	7461
15602	10/17/2012	4	1	10	6	0	3	1	1	0.38	0.3939	0.82	0	7	171	178	656	4	1	10	0	3	1	1	0.455833	0.450108	0.692917	0.101371	979	6482	7461
15603	10/17/2012	4	1	10	7	0	3	1	1	0.36	0.3636	0.81	0.1045	15	449	464	656	4	1	10	0	3	1	1	0.455833	0.450108	0.692917	0.101371	979	6482	7461
15604	10/17/2012	4	1	10	8	0	3	1	2	0.4	0.4091	0.76	0	38	779	817	656	4	1	10	0	3	1	1	0.455833	0.450108	0.692917	0.101371	979	6482	7461
15605	10/17/2012	4	1	10	9	0	3	1	2	0.42	0.4242	0.77	0	38	344	382	656	4	1	10	0	3	1	1	0.455833	0.450108	0.692917	0.101371	979	6482	7461
15606	10/17/2012	4	1	10	10	0	3	1	2	0.46	0.4545	0.67	0	60	168	228	656	4	1	10	0	3	1	1	0.455833	0.450108	0.692917	0.101371	979	6482	7461
15607	10/17/2012	4	1	10	11	0	3	1	2	0.5	0.4848	0.51	0.0896	78	156	234	656	4	1	10	0	3	1	1	0.455833	0.450108	0.692917	0.101371	979	6482	7461
15608	10/17/2012	4	1	10	12	0	3	1	2	0.52	0.5	0.48	0.1642	71	261	332	656	4	1	10	0	3	1	1	0.455833	0.450108	0.692917	0.101371	979	6482	7461
15609	10/17/2012	4	1	10	13	0	3	1	2	0.54	0.5152	0.49	0.1343	73	237	310	656	4	1	10	0	3	1	1	0.455833	0.450108	0.692917	0.101371	979	6482	7461
15610	10/17/2012	4	1	10	14	0	3	1	2	0.56	0.5303	0.43	0.1642	82	188	270	656	4	1	10	0	3	1	1	0.455833	0.450108	0.692917	0.101371	979	6482	7461
15611	10/17/2012	4	1	10	15	0	3	1	2	0.58	0.5455	0.43	0.2239	62	239	301	656	4	1	10	0	3	1	1	0.455833	0.450108	0.692917	0.101371	979	6482	7461
15612	10/17/2012	4	1	10	16	0	3	1	1	0.56	0.5303	0.52	0.194	70	396	466	656	4	1	10	0	3	1	1	0.455833	0.450108	0.692917	0.101371	979	6482	7461
15613	10/17/2012	4	1	10	17	0	3	1	1	0.54	0.5152	0.56	0.1045	122	766	888	656	4	1	10	0	3	1	1	0.455833	0.450108	0.692917	0.101371	979	6482	7461
15614	10/17/2012	4	1	10	18	0	3	1	1	0.52	0.5	0.59	0.1642	90	794	884	656	4	1	10	0	3	1	1	0.455833	0.450108	0.692917	0.101371	979	6482	7461
15615	10/17/2012	4	1	10	19	0	3	1	1	0.5	0.4848	0.72	0.194	49	467	516	656	4	1	10	0	3	1	1	0.455833	0.450108	0.692917	0.101371	979	6482	7461
15616	10/17/2012	4	1	10	20	0	3	1	1	0.5	0.4848	0.72	0.1343	54	360	414	656	4	1	10	0	3	1	1	0.455833	0.450108	0.692917	0.101371	979	6482	7461
15617	10/17/2012	4	1	10	21	0	3	1	1	0.46	0.4545	0.82	0.194	28	301	329	656	4	1	10	0	3	1	1	0.455833	0.450108	0.692917	0.101371	979	6482	7461
15618	10/17/2012	4	1	10	22	0	3	1	1	0.46	0.4545	0.88	0.2537	17	198	215	656	4	1	10	0	3	1	1	0.455833	0.450108	0.692917	0.101371	979	6482	7461
15619	10/17/2012	4	1	10	23	0	3	1	1	0.46	0.4545	0.88	0.2239	15	84	99	656	4	1	10	0	3	1	1	0.455833	0.450108	0.692917	0.101371	979	6482	7461
15620	10/18/2012	4	1	10	0	0	4	1	1	0.46	0.4545	0.88	0.194	4	53	57	657	4	1	10	0	4	1	2	0.5225	0.512625	0.728333	0.236937	1008	6501	7509
15621	10/18/2012	4	1	10	1	0	4	1	1	0.46	0.4545	0.82	0.2239	0	14	14	657	4	1	10	0	4	1	2	0.5225	0.512625	0.728333	0.236937	1008	6501	7509
15622	10/18/2012	4	1	10	2	0	4	1	1	0.46	0.4545	0.82	0.194	1	13	14	657	4	1	10	0	4	1	2	0.5225	0.512625	0.728333	0.236937	1008	6501	7509
15623	10/18/2012	4	1	10	3	0	4	1	1	0.44	0.4394	0.88	0.2239	0	5	5	657	4	1	10	0	4	1	2	0.5225	0.512625	0.728333	0.236937	1008	6501	7509
15624	10/18/2012	4	1	10	4	0	4	1	1	0.44	0.4394	0.88	0.2239	0	5	5	657	4	1	10	0	4	1	2	0.5225	0.512625	0.728333	0.236937	1008	6501	7509
15625	10/18/2012	4	1	10	5	0	4	1	1	0.44	0.4394	0.82	0.2239	1	41	42	657	4	1	10	0	4	1	2	0.5225	0.512625	0.728333	0.236937	1008	6501	7509
15626	10/18/2012	4	1	10	6	0	4	1	1	0.44	0.4394	0.88	0.2985	3	150	153	657	4	1	10	0	4	1	2	0.5225	0.512625	0.728333	0.236937	1008	6501	7509
15627	10/18/2012	4	1	10	7	0	4	1	1	0.44	0.4394	0.88	0.2537	20	488	508	657	4	1	10	0	4	1	2	0.5225	0.512625	0.728333	0.236937	1008	6501	7509
15628	10/18/2012	4	1	10	8	0	4	1	1	0.46	0.4545	0.82	0.2537	31	803	834	657	4	1	10	0	4	1	2	0.5225	0.512625	0.728333	0.236937	1008	6501	7509
15629	10/18/2012	4	1	10	9	0	4	1	2	0.5	0.4848	0.77	0.1642	41	346	387	657	4	1	10	0	4	1	2	0.5225	0.512625	0.728333	0.236937	1008	6501	7509
15630	10/18/2012	4	1	10	10	0	4	1	2	0.52	0.5	0.68	0.2239	60	158	218	657	4	1	10	0	4	1	2	0.5225	0.512625	0.728333	0.236937	1008	6501	7509
15631	10/18/2012	4	1	10	11	0	4	1	2	0.56	0.5303	0.56	0.2239	79	189	268	657	4	1	10	0	4	1	2	0.5225	0.512625	0.728333	0.236937	1008	6501	7509
15632	10/18/2012	4	1	10	12	0	4	1	2	0.6	0.6212	0.53	0.2537	93	284	377	657	4	1	10	0	4	1	2	0.5225	0.512625	0.728333	0.236937	1008	6501	7509
15633	10/18/2012	4	1	10	13	0	4	1	1	0.62	0.6212	0.53	0.3582	96	236	332	657	4	1	10	0	4	1	2	0.5225	0.512625	0.728333	0.236937	1008	6501	7509
15634	10/18/2012	4	1	10	14	0	4	1	2	0.62	0.6212	0.5	0.2985	94	191	285	657	4	1	10	0	4	1	2	0.5225	0.512625	0.728333	0.236937	1008	6501	7509
15635	10/18/2012	4	1	10	15	0	4	1	2	0.6	0.6061	0.6	0.194	69	284	353	657	4	1	10	0	4	1	2	0.5225	0.512625	0.728333	0.236937	1008	6501	7509
15636	10/18/2012	4	1	10	16	0	4	1	1	0.6	0.6212	0.56	0.2836	94	356	450	657	4	1	10	0	4	1	2	0.5225	0.512625	0.728333	0.236937	1008	6501	7509
15637	10/18/2012	4	1	10	17	0	4	1	2	0.58	0.5455	0.64	0.3284	102	788	890	657	4	1	10	0	4	1	2	0.5225	0.512625	0.728333	0.236937	1008	6501	7509
15638	10/18/2012	4	1	10	18	0	4	1	2	0.56	0.5303	0.64	0.3284	68	720	788	657	4	1	10	0	4	1	2	0.5225	0.512625	0.728333	0.236937	1008	6501	7509
15639	10/18/2012	4	1	10	19	0	4	1	2	0.56	0.5303	0.68	0.2985	42	471	513	657	4	1	10	0	4	1	2	0.5225	0.512625	0.728333	0.236937	1008	6501	7509
15640	10/18/2012	4	1	10	20	0	4	1	2	0.56	0.5303	0.68	0.2537	39	348	387	657	4	1	10	0	4	1	2	0.5225	0.512625	0.728333	0.236937	1008	6501	7509
15641	10/18/2012	4	1	10	21	0	4	1	2	0.54	0.5152	0.77	0.194	38	245	283	657	4	1	10	0	4	1	2	0.5225	0.512625	0.728333	0.236937	1008	6501	7509
15642	10/18/2012	4	1	10	22	0	4	1	2	0.54	0.5152	0.83	0.194	27	202	229	657	4	1	10	0	4	1	2	0.5225	0.512625	0.728333	0.236937	1008	6501	7509
15643	10/18/2012	4	1	10	23	0	4	1	2	0.54	0.5152	0.83	0	6	111	117	657	4	1	10	0	4	1	2	0.5225	0.512625	0.728333	0.236937	1008	6501	7509
15644	10/19/2012	4	1	10	0	0	5	1	2	0.56	0.5303	0.83	0.1045	5	51	56	658	4	1	10	0	5	1	2	0.563333	0.537896	0.815	0.134954	753	4671	5424
15645	10/19/2012	4	1	10	1	0	5	1	3	0.54	0.5152	0.88	0	4	12	16	658	4	1	10	0	5	1	2	0.563333	0.537896	0.815	0.134954	753	4671	5424
15646	10/19/2012	4	1	10	2	0	5	1	2	0.54	0.5152	0.88	0	1	9	10	658	4	1	10	0	5	1	2	0.563333	0.537896	0.815	0.134954	753	4671	5424
15647	10/19/2012	4	1	10	3	0	5	1	2	0.56	0.5303	0.83	0	0	5	5	658	4	1	10	0	5	1	2	0.563333	0.537896	0.815	0.134954	753	4671	5424
15648	10/19/2012	4	1	10	4	0	5	1	2	0.56	0.5303	0.83	0	1	5	6	658	4	1	10	0	5	1	2	0.563333	0.537896	0.815	0.134954	753	4671	5424
15649	10/19/2012	4	1	10	5	0	5	1	2	0.54	0.5152	0.88	0	1	35	36	658	4	1	10	0	5	1	2	0.563333	0.537896	0.815	0.134954	753	4671	5424
15650	10/19/2012	4	1	10	6	0	5	1	3	0.54	0.5152	0.94	0.1642	5	126	131	658	4	1	10	0	5	1	2	0.563333	0.537896	0.815	0.134954	753	4671	5424
15651	10/19/2012	4	1	10	7	0	5	1	3	0.54	0.5152	0.94	0	5	149	154	658	4	1	10	0	5	1	2	0.563333	0.537896	0.815	0.134954	753	4671	5424
15652	10/19/2012	4	1	10	8	0	5	1	2	0.54	0.5152	0.94	0.1045	20	447	467	658	4	1	10	0	5	1	2	0.563333	0.537896	0.815	0.134954	753	4671	5424
15653	10/19/2012	4	1	10	9	0	5	1	2	0.54	0.5152	0.94	0.1045	26	363	389	658	4	1	10	0	5	1	2	0.563333	0.537896	0.815	0.134954	753	4671	5424
15654	10/19/2012	4	1	10	10	0	5	1	2	0.58	0.5455	0.88	0.194	26	198	224	658	4	1	10	0	5	1	2	0.563333	0.537896	0.815	0.134954	753	4671	5424
15655	10/19/2012	4	1	10	11	0	5	1	1	0.6	0.5606	0.83	0.194	41	211	252	658	4	1	10	0	5	1	2	0.563333	0.537896	0.815	0.134954	753	4671	5424
15656	10/19/2012	4	1	10	12	0	5	1	1	0.64	0.6061	0.69	0.2239	74	258	332	658	4	1	10	0	5	1	2	0.563333	0.537896	0.815	0.134954	753	4671	5424
15657	10/19/2012	4	1	10	13	0	5	1	1	0.62	0.5909	0.73	0.2239	87	288	375	658	4	1	10	0	5	1	2	0.563333	0.537896	0.815	0.134954	753	4671	5424
15658	10/19/2012	4	1	10	14	0	5	1	1	0.66	0.6212	0.61	0.2537	88	277	365	658	4	1	10	0	5	1	2	0.563333	0.537896	0.815	0.134954	753	4671	5424
15659	10/19/2012	4	1	10	15	0	5	1	1	0.64	0.6061	0.65	0.2985	93	302	395	658	4	1	10	0	5	1	2	0.563333	0.537896	0.815	0.134954	753	4671	5424
15660	10/19/2012	4	1	10	16	0	5	1	3	0.62	0.6061	0.69	0.3582	131	434	565	658	4	1	10	0	5	1	2	0.563333	0.537896	0.815	0.134954	753	4671	5424
15661	10/19/2012	4	1	10	17	0	5	1	3	0.62	0.6061	0.69	0.3582	48	377	425	658	4	1	10	0	5	1	2	0.563333	0.537896	0.815	0.134954	753	4671	5424
15662	10/19/2012	4	1	10	18	0	5	1	1	0.56	0.5303	0.83	0.1045	21	212	233	658	4	1	10	0	5	1	2	0.563333	0.537896	0.815	0.134954	753	4671	5424
15663	10/19/2012	4	1	10	19	0	5	1	1	0.54	0.5152	0.88	0.1642	19	213	232	658	4	1	10	0	5	1	2	0.563333	0.537896	0.815	0.134954	753	4671	5424
15664	10/19/2012	4	1	10	20	0	5	1	1	0.52	0.5	0.77	0.194	13	216	229	658	4	1	10	0	5	1	2	0.563333	0.537896	0.815	0.134954	753	4671	5424
15665	10/19/2012	4	1	10	21	0	5	1	1	0.5	0.4848	0.77	0	17	189	206	658	4	1	10	0	5	1	2	0.563333	0.537896	0.815	0.134954	753	4671	5424
15666	10/19/2012	4	1	10	22	0	5	1	1	0.5	0.4848	0.77	0.0896	14	176	190	658	4	1	10	0	5	1	2	0.563333	0.537896	0.815	0.134954	753	4671	5424
15667	10/19/2012	4	1	10	23	0	5	1	1	0.46	0.4545	0.88	0.1045	13	118	131	658	4	1	10	0	5	1	2	0.563333	0.537896	0.815	0.134954	753	4671	5424
15668	10/20/2012	4	1	10	0	0	6	0	1	0.46	0.4545	0.82	0.1343	13	110	123	659	4	1	10	0	6	0	1	0.484167	0.472842	0.572917	0.117537	2806	5284	8090
15669	10/20/2012	4	1	10	1	0	6	0	1	0.46	0.4545	0.72	0.1343	2	93	95	659	4	1	10	0	6	0	1	0.484167	0.472842	0.572917	0.117537	2806	5284	8090
15670	10/20/2012	4	1	10	2	0	6	0	1	0.44	0.4394	0.77	0.1045	9	69	78	659	4	1	10	0	6	0	1	0.484167	0.472842	0.572917	0.117537	2806	5284	8090
15671	10/20/2012	4	1	10	3	0	6	0	1	0.42	0.4242	0.77	0.1343	2	27	29	659	4	1	10	0	6	0	1	0.484167	0.472842	0.572917	0.117537	2806	5284	8090
15672	10/20/2012	4	1	10	4	0	6	0	1	0.44	0.4394	0.72	0	9	9	18	659	4	1	10	0	6	0	1	0.484167	0.472842	0.572917	0.117537	2806	5284	8090
15673	10/20/2012	4	1	10	5	0	6	0	1	0.4	0.4091	0.82	0	6	7	13	659	4	1	10	0	6	0	1	0.484167	0.472842	0.572917	0.117537	2806	5284	8090
15674	10/20/2012	4	1	10	6	0	6	0	1	0.42	0.4242	0.71	0	5	26	31	659	4	1	10	0	6	0	1	0.484167	0.472842	0.572917	0.117537	2806	5284	8090
15675	10/20/2012	4	1	10	7	0	6	0	1	0.4	0.4091	0.82	0	6	59	65	659	4	1	10	0	6	0	1	0.484167	0.472842	0.572917	0.117537	2806	5284	8090
15676	10/20/2012	4	1	10	8	0	6	0	1	0.46	0.4545	0.67	0.1343	29	164	193	659	4	1	10	0	6	0	1	0.484167	0.472842	0.572917	0.117537	2806	5284	8090
15677	10/20/2012	4	1	10	9	0	6	0	1	0.5	0.4848	0.59	0.1343	106	257	363	659	4	1	10	0	6	0	1	0.484167	0.472842	0.572917	0.117537	2806	5284	8090
15678	10/20/2012	4	1	10	10	0	6	0	1	0.52	0.5	0.52	0.1343	111	312	423	659	4	1	10	0	6	0	1	0.484167	0.472842	0.572917	0.117537	2806	5284	8090
15679	10/20/2012	4	1	10	11	0	6	0	1	0.54	0.5152	0.52	0.2239	204	408	612	659	4	1	10	0	6	0	1	0.484167	0.472842	0.572917	0.117537	2806	5284	8090
15680	10/20/2012	4	1	10	12	0	6	0	1	0.56	0.5303	0.46	0.1045	267	436	703	659	4	1	10	0	6	0	1	0.484167	0.472842	0.572917	0.117537	2806	5284	8090
15681	10/20/2012	4	1	10	13	0	6	0	1	0.56	0.5303	0.43	0.1642	273	441	714	659	4	1	10	0	6	0	1	0.484167	0.472842	0.572917	0.117537	2806	5284	8090
15682	10/20/2012	4	1	10	14	0	6	0	1	0.56	0.5303	0.4	0	335	376	711	659	4	1	10	0	6	0	1	0.484167	0.472842	0.572917	0.117537	2806	5284	8090
15683	10/20/2012	4	1	10	15	0	6	0	1	0.56	0.5303	0.43	0	308	403	711	659	4	1	10	0	6	0	1	0.484167	0.472842	0.572917	0.117537	2806	5284	8090
15684	10/20/2012	4	1	10	16	0	6	0	1	0.54	0.5152	0.42	0.2836	325	366	691	659	4	1	10	0	6	0	1	0.484167	0.472842	0.572917	0.117537	2806	5284	8090
15685	10/20/2012	4	1	10	17	0	6	0	1	0.54	0.5152	0.37	0.2239	347	384	731	659	4	1	10	0	6	0	1	0.484167	0.472842	0.572917	0.117537	2806	5284	8090
15686	10/20/2012	4	1	10	18	0	6	0	1	0.52	0.5	0.39	0.2239	165	356	521	659	4	1	10	0	6	0	1	0.484167	0.472842	0.572917	0.117537	2806	5284	8090
15687	10/20/2012	4	1	10	19	0	6	0	1	0.5	0.4848	0.45	0.1343	77	268	345	659	4	1	10	0	6	0	1	0.484167	0.472842	0.572917	0.117537	2806	5284	8090
15688	10/20/2012	4	1	10	20	0	6	0	1	0.5	0.4848	0.39	0.2239	61	198	259	659	4	1	10	0	6	0	1	0.484167	0.472842	0.572917	0.117537	2806	5284	8090
15689	10/20/2012	4	1	10	21	0	6	0	1	0.46	0.4545	0.47	0.2239	72	224	296	659	4	1	10	0	6	0	1	0.484167	0.472842	0.572917	0.117537	2806	5284	8090
15690	10/20/2012	4	1	10	22	0	6	0	1	0.44	0.4394	0.51	0.1045	47	155	202	659	4	1	10	0	6	0	1	0.484167	0.472842	0.572917	0.117537	2806	5284	8090
15691	10/20/2012	4	1	10	23	0	6	0	1	0.42	0.4242	0.58	0	27	136	163	659	4	1	10	0	6	0	1	0.484167	0.472842	0.572917	0.117537	2806	5284	8090
15692	10/21/2012	4	1	10	0	0	0	0	1	0.44	0.4394	0.54	0.1642	35	119	154	660	4	1	10	0	0	0	1	0.464167	0.456429	0.51	0.166054	2132	4692	6824
15693	10/21/2012	4	1	10	1	0	0	0	1	0.42	0.4242	0.58	0.2239	20	97	117	660	4	1	10	0	0	0	1	0.464167	0.456429	0.51	0.166054	2132	4692	6824
15694	10/21/2012	4	1	10	2	0	0	0	1	0.4	0.4091	0.62	0.1642	44	88	132	660	4	1	10	0	0	0	1	0.464167	0.456429	0.51	0.166054	2132	4692	6824
15695	10/21/2012	4	1	10	3	0	0	0	1	0.38	0.3939	0.66	0.0896	12	29	41	660	4	1	10	0	0	0	1	0.464167	0.456429	0.51	0.166054	2132	4692	6824
15696	10/21/2012	4	1	10	4	0	0	0	1	0.36	0.3485	0.71	0.1642	8	13	21	660	4	1	10	0	0	0	1	0.464167	0.456429	0.51	0.166054	2132	4692	6824
15697	10/21/2012	4	1	10	5	0	0	0	1	0.38	0.3939	0.66	0.0896	6	4	10	660	4	1	10	0	0	0	1	0.464167	0.456429	0.51	0.166054	2132	4692	6824
15698	10/21/2012	4	1	10	6	0	0	0	1	0.4	0.4091	0.62	0	8	18	26	660	4	1	10	0	0	0	1	0.464167	0.456429	0.51	0.166054	2132	4692	6824
15699	10/21/2012	4	1	10	7	0	0	0	1	0.4	0.4091	0.62	0	13	43	56	660	4	1	10	0	0	0	1	0.464167	0.456429	0.51	0.166054	2132	4692	6824
15700	10/21/2012	4	1	10	8	0	0	0	1	0.42	0.4242	0.67	0	39	104	143	660	4	1	10	0	0	0	1	0.464167	0.456429	0.51	0.166054	2132	4692	6824
15701	10/21/2012	4	1	10	9	0	0	0	1	0.46	0.4545	0.55	0.1642	77	192	269	660	4	1	10	0	0	0	1	0.464167	0.456429	0.51	0.166054	2132	4692	6824
15702	10/21/2012	4	1	10	10	0	0	0	1	0.5	0.4848	0.48	0.2985	167	276	443	660	4	1	10	0	0	0	1	0.464167	0.456429	0.51	0.166054	2132	4692	6824
15703	10/21/2012	4	1	10	11	0	0	0	1	0.52	0.5	0.44	0.3284	191	356	547	660	4	1	10	0	0	0	1	0.464167	0.456429	0.51	0.166054	2132	4692	6824
15704	10/21/2012	4	1	10	12	0	0	0	1	0.54	0.5152	0.39	0.3284	236	439	675	660	4	1	10	0	0	0	1	0.464167	0.456429	0.51	0.166054	2132	4692	6824
15705	10/21/2012	4	1	10	13	0	0	0	1	0.56	0.5303	0.37	0.2537	243	383	626	660	4	1	10	0	0	0	1	0.464167	0.456429	0.51	0.166054	2132	4692	6824
15706	10/21/2012	4	1	10	14	0	0	0	1	0.56	0.5303	0.35	0.194	235	405	640	660	4	1	10	0	0	0	1	0.464167	0.456429	0.51	0.166054	2132	4692	6824
15707	10/21/2012	4	1	10	15	0	0	0	1	0.56	0.5303	0.35	0.3284	240	383	623	660	4	1	10	0	0	0	1	0.464167	0.456429	0.51	0.166054	2132	4692	6824
15708	10/21/2012	4	1	10	16	0	0	0	1	0.54	0.5152	0.37	0.2239	182	409	591	660	4	1	10	0	0	0	1	0.464167	0.456429	0.51	0.166054	2132	4692	6824
15709	10/21/2012	4	1	10	17	0	0	0	1	0.52	0.5	0.39	0.2537	153	338	491	660	4	1	10	0	0	0	1	0.464167	0.456429	0.51	0.166054	2132	4692	6824
15710	10/21/2012	4	1	10	18	0	0	0	1	0.52	0.5	0.39	0.194	71	342	413	660	4	1	10	0	0	0	1	0.464167	0.456429	0.51	0.166054	2132	4692	6824
15711	10/21/2012	4	1	10	19	0	0	0	1	0.5	0.4848	0.42	0.1642	50	216	266	660	4	1	10	0	0	0	1	0.464167	0.456429	0.51	0.166054	2132	4692	6824
15712	10/21/2012	4	1	10	20	0	0	0	1	0.48	0.4697	0.44	0.194	35	160	195	660	4	1	10	0	0	0	1	0.464167	0.456429	0.51	0.166054	2132	4692	6824
15713	10/21/2012	4	1	10	21	0	0	0	1	0.42	0.4242	0.54	0.1642	42	124	166	660	4	1	10	0	0	0	1	0.464167	0.456429	0.51	0.166054	2132	4692	6824
15714	10/21/2012	4	1	10	22	0	0	0	1	0.42	0.4242	0.54	0	18	95	113	660	4	1	10	0	0	0	1	0.464167	0.456429	0.51	0.166054	2132	4692	6824
15715	10/21/2012	4	1	10	23	0	0	0	1	0.44	0.4394	0.54	0	7	59	66	660	4	1	10	0	0	0	1	0.464167	0.456429	0.51	0.166054	2132	4692	6824
15716	10/22/2012	4	1	10	0	0	1	1	1	0.4	0.4091	0.62	0	3	28	31	661	4	1	10	0	1	1	1	0.4875	0.482942	0.568333	0.0814833	830	6228	7058
15717	10/22/2012	4	1	10	1	0	1	1	1	0.4	0.4091	0.71	0	0	11	11	661	4	1	10	0	1	1	1	0.4875	0.482942	0.568333	0.0814833	830	6228	7058
15718	10/22/2012	4	1	10	2	0	1	1	1	0.38	0.3939	0.71	0	1	4	5	661	4	1	10	0	1	1	1	0.4875	0.482942	0.568333	0.0814833	830	6228	7058
15719	10/22/2012	4	1	10	3	0	1	1	1	0.4	0.4091	0.62	0	1	5	6	661	4	1	10	0	1	1	1	0.4875	0.482942	0.568333	0.0814833	830	6228	7058
15720	10/22/2012	4	1	10	4	0	1	1	1	0.38	0.3939	0.66	0	1	6	7	661	4	1	10	0	1	1	1	0.4875	0.482942	0.568333	0.0814833	830	6228	7058
15721	10/22/2012	4	1	10	5	0	1	1	1	0.38	0.3939	0.76	0.0896	2	44	46	661	4	1	10	0	1	1	1	0.4875	0.482942	0.568333	0.0814833	830	6228	7058
15722	10/22/2012	4	1	10	6	0	1	1	1	0.36	0.3636	0.76	0.0896	4	140	144	661	4	1	10	0	1	1	1	0.4875	0.482942	0.568333	0.0814833	830	6228	7058
15723	10/22/2012	4	1	10	7	0	1	1	1	0.38	0.3939	0.66	0.0896	15	437	452	661	4	1	10	0	1	1	1	0.4875	0.482942	0.568333	0.0814833	830	6228	7058
15724	10/22/2012	4	1	10	8	0	1	1	1	0.44	0.4394	0.67	0	32	696	728	661	4	1	10	0	1	1	1	0.4875	0.482942	0.568333	0.0814833	830	6228	7058
15725	10/22/2012	4	1	10	9	0	1	1	1	0.46	0.4545	0.63	0.0896	25	335	360	661	4	1	10	0	1	1	1	0.4875	0.482942	0.568333	0.0814833	830	6228	7058
15726	10/22/2012	4	1	10	10	0	1	1	1	0.5	0.4848	0.55	0	51	161	212	661	4	1	10	0	1	1	1	0.4875	0.482942	0.568333	0.0814833	830	6228	7058
15727	10/22/2012	4	1	10	11	0	1	1	1	0.56	0.5303	0.37	0.1642	63	148	211	661	4	1	10	0	1	1	1	0.4875	0.482942	0.568333	0.0814833	830	6228	7058
15728	10/22/2012	4	1	10	12	0	1	1	1	0.58	0.5455	0.35	0	52	231	283	661	4	1	10	0	1	1	1	0.4875	0.482942	0.568333	0.0814833	830	6228	7058
15729	10/22/2012	4	1	10	13	0	1	1	1	0.62	0.6212	0.29	0.1642	88	227	315	661	4	1	10	0	1	1	1	0.4875	0.482942	0.568333	0.0814833	830	6228	7058
15730	10/22/2012	4	1	10	14	0	1	1	1	0.62	0.6061	0.27	0.194	73	209	282	661	4	1	10	0	1	1	1	0.4875	0.482942	0.568333	0.0814833	830	6228	7058
15731	10/22/2012	4	1	10	15	0	1	1	1	0.64	0.6212	0.29	0.1642	74	222	296	661	4	1	10	0	1	1	1	0.4875	0.482942	0.568333	0.0814833	830	6228	7058
15732	10/22/2012	4	1	10	16	0	1	1	1	0.62	0.6212	0.33	0.1642	80	444	524	661	4	1	10	0	1	1	1	0.4875	0.482942	0.568333	0.0814833	830	6228	7058
15733	10/22/2012	4	1	10	17	0	1	1	1	0.62	0.6212	0.33	0.1045	84	838	922	661	4	1	10	0	1	1	1	0.4875	0.482942	0.568333	0.0814833	830	6228	7058
15734	10/22/2012	4	1	10	18	0	1	1	1	0.54	0.5152	0.64	0.1045	60	726	786	661	4	1	10	0	1	1	1	0.4875	0.482942	0.568333	0.0814833	830	6228	7058
15735	10/22/2012	4	1	10	19	0	1	1	1	0.52	0.5	0.52	0.1045	36	478	514	661	4	1	10	0	1	1	1	0.4875	0.482942	0.568333	0.0814833	830	6228	7058
15736	10/22/2012	4	1	10	20	0	1	1	1	0.5	0.4848	0.59	0.1045	21	382	403	661	4	1	10	0	1	1	1	0.4875	0.482942	0.568333	0.0814833	830	6228	7058
15737	10/22/2012	4	1	10	21	0	1	1	1	0.48	0.4697	0.67	0.0896	19	155	174	661	4	1	10	0	1	1	1	0.4875	0.482942	0.568333	0.0814833	830	6228	7058
15738	10/22/2012	4	1	10	22	0	1	1	1	0.46	0.4545	0.82	0.1343	25	158	183	661	4	1	10	0	1	1	1	0.4875	0.482942	0.568333	0.0814833	830	6228	7058
15739	10/22/2012	4	1	10	23	0	1	1	1	0.46	0.4545	0.82	0.1045	20	143	163	661	4	1	10	0	1	1	1	0.4875	0.482942	0.568333	0.0814833	830	6228	7058
15740	10/23/2012	4	1	10	0	0	2	1	1	0.46	0.4545	0.88	0.1642	5	32	37	662	4	1	10	0	2	1	1	0.544167	0.530304	0.641667	0.0945458	841	6625	7466
15741	10/23/2012	4	1	10	1	0	2	1	1	0.46	0.4545	0.77	0.1642	1	16	17	662	4	1	10	0	2	1	1	0.544167	0.530304	0.641667	0.0945458	841	6625	7466
15742	10/23/2012	4	1	10	2	0	2	1	1	0.44	0.4394	0.88	0.1343	1	6	7	662	4	1	10	0	2	1	1	0.544167	0.530304	0.641667	0.0945458	841	6625	7466
15743	10/23/2012	4	1	10	3	0	2	1	1	0.44	0.4394	0.77	0.1343	0	1	1	662	4	1	10	0	2	1	1	0.544167	0.530304	0.641667	0.0945458	841	6625	7466
15744	10/23/2012	4	1	10	4	0	2	1	1	0.42	0.4242	0.77	0.1045	1	6	7	662	4	1	10	0	2	1	1	0.544167	0.530304	0.641667	0.0945458	841	6625	7466
15745	10/23/2012	4	1	10	5	0	2	1	1	0.44	0.4394	0.77	0.0896	1	49	50	662	4	1	10	0	2	1	1	0.544167	0.530304	0.641667	0.0945458	841	6625	7466
15746	10/23/2012	4	1	10	6	0	2	1	1	0.4	0.4091	0.82	0.0896	6	152	158	662	4	1	10	0	2	1	1	0.544167	0.530304	0.641667	0.0945458	841	6625	7466
15747	10/23/2012	4	1	10	7	0	2	1	2	0.44	0.4394	0.77	0.1045	12	519	531	662	4	1	10	0	2	1	1	0.544167	0.530304	0.641667	0.0945458	841	6625	7466
15748	10/23/2012	4	1	10	8	0	2	1	2	0.46	0.4545	0.72	0.0896	28	733	761	662	4	1	10	0	2	1	1	0.544167	0.530304	0.641667	0.0945458	841	6625	7466
15749	10/23/2012	4	1	10	9	0	2	1	2	0.5	0.4848	0.72	0.1045	29	305	334	662	4	1	10	0	2	1	1	0.544167	0.530304	0.641667	0.0945458	841	6625	7466
15750	10/23/2012	4	1	10	10	0	2	1	1	0.54	0.5152	0.6	0	50	171	221	662	4	1	10	0	2	1	1	0.544167	0.530304	0.641667	0.0945458	841	6625	7466
15751	10/23/2012	4	1	10	11	0	2	1	1	0.6	0.6212	0.53	0	52	201	253	662	4	1	10	0	2	1	1	0.544167	0.530304	0.641667	0.0945458	841	6625	7466
15752	10/23/2012	4	1	10	12	0	2	1	2	0.62	0.6212	0.46	0.0896	80	298	378	662	4	1	10	0	2	1	1	0.544167	0.530304	0.641667	0.0945458	841	6625	7466
15753	10/23/2012	4	1	10	13	0	2	1	2	0.64	0.6212	0.44	0	59	244	303	662	4	1	10	0	2	1	1	0.544167	0.530304	0.641667	0.0945458	841	6625	7466
15754	10/23/2012	4	1	10	14	0	2	1	1	0.68	0.6364	0.41	0.1642	67	229	296	662	4	1	10	0	2	1	1	0.544167	0.530304	0.641667	0.0945458	841	6625	7466
15755	10/23/2012	4	1	10	15	0	2	1	1	0.68	0.6364	0.41	0.2239	76	270	346	662	4	1	10	0	2	1	1	0.544167	0.530304	0.641667	0.0945458	841	6625	7466
15756	10/23/2012	4	1	10	16	0	2	1	1	0.68	0.6364	0.44	0.0896	108	433	541	662	4	1	10	0	2	1	1	0.544167	0.530304	0.641667	0.0945458	841	6625	7466
15757	10/23/2012	4	1	10	17	0	2	1	1	0.68	0.6364	0.41	0	67	871	938	662	4	1	10	0	2	1	1	0.544167	0.530304	0.641667	0.0945458	841	6625	7466
15758	10/23/2012	4	1	10	18	0	2	1	1	0.62	0.6212	0.53	0.0896	64	762	826	662	4	1	10	0	2	1	1	0.544167	0.530304	0.641667	0.0945458	841	6625	7466
15759	10/23/2012	4	1	10	19	0	2	1	1	0.62	0.6212	0.57	0.0896	25	457	482	662	4	1	10	0	2	1	1	0.544167	0.530304	0.641667	0.0945458	841	6625	7466
15760	10/23/2012	4	1	10	20	0	2	1	1	0.58	0.5455	0.64	0.1343	45	334	379	662	4	1	10	0	2	1	1	0.544167	0.530304	0.641667	0.0945458	841	6625	7466
15761	10/23/2012	4	1	10	21	0	2	1	1	0.56	0.5303	0.68	0	35	260	295	662	4	1	10	0	2	1	1	0.544167	0.530304	0.641667	0.0945458	841	6625	7466
15762	10/23/2012	4	1	10	22	0	2	1	1	0.56	0.5303	0.68	0.1045	20	174	194	662	4	1	10	0	2	1	1	0.544167	0.530304	0.641667	0.0945458	841	6625	7466
15763	10/23/2012	4	1	10	23	0	2	1	1	0.54	0.5152	0.73	0.1045	9	102	111	662	4	1	10	0	2	1	1	0.544167	0.530304	0.641667	0.0945458	841	6625	7466
15764	10/24/2012	4	1	10	0	0	3	1	1	0.54	0.5152	0.73	0.0896	7	39	46	663	4	1	10	0	3	1	1	0.5875	0.558721	0.63625	0.0727792	795	6898	7693
15765	10/24/2012	4	1	10	1	0	3	1	1	0.54	0.5152	0.68	0	4	23	27	663	4	1	10	0	3	1	1	0.5875	0.558721	0.63625	0.0727792	795	6898	7693
15766	10/24/2012	4	1	10	2	0	3	1	1	0.54	0.5152	0.68	0	0	6	6	663	4	1	10	0	3	1	1	0.5875	0.558721	0.63625	0.0727792	795	6898	7693
15767	10/24/2012	4	1	10	3	0	3	1	1	0.5	0.4848	0.77	0.0896	0	4	4	663	4	1	10	0	3	1	1	0.5875	0.558721	0.63625	0.0727792	795	6898	7693
15768	10/24/2012	4	1	10	4	0	3	1	1	0.5	0.4848	0.77	0.0896	1	5	6	663	4	1	10	0	3	1	1	0.5875	0.558721	0.63625	0.0727792	795	6898	7693
15769	10/24/2012	4	1	10	5	0	3	1	1	0.5	0.4848	0.82	0	1	52	53	663	4	1	10	0	3	1	1	0.5875	0.558721	0.63625	0.0727792	795	6898	7693
15770	10/24/2012	4	1	10	6	0	3	1	1	0.48	0.4697	0.82	0.1045	11	162	173	663	4	1	10	0	3	1	1	0.5875	0.558721	0.63625	0.0727792	795	6898	7693
15771	10/24/2012	4	1	10	7	0	3	1	1	0.5	0.4848	0.88	0.0896	20	506	526	663	4	1	10	0	3	1	1	0.5875	0.558721	0.63625	0.0727792	795	6898	7693
15772	10/24/2012	4	1	10	8	0	3	1	2	0.52	0.5	0.83	0.1045	24	777	801	663	4	1	10	0	3	1	1	0.5875	0.558721	0.63625	0.0727792	795	6898	7693
15773	10/24/2012	4	1	10	9	0	3	1	2	0.52	0.5	0.77	0.0896	24	349	373	663	4	1	10	0	3	1	1	0.5875	0.558721	0.63625	0.0727792	795	6898	7693
15774	10/24/2012	4	1	10	10	0	3	1	2	0.54	0.5152	0.73	0	29	142	171	663	4	1	10	0	3	1	1	0.5875	0.558721	0.63625	0.0727792	795	6898	7693
15775	10/24/2012	4	1	10	11	0	3	1	1	0.58	0.5455	0.64	0	47	189	236	663	4	1	10	0	3	1	1	0.5875	0.558721	0.63625	0.0727792	795	6898	7693
15776	10/24/2012	4	1	10	12	0	3	1	1	0.62	0.6061	0.61	0.0896	48	268	316	663	4	1	10	0	3	1	1	0.5875	0.558721	0.63625	0.0727792	795	6898	7693
15777	10/24/2012	4	1	10	13	0	3	1	1	0.66	0.6212	0.54	0	65	241	306	663	4	1	10	0	3	1	1	0.5875	0.558721	0.63625	0.0727792	795	6898	7693
15778	10/24/2012	4	1	10	14	0	3	1	1	0.74	0.6515	0.3	0.2537	64	237	301	663	4	1	10	0	3	1	1	0.5875	0.558721	0.63625	0.0727792	795	6898	7693
15779	10/24/2012	4	1	10	15	0	3	1	1	0.7	0.6364	0.39	0.1045	63	245	308	663	4	1	10	0	3	1	1	0.5875	0.558721	0.63625	0.0727792	795	6898	7693
15780	10/24/2012	4	1	10	16	0	3	1	1	0.74	0.6515	0.33	0.1343	67	465	532	663	4	1	10	0	3	1	1	0.5875	0.558721	0.63625	0.0727792	795	6898	7693
15781	10/24/2012	4	1	10	17	0	3	1	1	0.66	0.6212	0.47	0	87	876	963	663	4	1	10	0	3	1	1	0.5875	0.558721	0.63625	0.0727792	795	6898	7693
15782	10/24/2012	4	1	10	18	0	3	1	1	0.66	0.6212	0.44	0	63	795	858	663	4	1	10	0	3	1	1	0.5875	0.558721	0.63625	0.0727792	795	6898	7693
15783	10/24/2012	4	1	10	19	0	3	1	2	0.64	0.6212	0.53	0.0896	50	522	572	663	4	1	10	0	3	1	1	0.5875	0.558721	0.63625	0.0727792	795	6898	7693
15784	10/24/2012	4	1	10	20	0	3	1	2	0.62	0.6061	0.61	0.0896	45	396	441	663	4	1	10	0	3	1	1	0.5875	0.558721	0.63625	0.0727792	795	6898	7693
15785	10/24/2012	4	1	10	21	0	3	1	2	0.62	0.6061	0.61	0.1045	33	280	313	663	4	1	10	0	3	1	1	0.5875	0.558721	0.63625	0.0727792	795	6898	7693
15786	10/24/2012	4	1	10	22	0	3	1	2	0.6	0.6061	0.64	0.1343	30	208	238	663	4	1	10	0	3	1	1	0.5875	0.558721	0.63625	0.0727792	795	6898	7693
15787	10/24/2012	4	1	10	23	0	3	1	2	0.58	0.5455	0.68	0.0896	12	111	123	663	4	1	10	0	3	1	1	0.5875	0.558721	0.63625	0.0727792	795	6898	7693
15788	10/25/2012	4	1	10	0	0	4	1	2	0.6	0.6061	0.64	0.1045	19	57	76	664	4	1	10	0	4	1	2	0.55	0.529688	0.800417	0.124375	875	6484	7359
15789	10/25/2012	4	1	10	1	0	4	1	1	0.58	0.5455	0.68	0	6	22	28	664	4	1	10	0	4	1	2	0.55	0.529688	0.800417	0.124375	875	6484	7359
15790	10/25/2012	4	1	10	2	0	4	1	1	0.54	0.5152	0.77	0	3	15	18	664	4	1	10	0	4	1	2	0.55	0.529688	0.800417	0.124375	875	6484	7359
15791	10/25/2012	4	1	10	3	0	4	1	2	0.52	0.5	0.88	0.1343	0	8	8	664	4	1	10	0	4	1	2	0.55	0.529688	0.800417	0.124375	875	6484	7359
15792	10/25/2012	4	1	10	4	0	4	1	2	0.52	0.5	0.88	0.1045	1	4	5	664	4	1	10	0	4	1	2	0.55	0.529688	0.800417	0.124375	875	6484	7359
15793	10/25/2012	4	1	10	5	0	4	1	2	0.52	0.5	0.88	0.1642	2	53	55	664	4	1	10	0	4	1	2	0.55	0.529688	0.800417	0.124375	875	6484	7359
15794	10/25/2012	4	1	10	6	0	4	1	2	0.52	0.5	0.88	0.194	3	168	171	664	4	1	10	0	4	1	2	0.55	0.529688	0.800417	0.124375	875	6484	7359
15795	10/25/2012	4	1	10	7	0	4	1	2	0.52	0.5	0.88	0.194	18	477	495	664	4	1	10	0	4	1	2	0.55	0.529688	0.800417	0.124375	875	6484	7359
15796	10/25/2012	4	1	10	8	0	4	1	2	0.52	0.5	0.83	0.1642	33	746	779	664	4	1	10	0	4	1	2	0.55	0.529688	0.800417	0.124375	875	6484	7359
15797	10/25/2012	4	1	10	9	0	4	1	2	0.52	0.5	0.83	0.194	23	320	343	664	4	1	10	0	4	1	2	0.55	0.529688	0.800417	0.124375	875	6484	7359
15798	10/25/2012	4	1	10	10	0	4	1	2	0.54	0.5152	0.83	0.1343	53	172	225	664	4	1	10	0	4	1	2	0.55	0.529688	0.800417	0.124375	875	6484	7359
15799	10/25/2012	4	1	10	11	0	4	1	2	0.54	0.5152	0.83	0.1045	57	181	238	664	4	1	10	0	4	1	2	0.55	0.529688	0.800417	0.124375	875	6484	7359
15800	10/25/2012	4	1	10	12	0	4	1	2	0.56	0.5303	0.78	0.1045	61	258	319	664	4	1	10	0	4	1	2	0.55	0.529688	0.800417	0.124375	875	6484	7359
15801	10/25/2012	4	1	10	13	0	4	1	2	0.56	0.5303	0.78	0	49	264	313	664	4	1	10	0	4	1	2	0.55	0.529688	0.800417	0.124375	875	6484	7359
15802	10/25/2012	4	1	10	14	0	4	1	1	0.6	0.5909	0.73	0.1343	71	214	285	664	4	1	10	0	4	1	2	0.55	0.529688	0.800417	0.124375	875	6484	7359
15803	10/25/2012	4	1	10	15	0	4	1	1	0.62	0.6061	0.65	0.1343	63	242	305	664	4	1	10	0	4	1	2	0.55	0.529688	0.800417	0.124375	875	6484	7359
15804	10/25/2012	4	1	10	16	0	4	1	1	0.6	0.5909	0.69	0.1642	92	407	499	664	4	1	10	0	4	1	2	0.55	0.529688	0.800417	0.124375	875	6484	7359
15805	10/25/2012	4	1	10	17	0	4	1	1	0.6	0.5909	0.69	0.1642	112	774	886	664	4	1	10	0	4	1	2	0.55	0.529688	0.800417	0.124375	875	6484	7359
15806	10/25/2012	4	1	10	18	0	4	1	1	0.56	0.5303	0.83	0.1045	77	732	809	664	4	1	10	0	4	1	2	0.55	0.529688	0.800417	0.124375	875	6484	7359
15807	10/25/2012	4	1	10	19	0	4	1	1	0.54	0.5152	0.83	0.194	45	497	542	664	4	1	10	0	4	1	2	0.55	0.529688	0.800417	0.124375	875	6484	7359
15808	10/25/2012	4	1	10	20	0	4	1	2	0.52	0.5	0.88	0.1343	28	319	347	664	4	1	10	0	4	1	2	0.55	0.529688	0.800417	0.124375	875	6484	7359
15809	10/25/2012	4	1	10	21	0	4	1	2	0.52	0.5	0.88	0.1343	24	247	271	664	4	1	10	0	4	1	2	0.55	0.529688	0.800417	0.124375	875	6484	7359
15810	10/25/2012	4	1	10	22	0	4	1	2	0.54	0.5152	0.83	0.0896	22	185	207	664	4	1	10	0	4	1	2	0.55	0.529688	0.800417	0.124375	875	6484	7359
15811	10/25/2012	4	1	10	23	0	4	1	2	0.54	0.5152	0.83	0.1343	13	122	135	664	4	1	10	0	4	1	2	0.55	0.529688	0.800417	0.124375	875	6484	7359
15812	10/26/2012	4	1	10	0	0	5	1	2	0.54	0.5152	0.77	0	6	65	71	665	4	1	10	0	5	1	2	0.545833	0.52275	0.807083	0.132467	1182	6262	7444
15813	10/26/2012	4	1	10	1	0	5	1	2	0.52	0.5	0.88	0.0896	4	32	36	665	4	1	10	0	5	1	2	0.545833	0.52275	0.807083	0.132467	1182	6262	7444
15814	10/26/2012	4	1	10	2	0	5	1	2	0.52	0.5	0.88	0.1045	4	15	19	665	4	1	10	0	5	1	2	0.545833	0.52275	0.807083	0.132467	1182	6262	7444
15815	10/26/2012	4	1	10	3	0	5	1	2	0.52	0.5	0.88	0.1642	5	8	13	665	4	1	10	0	5	1	2	0.545833	0.52275	0.807083	0.132467	1182	6262	7444
15816	10/26/2012	4	1	10	4	0	5	1	2	0.52	0.5	0.88	0.1642	1	4	5	665	4	1	10	0	5	1	2	0.545833	0.52275	0.807083	0.132467	1182	6262	7444
15817	10/26/2012	4	1	10	5	0	5	1	2	0.52	0.5	0.88	0.1045	3	47	50	665	4	1	10	0	5	1	2	0.545833	0.52275	0.807083	0.132467	1182	6262	7444
15818	10/26/2012	4	1	10	6	0	5	1	2	0.52	0.5	0.88	0.0896	2	142	144	665	4	1	10	0	5	1	2	0.545833	0.52275	0.807083	0.132467	1182	6262	7444
15819	10/26/2012	4	1	10	7	0	5	1	2	0.52	0.5	0.88	0.1045	13	408	421	665	4	1	10	0	5	1	2	0.545833	0.52275	0.807083	0.132467	1182	6262	7444
15820	10/26/2012	4	1	10	8	0	5	1	2	0.54	0.5152	0.88	0.1343	20	714	734	665	4	1	10	0	5	1	2	0.545833	0.52275	0.807083	0.132467	1182	6262	7444
15821	10/26/2012	4	1	10	9	0	5	1	2	0.54	0.5152	0.88	0.1343	56	347	403	665	4	1	10	0	5	1	2	0.545833	0.52275	0.807083	0.132467	1182	6262	7444
15822	10/26/2012	4	1	10	10	0	5	1	2	0.54	0.5152	0.88	0.1045	41	156	197	665	4	1	10	0	5	1	2	0.545833	0.52275	0.807083	0.132467	1182	6262	7444
15823	10/26/2012	4	1	10	11	0	5	1	2	0.56	0.5303	0.78	0.1642	68	222	290	665	4	1	10	0	5	1	2	0.545833	0.52275	0.807083	0.132467	1182	6262	7444
15824	10/26/2012	4	1	10	12	0	5	1	2	0.58	0.5455	0.73	0.194	90	302	392	665	4	1	10	0	5	1	2	0.545833	0.52275	0.807083	0.132467	1182	6262	7444
15825	10/26/2012	4	1	10	13	0	5	1	2	0.58	0.5455	0.68	0.1343	77	260	337	665	4	1	10	0	5	1	2	0.545833	0.52275	0.807083	0.132467	1182	6262	7444
15826	10/26/2012	4	1	10	14	0	5	1	2	0.6	0.6061	0.64	0.1343	99	252	351	665	4	1	10	0	5	1	2	0.545833	0.52275	0.807083	0.132467	1182	6262	7444
15827	10/26/2012	4	1	10	15	0	5	1	2	0.62	0.6061	0.61	0.1045	142	306	448	665	4	1	10	0	5	1	2	0.545833	0.52275	0.807083	0.132467	1182	6262	7444
15828	10/26/2012	4	1	10	16	0	5	1	2	0.58	0.5455	0.73	0.1642	137	445	582	665	4	1	10	0	5	1	2	0.545833	0.52275	0.807083	0.132467	1182	6262	7444
15829	10/26/2012	4	1	10	17	0	5	1	2	0.56	0.5303	0.76	0.194	125	692	817	665	4	1	10	0	5	1	2	0.545833	0.52275	0.807083	0.132467	1182	6262	7444
15830	10/26/2012	4	1	10	18	0	5	1	2	0.56	0.5303	0.78	0.1343	81	584	665	665	4	1	10	0	5	1	2	0.545833	0.52275	0.807083	0.132467	1182	6262	7444
15831	10/26/2012	4	1	10	19	0	5	1	2	0.54	0.5152	0.83	0.1642	72	399	471	665	4	1	10	0	5	1	2	0.545833	0.52275	0.807083	0.132467	1182	6262	7444
15832	10/26/2012	4	1	10	20	0	5	1	2	0.54	0.5152	0.83	0.1642	40	271	311	665	4	1	10	0	5	1	2	0.545833	0.52275	0.807083	0.132467	1182	6262	7444
15833	10/26/2012	4	1	10	21	0	5	1	2	0.54	0.5152	0.77	0.1343	40	252	292	665	4	1	10	0	5	1	2	0.545833	0.52275	0.807083	0.132467	1182	6262	7444
15834	10/26/2012	4	1	10	22	0	5	1	2	0.52	0.5	0.83	0.1343	37	180	217	665	4	1	10	0	5	1	2	0.545833	0.52275	0.807083	0.132467	1182	6262	7444
15835	10/26/2012	4	1	10	23	0	5	1	1	0.52	0.5	0.83	0.1642	19	159	178	665	4	1	10	0	5	1	2	0.545833	0.52275	0.807083	0.132467	1182	6262	7444
15836	10/27/2012	4	1	10	0	0	6	0	1	0.5	0.4848	0.88	0.1343	10	132	142	666	4	1	10	0	6	0	2	0.53	0.515133	0.72	0.235692	2643	5209	7852
15837	10/27/2012	4	1	10	1	0	6	0	2	0.5	0.4848	0.88	0.1343	23	123	146	666	4	1	10	0	6	0	2	0.53	0.515133	0.72	0.235692	2643	5209	7852
15838	10/27/2012	4	1	10	2	0	6	0	2	0.5	0.4848	0.88	0.194	19	71	90	666	4	1	10	0	6	0	2	0.53	0.515133	0.72	0.235692	2643	5209	7852
15839	10/27/2012	4	1	10	3	0	6	0	1	0.5	0.4848	0.88	0.1642	5	21	26	666	4	1	10	0	6	0	2	0.53	0.515133	0.72	0.235692	2643	5209	7852
15840	10/27/2012	4	1	10	4	0	6	0	2	0.5	0.4848	0.88	0.1642	1	12	13	666	4	1	10	0	6	0	2	0.53	0.515133	0.72	0.235692	2643	5209	7852
15841	10/27/2012	4	1	10	5	0	6	0	2	0.5	0.4848	0.82	0.194	2	7	9	666	4	1	10	0	6	0	2	0.53	0.515133	0.72	0.235692	2643	5209	7852
15842	10/27/2012	4	1	10	6	0	6	0	2	0.5	0.4848	0.82	0.194	2	29	31	666	4	1	10	0	6	0	2	0.53	0.515133	0.72	0.235692	2643	5209	7852
15843	10/27/2012	4	1	10	7	0	6	0	1	0.48	0.4697	0.83	0.194	7	79	86	666	4	1	10	0	6	0	2	0.53	0.515133	0.72	0.235692	2643	5209	7852
15844	10/27/2012	4	1	10	8	0	6	0	1	0.5	0.4848	0.77	0.2537	26	187	213	666	4	1	10	0	6	0	2	0.53	0.515133	0.72	0.235692	2643	5209	7852
15845	10/27/2012	4	1	10	9	0	6	0	1	0.5	0.4848	0.77	0.2537	88	240	328	666	4	1	10	0	6	0	2	0.53	0.515133	0.72	0.235692	2643	5209	7852
15846	10/27/2012	4	1	10	10	0	6	0	1	0.54	0.5152	0.73	0.2836	165	314	479	666	4	1	10	0	6	0	2	0.53	0.515133	0.72	0.235692	2643	5209	7852
15847	10/27/2012	4	1	10	11	0	6	0	1	0.56	0.5303	0.64	0.2836	197	388	585	666	4	1	10	0	6	0	2	0.53	0.515133	0.72	0.235692	2643	5209	7852
15848	10/27/2012	4	1	10	12	0	6	0	1	0.6	0.6212	0.53	0.2537	264	404	668	666	4	1	10	0	6	0	2	0.53	0.515133	0.72	0.235692	2643	5209	7852
15849	10/27/2012	4	1	10	13	0	6	0	1	0.6	0.6212	0.43	0.2537	310	450	760	666	4	1	10	0	6	0	2	0.53	0.515133	0.72	0.235692	2643	5209	7852
15850	10/27/2012	4	1	10	14	0	6	0	1	0.6	0.6212	0.46	0.2537	325	425	750	666	4	1	10	0	6	0	2	0.53	0.515133	0.72	0.235692	2643	5209	7852
15851	10/27/2012	4	1	10	15	0	6	0	2	0.56	0.5303	0.6	0.2836	310	401	711	666	4	1	10	0	6	0	2	0.53	0.515133	0.72	0.235692	2643	5209	7852
15852	10/27/2012	4	1	10	16	0	6	0	2	0.56	0.5303	0.64	0.2836	257	355	612	666	4	1	10	0	6	0	2	0.53	0.515133	0.72	0.235692	2643	5209	7852
15853	10/27/2012	4	1	10	17	0	6	0	2	0.56	0.5303	0.64	0.2836	248	370	618	666	4	1	10	0	6	0	2	0.53	0.515133	0.72	0.235692	2643	5209	7852
15854	10/27/2012	4	1	10	18	0	6	0	2	0.56	0.5303	0.64	0.2836	138	318	456	666	4	1	10	0	6	0	2	0.53	0.515133	0.72	0.235692	2643	5209	7852
15855	10/27/2012	4	1	10	19	0	6	0	2	0.52	0.5	0.72	0.2239	67	233	300	666	4	1	10	0	6	0	2	0.53	0.515133	0.72	0.235692	2643	5209	7852
15856	10/27/2012	4	1	10	20	0	6	0	2	0.52	0.5	0.72	0.2239	58	238	296	666	4	1	10	0	6	0	2	0.53	0.515133	0.72	0.235692	2643	5209	7852
15857	10/27/2012	4	1	10	21	0	6	0	2	0.52	0.5	0.72	0.2239	49	160	209	666	4	1	10	0	6	0	2	0.53	0.515133	0.72	0.235692	2643	5209	7852
15858	10/27/2012	4	1	10	22	0	6	0	2	0.52	0.5	0.72	0.2537	41	116	157	666	4	1	10	0	6	0	2	0.53	0.515133	0.72	0.235692	2643	5209	7852
15859	10/27/2012	4	1	10	23	0	6	0	2	0.52	0.5	0.68	0.3881	31	136	167	666	4	1	10	0	6	0	2	0.53	0.515133	0.72	0.235692	2643	5209	7852
15860	10/28/2012	4	1	10	0	0	0	0	3	0.52	0.5	0.68	0.2985	20	97	117	667	4	1	10	0	0	0	2	0.4775	0.467771	0.694583	0.398008	998	3461	4459
15861	10/28/2012	4	1	10	1	0	0	0	2	0.5	0.4848	0.72	0.2836	22	111	133	667	4	1	10	0	0	0	2	0.4775	0.467771	0.694583	0.398008	998	3461	4459
15862	10/28/2012	4	1	10	2	0	0	0	2	0.5	0.4848	0.68	0.2985	17	99	116	667	4	1	10	0	0	0	2	0.4775	0.467771	0.694583	0.398008	998	3461	4459
15863	10/28/2012	4	1	10	3	0	0	0	2	0.5	0.4848	0.63	0.3284	18	61	79	667	4	1	10	0	0	0	2	0.4775	0.467771	0.694583	0.398008	998	3461	4459
15864	10/28/2012	4	1	10	4	0	0	0	2	0.5	0.4848	0.63	0.3582	1	19	20	667	4	1	10	0	0	0	2	0.4775	0.467771	0.694583	0.398008	998	3461	4459
15865	10/28/2012	4	1	10	5	0	0	0	2	0.5	0.4848	0.63	0.2985	6	22	28	667	4	1	10	0	0	0	2	0.4775	0.467771	0.694583	0.398008	998	3461	4459
15866	10/28/2012	4	1	10	6	0	0	0	2	0.5	0.4848	0.59	0.3284	7	32	39	667	4	1	10	0	0	0	2	0.4775	0.467771	0.694583	0.398008	998	3461	4459
15867	10/28/2012	4	1	10	7	0	0	0	2	0.5	0.4848	0.59	0.2985	17	48	65	667	4	1	10	0	0	0	2	0.4775	0.467771	0.694583	0.398008	998	3461	4459
15868	10/28/2012	4	1	10	8	0	0	0	2	0.5	0.4848	0.59	0.5522	55	118	173	667	4	1	10	0	0	0	2	0.4775	0.467771	0.694583	0.398008	998	3461	4459
15869	10/28/2012	4	1	10	9	0	0	0	2	0.5	0.4848	0.55	0.4179	124	206	330	667	4	1	10	0	0	0	2	0.4775	0.467771	0.694583	0.398008	998	3461	4459
15870	10/28/2012	4	1	10	10	0	0	0	2	0.48	0.4697	0.51	0.4179	120	314	434	667	4	1	10	0	0	0	2	0.4775	0.467771	0.694583	0.398008	998	3461	4459
15871	10/28/2012	4	1	10	11	0	0	0	2	0.5	0.4848	0.51	0.3881	110	352	462	667	4	1	10	0	0	0	2	0.4775	0.467771	0.694583	0.398008	998	3461	4459
15872	10/28/2012	4	1	10	12	0	0	0	2	0.48	0.4697	0.59	0.4925	118	373	491	667	4	1	10	0	0	0	2	0.4775	0.467771	0.694583	0.398008	998	3461	4459
15873	10/28/2012	4	1	10	13	0	0	0	2	0.48	0.4697	0.59	0.4179	75	316	391	667	4	1	10	0	0	0	2	0.4775	0.467771	0.694583	0.398008	998	3461	4459
15874	10/28/2012	4	1	10	14	0	0	0	2	0.5	0.4848	0.59	0.4478	98	304	402	667	4	1	10	0	0	0	2	0.4775	0.467771	0.694583	0.398008	998	3461	4459
15875	10/28/2012	4	1	10	15	0	0	0	2	0.5	0.4848	0.63	0.4925	76	225	301	667	4	1	10	0	0	0	2	0.4775	0.467771	0.694583	0.398008	998	3461	4459
15876	10/28/2012	4	1	10	16	0	0	0	3	0.48	0.4697	0.67	0.4627	42	251	293	667	4	1	10	0	0	0	2	0.4775	0.467771	0.694583	0.398008	998	3461	4459
15877	10/28/2012	4	1	10	17	0	0	0	3	0.46	0.4545	0.77	0.5224	37	188	225	667	4	1	10	0	0	0	2	0.4775	0.467771	0.694583	0.398008	998	3461	4459
15878	10/28/2012	4	1	10	18	0	0	0	3	0.42	0.4242	0.94	0.4925	18	136	154	667	4	1	10	0	0	0	2	0.4775	0.467771	0.694583	0.398008	998	3461	4459
15879	10/28/2012	4	1	10	19	0	0	0	3	0.42	0.4242	0.94	0.3582	7	47	54	667	4	1	10	0	0	0	2	0.4775	0.467771	0.694583	0.398008	998	3461	4459
15880	10/28/2012	4	1	10	20	0	0	0	3	0.42	0.4242	0.94	0.4627	4	51	55	667	4	1	10	0	0	0	2	0.4775	0.467771	0.694583	0.398008	998	3461	4459
15881	10/28/2012	4	1	10	21	0	0	0	3	0.44	0.4394	0.88	0.4179	2	44	46	667	4	1	10	0	0	0	2	0.4775	0.467771	0.694583	0.398008	998	3461	4459
15882	10/28/2012	4	1	10	22	0	0	0	3	0.44	0.4394	0.88	0.3582	2	35	37	667	4	1	10	0	0	0	2	0.4775	0.467771	0.694583	0.398008	998	3461	4459
15883	10/28/2012	4	1	10	23	0	0	0	3	0.42	0.4242	0.94	0.3582	2	12	14	667	4	1	10	0	0	0	2	0.4775	0.467771	0.694583	0.398008	998	3461	4459
15884	10/29/2012	4	1	10	0	0	1	1	3	0.44	0.4394	0.88	0.3582	2	20	22	668	4	1	10	0	1	1	3	0.44	0.4394	0.88	0.3582	2	20	22
15885	10/30/2012	4	1	10	13	0	2	1	3	0.3	0.2727	0.81	0.3582	11	105	116	669	4	1	10	0	2	1	2	0.318182	0.309909	0.825455	0.213009	87	1009	1096
15886	10/30/2012	4	1	10	14	0	2	1	3	0.3	0.2727	0.81	0.3582	8	118	126	669	4	1	10	0	2	1	2	0.318182	0.309909	0.825455	0.213009	87	1009	1096
15887	10/30/2012	4	1	10	15	0	2	1	3	0.3	0.2879	0.87	0.2537	10	114	124	669	4	1	10	0	2	1	2	0.318182	0.309909	0.825455	0.213009	87	1009	1096
15888	10/30/2012	4	1	10	16	0	2	1	3	0.3	0.2879	0.87	0.2537	15	83	98	669	4	1	10	0	2	1	2	0.318182	0.309909	0.825455	0.213009	87	1009	1096
15889	10/30/2012	4	1	10	17	0	2	1	3	0.3	0.2879	0.87	0.2239	19	105	124	669	4	1	10	0	2	1	2	0.318182	0.309909	0.825455	0.213009	87	1009	1096
15890	10/30/2012	4	1	10	18	0	2	1	3	0.3	0.303	0.87	0.1343	4	139	143	669	4	1	10	0	2	1	2	0.318182	0.309909	0.825455	0.213009	87	1009	1096
15891	10/30/2012	4	1	10	19	0	2	1	2	0.5	0.4848	0.68	0.194	6	109	115	669	4	1	10	0	2	1	2	0.318182	0.309909	0.825455	0.213009	87	1009	1096
15892	10/30/2012	4	1	10	20	0	2	1	2	0.3	0.2879	0.81	0.194	5	76	81	669	4	1	10	0	2	1	2	0.318182	0.309909	0.825455	0.213009	87	1009	1096
15893	10/30/2012	4	1	10	21	0	2	1	2	0.3	0.3182	0.87	0.1045	4	60	64	669	4	1	10	0	2	1	2	0.318182	0.309909	0.825455	0.213009	87	1009	1096
15894	10/30/2012	4	1	10	22	0	2	1	1	0.3	0.303	0.81	0.1343	2	64	66	669	4	1	10	0	2	1	2	0.318182	0.309909	0.825455	0.213009	87	1009	1096
15895	10/30/2012	4	1	10	23	0	2	1	1	0.3	0.303	0.81	0.1343	3	36	39	669	4	1	10	0	2	1	2	0.318182	0.309909	0.825455	0.213009	87	1009	1096
15896	10/31/2012	4	1	10	0	0	3	1	2	0.3	0.3182	0.81	0.1045	0	16	16	670	4	1	10	0	3	1	2	0.3575	0.3611	0.666667	0.166667	419	5147	5566
15897	10/31/2012	4	1	10	1	0	3	1	2	0.3	0.3182	0.81	0.0896	0	8	8	670	4	1	10	0	3	1	2	0.3575	0.3611	0.666667	0.166667	419	5147	5566
15898	10/31/2012	4	1	10	2	0	3	1	2	0.3	0.303	0.81	0.1343	0	7	7	670	4	1	10	0	3	1	2	0.3575	0.3611	0.666667	0.166667	419	5147	5566
15899	10/31/2012	4	1	10	3	0	3	1	2	0.3	0.3182	0.81	0.1045	0	3	3	670	4	1	10	0	3	1	2	0.3575	0.3611	0.666667	0.166667	419	5147	5566
15900	10/31/2012	4	1	10	4	0	3	1	2	0.3	0.2879	0.87	0.194	0	5	5	670	4	1	10	0	3	1	2	0.3575	0.3611	0.666667	0.166667	419	5147	5566
15901	10/31/2012	4	1	10	5	0	3	1	2	0.3	0.303	0.81	0.1343	0	24	24	670	4	1	10	0	3	1	2	0.3575	0.3611	0.666667	0.166667	419	5147	5566
15902	10/31/2012	4	1	10	6	0	3	1	1	0.3	0.303	0.81	0.1642	0	116	116	670	4	1	10	0	3	1	2	0.3575	0.3611	0.666667	0.166667	419	5147	5566
15903	10/31/2012	4	1	10	7	0	3	1	2	0.3	0.303	0.87	0.1343	3	334	337	670	4	1	10	0	3	1	2	0.3575	0.3611	0.666667	0.166667	419	5147	5566
15904	10/31/2012	4	1	10	8	0	3	1	1	0.32	0.3333	0.81	0.1343	6	615	621	670	4	1	10	0	3	1	2	0.3575	0.3611	0.666667	0.166667	419	5147	5566
15905	10/31/2012	4	1	10	9	0	3	1	1	0.34	0.3333	0.76	0.1343	17	280	297	670	4	1	10	0	3	1	2	0.3575	0.3611	0.666667	0.166667	419	5147	5566
15906	10/31/2012	4	1	10	10	0	3	1	1	0.36	0.3333	0.71	0.2836	21	147	168	670	4	1	10	0	3	1	2	0.3575	0.3611	0.666667	0.166667	419	5147	5566
15907	10/31/2012	4	1	10	11	0	3	1	2	0.36	0.3485	0.66	0.2239	37	152	189	670	4	1	10	0	3	1	2	0.3575	0.3611	0.666667	0.166667	419	5147	5566
15908	10/31/2012	4	1	10	12	0	3	1	1	0.4	0.4091	0.58	0.194	44	197	241	670	4	1	10	0	3	1	2	0.3575	0.3611	0.666667	0.166667	419	5147	5566
15909	10/31/2012	4	1	10	13	0	3	1	1	0.42	0.4242	0.5	0.2239	22	191	213	670	4	1	10	0	3	1	2	0.3575	0.3611	0.666667	0.166667	419	5147	5566
15910	10/31/2012	4	1	10	14	0	3	1	2	0.42	0.4242	0.5	0.2239	45	179	224	670	4	1	10	0	3	1	2	0.3575	0.3611	0.666667	0.166667	419	5147	5566
15911	10/31/2012	4	1	10	15	0	3	1	1	0.42	0.4242	0.54	0.1642	33	197	230	670	4	1	10	0	3	1	2	0.3575	0.3611	0.666667	0.166667	419	5147	5566
15912	10/31/2012	4	1	10	16	0	3	1	2	0.42	0.4242	0.54	0.2239	51	373	424	670	4	1	10	0	3	1	2	0.3575	0.3611	0.666667	0.166667	419	5147	5566
15913	10/31/2012	4	1	10	17	0	3	1	2	0.4	0.4091	0.58	0.1642	39	684	723	670	4	1	10	0	3	1	2	0.3575	0.3611	0.666667	0.166667	419	5147	5566
15914	10/31/2012	4	1	10	18	0	3	1	2	0.4	0.4091	0.58	0.1642	28	556	584	670	4	1	10	0	3	1	2	0.3575	0.3611	0.666667	0.166667	419	5147	5566
15915	10/31/2012	4	1	10	19	0	3	1	2	0.4	0.4091	0.5	0.194	27	383	410	670	4	1	10	0	3	1	2	0.3575	0.3611	0.666667	0.166667	419	5147	5566
15916	10/31/2012	4	1	10	20	0	3	1	2	0.4	0.4091	0.5	0.194	9	259	268	670	4	1	10	0	3	1	2	0.3575	0.3611	0.666667	0.166667	419	5147	5566
15917	10/31/2012	4	1	10	21	0	3	1	2	0.4	0.4091	0.5	0.194	12	180	192	670	4	1	10	0	3	1	2	0.3575	0.3611	0.666667	0.166667	419	5147	5566
15918	10/31/2012	4	1	10	22	0	3	1	1	0.36	0.3485	0.57	0.1343	18	147	165	670	4	1	10	0	3	1	2	0.3575	0.3611	0.666667	0.166667	419	5147	5566
15919	10/31/2012	4	1	10	23	0	3	1	1	0.36	0.3636	0.57	0.0896	7	94	101	670	4	1	10	0	3	1	2	0.3575	0.3611	0.666667	0.166667	419	5147	5566
15920	11/1/2012	4	1	11	0	0	4	1	1	0.36	0.3636	0.57	0.0896	8	52	60	671	4	1	11	0	4	1	2	0.365833	0.369942	0.581667	0.157346	466	5520	5986
15921	11/1/2012	4	1	11	1	0	4	1	1	0.3	0.3182	0.75	0.1045	8	22	30	671	4	1	11	0	4	1	2	0.365833	0.369942	0.581667	0.157346	466	5520	5986
15922	11/1/2012	4	1	11	2	0	4	1	1	0.32	0.3333	0.66	0.1343	10	10	20	671	4	1	11	0	4	1	2	0.365833	0.369942	0.581667	0.157346	466	5520	5986
15923	11/1/2012	4	1	11	3	0	4	1	1	0.34	0.3333	0.61	0.1343	5	10	15	671	4	1	11	0	4	1	2	0.365833	0.369942	0.581667	0.157346	466	5520	5986
15924	11/1/2012	4	1	11	4	0	4	1	2	0.34	0.3485	0.66	0.1045	2	8	10	671	4	1	11	0	4	1	2	0.365833	0.369942	0.581667	0.157346	466	5520	5986
15925	11/1/2012	4	1	11	5	0	4	1	1	0.34	0.3333	0.66	0.1343	1	39	40	671	4	1	11	0	4	1	2	0.365833	0.369942	0.581667	0.157346	466	5520	5986
15926	11/1/2012	4	1	11	6	0	4	1	1	0.34	0.3333	0.61	0.1642	2	146	148	671	4	1	11	0	4	1	2	0.365833	0.369942	0.581667	0.157346	466	5520	5986
15927	11/1/2012	4	1	11	7	0	4	1	2	0.36	0.3485	0.57	0.1642	6	414	420	671	4	1	11	0	4	1	2	0.365833	0.369942	0.581667	0.157346	466	5520	5986
15928	11/1/2012	4	1	11	8	0	4	1	2	0.36	0.3788	0.56	0.1045	12	668	680	671	4	1	11	0	4	1	2	0.365833	0.369942	0.581667	0.157346	466	5520	5986
15929	11/1/2012	4	1	11	9	0	4	1	3	0.36	0.3636	0.57	0.1045	21	310	331	671	4	1	11	0	4	1	2	0.365833	0.369942	0.581667	0.157346	466	5520	5986
15930	11/1/2012	4	1	11	10	0	4	1	3	0.36	0.3485	0.62	0.194	13	133	146	671	4	1	11	0	4	1	2	0.365833	0.369942	0.581667	0.157346	466	5520	5986
15931	11/1/2012	4	1	11	11	0	4	1	3	0.36	0.3485	0.62	0.194	14	156	170	671	4	1	11	0	4	1	2	0.365833	0.369942	0.581667	0.157346	466	5520	5986
15932	11/1/2012	4	1	11	12	0	4	1	3	0.38	0.3939	0.62	0.1642	23	198	221	671	4	1	11	0	4	1	2	0.365833	0.369942	0.581667	0.157346	466	5520	5986
15933	11/1/2012	4	1	11	13	0	4	1	2	0.4	0.4091	0.58	0.1642	49	199	248	671	4	1	11	0	4	1	2	0.365833	0.369942	0.581667	0.157346	466	5520	5986
15934	11/1/2012	4	1	11	14	0	4	1	2	0.4	0.4091	0.5	0.2239	31	154	185	671	4	1	11	0	4	1	2	0.365833	0.369942	0.581667	0.157346	466	5520	5986
15935	11/1/2012	4	1	11	15	0	4	1	2	0.4	0.4091	0.54	0.1642	35	179	214	671	4	1	11	0	4	1	2	0.365833	0.369942	0.581667	0.157346	466	5520	5986
15936	11/1/2012	4	1	11	16	0	4	1	2	0.4	0.4091	0.54	0.1642	31	313	344	671	4	1	11	0	4	1	2	0.365833	0.369942	0.581667	0.157346	466	5520	5986
15937	11/1/2012	4	1	11	17	0	4	1	3	0.4	0.4091	0.5	0.2239	37	652	689	671	4	1	11	0	4	1	2	0.365833	0.369942	0.581667	0.157346	466	5520	5986
15938	11/1/2012	4	1	11	18	0	4	1	2	0.4	0.4091	0.5	0.1642	50	628	678	671	4	1	11	0	4	1	2	0.365833	0.369942	0.581667	0.157346	466	5520	5986
15939	11/1/2012	4	1	11	19	0	4	1	2	0.4	0.4091	0.5	0.1642	28	424	452	671	4	1	11	0	4	1	2	0.365833	0.369942	0.581667	0.157346	466	5520	5986
15940	11/1/2012	4	1	11	20	0	4	1	2	0.38	0.3939	0.54	0.2537	16	280	296	671	4	1	11	0	4	1	2	0.365833	0.369942	0.581667	0.157346	466	5520	5986
15941	11/1/2012	4	1	11	21	0	4	1	2	0.38	0.3939	0.54	0.1343	29	238	267	671	4	1	11	0	4	1	2	0.365833	0.369942	0.581667	0.157346	466	5520	5986
15942	11/1/2012	4	1	11	22	0	4	1	1	0.36	0.3485	0.57	0.1642	27	175	202	671	4	1	11	0	4	1	2	0.365833	0.369942	0.581667	0.157346	466	5520	5986
15943	11/1/2012	4	1	11	23	0	4	1	1	0.34	0.3333	0.57	0.1642	8	112	120	671	4	1	11	0	4	1	2	0.365833	0.369942	0.581667	0.157346	466	5520	5986
15944	11/2/2012	4	1	11	0	0	5	1	1	0.34	0.3333	0.57	0.1642	10	40	50	672	4	1	11	0	5	1	1	0.355	0.356042	0.522083	0.266175	618	5229	5847
15945	11/2/2012	4	1	11	1	0	5	1	1	0.32	0.3182	0.66	0.1642	5	19	24	672	4	1	11	0	5	1	1	0.355	0.356042	0.522083	0.266175	618	5229	5847
15946	11/2/2012	4	1	11	2	0	5	1	1	0.32	0.3182	0.66	0.1642	3	7	10	672	4	1	11	0	5	1	1	0.355	0.356042	0.522083	0.266175	618	5229	5847
15947	11/2/2012	4	1	11	3	0	5	1	1	0.3	0.303	0.7	0.1642	0	3	3	672	4	1	11	0	5	1	1	0.355	0.356042	0.522083	0.266175	618	5229	5847
15948	11/2/2012	4	1	11	4	0	5	1	1	0.3	0.3182	0.7	0.1045	1	6	7	672	4	1	11	0	5	1	1	0.355	0.356042	0.522083	0.266175	618	5229	5847
15949	11/2/2012	4	1	11	5	0	5	1	2	0.32	0.3182	0.66	0.1642	1	25	26	672	4	1	11	0	5	1	1	0.355	0.356042	0.522083	0.266175	618	5229	5847
15950	11/2/2012	4	1	11	6	0	5	1	1	0.3	0.303	0.7	0.1642	2	120	122	672	4	1	11	0	5	1	1	0.355	0.356042	0.522083	0.266175	618	5229	5847
15951	11/2/2012	4	1	11	7	0	5	1	2	0.3	0.303	0.7	0.1343	8	349	357	672	4	1	11	0	5	1	1	0.355	0.356042	0.522083	0.266175	618	5229	5847
15952	11/2/2012	4	1	11	8	0	5	1	1	0.32	0.3333	0.57	0.1045	31	656	687	672	4	1	11	0	5	1	1	0.355	0.356042	0.522083	0.266175	618	5229	5847
15953	11/2/2012	4	1	11	9	0	5	1	1	0.34	0.3485	0.53	0.1045	27	355	382	672	4	1	11	0	5	1	1	0.355	0.356042	0.522083	0.266175	618	5229	5847
15954	11/2/2012	4	1	11	10	0	5	1	1	0.38	0.3939	0.46	0.2985	21	183	204	672	4	1	11	0	5	1	1	0.355	0.356042	0.522083	0.266175	618	5229	5847
15955	11/2/2012	4	1	11	11	0	5	1	1	0.42	0.4242	0.41	0.4179	42	179	221	672	4	1	11	0	5	1	1	0.355	0.356042	0.522083	0.266175	618	5229	5847
15956	11/2/2012	4	1	11	12	0	5	1	1	0.42	0.4242	0.41	0.3582	52	240	292	672	4	1	11	0	5	1	1	0.355	0.356042	0.522083	0.266175	618	5229	5847
15957	11/2/2012	4	1	11	13	0	5	1	1	0.4	0.4091	0.43	0.3582	64	230	294	672	4	1	11	0	5	1	1	0.355	0.356042	0.522083	0.266175	618	5229	5847
15958	11/2/2012	4	1	11	14	0	5	1	2	0.4	0.4091	0.4	0.4925	63	199	262	672	4	1	11	0	5	1	1	0.355	0.356042	0.522083	0.266175	618	5229	5847
15959	11/2/2012	4	1	11	15	0	5	1	2	0.4	0.4091	0.4	0.4179	51	255	306	672	4	1	11	0	5	1	1	0.355	0.356042	0.522083	0.266175	618	5229	5847
15960	11/2/2012	4	1	11	16	0	5	1	1	0.38	0.3939	0.4	0.3284	48	373	421	672	4	1	11	0	5	1	1	0.355	0.356042	0.522083	0.266175	618	5229	5847
15961	11/2/2012	4	1	11	17	0	5	1	1	0.38	0.3939	0.4	0.3284	57	581	638	672	4	1	11	0	5	1	1	0.355	0.356042	0.522083	0.266175	618	5229	5847
15962	11/2/2012	4	1	11	18	0	5	1	2	0.38	0.3939	0.43	0.3284	32	490	522	672	4	1	11	0	5	1	1	0.355	0.356042	0.522083	0.266175	618	5229	5847
15963	11/2/2012	4	1	11	19	0	5	1	2	0.38	0.3939	0.43	0.2985	38	336	374	672	4	1	11	0	5	1	1	0.355	0.356042	0.522083	0.266175	618	5229	5847
15964	11/2/2012	4	1	11	20	0	5	1	2	0.36	0.3333	0.46	0.4179	14	207	221	672	4	1	11	0	5	1	1	0.355	0.356042	0.522083	0.266175	618	5229	5847
15965	11/2/2012	4	1	11	21	0	5	1	2	0.36	0.3333	0.46	0.3582	23	133	156	672	4	1	11	0	5	1	1	0.355	0.356042	0.522083	0.266175	618	5229	5847
15966	11/2/2012	4	1	11	22	0	5	1	1	0.36	0.3333	0.46	0.2537	14	135	149	672	4	1	11	0	5	1	1	0.355	0.356042	0.522083	0.266175	618	5229	5847
15967	11/2/2012	4	1	11	23	0	5	1	1	0.34	0.303	0.53	0.2985	11	108	119	672	4	1	11	0	5	1	1	0.355	0.356042	0.522083	0.266175	618	5229	5847
15968	11/3/2012	4	1	11	0	0	6	0	1	0.34	0.3333	0.53	0.1642	9	99	108	673	4	1	11	0	6	0	2	0.343333	0.323846	0.49125	0.270529	1029	4109	5138
15969	11/3/2012	4	1	11	1	0	6	0	2	0.34	0.303	0.49	0.3284	6	83	89	673	4	1	11	0	6	0	2	0.343333	0.323846	0.49125	0.270529	1029	4109	5138
15970	11/3/2012	4	1	11	2	0	6	0	2	0.34	0.3182	0.49	0.2537	10	36	46	673	4	1	11	0	6	0	2	0.343333	0.323846	0.49125	0.270529	1029	4109	5138
15971	11/3/2012	4	1	11	3	0	6	0	2	0.34	0.3182	0.49	0.2537	6	22	28	673	4	1	11	0	6	0	2	0.343333	0.323846	0.49125	0.270529	1029	4109	5138
15972	11/3/2012	4	1	11	4	0	6	0	2	0.32	0.303	0.49	0.2985	8	8	16	673	4	1	11	0	6	0	2	0.343333	0.323846	0.49125	0.270529	1029	4109	5138
15973	11/3/2012	4	1	11	5	0	6	0	2	0.32	0.303	0.49	0.2537	1	8	9	673	4	1	11	0	6	0	2	0.343333	0.323846	0.49125	0.270529	1029	4109	5138
15974	11/3/2012	4	1	11	6	0	6	0	2	0.32	0.3182	0.49	0.194	4	17	21	673	4	1	11	0	6	0	2	0.343333	0.323846	0.49125	0.270529	1029	4109	5138
15975	11/3/2012	4	1	11	7	0	6	0	2	0.32	0.303	0.49	0.2537	1	58	59	673	4	1	11	0	6	0	2	0.343333	0.323846	0.49125	0.270529	1029	4109	5138
15976	11/3/2012	4	1	11	8	0	6	0	2	0.34	0.303	0.46	0.2985	10	132	142	673	4	1	11	0	6	0	2	0.343333	0.323846	0.49125	0.270529	1029	4109	5138
15977	11/3/2012	4	1	11	9	0	6	0	2	0.34	0.303	0.49	0.2985	31	188	219	673	4	1	11	0	6	0	2	0.343333	0.323846	0.49125	0.270529	1029	4109	5138
15978	11/3/2012	4	1	11	10	0	6	0	1	0.36	0.3333	0.46	0.3881	68	260	328	673	4	1	11	0	6	0	2	0.343333	0.323846	0.49125	0.270529	1029	4109	5138
15979	11/3/2012	4	1	11	11	0	6	0	2	0.36	0.3333	0.46	0.3881	56	284	340	673	4	1	11	0	6	0	2	0.343333	0.323846	0.49125	0.270529	1029	4109	5138
15980	11/3/2012	4	1	11	12	0	6	0	2	0.36	0.3182	0.46	0.4627	74	320	394	673	4	1	11	0	6	0	2	0.343333	0.323846	0.49125	0.270529	1029	4109	5138
15981	11/3/2012	4	1	11	13	0	6	0	2	0.36	0.3333	0.46	0.3582	110	339	449	673	4	1	11	0	6	0	2	0.343333	0.323846	0.49125	0.270529	1029	4109	5138
15982	11/3/2012	4	1	11	14	0	6	0	2	0.36	0.3333	0.5	0.3284	136	319	455	673	4	1	11	0	6	0	2	0.343333	0.323846	0.49125	0.270529	1029	4109	5138
15983	11/3/2012	4	1	11	15	0	6	0	2	0.36	0.3182	0.46	0.4478	117	331	448	673	4	1	11	0	6	0	2	0.343333	0.323846	0.49125	0.270529	1029	4109	5138
15984	11/3/2012	4	1	11	16	0	6	0	2	0.36	0.3333	0.46	0.3284	108	292	400	673	4	1	11	0	6	0	2	0.343333	0.323846	0.49125	0.270529	1029	4109	5138
15985	11/3/2012	4	1	11	17	0	6	0	2	0.36	0.3333	0.46	0.2985	112	298	410	673	4	1	11	0	6	0	2	0.343333	0.323846	0.49125	0.270529	1029	4109	5138
15986	11/3/2012	4	1	11	18	0	6	0	2	0.36	0.3333	0.46	0.2836	58	239	297	673	4	1	11	0	6	0	2	0.343333	0.323846	0.49125	0.270529	1029	4109	5138
15987	11/3/2012	4	1	11	19	0	6	0	1	0.36	0.3485	0.5	0.1642	22	217	239	673	4	1	11	0	6	0	2	0.343333	0.323846	0.49125	0.270529	1029	4109	5138
15988	11/3/2012	4	1	11	20	0	6	0	1	0.34	0.3333	0.53	0.1343	23	158	181	673	4	1	11	0	6	0	2	0.343333	0.323846	0.49125	0.270529	1029	4109	5138
15989	11/3/2012	4	1	11	21	0	6	0	1	0.34	0.3485	0.53	0.1045	31	135	166	673	4	1	11	0	6	0	2	0.343333	0.323846	0.49125	0.270529	1029	4109	5138
15990	11/3/2012	4	1	11	22	0	6	0	1	0.32	0.3333	0.57	0.1045	13	133	146	673	4	1	11	0	6	0	2	0.343333	0.323846	0.49125	0.270529	1029	4109	5138
15991	11/3/2012	4	1	11	23	0	6	0	1	0.32	0.3333	0.57	0.1045	15	133	148	673	4	1	11	0	6	0	2	0.343333	0.323846	0.49125	0.270529	1029	4109	5138
15992	11/4/2012	4	1	11	0	0	0	0	1	0.3	0.3182	0.61	0.1045	5	97	102	674	4	1	11	0	0	0	1	0.325833	0.329538	0.532917	0.179108	1201	3906	5107
15993	11/4/2012	4	1	11	1	0	0	0	1	0.26	0.2879	0.81	0.0896	26	139	165	674	4	1	11	0	0	0	1	0.325833	0.329538	0.532917	0.179108	1201	3906	5107
15994	11/4/2012	4	1	11	2	0	0	0	1	0.3	0.3333	0.65	0	6	31	37	674	4	1	11	0	0	0	1	0.325833	0.329538	0.532917	0.179108	1201	3906	5107
15995	11/4/2012	4	1	11	3	0	0	0	1	0.28	0.2879	0.61	0.1045	1	10	11	674	4	1	11	0	0	0	1	0.325833	0.329538	0.532917	0.179108	1201	3906	5107
15996	11/4/2012	4	1	11	4	0	0	0	1	0.26	0.2727	0.65	0.1343	2	7	9	674	4	1	11	0	0	0	1	0.325833	0.329538	0.532917	0.179108	1201	3906	5107
15997	11/4/2012	4	1	11	5	0	0	0	1	0.26	0.2727	0.65	0.1045	0	5	5	674	4	1	11	0	0	0	1	0.325833	0.329538	0.532917	0.179108	1201	3906	5107
15998	11/4/2012	4	1	11	6	0	0	0	1	0.28	0.2879	0.61	0.1343	2	14	16	674	4	1	11	0	0	0	1	0.325833	0.329538	0.532917	0.179108	1201	3906	5107
15999	11/4/2012	4	1	11	7	0	0	0	1	0.26	0.2727	0.65	0.1045	11	39	50	674	4	1	11	0	0	0	1	0.325833	0.329538	0.532917	0.179108	1201	3906	5107
16000	11/4/2012	4	1	11	8	0	0	0	1	0.3	0.303	0.56	0.1343	34	115	149	674	4	1	11	0	0	0	1	0.325833	0.329538	0.532917	0.179108	1201	3906	5107
16001	11/4/2012	4	1	11	9	0	0	0	1	0.32	0.3333	0.53	0	56	161	217	674	4	1	11	0	0	0	1	0.325833	0.329538	0.532917	0.179108	1201	3906	5107
16002	11/4/2012	4	1	11	10	0	0	0	1	0.34	0.3333	0.49	0.194	73	287	360	674	4	1	11	0	0	0	1	0.325833	0.329538	0.532917	0.179108	1201	3906	5107
16003	11/4/2012	4	1	11	11	0	0	0	1	0.38	0.3939	0.46	0.2239	134	311	445	674	4	1	11	0	0	0	1	0.325833	0.329538	0.532917	0.179108	1201	3906	5107
16004	11/4/2012	4	1	11	12	0	0	0	1	0.38	0.3939	0.46	0.2239	150	354	504	674	4	1	11	0	0	0	1	0.325833	0.329538	0.532917	0.179108	1201	3906	5107
16005	11/4/2012	4	1	11	13	0	0	0	1	0.4	0.4091	0.43	0.2239	122	371	493	674	4	1	11	0	0	0	1	0.325833	0.329538	0.532917	0.179108	1201	3906	5107
16006	11/4/2012	4	1	11	14	0	0	0	1	0.4	0.4091	0.4	0.194	149	360	509	674	4	1	11	0	0	0	1	0.325833	0.329538	0.532917	0.179108	1201	3906	5107
16007	11/4/2012	4	1	11	15	0	0	0	1	0.4	0.4091	0.4	0.2239	149	300	449	674	4	1	11	0	0	0	1	0.325833	0.329538	0.532917	0.179108	1201	3906	5107
16008	11/4/2012	4	1	11	16	0	0	0	1	0.4	0.4091	0.4	0.3284	119	316	435	674	4	1	11	0	0	0	1	0.325833	0.329538	0.532917	0.179108	1201	3906	5107
16009	11/4/2012	4	1	11	17	0	0	0	1	0.36	0.3485	0.43	0.194	57	270	327	674	4	1	11	0	0	0	1	0.325833	0.329538	0.532917	0.179108	1201	3906	5107
16010	11/4/2012	4	1	11	18	0	0	0	1	0.36	0.3485	0.43	0.2239	31	206	237	674	4	1	11	0	0	0	1	0.325833	0.329538	0.532917	0.179108	1201	3906	5107
16011	11/4/2012	4	1	11	19	0	0	0	1	0.36	0.3333	0.43	0.2537	24	203	227	674	4	1	11	0	0	0	1	0.325833	0.329538	0.532917	0.179108	1201	3906	5107
16012	11/4/2012	4	1	11	20	0	0	0	1	0.32	0.2879	0.53	0.3582	7	134	141	674	4	1	11	0	0	0	1	0.325833	0.329538	0.532917	0.179108	1201	3906	5107
16013	11/4/2012	4	1	11	21	0	0	0	1	0.3	0.2727	0.52	0.2985	16	71	87	674	4	1	11	0	0	0	1	0.325833	0.329538	0.532917	0.179108	1201	3906	5107
16014	11/4/2012	4	1	11	22	0	0	0	1	0.3	0.2879	0.52	0.2836	15	64	79	674	4	1	11	0	0	0	1	0.325833	0.329538	0.532917	0.179108	1201	3906	5107
16015	11/4/2012	4	1	11	23	0	0	0	2	0.3	0.303	0.56	0.1642	12	41	53	674	4	1	11	0	0	0	1	0.325833	0.329538	0.532917	0.179108	1201	3906	5107
16016	11/5/2012	4	1	11	0	0	1	1	2	0.3	0.2879	0.56	0.194	3	20	23	675	4	1	11	0	1	1	1	0.319167	0.308075	0.494167	0.236325	378	4881	5259
16017	11/5/2012	4	1	11	1	0	1	1	2	0.3	0.303	0.56	0.1642	0	8	8	675	4	1	11	0	1	1	1	0.319167	0.308075	0.494167	0.236325	378	4881	5259
16018	11/5/2012	4	1	11	2	0	1	1	2	0.3	0.303	0.56	0.1642	2	4	6	675	4	1	11	0	1	1	1	0.319167	0.308075	0.494167	0.236325	378	4881	5259
16019	11/5/2012	4	1	11	3	0	1	1	2	0.3	0.2879	0.56	0.2239	1	3	4	675	4	1	11	0	1	1	1	0.319167	0.308075	0.494167	0.236325	378	4881	5259
16020	11/5/2012	4	1	11	4	0	1	1	2	0.3	0.2879	0.52	0.2537	5	11	16	675	4	1	11	0	1	1	1	0.319167	0.308075	0.494167	0.236325	378	4881	5259
16021	11/5/2012	4	1	11	5	0	1	1	2	0.3	0.2727	0.52	0.3284	1	38	39	675	4	1	11	0	1	1	1	0.319167	0.308075	0.494167	0.236325	378	4881	5259
16022	11/5/2012	4	1	11	6	0	1	1	2	0.3	0.2879	0.49	0.2836	4	135	139	675	4	1	11	0	1	1	1	0.319167	0.308075	0.494167	0.236325	378	4881	5259
16023	11/5/2012	4	1	11	7	0	1	1	2	0.3	0.2879	0.49	0.2537	8	453	461	675	4	1	11	0	1	1	1	0.319167	0.308075	0.494167	0.236325	378	4881	5259
16024	11/5/2012	4	1	11	8	0	1	1	2	0.3	0.2879	0.49	0.2239	19	629	648	675	4	1	11	0	1	1	1	0.319167	0.308075	0.494167	0.236325	378	4881	5259
16025	11/5/2012	4	1	11	9	0	1	1	2	0.3	0.2879	0.52	0.2836	18	239	257	675	4	1	11	0	1	1	1	0.319167	0.308075	0.494167	0.236325	378	4881	5259
16026	11/5/2012	4	1	11	10	0	1	1	1	0.32	0.303	0.49	0.2836	30	112	142	675	4	1	11	0	1	1	1	0.319167	0.308075	0.494167	0.236325	378	4881	5259
16027	11/5/2012	4	1	11	11	0	1	1	1	0.34	0.3182	0.46	0.2239	31	119	150	675	4	1	11	0	1	1	1	0.319167	0.308075	0.494167	0.236325	378	4881	5259
16028	11/5/2012	4	1	11	12	0	1	1	1	0.36	0.3333	0.43	0.3284	38	206	244	675	4	1	11	0	1	1	1	0.319167	0.308075	0.494167	0.236325	378	4881	5259
16029	11/5/2012	4	1	11	13	0	1	1	1	0.36	0.3333	0.4	0.2537	39	183	222	675	4	1	11	0	1	1	1	0.319167	0.308075	0.494167	0.236325	378	4881	5259
16030	11/5/2012	4	1	11	14	0	1	1	1	0.38	0.3939	0.4	0.1642	31	165	196	675	4	1	11	0	1	1	1	0.319167	0.308075	0.494167	0.236325	378	4881	5259
16031	11/5/2012	4	1	11	15	0	1	1	1	0.38	0.3939	0.4	0.2836	24	207	231	675	4	1	11	0	1	1	1	0.319167	0.308075	0.494167	0.236325	378	4881	5259
16032	11/5/2012	4	1	11	16	0	1	1	1	0.36	0.3333	0.43	0.2836	35	325	360	675	4	1	11	0	1	1	1	0.319167	0.308075	0.494167	0.236325	378	4881	5259
16033	11/5/2012	4	1	11	17	0	1	1	1	0.34	0.3182	0.46	0.2239	34	604	638	675	4	1	11	0	1	1	1	0.319167	0.308075	0.494167	0.236325	378	4881	5259
16034	11/5/2012	4	1	11	18	0	1	1	1	0.34	0.3182	0.46	0.2239	19	523	542	675	4	1	11	0	1	1	1	0.319167	0.308075	0.494167	0.236325	378	4881	5259
16035	11/5/2012	4	1	11	19	0	1	1	1	0.32	0.3182	0.49	0.1642	11	361	372	675	4	1	11	0	1	1	1	0.319167	0.308075	0.494167	0.236325	378	4881	5259
16036	11/5/2012	4	1	11	20	0	1	1	1	0.32	0.303	0.49	0.2537	13	228	241	675	4	1	11	0	1	1	1	0.319167	0.308075	0.494167	0.236325	378	4881	5259
16037	11/5/2012	4	1	11	21	0	1	1	1	0.3	0.2879	0.52	0.2836	8	144	152	675	4	1	11	0	1	1	1	0.319167	0.308075	0.494167	0.236325	378	4881	5259
16038	11/5/2012	4	1	11	22	0	1	1	1	0.28	0.2727	0.56	0.194	4	111	115	675	4	1	11	0	1	1	1	0.319167	0.308075	0.494167	0.236325	378	4881	5259
16039	11/5/2012	4	1	11	23	0	1	1	1	0.26	0.2727	0.6	0.1343	0	53	53	675	4	1	11	0	1	1	1	0.319167	0.308075	0.494167	0.236325	378	4881	5259
16040	11/6/2012	4	1	11	0	0	2	1	1	0.24	0.2576	0.6	0.1045	1	18	19	676	4	1	11	0	2	1	1	0.280833	0.281567	0.567083	0.173513	466	5220	5686
16041	11/6/2012	4	1	11	1	0	2	1	1	0.24	0.2424	0.6	0.1642	0	8	8	676	4	1	11	0	2	1	1	0.280833	0.281567	0.567083	0.173513	466	5220	5686
16042	11/6/2012	4	1	11	2	0	2	1	1	0.24	0.2576	0.65	0.0896	0	2	2	676	4	1	11	0	2	1	1	0.280833	0.281567	0.567083	0.173513	466	5220	5686
16043	11/6/2012	4	1	11	3	0	2	1	1	0.22	0.2424	0.64	0.1045	0	4	4	676	4	1	11	0	2	1	1	0.280833	0.281567	0.567083	0.173513	466	5220	5686
16044	11/6/2012	4	1	11	4	0	2	1	1	0.22	0.2576	0.69	0.0896	0	7	7	676	4	1	11	0	2	1	1	0.280833	0.281567	0.567083	0.173513	466	5220	5686
16045	11/6/2012	4	1	11	5	0	2	1	2	0.22	0.2273	0.64	0.194	1	40	41	676	4	1	11	0	2	1	1	0.280833	0.281567	0.567083	0.173513	466	5220	5686
16046	11/6/2012	4	1	11	6	0	2	1	1	0.22	0.2273	0.69	0.1343	6	143	149	676	4	1	11	0	2	1	1	0.280833	0.281567	0.567083	0.173513	466	5220	5686
16047	11/6/2012	4	1	11	7	0	2	1	1	0.2	0.2121	0.69	0.1642	9	378	387	676	4	1	11	0	2	1	1	0.280833	0.281567	0.567083	0.173513	466	5220	5686
16048	11/6/2012	4	1	11	8	0	2	1	1	0.22	0.2273	0.69	0.1642	20	568	588	676	4	1	11	0	2	1	1	0.280833	0.281567	0.567083	0.173513	466	5220	5686
16049	11/6/2012	4	1	11	9	0	2	1	1	0.26	0.2576	0.6	0.1642	25	338	363	676	4	1	11	0	2	1	1	0.280833	0.281567	0.567083	0.173513	466	5220	5686
16050	11/6/2012	4	1	11	10	0	2	1	1	0.3	0.2879	0.49	0.194	41	189	230	676	4	1	11	0	2	1	1	0.280833	0.281567	0.567083	0.173513	466	5220	5686
16051	11/6/2012	4	1	11	11	0	2	1	1	0.32	0.3333	0.45	0.1343	39	177	216	676	4	1	11	0	2	1	1	0.280833	0.281567	0.567083	0.173513	466	5220	5686
16052	11/6/2012	4	1	11	12	0	2	1	1	0.32	0.3333	0.45	0.1343	31	217	248	676	4	1	11	0	2	1	1	0.280833	0.281567	0.567083	0.173513	466	5220	5686
16053	11/6/2012	4	1	11	13	0	2	1	1	0.34	0.3333	0.46	0.1343	46	232	278	676	4	1	11	0	2	1	1	0.280833	0.281567	0.567083	0.173513	466	5220	5686
16054	11/6/2012	4	1	11	14	0	2	1	1	0.36	0.3636	0.4	0.1045	44	196	240	676	4	1	11	0	2	1	1	0.280833	0.281567	0.567083	0.173513	466	5220	5686
16055	11/6/2012	4	1	11	15	0	2	1	1	0.34	0.3182	0.46	0.2537	45	227	272	676	4	1	11	0	2	1	1	0.280833	0.281567	0.567083	0.173513	466	5220	5686
16056	11/6/2012	4	1	11	16	0	2	1	1	0.34	0.3333	0.46	0.1642	33	369	402	676	4	1	11	0	2	1	1	0.280833	0.281567	0.567083	0.173513	466	5220	5686
16057	11/6/2012	4	1	11	17	0	2	1	1	0.32	0.303	0.53	0.2239	30	597	627	676	4	1	11	0	2	1	1	0.280833	0.281567	0.567083	0.173513	466	5220	5686
16058	11/6/2012	4	1	11	18	0	2	1	1	0.32	0.303	0.57	0.2985	20	477	497	676	4	1	11	0	2	1	1	0.280833	0.281567	0.567083	0.173513	466	5220	5686
16059	11/6/2012	4	1	11	19	0	2	1	1	0.3	0.2879	0.56	0.2239	15	356	371	676	4	1	11	0	2	1	1	0.280833	0.281567	0.567083	0.173513	466	5220	5686
16060	11/6/2012	4	1	11	20	0	2	1	1	0.3	0.2879	0.61	0.2239	10	218	228	676	4	1	11	0	2	1	1	0.280833	0.281567	0.567083	0.173513	466	5220	5686
16061	11/6/2012	4	1	11	21	0	2	1	2	0.3	0.2879	0.56	0.2537	14	137	151	676	4	1	11	0	2	1	1	0.280833	0.281567	0.567083	0.173513	466	5220	5686
16062	11/6/2012	4	1	11	22	0	2	1	2	0.3	0.2879	0.56	0.2239	17	136	153	676	4	1	11	0	2	1	1	0.280833	0.281567	0.567083	0.173513	466	5220	5686
16063	11/6/2012	4	1	11	23	0	2	1	1	0.3	0.2879	0.56	0.2239	19	186	205	676	4	1	11	0	2	1	1	0.280833	0.281567	0.567083	0.173513	466	5220	5686
16064	11/7/2012	4	1	11	0	0	3	1	2	0.3	0.2879	0.56	0.2836	49	234	283	677	4	1	11	0	3	1	2	0.295833	0.274621	0.5475	0.304108	326	4709	5035
16065	11/7/2012	4	1	11	1	0	3	1	2	0.28	0.2727	0.61	0.2537	6	86	92	677	4	1	11	0	3	1	2	0.295833	0.274621	0.5475	0.304108	326	4709	5035
16066	11/7/2012	4	1	11	2	0	3	1	2	0.28	0.2576	0.56	0.2985	6	68	74	677	4	1	11	0	3	1	2	0.295833	0.274621	0.5475	0.304108	326	4709	5035
16067	11/7/2012	4	1	11	3	0	3	1	2	0.28	0.2576	0.52	0.3284	2	9	11	677	4	1	11	0	3	1	2	0.295833	0.274621	0.5475	0.304108	326	4709	5035
16068	11/7/2012	4	1	11	4	0	3	1	2	0.28	0.2576	0.52	0.2985	0	9	9	677	4	1	11	0	3	1	2	0.295833	0.274621	0.5475	0.304108	326	4709	5035
16069	11/7/2012	4	1	11	5	0	3	1	2	0.28	0.2576	0.52	0.3284	0	27	27	677	4	1	11	0	3	1	2	0.295833	0.274621	0.5475	0.304108	326	4709	5035
16070	11/7/2012	4	1	11	6	0	3	1	2	0.26	0.2424	0.56	0.2836	3	115	118	677	4	1	11	0	3	1	2	0.295833	0.274621	0.5475	0.304108	326	4709	5035
16071	11/7/2012	4	1	11	7	0	3	1	2	0.26	0.2273	0.56	0.2985	5	314	319	677	4	1	11	0	3	1	2	0.295833	0.274621	0.5475	0.304108	326	4709	5035
16072	11/7/2012	4	1	11	8	0	3	1	2	0.26	0.2424	0.6	0.2836	18	583	601	677	4	1	11	0	3	1	2	0.295833	0.274621	0.5475	0.304108	326	4709	5035
16073	11/7/2012	4	1	11	9	0	3	1	2	0.26	0.2424	0.6	0.2836	17	351	368	677	4	1	11	0	3	1	2	0.295833	0.274621	0.5475	0.304108	326	4709	5035
16074	11/7/2012	4	1	11	10	0	3	1	2	0.28	0.2576	0.56	0.2985	27	151	178	677	4	1	11	0	3	1	2	0.295833	0.274621	0.5475	0.304108	326	4709	5035
16075	11/7/2012	4	1	11	11	0	3	1	2	0.32	0.2879	0.51	0.3582	15	132	147	677	4	1	11	0	3	1	2	0.295833	0.274621	0.5475	0.304108	326	4709	5035
16076	11/7/2012	4	1	11	12	0	3	1	2	0.32	0.303	0.53	0.2836	24	188	212	677	4	1	11	0	3	1	2	0.295833	0.274621	0.5475	0.304108	326	4709	5035
16077	11/7/2012	4	1	11	13	0	3	1	2	0.32	0.303	0.53	0.2537	23	158	181	677	4	1	11	0	3	1	2	0.295833	0.274621	0.5475	0.304108	326	4709	5035
16078	11/7/2012	4	1	11	14	0	3	1	2	0.32	0.2879	0.53	0.3582	19	142	161	677	4	1	11	0	3	1	2	0.295833	0.274621	0.5475	0.304108	326	4709	5035
16079	11/7/2012	4	1	11	15	0	3	1	2	0.32	0.303	0.53	0.2985	20	178	198	677	4	1	11	0	3	1	2	0.295833	0.274621	0.5475	0.304108	326	4709	5035
16080	11/7/2012	4	1	11	16	0	3	1	2	0.32	0.2879	0.53	0.3582	23	250	273	677	4	1	11	0	3	1	2	0.295833	0.274621	0.5475	0.304108	326	4709	5035
16081	11/7/2012	4	1	11	17	0	3	1	2	0.32	0.2879	0.53	0.3881	16	501	517	677	4	1	11	0	3	1	2	0.295833	0.274621	0.5475	0.304108	326	4709	5035
16082	11/7/2012	4	1	11	18	0	3	1	2	0.32	0.2879	0.53	0.3582	17	448	465	677	4	1	11	0	3	1	2	0.295833	0.274621	0.5475	0.304108	326	4709	5035
16083	11/7/2012	4	1	11	19	0	3	1	2	0.3	0.2727	0.56	0.2985	17	302	319	677	4	1	11	0	3	1	2	0.295833	0.274621	0.5475	0.304108	326	4709	5035
16084	11/7/2012	4	1	11	20	0	3	1	2	0.32	0.303	0.49	0.3284	7	249	256	677	4	1	11	0	3	1	2	0.295833	0.274621	0.5475	0.304108	326	4709	5035
16085	11/7/2012	4	1	11	21	0	3	1	2	0.32	0.303	0.49	0.2985	5	121	126	677	4	1	11	0	3	1	2	0.295833	0.274621	0.5475	0.304108	326	4709	5035
16086	11/7/2012	4	1	11	22	0	3	1	3	0.3	0.2879	0.56	0.2537	4	56	60	677	4	1	11	0	3	1	2	0.295833	0.274621	0.5475	0.304108	326	4709	5035
16087	11/7/2012	4	1	11	23	0	3	1	3	0.28	0.2727	0.65	0.2239	3	37	40	677	4	1	11	0	3	1	2	0.295833	0.274621	0.5475	0.304108	326	4709	5035
16088	11/8/2012	4	1	11	0	0	4	1	3	0.28	0.2727	0.61	0.2239	1	14	15	678	4	1	11	0	4	1	1	0.352174	0.341891	0.333478	0.347835	340	4975	5315
16089	11/8/2012	4	1	11	1	0	4	1	3	0.3	0.2727	0.52	0.3582	1	11	12	678	4	1	11	0	4	1	1	0.352174	0.341891	0.333478	0.347835	340	4975	5315
16090	11/8/2012	4	1	11	2	0	4	1	2	0.3	0.2879	0.49	0.2239	1	5	6	678	4	1	11	0	4	1	1	0.352174	0.341891	0.333478	0.347835	340	4975	5315
16091	11/8/2012	4	1	11	4	0	4	1	2	0.3	0.2879	0.45	0.2836	1	9	10	678	4	1	11	0	4	1	1	0.352174	0.341891	0.333478	0.347835	340	4975	5315
16092	11/8/2012	4	1	11	5	0	4	1	2	0.3	0.2879	0.42	0.2239	0	35	35	678	4	1	11	0	4	1	1	0.352174	0.341891	0.333478	0.347835	340	4975	5315
16093	11/8/2012	4	1	11	6	0	4	1	1	0.3	0.2879	0.39	0.2239	2	122	124	678	4	1	11	0	4	1	1	0.352174	0.341891	0.333478	0.347835	340	4975	5315
16094	11/8/2012	4	1	11	7	0	4	1	1	0.28	0.2576	0.36	0.3881	12	411	423	678	4	1	11	0	4	1	1	0.352174	0.341891	0.333478	0.347835	340	4975	5315
16095	11/8/2012	4	1	11	8	0	4	1	1	0.3	0.2879	0.33	0.2836	16	652	668	678	4	1	11	0	4	1	1	0.352174	0.341891	0.333478	0.347835	340	4975	5315
16096	11/8/2012	4	1	11	9	0	4	1	1	0.32	0.2879	0.31	0.3582	22	253	275	678	4	1	11	0	4	1	1	0.352174	0.341891	0.333478	0.347835	340	4975	5315
16097	11/8/2012	4	1	11	10	0	4	1	1	0.32	0.303	0.31	0.3284	13	148	161	678	4	1	11	0	4	1	1	0.352174	0.341891	0.333478	0.347835	340	4975	5315
16098	11/8/2012	4	1	11	11	0	4	1	1	0.36	0.3333	0.29	0.3881	16	155	171	678	4	1	11	0	4	1	1	0.352174	0.341891	0.333478	0.347835	340	4975	5315
16099	11/8/2012	4	1	11	12	0	4	1	1	0.4	0.4091	0.24	0.4925	33	202	235	678	4	1	11	0	4	1	1	0.352174	0.341891	0.333478	0.347835	340	4975	5315
16100	11/8/2012	4	1	11	13	0	4	1	1	0.44	0.4394	0.18	0.4179	33	195	228	678	4	1	11	0	4	1	1	0.352174	0.341891	0.333478	0.347835	340	4975	5315
16101	11/8/2012	4	1	11	14	0	4	1	1	0.44	0.4394	0.18	0.4179	33	149	182	678	4	1	11	0	4	1	1	0.352174	0.341891	0.333478	0.347835	340	4975	5315
16102	11/8/2012	4	1	11	15	0	4	1	1	0.44	0.4394	0.18	0.4179	32	201	233	678	4	1	11	0	4	1	1	0.352174	0.341891	0.333478	0.347835	340	4975	5315
16103	11/8/2012	4	1	11	16	0	4	1	1	0.42	0.4242	0.16	0.3881	18	321	339	678	4	1	11	0	4	1	1	0.352174	0.341891	0.333478	0.347835	340	4975	5315
16104	11/8/2012	4	1	11	17	0	4	1	1	0.4	0.4091	0.2	0.2985	36	556	592	678	4	1	11	0	4	1	1	0.352174	0.341891	0.333478	0.347835	340	4975	5315
16105	11/8/2012	4	1	11	18	0	4	1	1	0.4	0.4091	0.24	0.4179	16	491	507	678	4	1	11	0	4	1	1	0.352174	0.341891	0.333478	0.347835	340	4975	5315
16106	11/8/2012	4	1	11	19	0	4	1	1	0.38	0.3939	0.27	0.3582	14	359	373	678	4	1	11	0	4	1	1	0.352174	0.341891	0.333478	0.347835	340	4975	5315
16107	11/8/2012	4	1	11	20	0	4	1	1	0.38	0.3939	0.29	0.4627	10	235	245	678	4	1	11	0	4	1	1	0.352174	0.341891	0.333478	0.347835	340	4975	5315
16108	11/8/2012	4	1	11	21	0	4	1	1	0.36	0.3333	0.37	0.3881	11	222	233	678	4	1	11	0	4	1	1	0.352174	0.341891	0.333478	0.347835	340	4975	5315
16109	11/8/2012	4	1	11	22	0	4	1	1	0.34	0.303	0.42	0.2985	14	147	161	678	4	1	11	0	4	1	1	0.352174	0.341891	0.333478	0.347835	340	4975	5315
16110	11/8/2012	4	1	11	23	0	4	1	1	0.34	0.303	0.46	0.3582	5	82	87	678	4	1	11	0	4	1	1	0.352174	0.341891	0.333478	0.347835	340	4975	5315
16111	11/9/2012	4	1	11	0	0	5	1	1	0.34	0.303	0.49	0.3284	9	46	55	679	4	1	11	0	5	1	1	0.361667	0.355413	0.540833	0.214558	709	5283	5992
16112	11/9/2012	4	1	11	1	0	5	1	1	0.32	0.303	0.53	0.2836	3	17	20	679	4	1	11	0	5	1	1	0.361667	0.355413	0.540833	0.214558	709	5283	5992
16113	11/9/2012	4	1	11	2	0	5	1	1	0.32	0.303	0.53	0.2537	1	11	12	679	4	1	11	0	5	1	1	0.361667	0.355413	0.540833	0.214558	709	5283	5992
16114	11/9/2012	4	1	11	3	0	5	1	1	0.32	0.2879	0.53	0.4179	3	6	9	679	4	1	11	0	5	1	1	0.361667	0.355413	0.540833	0.214558	709	5283	5992
16115	11/9/2012	4	1	11	4	0	5	1	1	0.32	0.2879	0.53	0.3582	0	14	14	679	4	1	11	0	5	1	1	0.361667	0.355413	0.540833	0.214558	709	5283	5992
16116	11/9/2012	4	1	11	5	0	5	1	1	0.3	0.2879	0.56	0.194	2	25	27	679	4	1	11	0	5	1	1	0.361667	0.355413	0.540833	0.214558	709	5283	5992
16117	11/9/2012	4	1	11	6	0	5	1	1	0.26	0.2727	0.65	0.1045	5	126	131	679	4	1	11	0	5	1	1	0.361667	0.355413	0.540833	0.214558	709	5283	5992
16118	11/9/2012	4	1	11	7	0	5	1	1	0.26	0.2727	0.65	0.1343	9	332	341	679	4	1	11	0	5	1	1	0.361667	0.355413	0.540833	0.214558	709	5283	5992
16119	11/9/2012	4	1	11	8	0	5	1	1	0.32	0.3182	0.57	0.1642	25	668	693	679	4	1	11	0	5	1	1	0.361667	0.355413	0.540833	0.214558	709	5283	5992
16120	11/9/2012	4	1	11	9	0	5	1	1	0.34	0.303	0.53	0.4179	23	304	327	679	4	1	11	0	5	1	1	0.361667	0.355413	0.540833	0.214558	709	5283	5992
16121	11/9/2012	4	1	11	10	0	5	1	1	0.36	0.3333	0.5	0.3284	34	163	197	679	4	1	11	0	5	1	1	0.361667	0.355413	0.540833	0.214558	709	5283	5992
16122	11/9/2012	4	1	11	11	0	5	1	1	0.4	0.4091	0.47	0.2985	66	185	251	679	4	1	11	0	5	1	1	0.361667	0.355413	0.540833	0.214558	709	5283	5992
16123	11/9/2012	4	1	11	12	0	5	1	1	0.44	0.4394	0.41	0.3284	48	214	262	679	4	1	11	0	5	1	1	0.361667	0.355413	0.540833	0.214558	709	5283	5992
16124	11/9/2012	4	1	11	13	0	5	1	1	0.46	0.4545	0.38	0.2985	62	237	299	679	4	1	11	0	5	1	1	0.361667	0.355413	0.540833	0.214558	709	5283	5992
16125	11/9/2012	4	1	11	14	0	5	1	1	0.46	0.4545	0.38	0.194	67	207	274	679	4	1	11	0	5	1	1	0.361667	0.355413	0.540833	0.214558	709	5283	5992
16126	11/9/2012	4	1	11	15	0	5	1	1	0.46	0.4545	0.36	0.2239	78	278	356	679	4	1	11	0	5	1	1	0.361667	0.355413	0.540833	0.214558	709	5283	5992
16127	11/9/2012	4	1	11	16	0	5	1	1	0.46	0.4545	0.38	0.1642	57	377	434	679	4	1	11	0	5	1	1	0.361667	0.355413	0.540833	0.214558	709	5283	5992
16128	11/9/2012	4	1	11	17	0	5	1	1	0.42	0.4242	0.44	0.1343	61	593	654	679	4	1	11	0	5	1	1	0.361667	0.355413	0.540833	0.214558	709	5283	5992
16129	11/9/2012	4	1	11	18	0	5	1	1	0.42	0.4242	0.44	0.1045	46	450	496	679	4	1	11	0	5	1	1	0.361667	0.355413	0.540833	0.214558	709	5283	5992
16130	11/9/2012	4	1	11	19	0	5	1	1	0.34	0.3485	0.71	0.0896	30	331	361	679	4	1	11	0	5	1	1	0.361667	0.355413	0.540833	0.214558	709	5283	5992
16131	11/9/2012	4	1	11	20	0	5	1	1	0.36	0.3485	0.66	0.1343	20	235	255	679	4	1	11	0	5	1	1	0.361667	0.355413	0.540833	0.214558	709	5283	5992
16132	11/9/2012	4	1	11	21	0	5	1	1	0.34	0.3636	0.76	0	23	176	199	679	4	1	11	0	5	1	1	0.361667	0.355413	0.540833	0.214558	709	5283	5992
16133	11/9/2012	4	1	11	22	0	5	1	1	0.34	0.3485	0.71	0.1045	17	146	163	679	4	1	11	0	5	1	1	0.361667	0.355413	0.540833	0.214558	709	5283	5992
16134	11/9/2012	4	1	11	23	0	5	1	1	0.32	0.3333	0.81	0.0896	20	142	162	679	4	1	11	0	5	1	1	0.361667	0.355413	0.540833	0.214558	709	5283	5992
16135	11/10/2012	4	1	11	0	0	6	0	1	0.32	0.3333	0.76	0.0896	16	106	122	680	4	1	11	0	6	0	1	0.389167	0.393937	0.645417	0.0578458	2090	4446	6536
16136	11/10/2012	4	1	11	1	0	6	0	1	0.3	0.3182	0.81	0.0896	8	68	76	680	4	1	11	0	6	0	1	0.389167	0.393937	0.645417	0.0578458	2090	4446	6536
16137	11/10/2012	4	1	11	2	0	6	0	1	0.32	0.3485	0.81	0	2	42	44	680	4	1	11	0	6	0	1	0.389167	0.393937	0.645417	0.0578458	2090	4446	6536
16138	11/10/2012	4	1	11	3	0	6	0	1	0.3	0.3333	0.81	0	9	11	20	680	4	1	11	0	6	0	1	0.389167	0.393937	0.645417	0.0578458	2090	4446	6536
16139	11/10/2012	4	1	11	4	0	6	0	1	0.26	0.2727	0.87	0.1045	2	4	6	680	4	1	11	0	6	0	1	0.389167	0.393937	0.645417	0.0578458	2090	4446	6536
16140	11/10/2012	4	1	11	5	0	6	0	1	0.28	0.3182	0.87	0	1	9	10	680	4	1	11	0	6	0	1	0.389167	0.393937	0.645417	0.0578458	2090	4446	6536
16141	11/10/2012	4	1	11	6	0	6	0	1	0.24	0.2576	0.93	0.0896	5	11	16	680	4	1	11	0	6	0	1	0.389167	0.393937	0.645417	0.0578458	2090	4446	6536
16142	11/10/2012	4	1	11	7	0	6	0	1	0.26	0.2727	0.87	0.1045	14	57	71	680	4	1	11	0	6	0	1	0.389167	0.393937	0.645417	0.0578458	2090	4446	6536
16143	11/10/2012	4	1	11	8	0	6	0	1	0.32	0.3485	0.76	0	16	130	146	680	4	1	11	0	6	0	1	0.389167	0.393937	0.645417	0.0578458	2090	4446	6536
16144	11/10/2012	4	1	11	9	0	6	0	1	0.36	0.3485	0.66	0.194	43	216	259	680	4	1	11	0	6	0	1	0.389167	0.393937	0.645417	0.0578458	2090	4446	6536
16145	11/10/2012	4	1	11	10	0	6	0	1	0.4	0.4091	0.58	0	86	264	350	680	4	1	11	0	6	0	1	0.389167	0.393937	0.645417	0.0578458	2090	4446	6536
16146	11/10/2012	4	1	11	11	0	6	0	1	0.4	0.4091	0.58	0.1045	143	323	466	680	4	1	11	0	6	0	1	0.389167	0.393937	0.645417	0.0578458	2090	4446	6536
16147	11/10/2012	4	1	11	12	0	6	0	1	0.48	0.4697	0.48	0	258	348	606	680	4	1	11	0	6	0	1	0.389167	0.393937	0.645417	0.0578458	2090	4446	6536
16148	11/10/2012	4	1	11	13	0	6	0	1	0.52	0.5	0.39	0	268	383	651	680	4	1	11	0	6	0	1	0.389167	0.393937	0.645417	0.0578458	2090	4446	6536
16149	11/10/2012	4	1	11	14	0	6	0	1	0.54	0.5152	0.37	0	280	347	627	680	4	1	11	0	6	0	1	0.389167	0.393937	0.645417	0.0578458	2090	4446	6536
16150	11/10/2012	4	1	11	15	0	6	0	1	0.52	0.5	0.45	0	216	351	567	680	4	1	11	0	6	0	1	0.389167	0.393937	0.645417	0.0578458	2090	4446	6536
16151	11/10/2012	4	1	11	16	0	6	0	1	0.54	0.5152	0.37	0	227	378	605	680	4	1	11	0	6	0	1	0.389167	0.393937	0.645417	0.0578458	2090	4446	6536
16152	11/10/2012	4	1	11	17	0	6	0	1	0.5	0.4848	0.45	0.194	183	318	501	680	4	1	11	0	6	0	1	0.389167	0.393937	0.645417	0.0578458	2090	4446	6536
16153	11/10/2012	4	1	11	18	0	6	0	1	0.44	0.4394	0.54	0.1343	103	256	359	680	4	1	11	0	6	0	1	0.389167	0.393937	0.645417	0.0578458	2090	4446	6536
16154	11/10/2012	4	1	11	19	0	6	0	1	0.46	0.4545	0.51	0.0896	55	228	283	680	4	1	11	0	6	0	1	0.389167	0.393937	0.645417	0.0578458	2090	4446	6536
16155	11/10/2012	4	1	11	20	0	6	0	1	0.44	0.4394	0.54	0	39	153	192	680	4	1	11	0	6	0	1	0.389167	0.393937	0.645417	0.0578458	2090	4446	6536
16156	11/10/2012	4	1	11	21	0	6	0	1	0.4	0.4091	0.66	0	51	169	220	680	4	1	11	0	6	0	1	0.389167	0.393937	0.645417	0.0578458	2090	4446	6536
16157	11/10/2012	4	1	11	22	0	6	0	1	0.38	0.3939	0.71	0.0896	39	154	193	680	4	1	11	0	6	0	1	0.389167	0.393937	0.645417	0.0578458	2090	4446	6536
16158	11/10/2012	4	1	11	23	0	6	0	1	0.36	0.3636	0.71	0.1045	26	120	146	680	4	1	11	0	6	0	1	0.389167	0.393937	0.645417	0.0578458	2090	4446	6536
16159	11/11/2012	4	1	11	0	0	0	0	1	0.34	0.3485	0.81	0.0896	14	110	124	681	4	1	11	0	0	0	1	0.420833	0.421713	0.659167	0.1275	2290	4562	6852
16160	11/11/2012	4	1	11	1	0	0	0	1	0.34	0.3485	0.76	0.0896	26	82	108	681	4	1	11	0	0	0	1	0.420833	0.421713	0.659167	0.1275	2290	4562	6852
16161	11/11/2012	4	1	11	2	0	0	0	1	0.32	0.3333	0.87	0.1045	12	58	70	681	4	1	11	0	0	0	1	0.420833	0.421713	0.659167	0.1275	2290	4562	6852
16162	11/11/2012	4	1	11	3	0	0	0	1	0.34	0.3636	0.81	0	9	39	48	681	4	1	11	0	0	0	1	0.420833	0.421713	0.659167	0.1275	2290	4562	6852
16163	11/11/2012	4	1	11	4	0	0	0	1	0.32	0.3333	0.81	0.1045	5	6	11	681	4	1	11	0	0	0	1	0.420833	0.421713	0.659167	0.1275	2290	4562	6852
16164	11/11/2012	4	1	11	5	0	0	0	1	0.3	0.303	0.87	0.1343	0	12	12	681	4	1	11	0	0	0	1	0.420833	0.421713	0.659167	0.1275	2290	4562	6852
16165	11/11/2012	4	1	11	6	0	0	0	1	0.3	0.3182	0.87	0.0896	3	16	19	681	4	1	11	0	0	0	1	0.420833	0.421713	0.659167	0.1275	2290	4562	6852
16166	11/11/2012	4	1	11	7	0	0	0	1	0.3	0.3182	0.89	0.0896	12	56	68	681	4	1	11	0	0	0	1	0.420833	0.421713	0.659167	0.1275	2290	4562	6852
16167	11/11/2012	4	1	11	8	0	0	0	1	0.32	0.3333	0.87	0.1045	32	87	119	681	4	1	11	0	0	0	1	0.420833	0.421713	0.659167	0.1275	2290	4562	6852
16168	11/11/2012	4	1	11	9	0	0	0	1	0.36	0.3788	0.77	0	94	179	273	681	4	1	11	0	0	0	1	0.420833	0.421713	0.659167	0.1275	2290	4562	6852
16169	11/11/2012	4	1	11	10	0	0	0	1	0.4	0.4091	0.69	0.1045	133	272	405	681	4	1	11	0	0	0	1	0.420833	0.421713	0.659167	0.1275	2290	4562	6852
16170	11/11/2012	4	1	11	11	0	0	0	1	0.46	0.4545	0.59	0.1343	180	324	504	681	4	1	11	0	0	0	1	0.420833	0.421713	0.659167	0.1275	2290	4562	6852
16171	11/11/2012	4	1	11	12	0	0	0	1	0.5	0.4848	0.48	0.0896	195	390	585	681	4	1	11	0	0	0	1	0.420833	0.421713	0.659167	0.1275	2290	4562	6852
16172	11/11/2012	4	1	11	13	0	0	0	1	0.54	0.5152	0.45	0.1045	262	424	686	681	4	1	11	0	0	0	1	0.420833	0.421713	0.659167	0.1275	2290	4562	6852
16173	11/11/2012	4	1	11	14	0	0	0	1	0.6	0.6212	0.33	0.1642	292	362	654	681	4	1	11	0	0	0	1	0.420833	0.421713	0.659167	0.1275	2290	4562	6852
16174	11/11/2012	4	1	11	15	0	0	0	1	0.56	0.5303	0.37	0.2239	304	420	724	681	4	1	11	0	0	0	1	0.420833	0.421713	0.659167	0.1275	2290	4562	6852
16175	11/11/2012	4	1	11	16	0	0	0	1	0.54	0.5152	0.42	0.2239	260	393	653	681	4	1	11	0	0	0	1	0.420833	0.421713	0.659167	0.1275	2290	4562	6852
16176	11/11/2012	4	1	11	17	0	0	0	1	0.54	0.5152	0.45	0.1642	151	342	493	681	4	1	11	0	0	0	1	0.420833	0.421713	0.659167	0.1275	2290	4562	6852
16177	11/11/2012	4	1	11	18	0	0	0	1	0.52	0.5	0.45	0.1343	102	303	405	681	4	1	11	0	0	0	1	0.420833	0.421713	0.659167	0.1275	2290	4562	6852
16178	11/11/2012	4	1	11	19	0	0	0	1	0.48	0.4697	0.55	0.1343	69	208	277	681	4	1	11	0	0	0	1	0.420833	0.421713	0.659167	0.1275	2290	4562	6852
16179	11/11/2012	4	1	11	20	0	0	0	1	0.44	0.4394	0.62	0.1642	54	146	200	681	4	1	11	0	0	0	1	0.420833	0.421713	0.659167	0.1275	2290	4562	6852
16180	11/11/2012	4	1	11	21	0	0	0	1	0.44	0.4394	0.67	0.2239	44	127	171	681	4	1	11	0	0	0	1	0.420833	0.421713	0.659167	0.1275	2290	4562	6852
16181	11/11/2012	4	1	11	22	0	0	0	1	0.42	0.4242	0.71	0.194	21	113	134	681	4	1	11	0	0	0	1	0.420833	0.421713	0.659167	0.1275	2290	4562	6852
16182	11/11/2012	4	1	11	23	0	0	0	1	0.42	0.4242	0.71	0.194	16	93	109	681	4	1	11	0	0	0	1	0.420833	0.421713	0.659167	0.1275	2290	4562	6852
16183	11/12/2012	4	1	11	0	1	1	0	1	0.42	0.4242	0.71	0.1045	6	43	49	682	4	1	11	1	1	0	1	0.485	0.475383	0.741667	0.173517	1097	5172	6269
16184	11/12/2012	4	1	11	1	1	1	0	1	0.4	0.4091	0.76	0.1642	4	26	30	682	4	1	11	1	1	0	1	0.485	0.475383	0.741667	0.173517	1097	5172	6269
16185	11/12/2012	4	1	11	2	1	1	0	1	0.4	0.4091	0.76	0.1343	6	14	20	682	4	1	11	1	1	0	1	0.485	0.475383	0.741667	0.173517	1097	5172	6269
16186	11/12/2012	4	1	11	3	1	1	0	1	0.4	0.4091	0.76	0.1343	1	3	4	682	4	1	11	1	1	0	1	0.485	0.475383	0.741667	0.173517	1097	5172	6269
16187	11/12/2012	4	1	11	4	1	1	0	1	0.4	0.4091	0.76	0.0896	1	3	4	682	4	1	11	1	1	0	1	0.485	0.475383	0.741667	0.173517	1097	5172	6269
16188	11/12/2012	4	1	11	5	1	1	0	1	0.38	0.3939	0.87	0	1	23	24	682	4	1	11	1	1	0	1	0.485	0.475383	0.741667	0.173517	1097	5172	6269
16189	11/12/2012	4	1	11	6	1	1	0	1	0.38	0.3939	0.87	0.1045	7	64	71	682	4	1	11	1	1	0	1	0.485	0.475383	0.741667	0.173517	1097	5172	6269
16190	11/12/2012	4	1	11	7	1	1	0	1	0.4	0.4091	0.87	0	16	248	264	682	4	1	11	1	1	0	1	0.485	0.475383	0.741667	0.173517	1097	5172	6269
16191	11/12/2012	4	1	11	8	1	1	0	1	0.42	0.4242	0.82	0.1642	50	490	540	682	4	1	11	1	1	0	1	0.485	0.475383	0.741667	0.173517	1097	5172	6269
16192	11/12/2012	4	1	11	9	1	1	0	1	0.44	0.4394	0.88	0.1045	60	337	397	682	4	1	11	1	1	0	1	0.485	0.475383	0.741667	0.173517	1097	5172	6269
16193	11/12/2012	4	1	11	10	1	1	0	1	0.48	0.4697	0.77	0.1642	82	184	266	682	4	1	11	1	1	0	1	0.485	0.475383	0.741667	0.173517	1097	5172	6269
16194	11/12/2012	4	1	11	11	1	1	0	1	0.52	0.5	0.72	0.1642	112	255	367	682	4	1	11	1	1	0	1	0.485	0.475383	0.741667	0.173517	1097	5172	6269
16195	11/12/2012	4	1	11	12	1	1	0	1	0.56	0.5303	0.64	0.2239	105	314	419	682	4	1	11	1	1	0	1	0.485	0.475383	0.741667	0.173517	1097	5172	6269
16196	11/12/2012	4	1	11	13	1	1	0	1	0.6	0.6061	0.6	0.2239	108	312	420	682	4	1	11	1	1	0	1	0.485	0.475383	0.741667	0.173517	1097	5172	6269
16197	11/12/2012	4	1	11	14	1	1	0	1	0.58	0.5455	0.6	0.2836	134	310	444	682	4	1	11	1	1	0	1	0.485	0.475383	0.741667	0.173517	1097	5172	6269
16198	11/12/2012	4	1	11	15	1	1	0	1	0.56	0.5303	0.64	0.2537	102	280	382	682	4	1	11	1	1	0	1	0.485	0.475383	0.741667	0.173517	1097	5172	6269
16199	11/12/2012	4	1	11	16	1	1	0	1	0.56	0.5303	0.64	0.1642	87	347	434	682	4	1	11	1	1	0	1	0.485	0.475383	0.741667	0.173517	1097	5172	6269
16200	11/12/2012	4	1	11	17	1	1	0	1	0.56	0.5303	0.64	0.2836	66	530	596	682	4	1	11	1	1	0	1	0.485	0.475383	0.741667	0.173517	1097	5172	6269
16201	11/12/2012	4	1	11	18	1	1	0	1	0.52	0.5	0.72	0.1343	65	486	551	682	4	1	11	1	1	0	1	0.485	0.475383	0.741667	0.173517	1097	5172	6269
16202	11/12/2012	4	1	11	19	1	1	0	1	0.54	0.5152	0.73	0.2836	30	323	353	682	4	1	11	1	1	0	1	0.485	0.475383	0.741667	0.173517	1097	5172	6269
16203	11/12/2012	4	1	11	20	1	1	0	2	0.52	0.5	0.77	0.2836	31	273	304	682	4	1	11	1	1	0	1	0.485	0.475383	0.741667	0.173517	1097	5172	6269
16204	11/12/2012	4	1	11	21	1	1	0	3	0.54	0.5152	0.73	0.2239	10	145	155	682	4	1	11	1	1	0	1	0.485	0.475383	0.741667	0.173517	1097	5172	6269
16205	11/12/2012	4	1	11	22	1	1	0	1	0.52	0.5	0.77	0.2537	12	100	112	682	4	1	11	1	1	0	1	0.485	0.475383	0.741667	0.173517	1097	5172	6269
16206	11/12/2012	4	1	11	23	1	1	0	2	0.54	0.5152	0.77	0.2239	1	62	63	682	4	1	11	1	1	0	1	0.485	0.475383	0.741667	0.173517	1097	5172	6269
16207	11/13/2012	4	1	11	0	0	2	1	2	0.52	0.5	0.83	0.2836	5	18	23	683	4	1	11	0	2	1	2	0.343333	0.323225	0.662917	0.342046	327	3767	4094
16208	11/13/2012	4	1	11	1	0	2	1	3	0.44	0.4394	0.88	0.6418	0	5	5	683	4	1	11	0	2	1	2	0.343333	0.323225	0.662917	0.342046	327	3767	4094
16209	11/13/2012	4	1	11	2	0	2	1	3	0.36	0.3182	0.87	0.4478	7	4	11	683	4	1	11	0	2	1	2	0.343333	0.323225	0.662917	0.342046	327	3767	4094
16210	11/13/2012	4	1	11	3	0	2	1	3	0.36	0.3333	0.87	0.3582	2	3	5	683	4	1	11	0	2	1	2	0.343333	0.323225	0.662917	0.342046	327	3767	4094
16211	11/13/2012	4	1	11	4	0	2	1	2	0.36	0.3333	0.81	0.3881	0	9	9	683	4	1	11	0	2	1	2	0.343333	0.323225	0.662917	0.342046	327	3767	4094
16212	11/13/2012	4	1	11	5	0	2	1	2	0.34	0.3182	0.87	0.2836	0	18	18	683	4	1	11	0	2	1	2	0.343333	0.323225	0.662917	0.342046	327	3767	4094
16213	11/13/2012	4	1	11	6	0	2	1	3	0.32	0.2879	0.81	0.4627	2	48	50	683	4	1	11	0	2	1	2	0.343333	0.323225	0.662917	0.342046	327	3767	4094
16214	11/13/2012	4	1	11	7	0	2	1	3	0.32	0.303	0.87	0.2537	1	106	107	683	4	1	11	0	2	1	2	0.343333	0.323225	0.662917	0.342046	327	3767	4094
16215	11/13/2012	4	1	11	8	0	2	1	3	0.32	0.303	0.87	0.2537	4	207	211	683	4	1	11	0	2	1	2	0.343333	0.323225	0.662917	0.342046	327	3767	4094
16216	11/13/2012	4	1	11	9	0	2	1	3	0.32	0.303	0.81	0.3284	1	109	110	683	4	1	11	0	2	1	2	0.343333	0.323225	0.662917	0.342046	327	3767	4094
16217	11/13/2012	4	1	11	10	0	2	1	3	0.3	0.2727	0.75	0.3881	10	84	94	683	4	1	11	0	2	1	2	0.343333	0.323225	0.662917	0.342046	327	3767	4094
16218	11/13/2012	4	1	11	11	0	2	1	1	0.32	0.303	0.7	0.2537	22	133	155	683	4	1	11	0	2	1	2	0.343333	0.323225	0.662917	0.342046	327	3767	4094
16219	11/13/2012	4	1	11	12	0	2	1	1	0.34	0.3182	0.61	0.2836	16	180	196	683	4	1	11	0	2	1	2	0.343333	0.323225	0.662917	0.342046	327	3767	4094
16220	11/13/2012	4	1	11	13	0	2	1	1	0.34	0.3182	0.53	0.2537	30	188	218	683	4	1	11	0	2	1	2	0.343333	0.323225	0.662917	0.342046	327	3767	4094
16221	11/13/2012	4	1	11	14	0	2	1	1	0.38	0.3939	0.46	0.3881	34	169	203	683	4	1	11	0	2	1	2	0.343333	0.323225	0.662917	0.342046	327	3767	4094
16222	11/13/2012	4	1	11	15	0	2	1	1	0.4	0.4091	0.4	0.2985	33	184	217	683	4	1	11	0	2	1	2	0.343333	0.323225	0.662917	0.342046	327	3767	4094
16223	11/13/2012	4	1	11	16	0	2	1	1	0.38	0.3939	0.4	0.2985	28	282	310	683	4	1	11	0	2	1	2	0.343333	0.323225	0.662917	0.342046	327	3767	4094
16224	11/13/2012	4	1	11	17	0	2	1	1	0.34	0.303	0.49	0.3582	33	575	608	683	4	1	11	0	2	1	2	0.343333	0.323225	0.662917	0.342046	327	3767	4094
16225	11/13/2012	4	1	11	18	0	2	1	1	0.34	0.3182	0.49	0.2836	45	514	559	683	4	1	11	0	2	1	2	0.343333	0.323225	0.662917	0.342046	327	3767	4094
16226	11/13/2012	4	1	11	19	0	2	1	1	0.32	0.2879	0.49	0.3582	12	344	356	683	4	1	11	0	2	1	2	0.343333	0.323225	0.662917	0.342046	327	3767	4094
16227	11/13/2012	4	1	11	20	0	2	1	1	0.3	0.2727	0.49	0.3582	12	211	223	683	4	1	11	0	2	1	2	0.343333	0.323225	0.662917	0.342046	327	3767	4094
16228	11/13/2012	4	1	11	21	0	2	1	1	0.3	0.2727	0.49	0.3582	9	178	187	683	4	1	11	0	2	1	2	0.343333	0.323225	0.662917	0.342046	327	3767	4094
16229	11/13/2012	4	1	11	22	0	2	1	1	0.26	0.2273	0.56	0.3284	15	120	135	683	4	1	11	0	2	1	2	0.343333	0.323225	0.662917	0.342046	327	3767	4094
16230	11/13/2012	4	1	11	23	0	2	1	1	0.26	0.2273	0.56	0.2985	6	78	84	683	4	1	11	0	2	1	2	0.343333	0.323225	0.662917	0.342046	327	3767	4094
16231	11/14/2012	4	1	11	0	0	3	1	1	0.26	0.2424	0.56	0.2836	4	20	24	684	4	1	11	0	3	1	1	0.289167	0.281563	0.552083	0.199625	373	5122	5495
16232	11/14/2012	4	1	11	1	0	3	1	1	0.24	0.2121	0.6	0.2985	2	10	12	684	4	1	11	0	3	1	1	0.289167	0.281563	0.552083	0.199625	373	5122	5495
16233	11/14/2012	4	1	11	2	0	3	1	1	0.24	0.2121	0.6	0.2985	0	1	1	684	4	1	11	0	3	1	1	0.289167	0.281563	0.552083	0.199625	373	5122	5495
16234	11/14/2012	4	1	11	3	0	3	1	1	0.24	0.2273	0.65	0.2239	0	5	5	684	4	1	11	0	3	1	1	0.289167	0.281563	0.552083	0.199625	373	5122	5495
16235	11/14/2012	4	1	11	4	0	3	1	1	0.22	0.2273	0.69	0.194	0	6	6	684	4	1	11	0	3	1	1	0.289167	0.281563	0.552083	0.199625	373	5122	5495
16236	11/14/2012	4	1	11	5	0	3	1	1	0.22	0.2273	0.69	0.194	0	39	39	684	4	1	11	0	3	1	1	0.289167	0.281563	0.552083	0.199625	373	5122	5495
16237	11/14/2012	4	1	11	6	0	3	1	1	0.24	0.2273	0.65	0.194	4	142	146	684	4	1	11	0	3	1	1	0.289167	0.281563	0.552083	0.199625	373	5122	5495
16238	11/14/2012	4	1	11	7	0	3	1	1	0.24	0.2121	0.65	0.2836	10	405	415	684	4	1	11	0	3	1	1	0.289167	0.281563	0.552083	0.199625	373	5122	5495
16239	11/14/2012	4	1	11	8	0	3	1	1	0.28	0.2576	0.56	0.2985	27	664	691	684	4	1	11	0	3	1	1	0.289167	0.281563	0.552083	0.199625	373	5122	5495
16240	11/14/2012	4	1	11	9	0	3	1	1	0.3	0.2727	0.52	0.3881	22	310	332	684	4	1	11	0	3	1	1	0.289167	0.281563	0.552083	0.199625	373	5122	5495
16241	11/14/2012	4	1	11	10	0	3	1	1	0.32	0.2879	0.45	0.3582	18	153	171	684	4	1	11	0	3	1	1	0.289167	0.281563	0.552083	0.199625	373	5122	5495
16242	11/14/2012	4	1	11	11	0	3	1	1	0.32	0.303	0.49	0.2537	25	126	151	684	4	1	11	0	3	1	1	0.289167	0.281563	0.552083	0.199625	373	5122	5495
16243	11/14/2012	4	1	11	12	0	3	1	1	0.34	0.3333	0.46	0	40	200	240	684	4	1	11	0	3	1	1	0.289167	0.281563	0.552083	0.199625	373	5122	5495
16244	11/14/2012	4	1	11	13	0	3	1	1	0.36	0.3333	0.43	0.2537	32	182	214	684	4	1	11	0	3	1	1	0.289167	0.281563	0.552083	0.199625	373	5122	5495
16245	11/14/2012	4	1	11	14	0	3	1	1	0.36	0.3485	0.43	0.1343	20	161	181	684	4	1	11	0	3	1	1	0.289167	0.281563	0.552083	0.199625	373	5122	5495
16246	11/14/2012	4	1	11	15	0	3	1	1	0.36	0.3333	0.43	0.2836	32	228	260	684	4	1	11	0	3	1	1	0.289167	0.281563	0.552083	0.199625	373	5122	5495
16247	11/14/2012	4	1	11	16	0	3	1	1	0.34	0.3485	0.46	0.1045	31	290	321	684	4	1	11	0	3	1	1	0.289167	0.281563	0.552083	0.199625	373	5122	5495
16248	11/14/2012	4	1	11	17	0	3	1	1	0.32	0.3182	0.49	0.194	19	564	583	684	4	1	11	0	3	1	1	0.289167	0.281563	0.552083	0.199625	373	5122	5495
16249	11/14/2012	4	1	11	18	0	3	1	1	0.32	0.3182	0.53	0.1642	24	543	567	684	4	1	11	0	3	1	1	0.289167	0.281563	0.552083	0.199625	373	5122	5495
16250	11/14/2012	4	1	11	19	0	3	1	1	0.3	0.303	0.52	0.1642	28	368	396	684	4	1	11	0	3	1	1	0.289167	0.281563	0.552083	0.199625	373	5122	5495
16251	11/14/2012	4	1	11	20	0	3	1	1	0.3	0.3182	0.52	0.0896	15	252	267	684	4	1	11	0	3	1	1	0.289167	0.281563	0.552083	0.199625	373	5122	5495
16252	11/14/2012	4	1	11	21	0	3	1	1	0.3	0.3333	0.56	0	5	208	213	684	4	1	11	0	3	1	1	0.289167	0.281563	0.552083	0.199625	373	5122	5495
16253	11/14/2012	4	1	11	22	0	3	1	1	0.28	0.3182	0.61	0	6	167	173	684	4	1	11	0	3	1	1	0.289167	0.281563	0.552083	0.199625	373	5122	5495
16254	11/14/2012	4	1	11	23	0	3	1	1	0.24	0.2424	0.7	0.1343	9	78	87	684	4	1	11	0	3	1	1	0.289167	0.281563	0.552083	0.199625	373	5122	5495
16255	11/15/2012	4	1	11	0	0	4	1	2	0.26	0.303	0.65	0	1	33	34	685	4	1	11	0	4	1	2	0.321667	0.324492	0.620417	0.152987	320	5125	5445
16256	11/15/2012	4	1	11	1	0	4	1	2	0.26	0.2727	0.65	0.1045	2	14	16	685	4	1	11	0	4	1	2	0.321667	0.324492	0.620417	0.152987	320	5125	5445
16257	11/15/2012	4	1	11	2	0	4	1	2	0.26	0.2576	0.7	0.1642	0	7	7	685	4	1	11	0	4	1	2	0.321667	0.324492	0.620417	0.152987	320	5125	5445
16258	11/15/2012	4	1	11	3	0	4	1	2	0.26	0.2879	0.7	0.0896	0	2	2	685	4	1	11	0	4	1	2	0.321667	0.324492	0.620417	0.152987	320	5125	5445
16259	11/15/2012	4	1	11	4	0	4	1	2	0.28	0.2879	0.65	0.1343	0	5	5	685	4	1	11	0	4	1	2	0.321667	0.324492	0.620417	0.152987	320	5125	5445
16260	11/15/2012	4	1	11	5	0	4	1	2	0.3	0.2879	0.61	0.2239	3	34	37	685	4	1	11	0	4	1	2	0.321667	0.324492	0.620417	0.152987	320	5125	5445
16261	11/15/2012	4	1	11	6	0	4	1	2	0.3	0.2879	0.65	0.2537	1	146	147	685	4	1	11	0	4	1	2	0.321667	0.324492	0.620417	0.152987	320	5125	5445
16262	11/15/2012	4	1	11	7	0	4	1	2	0.3	0.2879	0.65	0.194	7	403	410	685	4	1	11	0	4	1	2	0.321667	0.324492	0.620417	0.152987	320	5125	5445
16263	11/15/2012	4	1	11	8	0	4	1	2	0.3	0.2879	0.61	0.2239	21	625	646	685	4	1	11	0	4	1	2	0.321667	0.324492	0.620417	0.152987	320	5125	5445
16264	11/15/2012	4	1	11	9	0	4	1	2	0.32	0.3182	0.61	0.194	17	306	323	685	4	1	11	0	4	1	2	0.321667	0.324492	0.620417	0.152987	320	5125	5445
16265	11/15/2012	4	1	11	10	0	4	1	2	0.32	0.3333	0.66	0.1343	11	142	153	685	4	1	11	0	4	1	2	0.321667	0.324492	0.620417	0.152987	320	5125	5445
16266	11/15/2012	4	1	11	11	0	4	1	2	0.34	0.3333	0.61	0.1343	28	138	166	685	4	1	11	0	4	1	2	0.321667	0.324492	0.620417	0.152987	320	5125	5445
16267	11/15/2012	4	1	11	12	0	4	1	2	0.36	0.3636	0.62	0.1045	29	184	213	685	4	1	11	0	4	1	2	0.321667	0.324492	0.620417	0.152987	320	5125	5445
16268	11/15/2012	4	1	11	13	0	4	1	2	0.38	0.3939	0.54	0.1045	20	197	217	685	4	1	11	0	4	1	2	0.321667	0.324492	0.620417	0.152987	320	5125	5445
16269	11/15/2012	4	1	11	14	0	4	1	2	0.38	0.3939	0.54	0.1642	27	174	201	685	4	1	11	0	4	1	2	0.321667	0.324492	0.620417	0.152987	320	5125	5445
16270	11/15/2012	4	1	11	15	0	4	1	2	0.38	0.3939	0.58	0.1642	26	191	217	685	4	1	11	0	4	1	2	0.321667	0.324492	0.620417	0.152987	320	5125	5445
16271	11/15/2012	4	1	11	16	0	4	1	2	0.36	0.3485	0.57	0.194	24	318	342	685	4	1	11	0	4	1	2	0.321667	0.324492	0.620417	0.152987	320	5125	5445
16272	11/15/2012	4	1	11	17	0	4	1	2	0.36	0.3485	0.57	0.2239	22	541	563	685	4	1	11	0	4	1	2	0.321667	0.324492	0.620417	0.152987	320	5125	5445
16273	11/15/2012	4	1	11	18	0	4	1	2	0.36	0.3485	0.57	0.194	10	563	573	685	4	1	11	0	4	1	2	0.321667	0.324492	0.620417	0.152987	320	5125	5445
16274	11/15/2012	4	1	11	19	0	4	1	2	0.34	0.3333	0.61	0.1343	11	375	386	685	4	1	11	0	4	1	2	0.321667	0.324492	0.620417	0.152987	320	5125	5445
16275	11/15/2012	4	1	11	20	0	4	1	1	0.34	0.3485	0.61	0.1045	23	262	285	685	4	1	11	0	4	1	2	0.321667	0.324492	0.620417	0.152987	320	5125	5445
16276	11/15/2012	4	1	11	21	0	4	1	2	0.32	0.3333	0.66	0.1045	20	204	224	685	4	1	11	0	4	1	2	0.321667	0.324492	0.620417	0.152987	320	5125	5445
16277	11/15/2012	4	1	11	22	0	4	1	2	0.32	0.3182	0.66	0.1642	10	143	153	685	4	1	11	0	4	1	2	0.321667	0.324492	0.620417	0.152987	320	5125	5445
16278	11/15/2012	4	1	11	23	0	4	1	2	0.32	0.3182	0.61	0.1642	7	118	125	685	4	1	11	0	4	1	2	0.321667	0.324492	0.620417	0.152987	320	5125	5445
16279	11/16/2012	4	1	11	0	0	5	1	2	0.32	0.3333	0.66	0.1045	7	58	65	686	4	1	11	0	5	1	1	0.345	0.347204	0.524583	0.171025	484	5214	5698
16280	11/16/2012	4	1	11	1	0	5	1	2	0.3	0.3182	0.65	0.0896	5	16	21	686	4	1	11	0	5	1	1	0.345	0.347204	0.524583	0.171025	484	5214	5698
16281	11/16/2012	4	1	11	2	0	5	1	2	0.3	0.303	0.7	0.1642	0	9	9	686	4	1	11	0	5	1	1	0.345	0.347204	0.524583	0.171025	484	5214	5698
16282	11/16/2012	4	1	11	3	0	5	1	2	0.3	0.303	0.65	0.1343	0	6	6	686	4	1	11	0	5	1	1	0.345	0.347204	0.524583	0.171025	484	5214	5698
16283	11/16/2012	4	1	11	4	0	5	1	2	0.3	0.3182	0.65	0.1045	0	5	5	686	4	1	11	0	5	1	1	0.345	0.347204	0.524583	0.171025	484	5214	5698
16284	11/16/2012	4	1	11	5	0	5	1	2	0.3	0.3182	0.65	0.0896	2	34	36	686	4	1	11	0	5	1	1	0.345	0.347204	0.524583	0.171025	484	5214	5698
16285	11/16/2012	4	1	11	6	0	5	1	2	0.3	0.3182	0.61	0.0896	4	126	130	686	4	1	11	0	5	1	1	0.345	0.347204	0.524583	0.171025	484	5214	5698
16286	11/16/2012	4	1	11	7	0	5	1	2	0.3	0.303	0.61	0.1642	5	362	367	686	4	1	11	0	5	1	1	0.345	0.347204	0.524583	0.171025	484	5214	5698
16287	11/16/2012	4	1	11	8	0	5	1	2	0.32	0.3333	0.57	0.1343	17	694	711	686	4	1	11	0	5	1	1	0.345	0.347204	0.524583	0.171025	484	5214	5698
16288	11/16/2012	4	1	11	9	0	5	1	1	0.34	0.3485	0.53	0.1045	21	330	351	686	4	1	11	0	5	1	1	0.345	0.347204	0.524583	0.171025	484	5214	5698
16289	11/16/2012	4	1	11	10	0	5	1	1	0.34	0.3333	0.53	0.194	33	165	198	686	4	1	11	0	5	1	1	0.345	0.347204	0.524583	0.171025	484	5214	5698
16290	11/16/2012	4	1	11	11	0	5	1	1	0.38	0.3939	0.43	0.2239	33	185	218	686	4	1	11	0	5	1	1	0.345	0.347204	0.524583	0.171025	484	5214	5698
16291	11/16/2012	4	1	11	12	0	5	1	1	0.4	0.4091	0.43	0.2836	28	262	290	686	4	1	11	0	5	1	1	0.345	0.347204	0.524583	0.171025	484	5214	5698
16292	11/16/2012	4	1	11	13	0	5	1	1	0.42	0.4242	0.38	0.194	52	226	278	686	4	1	11	0	5	1	1	0.345	0.347204	0.524583	0.171025	484	5214	5698
16293	11/16/2012	4	1	11	14	0	5	1	1	0.42	0.4242	0.35	0.1045	47	204	251	686	4	1	11	0	5	1	1	0.345	0.347204	0.524583	0.171025	484	5214	5698
16294	11/16/2012	4	1	11	15	0	5	1	1	0.42	0.4242	0.38	0.1343	30	237	267	686	4	1	11	0	5	1	1	0.345	0.347204	0.524583	0.171025	484	5214	5698
16295	11/16/2012	4	1	11	16	0	5	1	1	0.42	0.4242	0.35	0.2836	33	350	383	686	4	1	11	0	5	1	1	0.345	0.347204	0.524583	0.171025	484	5214	5698
16296	11/16/2012	4	1	11	17	0	5	1	1	0.36	0.3485	0.46	0.194	41	539	580	686	4	1	11	0	5	1	1	0.345	0.347204	0.524583	0.171025	484	5214	5698
16297	11/16/2012	4	1	11	18	0	5	1	1	0.34	0.3333	0.53	0.1642	22	483	505	686	4	1	11	0	5	1	1	0.345	0.347204	0.524583	0.171025	484	5214	5698
16298	11/16/2012	4	1	11	19	0	5	1	1	0.36	0.3485	0.46	0.2239	26	306	332	686	4	1	11	0	5	1	1	0.345	0.347204	0.524583	0.171025	484	5214	5698
16299	11/16/2012	4	1	11	20	0	5	1	1	0.36	0.3333	0.46	0.2537	20	207	227	686	4	1	11	0	5	1	1	0.345	0.347204	0.524583	0.171025	484	5214	5698
16300	11/16/2012	4	1	11	21	0	5	1	1	0.34	0.3333	0.49	0.194	21	157	178	686	4	1	11	0	5	1	1	0.345	0.347204	0.524583	0.171025	484	5214	5698
16301	11/16/2012	4	1	11	22	0	5	1	1	0.32	0.303	0.53	0.2537	23	139	162	686	4	1	11	0	5	1	1	0.345	0.347204	0.524583	0.171025	484	5214	5698
16302	11/16/2012	4	1	11	23	0	5	1	1	0.32	0.303	0.53	0.2239	14	114	128	686	4	1	11	0	5	1	1	0.345	0.347204	0.524583	0.171025	484	5214	5698
16303	11/17/2012	4	1	11	0	0	6	0	1	0.3	0.303	0.52	0.1642	11	95	106	687	4	1	11	0	6	0	1	0.325	0.326383	0.545417	0.179729	1313	4316	5629
16304	11/17/2012	4	1	11	1	0	6	0	1	0.26	0.2576	0.6	0.194	13	74	87	687	4	1	11	0	6	0	1	0.325	0.326383	0.545417	0.179729	1313	4316	5629
16305	11/17/2012	4	1	11	2	0	6	0	1	0.26	0.2576	0.65	0.194	8	41	49	687	4	1	11	0	6	0	1	0.325	0.326383	0.545417	0.179729	1313	4316	5629
16306	11/17/2012	4	1	11	3	0	6	0	1	0.26	0.2576	0.65	0.194	2	19	21	687	4	1	11	0	6	0	1	0.325	0.326383	0.545417	0.179729	1313	4316	5629
16307	11/17/2012	4	1	11	4	0	6	0	1	0.24	0.2273	0.7	0.194	1	6	7	687	4	1	11	0	6	0	1	0.325	0.326383	0.545417	0.179729	1313	4316	5629
16308	11/17/2012	4	1	11	5	0	6	0	1	0.24	0.2424	0.7	0.1642	1	10	11	687	4	1	11	0	6	0	1	0.325	0.326383	0.545417	0.179729	1313	4316	5629
16309	11/17/2012	4	1	11	6	0	6	0	1	0.24	0.2273	0.7	0.2239	0	21	21	687	4	1	11	0	6	0	1	0.325	0.326383	0.545417	0.179729	1313	4316	5629
16310	11/17/2012	4	1	11	7	0	6	0	1	0.24	0.2273	0.7	0.194	8	70	78	687	4	1	11	0	6	0	1	0.325	0.326383	0.545417	0.179729	1313	4316	5629
16311	11/17/2012	4	1	11	8	0	6	0	1	0.26	0.2576	0.65	0.2239	30	138	168	687	4	1	11	0	6	0	1	0.325	0.326383	0.545417	0.179729	1313	4316	5629
16312	11/17/2012	4	1	11	9	0	6	0	1	0.34	0.3182	0.49	0.2239	48	200	248	687	4	1	11	0	6	0	1	0.325	0.326383	0.545417	0.179729	1313	4316	5629
16313	11/17/2012	4	1	11	10	0	6	0	1	0.36	0.3333	0.46	0.2537	62	258	320	687	4	1	11	0	6	0	1	0.325	0.326383	0.545417	0.179729	1313	4316	5629
16314	11/17/2012	4	1	11	11	0	6	0	1	0.38	0.3939	0.43	0.194	80	343	423	687	4	1	11	0	6	0	1	0.325	0.326383	0.545417	0.179729	1313	4316	5629
16315	11/17/2012	4	1	11	12	0	6	0	1	0.4	0.4091	0.4	0.1642	117	359	476	687	4	1	11	0	6	0	1	0.325	0.326383	0.545417	0.179729	1313	4316	5629
16316	11/17/2012	4	1	11	13	0	6	0	1	0.42	0.4242	0.38	0.2537	179	346	525	687	4	1	11	0	6	0	1	0.325	0.326383	0.545417	0.179729	1313	4316	5629
16317	11/17/2012	4	1	11	14	0	6	0	1	0.42	0.4242	0.38	0.194	175	380	555	687	4	1	11	0	6	0	1	0.325	0.326383	0.545417	0.179729	1313	4316	5629
16318	11/17/2012	4	1	11	15	0	6	0	1	0.42	0.4242	0.35	0.2985	175	374	549	687	4	1	11	0	6	0	1	0.325	0.326383	0.545417	0.179729	1313	4316	5629
16319	11/17/2012	4	1	11	16	0	6	0	1	0.4	0.4091	0.4	0.2239	144	325	469	687	4	1	11	0	6	0	1	0.325	0.326383	0.545417	0.179729	1313	4316	5629
16320	11/17/2012	4	1	11	17	0	6	0	1	0.38	0.3939	0.4	0.1642	101	302	403	687	4	1	11	0	6	0	1	0.325	0.326383	0.545417	0.179729	1313	4316	5629
16321	11/17/2012	4	1	11	18	0	6	0	1	0.36	0.3636	0.5	0.1045	34	237	271	687	4	1	11	0	6	0	1	0.325	0.326383	0.545417	0.179729	1313	4316	5629
16322	11/17/2012	4	1	11	19	0	6	0	1	0.34	0.3485	0.53	0.0896	45	208	253	687	4	1	11	0	6	0	1	0.325	0.326383	0.545417	0.179729	1313	4316	5629
16323	11/17/2012	4	1	11	20	0	6	0	2	0.34	0.3485	0.66	0.0896	30	142	172	687	4	1	11	0	6	0	1	0.325	0.326383	0.545417	0.179729	1313	4316	5629
16324	11/17/2012	4	1	11	21	0	6	0	2	0.32	0.3333	0.57	0.1045	15	124	139	687	4	1	11	0	6	0	1	0.325	0.326383	0.545417	0.179729	1313	4316	5629
16325	11/17/2012	4	1	11	22	0	6	0	2	0.32	0.3333	0.57	0.1045	15	130	145	687	4	1	11	0	6	0	1	0.325	0.326383	0.545417	0.179729	1313	4316	5629
16326	11/17/2012	4	1	11	23	0	6	0	2	0.3	0.3182	0.7	0.1045	19	114	133	687	4	1	11	0	6	0	1	0.325	0.326383	0.545417	0.179729	1313	4316	5629
16327	11/18/2012	4	1	11	0	0	0	0	2	0.3	0.303	0.7	0.1642	11	118	129	688	4	1	11	0	0	0	1	0.3425	0.337746	0.692917	0.227612	922	3747	4669
16328	11/18/2012	4	1	11	1	0	0	0	1	0.3	0.2879	0.7	0.194	14	81	95	688	4	1	11	0	0	0	1	0.3425	0.337746	0.692917	0.227612	922	3747	4669
16329	11/18/2012	4	1	11	2	0	0	0	1	0.28	0.2879	0.81	0.1045	8	65	73	688	4	1	11	0	0	0	1	0.3425	0.337746	0.692917	0.227612	922	3747	4669
16330	11/18/2012	4	1	11	3	0	0	0	2	0.3	0.303	0.81	0.1642	9	37	46	688	4	1	11	0	0	0	1	0.3425	0.337746	0.692917	0.227612	922	3747	4669
16331	11/18/2012	4	1	11	4	0	0	0	2	0.3	0.2879	0.81	0.194	4	8	12	688	4	1	11	0	0	0	1	0.3425	0.337746	0.692917	0.227612	922	3747	4669
16332	11/18/2012	4	1	11	5	0	0	0	1	0.28	0.2879	0.81	0.1343	5	7	12	688	4	1	11	0	0	0	1	0.3425	0.337746	0.692917	0.227612	922	3747	4669
16333	11/18/2012	4	1	11	6	0	0	0	1	0.28	0.2727	0.81	0.1642	2	13	15	688	4	1	11	0	0	0	1	0.3425	0.337746	0.692917	0.227612	922	3747	4669
16334	11/18/2012	4	1	11	7	0	0	0	1	0.28	0.2727	0.81	0.194	3	39	42	688	4	1	11	0	0	0	1	0.3425	0.337746	0.692917	0.227612	922	3747	4669
16335	11/18/2012	4	1	11	8	0	0	0	1	0.3	0.2879	0.75	0.2537	19	100	119	688	4	1	11	0	0	0	1	0.3425	0.337746	0.692917	0.227612	922	3747	4669
16336	11/18/2012	4	1	11	9	0	0	0	1	0.32	0.303	0.7	0.2537	49	155	204	688	4	1	11	0	0	0	1	0.3425	0.337746	0.692917	0.227612	922	3747	4669
16337	11/18/2012	4	1	11	10	0	0	0	1	0.34	0.303	0.66	0.2985	79	250	329	688	4	1	11	0	0	0	1	0.3425	0.337746	0.692917	0.227612	922	3747	4669
16338	11/18/2012	4	1	11	11	0	0	0	1	0.38	0.3939	0.62	0.2836	92	267	359	688	4	1	11	0	0	0	1	0.3425	0.337746	0.692917	0.227612	922	3747	4669
16339	11/18/2012	4	1	11	12	0	0	0	1	0.4	0.4091	0.62	0.2836	101	341	442	688	4	1	11	0	0	0	1	0.3425	0.337746	0.692917	0.227612	922	3747	4669
16340	11/18/2012	4	1	11	13	0	0	0	1	0.4	0.4091	0.62	0.3284	113	334	447	688	4	1	11	0	0	0	1	0.3425	0.337746	0.692917	0.227612	922	3747	4669
16341	11/18/2012	4	1	11	14	0	0	0	1	0.4	0.4091	0.62	0.2985	125	303	428	688	4	1	11	0	0	0	1	0.3425	0.337746	0.692917	0.227612	922	3747	4669
16342	11/18/2012	4	1	11	15	0	0	0	1	0.42	0.4242	0.54	0.2836	89	318	407	688	4	1	11	0	0	0	1	0.3425	0.337746	0.692917	0.227612	922	3747	4669
16343	11/18/2012	4	1	11	16	0	0	0	2	0.4	0.4091	0.62	0.3284	59	313	372	688	4	1	11	0	0	0	1	0.3425	0.337746	0.692917	0.227612	922	3747	4669
16344	11/18/2012	4	1	11	17	0	0	0	2	0.38	0.3939	0.66	0.2537	48	232	280	688	4	1	11	0	0	0	1	0.3425	0.337746	0.692917	0.227612	922	3747	4669
16345	11/18/2012	4	1	11	18	0	0	0	1	0.36	0.3485	0.66	0.2239	36	240	276	688	4	1	11	0	0	0	1	0.3425	0.337746	0.692917	0.227612	922	3747	4669
16346	11/18/2012	4	1	11	19	0	0	0	1	0.36	0.3485	0.66	0.1642	16	194	210	688	4	1	11	0	0	0	1	0.3425	0.337746	0.692917	0.227612	922	3747	4669
16347	11/18/2012	4	1	11	20	0	0	0	1	0.36	0.3485	0.66	0.1642	9	120	129	688	4	1	11	0	0	0	1	0.3425	0.337746	0.692917	0.227612	922	3747	4669
16348	11/18/2012	4	1	11	21	0	0	0	1	0.36	0.3333	0.66	0.2537	17	93	110	688	4	1	11	0	0	0	1	0.3425	0.337746	0.692917	0.227612	922	3747	4669
16349	11/18/2012	4	1	11	22	0	0	0	2	0.36	0.3333	0.66	0.2537	8	66	74	688	4	1	11	0	0	0	1	0.3425	0.337746	0.692917	0.227612	922	3747	4669
16350	11/18/2012	4	1	11	23	0	0	0	1	0.36	0.3485	0.66	0.2239	6	53	59	688	4	1	11	0	0	0	1	0.3425	0.337746	0.692917	0.227612	922	3747	4669
16351	11/19/2012	4	1	11	0	0	1	1	1	0.36	0.3485	0.66	0.2239	5	22	27	689	4	1	11	0	1	1	2	0.380833	0.375621	0.623333	0.235067	449	5050	5499
16352	11/19/2012	4	1	11	1	0	1	1	2	0.36	0.3485	0.66	0.2239	0	19	19	689	4	1	11	0	1	1	2	0.380833	0.375621	0.623333	0.235067	449	5050	5499
16353	11/19/2012	4	1	11	2	0	1	1	2	0.36	0.3333	0.66	0.2537	0	5	5	689	4	1	11	0	1	1	2	0.380833	0.375621	0.623333	0.235067	449	5050	5499
16354	11/19/2012	4	1	11	3	0	1	1	2	0.36	0.3485	0.66	0.2239	0	2	2	689	4	1	11	0	1	1	2	0.380833	0.375621	0.623333	0.235067	449	5050	5499
16355	11/19/2012	4	1	11	4	0	1	1	2	0.36	0.3485	0.66	0.2239	1	11	12	689	4	1	11	0	1	1	2	0.380833	0.375621	0.623333	0.235067	449	5050	5499
16356	11/19/2012	4	1	11	5	0	1	1	2	0.36	0.3485	0.66	0.2239	1	38	39	689	4	1	11	0	1	1	2	0.380833	0.375621	0.623333	0.235067	449	5050	5499
16357	11/19/2012	4	1	11	6	0	1	1	2	0.36	0.3333	0.66	0.2537	3	128	131	689	4	1	11	0	1	1	2	0.380833	0.375621	0.623333	0.235067	449	5050	5499
16358	11/19/2012	4	1	11	7	0	1	1	2	0.36	0.3333	0.66	0.2985	5	381	386	689	4	1	11	0	1	1	2	0.380833	0.375621	0.623333	0.235067	449	5050	5499
16359	11/19/2012	4	1	11	8	0	1	1	2	0.36	0.3333	0.66	0.2985	13	650	663	689	4	1	11	0	1	1	2	0.380833	0.375621	0.623333	0.235067	449	5050	5499
16360	11/19/2012	4	1	11	9	0	1	1	2	0.36	0.3333	0.66	0.2537	18	260	278	689	4	1	11	0	1	1	2	0.380833	0.375621	0.623333	0.235067	449	5050	5499
16361	11/19/2012	4	1	11	10	0	1	1	2	0.36	0.3333	0.66	0.2537	33	106	139	689	4	1	11	0	1	1	2	0.380833	0.375621	0.623333	0.235067	449	5050	5499
16362	11/19/2012	4	1	11	11	0	1	1	2	0.38	0.3939	0.66	0.2537	33	164	197	689	4	1	11	0	1	1	2	0.380833	0.375621	0.623333	0.235067	449	5050	5499
16363	11/19/2012	4	1	11	12	0	1	1	2	0.4	0.4091	0.62	0.2836	35	207	242	689	4	1	11	0	1	1	2	0.380833	0.375621	0.623333	0.235067	449	5050	5499
16364	11/19/2012	4	1	11	13	0	1	1	1	0.44	0.4394	0.54	0.2537	46	205	251	689	4	1	11	0	1	1	2	0.380833	0.375621	0.623333	0.235067	449	5050	5499
16365	11/19/2012	4	1	11	14	0	1	1	1	0.44	0.4394	0.54	0.2537	47	170	217	689	4	1	11	0	1	1	2	0.380833	0.375621	0.623333	0.235067	449	5050	5499
16366	11/19/2012	4	1	11	15	0	1	1	1	0.44	0.4394	0.54	0.194	44	213	257	689	4	1	11	0	1	1	2	0.380833	0.375621	0.623333	0.235067	449	5050	5499
16367	11/19/2012	4	1	11	16	0	1	1	1	0.42	0.4242	0.58	0.2537	55	325	380	689	4	1	11	0	1	1	2	0.380833	0.375621	0.623333	0.235067	449	5050	5499
16368	11/19/2012	4	1	11	17	0	1	1	2	0.42	0.4242	0.58	0.194	33	586	619	689	4	1	11	0	1	1	2	0.380833	0.375621	0.623333	0.235067	449	5050	5499
16369	11/19/2012	4	1	11	18	0	1	1	2	0.4	0.4091	0.58	0.2537	21	559	580	689	4	1	11	0	1	1	2	0.380833	0.375621	0.623333	0.235067	449	5050	5499
16370	11/19/2012	4	1	11	19	0	1	1	2	0.4	0.4091	0.58	0.2836	25	381	406	689	4	1	11	0	1	1	2	0.380833	0.375621	0.623333	0.235067	449	5050	5499
16371	11/19/2012	4	1	11	20	0	1	1	2	0.38	0.3939	0.62	0.2537	7	252	259	689	4	1	11	0	1	1	2	0.380833	0.375621	0.623333	0.235067	449	5050	5499
16372	11/19/2012	4	1	11	21	0	1	1	2	0.38	0.3939	0.54	0.2239	15	188	203	689	4	1	11	0	1	1	2	0.380833	0.375621	0.623333	0.235067	449	5050	5499
16373	11/19/2012	4	1	11	22	0	1	1	1	0.34	0.3485	0.66	0.1045	7	106	113	689	4	1	11	0	1	1	2	0.380833	0.375621	0.623333	0.235067	449	5050	5499
16374	11/19/2012	4	1	11	23	0	1	1	1	0.34	0.3485	0.66	0.1045	2	72	74	689	4	1	11	0	1	1	2	0.380833	0.375621	0.623333	0.235067	449	5050	5499
16375	11/20/2012	4	1	11	0	0	2	1	1	0.32	0.3333	0.7	0.1343	3	26	29	690	4	1	11	0	2	1	2	0.374167	0.380667	0.685	0.082725	534	5100	5634
16376	11/20/2012	4	1	11	1	0	2	1	1	0.34	0.3485	0.66	0.1045	3	10	13	690	4	1	11	0	2	1	2	0.374167	0.380667	0.685	0.082725	534	5100	5634
16377	11/20/2012	4	1	11	2	0	2	1	2	0.32	0.3333	0.76	0.0896	0	5	5	690	4	1	11	0	2	1	2	0.374167	0.380667	0.685	0.082725	534	5100	5634
16378	11/20/2012	4	1	11	3	0	2	1	2	0.34	0.3485	0.71	0.1045	0	2	2	690	4	1	11	0	2	1	2	0.374167	0.380667	0.685	0.082725	534	5100	5634
16379	11/20/2012	4	1	11	4	0	2	1	2	0.34	0.3333	0.66	0.194	0	6	6	690	4	1	11	0	2	1	2	0.374167	0.380667	0.685	0.082725	534	5100	5634
16380	11/20/2012	4	1	11	5	0	2	1	2	0.34	0.3333	0.66	0.1343	2	32	34	690	4	1	11	0	2	1	2	0.374167	0.380667	0.685	0.082725	534	5100	5634
16381	11/20/2012	4	1	11	6	0	2	1	2	0.34	0.3333	0.71	0.1642	2	146	148	690	4	1	11	0	2	1	2	0.374167	0.380667	0.685	0.082725	534	5100	5634
16382	11/20/2012	4	1	11	7	0	2	1	1	0.32	0.3333	0.76	0.0896	7	411	418	690	4	1	11	0	2	1	2	0.374167	0.380667	0.685	0.082725	534	5100	5634
16383	11/20/2012	4	1	11	8	0	2	1	1	0.34	0.3333	0.71	0.1343	16	649	665	690	4	1	11	0	2	1	2	0.374167	0.380667	0.685	0.082725	534	5100	5634
16384	11/20/2012	4	1	11	9	0	2	1	2	0.36	0.3788	0.71	0	28	298	326	690	4	1	11	0	2	1	2	0.374167	0.380667	0.685	0.082725	534	5100	5634
16385	11/20/2012	4	1	11	10	0	2	1	2	0.4	0.4091	0.66	0.0896	32	144	176	690	4	1	11	0	2	1	2	0.374167	0.380667	0.685	0.082725	534	5100	5634
16386	11/20/2012	4	1	11	11	0	2	1	2	0.42	0.4242	0.67	0.0896	45	160	205	690	4	1	11	0	2	1	2	0.374167	0.380667	0.685	0.082725	534	5100	5634
16387	11/20/2012	4	1	11	12	0	2	1	2	0.42	0.4242	0.67	0	70	243	313	690	4	1	11	0	2	1	2	0.374167	0.380667	0.685	0.082725	534	5100	5634
16388	11/20/2012	4	1	11	13	0	2	1	2	0.44	0.4394	0.58	0	49	218	267	690	4	1	11	0	2	1	2	0.374167	0.380667	0.685	0.082725	534	5100	5634
16389	11/20/2012	4	1	11	14	0	2	1	2	0.44	0.4394	0.58	0.1045	47	177	224	690	4	1	11	0	2	1	2	0.374167	0.380667	0.685	0.082725	534	5100	5634
16390	11/20/2012	4	1	11	15	0	2	1	2	0.46	0.4545	0.55	0.1045	61	226	287	690	4	1	11	0	2	1	2	0.374167	0.380667	0.685	0.082725	534	5100	5634
16391	11/20/2012	4	1	11	16	0	2	1	2	0.42	0.4242	0.62	0.0896	60	335	395	690	4	1	11	0	2	1	2	0.374167	0.380667	0.685	0.082725	534	5100	5634
16392	11/20/2012	4	1	11	17	0	2	1	2	0.4	0.4091	0.71	0.1642	37	553	590	690	4	1	11	0	2	1	2	0.374167	0.380667	0.685	0.082725	534	5100	5634
16393	11/20/2012	4	1	11	18	0	2	1	2	0.4	0.4091	0.66	0.0896	16	534	550	690	4	1	11	0	2	1	2	0.374167	0.380667	0.685	0.082725	534	5100	5634
16394	11/20/2012	4	1	11	19	0	2	1	2	0.4	0.4091	0.71	0	23	361	384	690	4	1	11	0	2	1	2	0.374167	0.380667	0.685	0.082725	534	5100	5634
16395	11/20/2012	4	1	11	20	0	2	1	2	0.38	0.3939	0.76	0	11	224	235	690	4	1	11	0	2	1	2	0.374167	0.380667	0.685	0.082725	534	5100	5634
16396	11/20/2012	4	1	11	21	0	2	1	1	0.36	0.3788	0.71	0	14	143	157	690	4	1	11	0	2	1	2	0.374167	0.380667	0.685	0.082725	534	5100	5634
16397	11/20/2012	4	1	11	22	0	2	1	1	0.36	0.3788	0.71	0	7	115	122	690	4	1	11	0	2	1	2	0.374167	0.380667	0.685	0.082725	534	5100	5634
16398	11/20/2012	4	1	11	23	0	2	1	1	0.32	0.3333	0.81	0.1045	1	82	83	690	4	1	11	0	2	1	2	0.374167	0.380667	0.685	0.082725	534	5100	5634
16399	11/21/2012	4	1	11	0	0	3	1	1	0.34	0.3636	0.81	0	1	25	26	691	4	1	11	0	3	1	1	0.353333	0.364892	0.61375	0.103246	615	4531	5146
16400	11/21/2012	4	1	11	1	0	3	1	1	0.32	0.3333	0.81	0.1045	1	13	14	691	4	1	11	0	3	1	1	0.353333	0.364892	0.61375	0.103246	615	4531	5146
16401	11/21/2012	4	1	11	2	0	3	1	1	0.28	0.2879	0.87	0.1045	2	6	8	691	4	1	11	0	3	1	1	0.353333	0.364892	0.61375	0.103246	615	4531	5146
16402	11/21/2012	4	1	11	3	0	3	1	1	0.28	0.2879	0.87	0.1045	0	2	2	691	4	1	11	0	3	1	1	0.353333	0.364892	0.61375	0.103246	615	4531	5146
16403	11/21/2012	4	1	11	4	0	3	1	1	0.28	0.2879	0.87	0.1045	0	10	10	691	4	1	11	0	3	1	1	0.353333	0.364892	0.61375	0.103246	615	4531	5146
16404	11/21/2012	4	1	11	5	0	3	1	1	0.28	0.2879	0.87	0.1045	1	28	29	691	4	1	11	0	3	1	1	0.353333	0.364892	0.61375	0.103246	615	4531	5146
16405	11/21/2012	4	1	11	6	0	3	1	1	0.28	0.303	0.87	0.0896	2	99	101	691	4	1	11	0	3	1	1	0.353333	0.364892	0.61375	0.103246	615	4531	5146
16406	11/21/2012	4	1	11	7	0	3	1	1	0.26	0.2879	0.87	0.0896	11	262	273	691	4	1	11	0	3	1	1	0.353333	0.364892	0.61375	0.103246	615	4531	5146
16407	11/21/2012	4	1	11	8	0	3	1	2	0.28	0.303	0.81	0.0896	12	539	551	691	4	1	11	0	3	1	1	0.353333	0.364892	0.61375	0.103246	615	4531	5146
16408	11/21/2012	4	1	11	9	0	3	1	1	0.32	0.3333	0.76	0.0896	45	320	365	691	4	1	11	0	3	1	1	0.353333	0.364892	0.61375	0.103246	615	4531	5146
16409	11/21/2012	4	1	11	10	0	3	1	1	0.36	0.3788	0.62	0	22	150	172	691	4	1	11	0	3	1	1	0.353333	0.364892	0.61375	0.103246	615	4531	5146
16410	11/21/2012	4	1	11	11	0	3	1	1	0.4	0.4091	0.5	0.194	43	198	241	691	4	1	11	0	3	1	1	0.353333	0.364892	0.61375	0.103246	615	4531	5146
16411	11/21/2012	4	1	11	12	0	3	1	1	0.44	0.4394	0.41	0.194	74	270	344	691	4	1	11	0	3	1	1	0.353333	0.364892	0.61375	0.103246	615	4531	5146
16412	11/21/2012	4	1	11	13	0	3	1	1	0.44	0.4394	0.35	0.2239	70	295	365	691	4	1	11	0	3	1	1	0.353333	0.364892	0.61375	0.103246	615	4531	5146
16413	11/21/2012	4	1	11	14	0	3	1	1	0.46	0.4545	0.33	0.194	84	329	413	691	4	1	11	0	3	1	1	0.353333	0.364892	0.61375	0.103246	615	4531	5146
16414	11/21/2012	4	1	11	15	0	3	1	1	0.46	0.4545	0.36	0.0896	68	381	449	691	4	1	11	0	3	1	1	0.353333	0.364892	0.61375	0.103246	615	4531	5146
16415	11/21/2012	4	1	11	16	0	3	1	1	0.44	0.4394	0.33	0.1343	59	410	469	691	4	1	11	0	3	1	1	0.353333	0.364892	0.61375	0.103246	615	4531	5146
16416	11/21/2012	4	1	11	17	0	3	1	1	0.4	0.4091	0.4	0.1642	41	333	374	691	4	1	11	0	3	1	1	0.353333	0.364892	0.61375	0.103246	615	4531	5146
16417	11/21/2012	4	1	11	18	0	3	1	1	0.42	0.4242	0.38	0.1045	24	287	311	691	4	1	11	0	3	1	1	0.353333	0.364892	0.61375	0.103246	615	4531	5146
16418	11/21/2012	4	1	11	19	0	3	1	1	0.38	0.3939	0.43	0.194	23	220	243	691	4	1	11	0	3	1	1	0.353333	0.364892	0.61375	0.103246	615	4531	5146
16419	11/21/2012	4	1	11	20	0	3	1	1	0.34	0.3485	0.61	0.1045	11	125	136	691	4	1	11	0	3	1	1	0.353333	0.364892	0.61375	0.103246	615	4531	5146
16420	11/21/2012	4	1	11	21	0	3	1	1	0.36	0.3788	0.5	0	8	97	105	691	4	1	11	0	3	1	1	0.353333	0.364892	0.61375	0.103246	615	4531	5146
16421	11/21/2012	4	1	11	22	0	3	1	1	0.34	0.3636	0.49	0	6	82	88	691	4	1	11	0	3	1	1	0.353333	0.364892	0.61375	0.103246	615	4531	5146
16422	11/21/2012	4	1	11	23	0	3	1	1	0.32	0.3485	0.61	0	7	50	57	691	4	1	11	0	3	1	1	0.353333	0.364892	0.61375	0.103246	615	4531	5146
16423	11/22/2012	4	1	11	0	1	4	0	1	0.32	0.3333	0.66	0.0896	3	43	46	692	4	1	11	1	4	0	1	0.34	0.350371	0.580417	0.0528708	955	1470	2425
16424	11/22/2012	4	1	11	1	1	4	0	1	0.28	0.303	0.65	0.0896	5	37	42	692	4	1	11	1	4	0	1	0.34	0.350371	0.580417	0.0528708	955	1470	2425
16425	11/22/2012	4	1	11	2	1	4	0	1	0.24	0.2576	0.75	0.0896	3	15	18	692	4	1	11	1	4	0	1	0.34	0.350371	0.580417	0.0528708	955	1470	2425
16426	11/22/2012	4	1	11	3	1	4	0	1	0.24	0.2576	0.75	0.1045	0	6	6	692	4	1	11	1	4	0	1	0.34	0.350371	0.580417	0.0528708	955	1470	2425
16427	11/22/2012	4	1	11	4	1	4	0	1	0.22	0.2273	0.8	0.1343	1	2	3	692	4	1	11	1	4	0	1	0.34	0.350371	0.580417	0.0528708	955	1470	2425
16428	11/22/2012	4	1	11	5	1	4	0	1	0.24	0.2576	0.75	0.1045	2	6	8	692	4	1	11	1	4	0	1	0.34	0.350371	0.580417	0.0528708	955	1470	2425
16429	11/22/2012	4	1	11	6	1	4	0	1	0.26	0.2727	0.7	0.1045	2	15	17	692	4	1	11	1	4	0	1	0.34	0.350371	0.580417	0.0528708	955	1470	2425
16430	11/22/2012	4	1	11	7	1	4	0	1	0.22	0.2273	0.75	0.1343	7	49	56	692	4	1	11	1	4	0	1	0.34	0.350371	0.580417	0.0528708	955	1470	2425
16431	11/22/2012	4	1	11	8	1	4	0	1	0.24	0.2424	0.75	0.1343	20	77	97	692	4	1	11	1	4	0	1	0.34	0.350371	0.580417	0.0528708	955	1470	2425
16432	11/22/2012	4	1	11	9	1	4	0	1	0.3	0.3333	0.65	0	25	94	119	692	4	1	11	1	4	0	1	0.34	0.350371	0.580417	0.0528708	955	1470	2425
16433	11/22/2012	4	1	11	10	1	4	0	1	0.36	0.3636	0.57	0.1045	65	154	219	692	4	1	11	1	4	0	1	0.34	0.350371	0.580417	0.0528708	955	1470	2425
16434	11/22/2012	4	1	11	11	1	4	0	1	0.42	0.4242	0.41	0.0896	89	143	232	692	4	1	11	1	4	0	1	0.34	0.350371	0.580417	0.0528708	955	1470	2425
16435	11/22/2012	4	1	11	12	1	4	0	1	0.44	0.4394	0.35	0	117	145	262	692	4	1	11	1	4	0	1	0.34	0.350371	0.580417	0.0528708	955	1470	2425
16436	11/22/2012	4	1	11	13	1	4	0	1	0.46	0.4545	0.31	0	125	144	269	692	4	1	11	1	4	0	1	0.34	0.350371	0.580417	0.0528708	955	1470	2425
16437	11/22/2012	4	1	11	14	1	4	0	1	0.48	0.4697	0.29	0	125	95	220	692	4	1	11	1	4	0	1	0.34	0.350371	0.580417	0.0528708	955	1470	2425
16438	11/22/2012	4	1	11	15	1	4	0	1	0.48	0.4697	0.29	0	132	96	228	692	4	1	11	1	4	0	1	0.34	0.350371	0.580417	0.0528708	955	1470	2425
16439	11/22/2012	4	1	11	16	1	4	0	1	0.46	0.4545	0.33	0	101	81	182	692	4	1	11	1	4	0	1	0.34	0.350371	0.580417	0.0528708	955	1470	2425
16440	11/22/2012	4	1	11	17	1	4	0	1	0.44	0.4394	0.35	0	66	43	109	692	4	1	11	1	4	0	1	0.34	0.350371	0.580417	0.0528708	955	1470	2425
16441	11/22/2012	4	1	11	18	1	4	0	1	0.4	0.4091	0.43	0	16	54	70	692	4	1	11	1	4	0	1	0.34	0.350371	0.580417	0.0528708	955	1470	2425
16442	11/22/2012	4	1	11	19	1	4	0	1	0.36	0.3788	0.76	0	13	31	44	692	4	1	11	1	4	0	1	0.34	0.350371	0.580417	0.0528708	955	1470	2425
16443	11/22/2012	4	1	11	20	1	4	0	1	0.34	0.3636	0.71	0	15	37	52	692	4	1	11	1	4	0	1	0.34	0.350371	0.580417	0.0528708	955	1470	2425
16444	11/22/2012	4	1	11	21	1	4	0	1	0.34	0.3485	0.61	0.0896	7	39	46	692	4	1	11	1	4	0	1	0.34	0.350371	0.580417	0.0528708	955	1470	2425
16445	11/22/2012	4	1	11	22	1	4	0	1	0.32	0.3485	0.61	0	8	36	44	692	4	1	11	1	4	0	1	0.34	0.350371	0.580417	0.0528708	955	1470	2425
16446	11/22/2012	4	1	11	23	1	4	0	1	0.3	0.3333	0.7	0	8	28	36	692	4	1	11	1	4	0	1	0.34	0.350371	0.580417	0.0528708	955	1470	2425
16447	11/23/2012	4	1	11	0	0	5	1	1	0.28	0.3182	0.65	0	0	32	32	693	4	1	11	0	5	1	1	0.368333	0.378779	0.56875	0.148021	1603	2307	3910
16448	11/23/2012	4	1	11	1	0	5	1	1	0.28	0.303	0.81	0.0896	2	11	13	693	4	1	11	0	5	1	1	0.368333	0.378779	0.56875	0.148021	1603	2307	3910
16449	11/23/2012	4	1	11	2	0	5	1	1	0.26	0.2879	0.75	0.0896	1	4	5	693	4	1	11	0	5	1	1	0.368333	0.378779	0.56875	0.148021	1603	2307	3910
16450	11/23/2012	4	1	11	3	0	5	1	1	0.26	0.303	0.7	0	1	0	1	693	4	1	11	0	5	1	1	0.368333	0.378779	0.56875	0.148021	1603	2307	3910
16451	11/23/2012	4	1	11	4	0	5	1	1	0.24	0.2576	0.75	0.1045	1	3	4	693	4	1	11	0	5	1	1	0.368333	0.378779	0.56875	0.148021	1603	2307	3910
16452	11/23/2012	4	1	11	5	0	5	1	1	0.24	0.2879	0.81	0	0	10	10	693	4	1	11	0	5	1	1	0.368333	0.378779	0.56875	0.148021	1603	2307	3910
16453	11/23/2012	4	1	11	6	0	5	1	1	0.24	0.2879	0.81	0	0	20	20	693	4	1	11	0	5	1	1	0.368333	0.378779	0.56875	0.148021	1603	2307	3910
16454	11/23/2012	4	1	11	7	0	5	1	1	0.24	0.2879	0.81	0	5	72	77	693	4	1	11	0	5	1	1	0.368333	0.378779	0.56875	0.148021	1603	2307	3910
16455	11/23/2012	4	1	11	8	0	5	1	1	0.24	0.2576	0.87	0.0896	11	83	94	693	4	1	11	0	5	1	1	0.368333	0.378779	0.56875	0.148021	1603	2307	3910
16456	11/23/2012	4	1	11	9	0	5	1	1	0.28	0.2879	0.75	0.1045	32	80	112	693	4	1	11	0	5	1	1	0.368333	0.378779	0.56875	0.148021	1603	2307	3910
16457	11/23/2012	4	1	11	10	0	5	1	1	0.34	0.3333	0.61	0.1642	87	114	201	693	4	1	11	0	5	1	1	0.368333	0.378779	0.56875	0.148021	1603	2307	3910
16458	11/23/2012	4	1	11	11	0	5	1	1	0.4	0.4091	0.5	0.194	121	130	251	693	4	1	11	0	5	1	1	0.368333	0.378779	0.56875	0.148021	1603	2307	3910
16459	11/23/2012	4	1	11	12	0	5	1	1	0.44	0.4394	0.38	0.2537	186	193	379	693	4	1	11	0	5	1	1	0.368333	0.378779	0.56875	0.148021	1603	2307	3910
16460	11/23/2012	4	1	11	13	0	5	1	1	0.46	0.4545	0.38	0.2836	224	200	424	693	4	1	11	0	5	1	1	0.368333	0.378779	0.56875	0.148021	1603	2307	3910
16461	11/23/2012	4	1	11	14	0	5	1	1	0.5	0.4848	0.36	0.2537	240	195	435	693	4	1	11	0	5	1	1	0.368333	0.378779	0.56875	0.148021	1603	2307	3910
16462	11/23/2012	4	1	11	15	0	5	1	1	0.48	0.4697	0.41	0.2537	233	214	447	693	4	1	11	0	5	1	1	0.368333	0.378779	0.56875	0.148021	1603	2307	3910
16463	11/23/2012	4	1	11	16	0	5	1	2	0.48	0.4697	0.41	0.1045	158	199	357	693	4	1	11	0	5	1	1	0.368333	0.378779	0.56875	0.148021	1603	2307	3910
16464	11/23/2012	4	1	11	17	0	5	1	2	0.48	0.4697	0.39	0.0896	117	183	300	693	4	1	11	0	5	1	1	0.368333	0.378779	0.56875	0.148021	1603	2307	3910
16465	11/23/2012	4	1	11	18	0	5	1	2	0.46	0.4545	0.44	0	50	158	208	693	4	1	11	0	5	1	1	0.368333	0.378779	0.56875	0.148021	1603	2307	3910
16466	11/23/2012	4	1	11	19	0	5	1	2	0.46	0.4545	0.47	0.1642	33	121	154	693	4	1	11	0	5	1	1	0.368333	0.378779	0.56875	0.148021	1603	2307	3910
16467	11/23/2012	4	1	11	20	0	5	1	1	0.46	0.4545	0.41	0.0896	42	100	142	693	4	1	11	0	5	1	1	0.368333	0.378779	0.56875	0.148021	1603	2307	3910
16468	11/23/2012	4	1	11	21	0	5	1	1	0.46	0.4545	0.47	0.2537	23	75	98	693	4	1	11	0	5	1	1	0.368333	0.378779	0.56875	0.148021	1603	2307	3910
16469	11/23/2012	4	1	11	22	0	5	1	1	0.44	0.4394	0.33	0.5224	16	63	79	693	4	1	11	0	5	1	1	0.368333	0.378779	0.56875	0.148021	1603	2307	3910
16470	11/23/2012	4	1	11	23	0	5	1	1	0.42	0.4242	0.38	0.4478	20	47	67	693	4	1	11	0	5	1	1	0.368333	0.378779	0.56875	0.148021	1603	2307	3910
16471	11/24/2012	4	1	11	0	0	6	0	1	0.4	0.4091	0.37	0.4179	9	33	42	694	4	1	11	0	6	0	1	0.278333	0.248742	0.404583	0.376871	532	1745	2277
16472	11/24/2012	4	1	11	1	0	6	0	1	0.34	0.2879	0.42	0.4925	1	19	20	694	4	1	11	0	6	0	1	0.278333	0.248742	0.404583	0.376871	532	1745	2277
16473	11/24/2012	4	1	11	2	0	6	0	1	0.32	0.2727	0.39	0.6119	10	22	32	694	4	1	11	0	6	0	1	0.278333	0.248742	0.404583	0.376871	532	1745	2277
16474	11/24/2012	4	1	11	3	0	6	0	1	0.28	0.2576	0.41	0.3582	6	5	11	694	4	1	11	0	6	0	1	0.278333	0.248742	0.404583	0.376871	532	1745	2277
16475	11/24/2012	4	1	11	4	0	6	0	1	0.26	0.2121	0.41	0.4478	1	2	3	694	4	1	11	0	6	0	1	0.278333	0.248742	0.404583	0.376871	532	1745	2277
16476	11/24/2012	4	1	11	5	0	6	0	1	0.26	0.2273	0.41	0.3284	1	2	3	694	4	1	11	0	6	0	1	0.278333	0.248742	0.404583	0.376871	532	1745	2277
16477	11/24/2012	4	1	11	6	0	6	0	1	0.24	0.2121	0.44	0.2836	1	9	10	694	4	1	11	0	6	0	1	0.278333	0.248742	0.404583	0.376871	532	1745	2277
16478	11/24/2012	4	1	11	7	0	6	0	2	0.26	0.2273	0.41	0.3284	4	21	25	694	4	1	11	0	6	0	1	0.278333	0.248742	0.404583	0.376871	532	1745	2277
16479	11/24/2012	4	1	11	8	0	6	0	2	0.26	0.2121	0.44	0.4627	7	55	62	694	4	1	11	0	6	0	1	0.278333	0.248742	0.404583	0.376871	532	1745	2277
16480	11/24/2012	4	1	11	9	0	6	0	2	0.26	0.2121	0.41	0.4478	26	96	122	694	4	1	11	0	6	0	1	0.278333	0.248742	0.404583	0.376871	532	1745	2277
16481	11/24/2012	4	1	11	10	0	6	0	2	0.26	0.2273	0.44	0.2985	46	96	142	694	4	1	11	0	6	0	1	0.278333	0.248742	0.404583	0.376871	532	1745	2277
16482	11/24/2012	4	1	11	11	0	6	0	2	0.28	0.2576	0.41	0.2985	55	131	186	694	4	1	11	0	6	0	1	0.278333	0.248742	0.404583	0.376871	532	1745	2277
16483	11/24/2012	4	1	11	12	0	6	0	2	0.3	0.2576	0.36	0.6119	53	146	199	694	4	1	11	0	6	0	1	0.278333	0.248742	0.404583	0.376871	532	1745	2277
16484	11/24/2012	4	1	11	13	0	6	0	1	0.32	0.303	0.36	0.3284	64	161	225	694	4	1	11	0	6	0	1	0.278333	0.248742	0.404583	0.376871	532	1745	2277
16485	11/24/2012	4	1	11	14	0	6	0	1	0.32	0.2879	0.33	0.4627	58	149	207	694	4	1	11	0	6	0	1	0.278333	0.248742	0.404583	0.376871	532	1745	2277
16486	11/24/2012	4	1	11	15	0	6	0	1	0.3	0.2727	0.36	0.4627	59	139	198	694	4	1	11	0	6	0	1	0.278333	0.248742	0.404583	0.376871	532	1745	2277
16487	11/24/2012	4	1	11	16	0	6	0	1	0.28	0.2424	0.38	0.4478	43	127	170	694	4	1	11	0	6	0	1	0.278333	0.248742	0.404583	0.376871	532	1745	2277
16488	11/24/2012	4	1	11	17	0	6	0	1	0.26	0.2273	0.41	0.3881	29	97	126	694	4	1	11	0	6	0	1	0.278333	0.248742	0.404583	0.376871	532	1745	2277
16489	11/24/2012	4	1	11	18	0	6	0	1	0.26	0.2273	0.38	0.3881	22	123	145	694	4	1	11	0	6	0	1	0.278333	0.248742	0.404583	0.376871	532	1745	2277
16490	11/24/2012	4	1	11	19	0	6	0	1	0.26	0.2424	0.41	0.2537	9	74	83	694	4	1	11	0	6	0	1	0.278333	0.248742	0.404583	0.376871	532	1745	2277
16491	11/24/2012	4	1	11	20	0	6	0	1	0.24	0.2121	0.44	0.2836	3	55	58	694	4	1	11	0	6	0	1	0.278333	0.248742	0.404583	0.376871	532	1745	2277
16492	11/24/2012	4	1	11	21	0	6	0	1	0.24	0.2273	0.44	0.194	9	66	75	694	4	1	11	0	6	0	1	0.278333	0.248742	0.404583	0.376871	532	1745	2277
16493	11/24/2012	4	1	11	22	0	6	0	1	0.24	0.2273	0.44	0.2537	7	69	76	694	4	1	11	0	6	0	1	0.278333	0.248742	0.404583	0.376871	532	1745	2277
16494	11/24/2012	4	1	11	23	0	6	0	1	0.24	0.2273	0.44	0.194	9	48	57	694	4	1	11	0	6	0	1	0.278333	0.248742	0.404583	0.376871	532	1745	2277
16495	11/25/2012	4	1	11	0	0	0	0	1	0.22	0.2121	0.47	0.2537	3	31	34	695	4	1	11	0	0	0	1	0.245833	0.257583	0.468333	0.1505	309	2115	2424
16496	11/25/2012	4	1	11	1	0	0	0	1	0.22	0.2273	0.44	0.194	4	32	36	695	4	1	11	0	0	0	1	0.245833	0.257583	0.468333	0.1505	309	2115	2424
16497	11/25/2012	4	1	11	2	0	0	0	1	0.22	0.197	0.44	0.3582	1	27	28	695	4	1	11	0	0	0	1	0.245833	0.257583	0.468333	0.1505	309	2115	2424
16498	11/25/2012	4	1	11	3	0	0	0	1	0.22	0.2727	0.44	0	0	8	8	695	4	1	11	0	0	0	1	0.245833	0.257583	0.468333	0.1505	309	2115	2424
16499	11/25/2012	4	1	11	4	0	0	0	1	0.22	0.2727	0.44	0	1	1	2	695	4	1	11	0	0	0	1	0.245833	0.257583	0.468333	0.1505	309	2115	2424
16500	11/25/2012	4	1	11	5	0	0	0	2	0.22	0.2273	0.47	0.1642	0	3	3	695	4	1	11	0	0	0	1	0.245833	0.257583	0.468333	0.1505	309	2115	2424
16501	11/25/2012	4	1	11	6	0	0	0	2	0.22	0.2424	0.47	0.1045	1	10	11	695	4	1	11	0	0	0	1	0.245833	0.257583	0.468333	0.1505	309	2115	2424
16502	11/25/2012	4	1	11	7	0	0	0	2	0.22	0.2424	0.51	0.1045	2	19	21	695	4	1	11	0	0	0	1	0.245833	0.257583	0.468333	0.1505	309	2115	2424
16503	11/25/2012	4	1	11	8	0	0	0	2	0.22	0.2273	0.51	0.194	2	32	34	695	4	1	11	0	0	0	1	0.245833	0.257583	0.468333	0.1505	309	2115	2424
16504	11/25/2012	4	1	11	9	0	0	0	2	0.24	0.2273	0.48	0.2239	13	83	96	695	4	1	11	0	0	0	1	0.245833	0.257583	0.468333	0.1505	309	2115	2424
16505	11/25/2012	4	1	11	10	0	0	0	1	0.24	0.2273	0.48	0.2537	15	124	139	695	4	1	11	0	0	0	1	0.245833	0.257583	0.468333	0.1505	309	2115	2424
16506	11/25/2012	4	1	11	11	0	0	0	2	0.26	0.2576	0.41	0.2239	49	155	204	695	4	1	11	0	0	0	1	0.245833	0.257583	0.468333	0.1505	309	2115	2424
16507	11/25/2012	4	1	11	12	0	0	0	2	0.26	0.2576	0.41	0.2239	37	165	202	695	4	1	11	0	0	0	1	0.245833	0.257583	0.468333	0.1505	309	2115	2424
16508	11/25/2012	4	1	11	13	0	0	0	2	0.26	0.2576	0.41	0.1642	37	158	195	695	4	1	11	0	0	0	1	0.245833	0.257583	0.468333	0.1505	309	2115	2424
16509	11/25/2012	4	1	11	14	0	0	0	2	0.3	0.2879	0.42	0.2537	33	170	203	695	4	1	11	0	0	0	1	0.245833	0.257583	0.468333	0.1505	309	2115	2424
16510	11/25/2012	4	1	11	15	0	0	0	1	0.3	0.2879	0.42	0.2537	36	209	245	695	4	1	11	0	0	0	1	0.245833	0.257583	0.468333	0.1505	309	2115	2424
16511	11/25/2012	4	1	11	16	0	0	0	1	0.3	0.2879	0.39	0.2239	25	203	228	695	4	1	11	0	0	0	1	0.245833	0.257583	0.468333	0.1505	309	2115	2424
16512	11/25/2012	4	1	11	17	0	0	0	1	0.28	0.2727	0.41	0.1642	11	170	181	695	4	1	11	0	0	0	1	0.245833	0.257583	0.468333	0.1505	309	2115	2424
16513	11/25/2012	4	1	11	18	0	0	0	1	0.26	0.2576	0.44	0.1642	9	132	141	695	4	1	11	0	0	0	1	0.245833	0.257583	0.468333	0.1505	309	2115	2424
16514	11/25/2012	4	1	11	19	0	0	0	1	0.26	0.303	0.41	0	13	114	127	695	4	1	11	0	0	0	1	0.245833	0.257583	0.468333	0.1505	309	2115	2424
16515	11/25/2012	4	1	11	20	0	0	0	1	0.24	0.2879	0.6	0	9	110	119	695	4	1	11	0	0	0	1	0.245833	0.257583	0.468333	0.1505	309	2115	2424
16516	11/25/2012	4	1	11	21	0	0	0	1	0.26	0.303	0.48	0	4	60	64	695	4	1	11	0	0	0	1	0.245833	0.257583	0.468333	0.1505	309	2115	2424
16517	11/25/2012	4	1	11	22	0	0	0	1	0.24	0.2879	0.6	0	3	59	62	695	4	1	11	0	0	0	1	0.245833	0.257583	0.468333	0.1505	309	2115	2424
16518	11/25/2012	4	1	11	23	0	0	0	1	0.22	0.2576	0.69	0.0896	1	40	41	695	4	1	11	0	0	0	1	0.245833	0.257583	0.468333	0.1505	309	2115	2424
16519	11/26/2012	4	1	11	0	0	1	1	1	0.22	0.2727	0.69	0	4	19	23	696	4	1	11	0	1	1	1	0.313333	0.339004	0.535417	0.04665	337	4750	5087
16520	11/26/2012	4	1	11	1	0	1	1	1	0.2	0.2576	0.69	0	1	9	10	696	4	1	11	0	1	1	1	0.313333	0.339004	0.535417	0.04665	337	4750	5087
16521	11/26/2012	4	1	11	2	0	1	1	1	0.2	0.2576	0.69	0	0	5	5	696	4	1	11	0	1	1	1	0.313333	0.339004	0.535417	0.04665	337	4750	5087
16522	11/26/2012	4	1	11	3	0	1	1	1	0.2	0.2576	0.69	0	1	4	5	696	4	1	11	0	1	1	1	0.313333	0.339004	0.535417	0.04665	337	4750	5087
16523	11/26/2012	4	1	11	4	0	1	1	1	0.22	0.2727	0.69	0	0	10	10	696	4	1	11	0	1	1	1	0.313333	0.339004	0.535417	0.04665	337	4750	5087
16524	11/26/2012	4	1	11	5	0	1	1	1	0.22	0.2273	0.69	0.1642	0	41	41	696	4	1	11	0	1	1	1	0.313333	0.339004	0.535417	0.04665	337	4750	5087
16525	11/26/2012	4	1	11	6	0	1	1	1	0.22	0.2727	0.69	0	1	123	124	696	4	1	11	0	1	1	1	0.313333	0.339004	0.535417	0.04665	337	4750	5087
16526	11/26/2012	4	1	11	7	0	1	1	1	0.24	0.2879	0.65	0	2	363	365	696	4	1	11	0	1	1	1	0.313333	0.339004	0.535417	0.04665	337	4750	5087
16527	11/26/2012	4	1	11	8	0	1	1	1	0.24	0.2879	0.65	0	9	629	638	696	4	1	11	0	1	1	1	0.313333	0.339004	0.535417	0.04665	337	4750	5087
16528	11/26/2012	4	1	11	9	0	1	1	1	0.28	0.303	0.56	0.0896	10	276	286	696	4	1	11	0	1	1	1	0.313333	0.339004	0.535417	0.04665	337	4750	5087
16529	11/26/2012	4	1	11	10	0	1	1	1	0.32	0.3485	0.49	0	20	127	147	696	4	1	11	0	1	1	1	0.313333	0.339004	0.535417	0.04665	337	4750	5087
16530	11/26/2012	4	1	11	11	0	1	1	1	0.4	0.4091	0.37	0.2985	18	112	130	696	4	1	11	0	1	1	1	0.313333	0.339004	0.535417	0.04665	337	4750	5087
16531	11/26/2012	4	1	11	12	0	1	1	1	0.42	0.4242	0.35	0.1045	22	188	210	696	4	1	11	0	1	1	1	0.313333	0.339004	0.535417	0.04665	337	4750	5087
16532	11/26/2012	4	1	11	13	0	1	1	1	0.42	0.4242	0.35	0.1045	20	197	217	696	4	1	11	0	1	1	1	0.313333	0.339004	0.535417	0.04665	337	4750	5087
16533	11/26/2012	4	1	11	14	0	1	1	1	0.42	0.4242	0.35	0	51	177	228	696	4	1	11	0	1	1	1	0.313333	0.339004	0.535417	0.04665	337	4750	5087
16534	11/26/2012	4	1	11	15	0	1	1	1	0.42	0.4242	0.35	0.0896	49	181	230	696	4	1	11	0	1	1	1	0.313333	0.339004	0.535417	0.04665	337	4750	5087
16535	11/26/2012	4	1	11	16	0	1	1	1	0.44	0.4394	0.3	0	49	297	346	696	4	1	11	0	1	1	1	0.313333	0.339004	0.535417	0.04665	337	4750	5087
16536	11/26/2012	4	1	11	17	0	1	1	1	0.42	0.4242	0.32	0	13	540	553	696	4	1	11	0	1	1	1	0.313333	0.339004	0.535417	0.04665	337	4750	5087
16537	11/26/2012	4	1	11	18	0	1	1	1	0.36	0.3485	0.5	0.1642	19	502	521	696	4	1	11	0	1	1	1	0.313333	0.339004	0.535417	0.04665	337	4750	5087
16538	11/26/2012	4	1	11	19	0	1	1	1	0.34	0.3636	0.53	0	16	355	371	696	4	1	11	0	1	1	1	0.313333	0.339004	0.535417	0.04665	337	4750	5087
16539	11/26/2012	4	1	11	20	0	1	1	1	0.34	0.3636	0.49	0	12	265	277	696	4	1	11	0	1	1	1	0.313333	0.339004	0.535417	0.04665	337	4750	5087
16540	11/26/2012	4	1	11	21	0	1	1	1	0.34	0.3636	0.49	0	9	172	181	696	4	1	11	0	1	1	1	0.313333	0.339004	0.535417	0.04665	337	4750	5087
16541	11/26/2012	4	1	11	22	0	1	1	1	0.32	0.3485	0.61	0	3	101	104	696	4	1	11	0	1	1	1	0.313333	0.339004	0.535417	0.04665	337	4750	5087
16542	11/26/2012	4	1	11	23	0	1	1	2	0.32	0.3333	0.66	0.1045	8	57	65	696	4	1	11	0	1	1	1	0.313333	0.339004	0.535417	0.04665	337	4750	5087
16543	11/27/2012	4	1	11	0	0	2	1	2	0.32	0.3333	0.66	0.0896	2	24	26	697	4	1	11	0	2	1	2	0.291667	0.281558	0.786667	0.237562	123	3836	3959
16544	11/27/2012	4	1	11	1	0	2	1	2	0.32	0.3333	0.7	0.1343	0	6	6	697	4	1	11	0	2	1	2	0.291667	0.281558	0.786667	0.237562	123	3836	3959
16545	11/27/2012	4	1	11	2	0	2	1	2	0.32	0.3182	0.7	0.1642	0	5	5	697	4	1	11	0	2	1	2	0.291667	0.281558	0.786667	0.237562	123	3836	3959
16546	11/27/2012	4	1	11	3	0	2	1	3	0.32	0.3333	0.7	0.1343	1	3	4	697	4	1	11	0	2	1	2	0.291667	0.281558	0.786667	0.237562	123	3836	3959
16547	11/27/2012	4	1	11	4	0	2	1	3	0.3	0.2879	0.81	0.194	0	5	5	697	4	1	11	0	2	1	2	0.291667	0.281558	0.786667	0.237562	123	3836	3959
16548	11/27/2012	4	1	11	5	0	2	1	2	0.3	0.2879	0.81	0.2239	0	31	31	697	4	1	11	0	2	1	2	0.291667	0.281558	0.786667	0.237562	123	3836	3959
16549	11/27/2012	4	1	11	6	0	2	1	2	0.3	0.303	0.81	0.1642	3	97	100	697	4	1	11	0	2	1	2	0.291667	0.281558	0.786667	0.237562	123	3836	3959
16550	11/27/2012	4	1	11	7	0	2	1	3	0.3	0.303	0.81	0.1343	4	289	293	697	4	1	11	0	2	1	2	0.291667	0.281558	0.786667	0.237562	123	3836	3959
16551	11/27/2012	4	1	11	8	0	2	1	3	0.32	0.3182	0.81	0.1642	6	494	500	697	4	1	11	0	2	1	2	0.291667	0.281558	0.786667	0.237562	123	3836	3959
16552	11/27/2012	4	1	11	9	0	2	1	2	0.32	0.3333	0.81	0.1343	11	257	268	697	4	1	11	0	2	1	2	0.291667	0.281558	0.786667	0.237562	123	3836	3959
16553	11/27/2012	4	1	11	10	0	2	1	3	0.32	0.3182	0.81	0.194	5	52	57	697	4	1	11	0	2	1	2	0.291667	0.281558	0.786667	0.237562	123	3836	3959
16554	11/27/2012	4	1	11	11	0	2	1	3	0.3	0.2727	0.87	0.2985	6	59	65	697	4	1	11	0	2	1	2	0.291667	0.281558	0.786667	0.237562	123	3836	3959
16555	11/27/2012	4	1	11	12	0	2	1	3	0.28	0.2576	0.87	0.3881	6	70	76	697	4	1	11	0	2	1	2	0.291667	0.281558	0.786667	0.237562	123	3836	3959
16556	11/27/2012	4	1	11	13	0	2	1	3	0.28	0.2727	0.87	0.2537	4	73	77	697	4	1	11	0	2	1	2	0.291667	0.281558	0.786667	0.237562	123	3836	3959
16557	11/27/2012	4	1	11	14	0	2	1	3	0.28	0.2576	0.87	0.3582	8	86	94	697	4	1	11	0	2	1	2	0.291667	0.281558	0.786667	0.237562	123	3836	3959
16558	11/27/2012	4	1	11	15	0	2	1	2	0.3	0.2727	0.75	0.2985	9	146	155	697	4	1	11	0	2	1	2	0.291667	0.281558	0.786667	0.237562	123	3836	3959
16559	11/27/2012	4	1	11	16	0	2	1	2	0.3	0.2727	0.75	0.2985	5	252	257	697	4	1	11	0	2	1	2	0.291667	0.281558	0.786667	0.237562	123	3836	3959
16560	11/27/2012	4	1	11	17	0	2	1	2	0.3	0.2727	0.75	0.3881	13	514	527	697	4	1	11	0	2	1	2	0.291667	0.281558	0.786667	0.237562	123	3836	3959
16561	11/27/2012	4	1	11	18	0	2	1	1	0.26	0.2273	0.81	0.3582	13	469	482	697	4	1	11	0	2	1	2	0.291667	0.281558	0.786667	0.237562	123	3836	3959
16562	11/27/2012	4	1	11	19	0	2	1	1	0.26	0.2576	0.73	0.2985	12	338	350	697	4	1	11	0	2	1	2	0.291667	0.281558	0.786667	0.237562	123	3836	3959
16563	11/27/2012	4	1	11	20	0	2	1	1	0.26	0.2273	0.75	0.3284	4	228	232	697	4	1	11	0	2	1	2	0.291667	0.281558	0.786667	0.237562	123	3836	3959
16564	11/27/2012	4	1	11	21	0	2	1	1	0.24	0.2121	0.81	0.2836	6	179	185	697	4	1	11	0	2	1	2	0.291667	0.281558	0.786667	0.237562	123	3836	3959
16565	11/27/2012	4	1	11	22	0	2	1	1	0.24	0.2424	0.81	0.1642	2	95	97	697	4	1	11	0	2	1	2	0.291667	0.281558	0.786667	0.237562	123	3836	3959
16566	11/27/2012	4	1	11	23	0	2	1	2	0.26	0.2424	0.81	0.2537	3	64	67	697	4	1	11	0	2	1	2	0.291667	0.281558	0.786667	0.237562	123	3836	3959
16567	11/28/2012	4	1	11	0	0	3	1	2	0.26	0.2424	0.75	0.2537	1	22	23	698	4	1	11	0	3	1	1	0.296667	0.289762	0.50625	0.210821	198	5062	5260
16568	11/28/2012	4	1	11	1	0	3	1	2	0.26	0.2576	0.75	0.2239	0	12	12	698	4	1	11	0	3	1	1	0.296667	0.289762	0.50625	0.210821	198	5062	5260
16569	11/28/2012	4	1	11	2	0	3	1	2	0.26	0.2576	0.75	0.2239	0	1	1	698	4	1	11	0	3	1	1	0.296667	0.289762	0.50625	0.210821	198	5062	5260
16570	11/28/2012	4	1	11	3	0	3	1	2	0.26	0.2576	0.7	0.2239	0	3	3	698	4	1	11	0	3	1	1	0.296667	0.289762	0.50625	0.210821	198	5062	5260
16571	11/28/2012	4	1	11	4	0	3	1	2	0.26	0.2576	0.7	0.194	0	4	4	698	4	1	11	0	3	1	1	0.296667	0.289762	0.50625	0.210821	198	5062	5260
16572	11/28/2012	4	1	11	5	0	3	1	2	0.26	0.2727	0.7	0.1343	0	39	39	698	4	1	11	0	3	1	1	0.296667	0.289762	0.50625	0.210821	198	5062	5260
16573	11/28/2012	4	1	11	6	0	3	1	2	0.26	0.2576	0.65	0.2239	4	132	136	698	4	1	11	0	3	1	1	0.296667	0.289762	0.50625	0.210821	198	5062	5260
16574	11/28/2012	4	1	11	7	0	3	1	2	0.26	0.2576	0.56	0.194	6	403	409	698	4	1	11	0	3	1	1	0.296667	0.289762	0.50625	0.210821	198	5062	5260
16575	11/28/2012	4	1	11	8	0	3	1	1	0.24	0.2121	0.6	0.2836	9	683	692	698	4	1	11	0	3	1	1	0.296667	0.289762	0.50625	0.210821	198	5062	5260
16576	11/28/2012	4	1	11	9	0	3	1	1	0.28	0.2727	0.52	0.194	13	309	322	698	4	1	11	0	3	1	1	0.296667	0.289762	0.50625	0.210821	198	5062	5260
16577	11/28/2012	4	1	11	10	0	3	1	1	0.3	0.3182	0.49	0.1045	17	144	161	698	4	1	11	0	3	1	1	0.296667	0.289762	0.50625	0.210821	198	5062	5260
16578	11/28/2012	4	1	11	11	0	3	1	1	0.32	0.3182	0.45	0.1642	19	127	146	698	4	1	11	0	3	1	1	0.296667	0.289762	0.50625	0.210821	198	5062	5260
16579	11/28/2012	4	1	11	12	0	3	1	1	0.34	0.303	0.42	0.3881	19	189	208	698	4	1	11	0	3	1	1	0.296667	0.289762	0.50625	0.210821	198	5062	5260
16580	11/28/2012	4	1	11	13	0	3	1	1	0.34	0.3333	0.42	0.194	21	193	214	698	4	1	11	0	3	1	1	0.296667	0.289762	0.50625	0.210821	198	5062	5260
16581	11/28/2012	4	1	11	14	0	3	1	1	0.36	0.3333	0.4	0.2985	15	161	176	698	4	1	11	0	3	1	1	0.296667	0.289762	0.50625	0.210821	198	5062	5260
16582	11/28/2012	4	1	11	15	0	3	1	1	0.36	0.3333	0.32	0.3284	7	172	179	698	4	1	11	0	3	1	1	0.296667	0.289762	0.50625	0.210821	198	5062	5260
16583	11/28/2012	4	1	11	16	0	3	1	1	0.36	0.3333	0.29	0.2537	9	316	325	698	4	1	11	0	3	1	1	0.296667	0.289762	0.50625	0.210821	198	5062	5260
16584	11/28/2012	4	1	11	17	0	3	1	1	0.34	0.3333	0.31	0.1343	17	546	563	698	4	1	11	0	3	1	1	0.296667	0.289762	0.50625	0.210821	198	5062	5260
16585	11/28/2012	4	1	11	18	0	3	1	1	0.32	0.303	0.33	0.2836	12	530	542	698	4	1	11	0	3	1	1	0.296667	0.289762	0.50625	0.210821	198	5062	5260
16586	11/28/2012	4	1	11	19	0	3	1	1	0.32	0.3182	0.36	0.1642	9	378	387	698	4	1	11	0	3	1	1	0.296667	0.289762	0.50625	0.210821	198	5062	5260
16587	11/28/2012	4	1	11	20	0	3	1	1	0.32	0.3333	0.36	0.1343	5	258	263	698	4	1	11	0	3	1	1	0.296667	0.289762	0.50625	0.210821	198	5062	5260
16588	11/28/2012	4	1	11	21	0	3	1	1	0.3	0.303	0.39	0.1642	4	219	223	698	4	1	11	0	3	1	1	0.296667	0.289762	0.50625	0.210821	198	5062	5260
16589	11/28/2012	4	1	11	22	0	3	1	1	0.28	0.2727	0.45	0.1642	6	148	154	698	4	1	11	0	3	1	1	0.296667	0.289762	0.50625	0.210821	198	5062	5260
16590	11/28/2012	4	1	11	23	0	3	1	1	0.26	0.2727	0.48	0.1343	5	73	78	698	4	1	11	0	3	1	1	0.296667	0.289762	0.50625	0.210821	198	5062	5260
16591	11/29/2012	4	1	11	0	0	4	1	1	0.24	0.2576	0.56	0.0896	4	25	29	699	4	1	11	0	4	1	1	0.28087	0.298422	0.555652	0.115522	243	5080	5323
16592	11/29/2012	4	1	11	1	0	4	1	1	0.22	0.2576	0.64	0.0896	1	15	16	699	4	1	11	0	4	1	1	0.28087	0.298422	0.555652	0.115522	243	5080	5323
16593	11/29/2012	4	1	11	2	0	4	1	1	0.22	0.2727	0.64	0	1	6	7	699	4	1	11	0	4	1	1	0.28087	0.298422	0.555652	0.115522	243	5080	5323
16594	11/29/2012	4	1	11	4	0	4	1	1	0.2	0.2273	0.75	0.0896	0	7	7	699	4	1	11	0	4	1	1	0.28087	0.298422	0.555652	0.115522	243	5080	5323
16595	11/29/2012	4	1	11	5	0	4	1	1	0.2	0.2576	0.69	0	0	42	42	699	4	1	11	0	4	1	1	0.28087	0.298422	0.555652	0.115522	243	5080	5323
16596	11/29/2012	4	1	11	6	0	4	1	1	0.22	0.2727	0.69	0	1	120	121	699	4	1	11	0	4	1	1	0.28087	0.298422	0.555652	0.115522	243	5080	5323
16597	11/29/2012	4	1	11	7	0	4	1	1	0.2	0.2576	0.64	0	8	354	362	699	4	1	11	0	4	1	1	0.28087	0.298422	0.555652	0.115522	243	5080	5323
16598	11/29/2012	4	1	11	8	0	4	1	1	0.2	0.2273	0.69	0.1045	15	664	679	699	4	1	11	0	4	1	1	0.28087	0.298422	0.555652	0.115522	243	5080	5323
16599	11/29/2012	4	1	11	9	0	4	1	1	0.24	0.2879	0.6	0	13	286	299	699	4	1	11	0	4	1	1	0.28087	0.298422	0.555652	0.115522	243	5080	5323
16600	11/29/2012	4	1	11	10	0	4	1	1	0.28	0.303	0.65	0.0896	25	153	178	699	4	1	11	0	4	1	1	0.28087	0.298422	0.555652	0.115522	243	5080	5323
16601	11/29/2012	4	1	11	11	0	4	1	1	0.36	0.3485	0.37	0.2239	13	150	163	699	4	1	11	0	4	1	1	0.28087	0.298422	0.555652	0.115522	243	5080	5323
16602	11/29/2012	4	1	11	12	0	4	1	1	0.36	0.3485	0.4	0.1642	11	225	236	699	4	1	11	0	4	1	1	0.28087	0.298422	0.555652	0.115522	243	5080	5323
16603	11/29/2012	4	1	11	13	0	4	1	1	0.38	0.3939	0.32	0.1343	15	209	224	699	4	1	11	0	4	1	1	0.28087	0.298422	0.555652	0.115522	243	5080	5323
16604	11/29/2012	4	1	11	14	0	4	1	1	0.36	0.3485	0.43	0.2239	13	174	187	699	4	1	11	0	4	1	1	0.28087	0.298422	0.555652	0.115522	243	5080	5323
16605	11/29/2012	4	1	11	15	0	4	1	1	0.36	0.3333	0.43	0.2836	19	201	220	699	4	1	11	0	4	1	1	0.28087	0.298422	0.555652	0.115522	243	5080	5323
16606	11/29/2012	4	1	11	16	0	4	1	1	0.36	0.3485	0.4	0.2239	24	346	370	699	4	1	11	0	4	1	1	0.28087	0.298422	0.555652	0.115522	243	5080	5323
16607	11/29/2012	4	1	11	17	0	4	1	1	0.34	0.3333	0.39	0.194	17	544	561	699	4	1	11	0	4	1	1	0.28087	0.298422	0.555652	0.115522	243	5080	5323
16608	11/29/2012	4	1	11	18	0	4	1	1	0.32	0.3182	0.49	0.1642	17	520	537	699	4	1	11	0	4	1	1	0.28087	0.298422	0.555652	0.115522	243	5080	5323
16609	11/29/2012	4	1	11	19	0	4	1	1	0.3	0.2879	0.52	0.194	18	326	344	699	4	1	11	0	4	1	1	0.28087	0.298422	0.555652	0.115522	243	5080	5323
16610	11/29/2012	4	1	11	20	0	4	1	1	0.3	0.303	0.52	0.1642	11	241	252	699	4	1	11	0	4	1	1	0.28087	0.298422	0.555652	0.115522	243	5080	5323
16611	11/29/2012	4	1	11	21	0	4	1	1	0.26	0.2727	0.65	0.1343	7	201	208	699	4	1	11	0	4	1	1	0.28087	0.298422	0.555652	0.115522	243	5080	5323
16612	11/29/2012	4	1	11	22	0	4	1	1	0.26	0.2879	0.7	0.0896	4	147	151	699	4	1	11	0	4	1	1	0.28087	0.298422	0.555652	0.115522	243	5080	5323
16613	11/29/2012	4	1	11	23	0	4	1	1	0.28	0.3182	0.61	0	6	124	130	699	4	1	11	0	4	1	1	0.28087	0.298422	0.555652	0.115522	243	5080	5323
16614	11/30/2012	4	1	11	0	0	5	1	1	0.26	0.2576	0.7	0.1642	4	48	52	700	4	1	11	0	5	1	1	0.298333	0.323867	0.649583	0.0584708	362	5306	5668
16615	11/30/2012	4	1	11	1	0	5	1	1	0.24	0.2576	0.7	0.0896	2	17	19	700	4	1	11	0	5	1	1	0.298333	0.323867	0.649583	0.0584708	362	5306	5668
16616	11/30/2012	4	1	11	2	0	5	1	1	0.24	0.2879	0.75	0	2	10	12	700	4	1	11	0	5	1	1	0.298333	0.323867	0.649583	0.0584708	362	5306	5668
16617	11/30/2012	4	1	11	3	0	5	1	1	0.24	0.2879	0.75	0	0	4	4	700	4	1	11	0	5	1	1	0.298333	0.323867	0.649583	0.0584708	362	5306	5668
16618	11/30/2012	4	1	11	4	0	5	1	1	0.22	0.2727	0.75	0	0	3	3	700	4	1	11	0	5	1	1	0.298333	0.323867	0.649583	0.0584708	362	5306	5668
16619	11/30/2012	4	1	11	5	0	5	1	1	0.2	0.2576	0.8	0	1	39	40	700	4	1	11	0	5	1	1	0.298333	0.323867	0.649583	0.0584708	362	5306	5668
16620	11/30/2012	4	1	11	6	0	5	1	1	0.2	0.2576	0.86	0	2	104	106	700	4	1	11	0	5	1	1	0.298333	0.323867	0.649583	0.0584708	362	5306	5668
16621	11/30/2012	4	1	11	7	0	5	1	1	0.22	0.2727	0.8	0	6	346	352	700	4	1	11	0	5	1	1	0.298333	0.323867	0.649583	0.0584708	362	5306	5668
16622	11/30/2012	4	1	11	8	0	5	1	2	0.22	0.2576	0.8	0.0896	20	709	729	700	4	1	11	0	5	1	1	0.298333	0.323867	0.649583	0.0584708	362	5306	5668
16623	11/30/2012	4	1	11	9	0	5	1	1	0.24	0.2576	0.75	0.0896	17	313	330	700	4	1	11	0	5	1	1	0.298333	0.323867	0.649583	0.0584708	362	5306	5668
16624	11/30/2012	4	1	11	10	0	5	1	2	0.3	0.3333	0.65	0	10	159	169	700	4	1	11	0	5	1	1	0.298333	0.323867	0.649583	0.0584708	362	5306	5668
16625	11/30/2012	4	1	11	11	0	5	1	2	0.34	0.3485	0.53	0.0896	31	170	201	700	4	1	11	0	5	1	1	0.298333	0.323867	0.649583	0.0584708	362	5306	5668
16626	11/30/2012	4	1	11	12	0	5	1	2	0.38	0.3939	0.46	0	25	243	268	700	4	1	11	0	5	1	1	0.298333	0.323867	0.649583	0.0584708	362	5306	5668
16627	11/30/2012	4	1	11	13	0	5	1	2	0.4	0.4091	0.4	0.1642	21	241	262	700	4	1	11	0	5	1	1	0.298333	0.323867	0.649583	0.0584708	362	5306	5668
16628	11/30/2012	4	1	11	14	0	5	1	2	0.4	0.4091	0.4	0.1045	26	225	251	700	4	1	11	0	5	1	1	0.298333	0.323867	0.649583	0.0584708	362	5306	5668
16629	11/30/2012	4	1	11	15	0	5	1	2	0.42	0.4242	0.38	0.1045	34	262	296	700	4	1	11	0	5	1	1	0.298333	0.323867	0.649583	0.0584708	362	5306	5668
16630	11/30/2012	4	1	11	16	0	5	1	1	0.4	0.4091	0.43	0.1343	37	368	405	700	4	1	11	0	5	1	1	0.298333	0.323867	0.649583	0.0584708	362	5306	5668
16631	11/30/2012	4	1	11	17	0	5	1	1	0.36	0.3485	0.5	0.194	31	551	582	700	4	1	11	0	5	1	1	0.298333	0.323867	0.649583	0.0584708	362	5306	5668
16632	11/30/2012	4	1	11	18	0	5	1	2	0.34	0.3636	0.61	0	20	489	509	700	4	1	11	0	5	1	1	0.298333	0.323867	0.649583	0.0584708	362	5306	5668
16633	11/30/2012	4	1	11	19	0	5	1	1	0.32	0.3485	0.66	0	18	359	377	700	4	1	11	0	5	1	1	0.298333	0.323867	0.649583	0.0584708	362	5306	5668
16634	11/30/2012	4	1	11	20	0	5	1	1	0.32	0.3485	0.66	0	12	233	245	700	4	1	11	0	5	1	1	0.298333	0.323867	0.649583	0.0584708	362	5306	5668
16635	11/30/2012	4	1	11	21	0	5	1	1	0.3	0.3182	0.75	0.0896	14	169	183	700	4	1	11	0	5	1	1	0.298333	0.323867	0.649583	0.0584708	362	5306	5668
16636	11/30/2012	4	1	11	22	0	5	1	1	0.3	0.3333	0.75	0	18	145	163	700	4	1	11	0	5	1	1	0.298333	0.323867	0.649583	0.0584708	362	5306	5668
16637	11/30/2012	4	1	11	23	0	5	1	2	0.3	0.3182	0.75	0.0896	11	99	110	700	4	1	11	0	5	1	1	0.298333	0.323867	0.649583	0.0584708	362	5306	5668
16638	12/1/2012	4	1	12	0	0	6	0	1	0.26	0.303	0.81	0	9	99	108	701	4	1	12	0	6	0	2	0.298333	0.316904	0.806667	0.0597042	951	4240	5191
16639	12/1/2012	4	1	12	1	0	6	0	1	0.26	0.303	0.81	0	5	64	69	701	4	1	12	0	6	0	2	0.298333	0.316904	0.806667	0.0597042	951	4240	5191
16640	12/1/2012	4	1	12	2	0	6	0	2	0.26	0.303	0.81	0	3	47	50	701	4	1	12	0	6	0	2	0.298333	0.316904	0.806667	0.0597042	951	4240	5191
16641	12/1/2012	4	1	12	3	0	6	0	2	0.26	0.2727	0.81	0.1343	1	14	15	701	4	1	12	0	6	0	2	0.298333	0.316904	0.806667	0.0597042	951	4240	5191
16642	12/1/2012	4	1	12	4	0	6	0	1	0.26	0.2879	0.81	0.0896	0	5	5	701	4	1	12	0	6	0	2	0.298333	0.316904	0.806667	0.0597042	951	4240	5191
16643	12/1/2012	4	1	12	5	0	6	0	1	0.24	0.2576	0.87	0.0896	1	12	13	701	4	1	12	0	6	0	2	0.298333	0.316904	0.806667	0.0597042	951	4240	5191
16644	12/1/2012	4	1	12	6	0	6	0	1	0.24	0.2424	0.87	0.1343	7	20	27	701	4	1	12	0	6	0	2	0.298333	0.316904	0.806667	0.0597042	951	4240	5191
16645	12/1/2012	4	1	12	7	0	6	0	2	0.24	0.2424	0.87	0.1343	7	56	63	701	4	1	12	0	6	0	2	0.298333	0.316904	0.806667	0.0597042	951	4240	5191
16646	12/1/2012	4	1	12	8	0	6	0	2	0.24	0.2424	0.87	0.1343	11	133	144	701	4	1	12	0	6	0	2	0.298333	0.316904	0.806667	0.0597042	951	4240	5191
16647	12/1/2012	4	1	12	9	0	6	0	2	0.26	0.2424	0.93	0.2537	34	159	193	701	4	1	12	0	6	0	2	0.298333	0.316904	0.806667	0.0597042	951	4240	5191
16648	12/1/2012	4	1	12	10	0	6	0	2	0.28	0.2727	0.89	0.1642	45	211	256	701	4	1	12	0	6	0	2	0.298333	0.316904	0.806667	0.0597042	951	4240	5191
16649	12/1/2012	4	1	12	11	0	6	0	2	0.32	0.3333	0.76	0.1045	74	318	392	701	4	1	12	0	6	0	2	0.298333	0.316904	0.806667	0.0597042	951	4240	5191
16650	12/1/2012	4	1	12	12	0	6	0	2	0.32	0.3333	0.81	0.0896	119	327	446	701	4	1	12	0	6	0	2	0.298333	0.316904	0.806667	0.0597042	951	4240	5191
16651	12/1/2012	4	1	12	13	0	6	0	2	0.34	0.3636	0.76	0	123	386	509	701	4	1	12	0	6	0	2	0.298333	0.316904	0.806667	0.0597042	951	4240	5191
16652	12/1/2012	4	1	12	14	0	6	0	2	0.36	0.3788	0.71	0	110	369	479	701	4	1	12	0	6	0	2	0.298333	0.316904	0.806667	0.0597042	951	4240	5191
16653	12/1/2012	4	1	12	15	0	6	0	2	0.4	0.4091	0.62	0	113	371	484	701	4	1	12	0	6	0	2	0.298333	0.316904	0.806667	0.0597042	951	4240	5191
16654	12/1/2012	4	1	12	16	0	6	0	2	0.38	0.3939	0.66	0	89	354	443	701	4	1	12	0	6	0	2	0.298333	0.316904	0.806667	0.0597042	951	4240	5191
16655	12/1/2012	4	1	12	17	0	6	0	2	0.34	0.3485	0.76	0.1045	50	270	320	701	4	1	12	0	6	0	2	0.298333	0.316904	0.806667	0.0597042	951	4240	5191
16656	12/1/2012	4	1	12	18	0	6	0	2	0.34	0.3636	0.76	0	42	255	297	701	4	1	12	0	6	0	2	0.298333	0.316904	0.806667	0.0597042	951	4240	5191
16657	12/1/2012	4	1	12	19	0	6	0	2	0.32	0.3485	0.81	0	30	219	249	701	4	1	12	0	6	0	2	0.298333	0.316904	0.806667	0.0597042	951	4240	5191
16658	12/1/2012	4	1	12	20	0	6	0	1	0.32	0.3485	0.81	0	28	170	198	701	4	1	12	0	6	0	2	0.298333	0.316904	0.806667	0.0597042	951	4240	5191
16659	12/1/2012	4	1	12	21	0	6	0	2	0.3	0.3333	0.87	0	23	135	158	701	4	1	12	0	6	0	2	0.298333	0.316904	0.806667	0.0597042	951	4240	5191
16660	12/1/2012	4	1	12	22	0	6	0	2	0.3	0.3333	0.87	0	17	130	147	701	4	1	12	0	6	0	2	0.298333	0.316904	0.806667	0.0597042	951	4240	5191
16661	12/1/2012	4	1	12	23	0	6	0	2	0.32	0.3485	0.81	0	10	116	126	701	4	1	12	0	6	0	2	0.298333	0.316904	0.806667	0.0597042	951	4240	5191
16662	12/2/2012	4	1	12	0	0	0	0	2	0.3	0.3182	0.87	0.0896	9	108	117	702	4	1	12	0	0	0	2	0.3475	0.359208	0.823333	0.124379	892	3757	4649
16663	12/2/2012	4	1	12	1	0	0	0	2	0.3	0.3182	0.87	0.0896	10	84	94	702	4	1	12	0	0	0	2	0.3475	0.359208	0.823333	0.124379	892	3757	4649
16664	12/2/2012	4	1	12	2	0	0	0	2	0.3	0.3333	0.87	0	2	72	74	702	4	1	12	0	0	0	2	0.3475	0.359208	0.823333	0.124379	892	3757	4649
16665	12/2/2012	4	1	12	3	0	0	0	2	0.26	0.303	0.93	0	4	21	25	702	4	1	12	0	0	0	2	0.3475	0.359208	0.823333	0.124379	892	3757	4649
16666	12/2/2012	4	1	12	4	0	0	0	2	0.26	0.303	0.93	0	1	6	7	702	4	1	12	0	0	0	2	0.3475	0.359208	0.823333	0.124379	892	3757	4649
16667	12/2/2012	4	1	12	5	0	0	0	2	0.26	0.303	0.93	0	1	7	8	702	4	1	12	0	0	0	2	0.3475	0.359208	0.823333	0.124379	892	3757	4649
16668	12/2/2012	4	1	12	6	0	0	0	2	0.24	0.2424	0.93	0.1343	1	15	16	702	4	1	12	0	0	0	2	0.3475	0.359208	0.823333	0.124379	892	3757	4649
16669	12/2/2012	4	1	12	7	0	0	0	2	0.24	0.2424	0.93	0.1343	5	26	31	702	4	1	12	0	0	0	2	0.3475	0.359208	0.823333	0.124379	892	3757	4649
16670	12/2/2012	4	1	12	8	0	0	0	2	0.26	0.2879	0.93	0.0896	12	81	93	702	4	1	12	0	0	0	2	0.3475	0.359208	0.823333	0.124379	892	3757	4649
16671	12/2/2012	4	1	12	9	0	0	0	2	0.28	0.2727	0.93	0.1642	37	135	172	702	4	1	12	0	0	0	2	0.3475	0.359208	0.823333	0.124379	892	3757	4649
16672	12/2/2012	4	1	12	10	0	0	0	2	0.3	0.3333	0.87	0	63	230	293	702	4	1	12	0	0	0	2	0.3475	0.359208	0.823333	0.124379	892	3757	4649
16673	12/2/2012	4	1	12	11	0	0	0	2	0.32	0.3182	0.81	0.1642	81	274	355	702	4	1	12	0	0	0	2	0.3475	0.359208	0.823333	0.124379	892	3757	4649
16674	12/2/2012	4	1	12	12	0	0	0	2	0.34	0.3333	0.81	0.1642	111	409	520	702	4	1	12	0	0	0	2	0.3475	0.359208	0.823333	0.124379	892	3757	4649
16675	12/2/2012	4	1	12	13	0	0	0	1	0.4	0.4091	0.71	0.2239	84	347	431	702	4	1	12	0	0	0	2	0.3475	0.359208	0.823333	0.124379	892	3757	4649
16676	12/2/2012	4	1	12	14	0	0	0	1	0.44	0.4394	0.62	0.2537	142	331	473	702	4	1	12	0	0	0	2	0.3475	0.359208	0.823333	0.124379	892	3757	4649
16677	12/2/2012	4	1	12	15	0	0	0	1	0.44	0.4394	0.67	0.1343	106	311	417	702	4	1	12	0	0	0	2	0.3475	0.359208	0.823333	0.124379	892	3757	4649
16678	12/2/2012	4	1	12	16	0	0	0	2	0.44	0.4394	0.67	0.1045	85	358	443	702	4	1	12	0	0	0	2	0.3475	0.359208	0.823333	0.124379	892	3757	4649
16679	12/2/2012	4	1	12	17	0	0	0	3	0.4	0.4091	0.76	0.194	59	244	303	702	4	1	12	0	0	0	2	0.3475	0.359208	0.823333	0.124379	892	3757	4649
16680	12/2/2012	4	1	12	18	0	0	0	2	0.44	0.4394	0.72	0.1045	25	178	203	702	4	1	12	0	0	0	2	0.3475	0.359208	0.823333	0.124379	892	3757	4649
16681	12/2/2012	4	1	12	19	0	0	0	2	0.4	0.4091	0.82	0.194	16	158	174	702	4	1	12	0	0	0	2	0.3475	0.359208	0.823333	0.124379	892	3757	4649
16682	12/2/2012	4	1	12	20	0	0	0	2	0.42	0.4242	0.82	0.194	12	142	154	702	4	1	12	0	0	0	2	0.3475	0.359208	0.823333	0.124379	892	3757	4649
16683	12/2/2012	4	1	12	21	0	0	0	2	0.44	0.4394	0.77	0.2239	8	91	99	702	4	1	12	0	0	0	2	0.3475	0.359208	0.823333	0.124379	892	3757	4649
16684	12/2/2012	4	1	12	22	0	0	0	2	0.44	0.4394	0.77	0.194	11	85	96	702	4	1	12	0	0	0	2	0.3475	0.359208	0.823333	0.124379	892	3757	4649
16685	12/2/2012	4	1	12	23	0	0	0	2	0.42	0.4242	0.82	0.1343	7	44	51	702	4	1	12	0	0	0	2	0.3475	0.359208	0.823333	0.124379	892	3757	4649
16686	12/3/2012	4	1	12	0	0	1	1	2	0.42	0.4242	0.82	0.1642	3	18	21	703	4	1	12	0	1	1	1	0.4525	0.455796	0.7675	0.0827208	555	5679	6234
16687	12/3/2012	4	1	12	1	0	1	1	1	0.4	0.4091	0.82	0.1343	2	11	13	703	4	1	12	0	1	1	1	0.4525	0.455796	0.7675	0.0827208	555	5679	6234
16688	12/3/2012	4	1	12	2	0	1	1	1	0.42	0.4242	0.77	0.1642	1	9	10	703	4	1	12	0	1	1	1	0.4525	0.455796	0.7675	0.0827208	555	5679	6234
16689	12/3/2012	4	1	12	3	0	1	1	1	0.38	0.3939	0.87	0	2	6	8	703	4	1	12	0	1	1	1	0.4525	0.455796	0.7675	0.0827208	555	5679	6234
16690	12/3/2012	4	1	12	4	0	1	1	1	0.36	0.3788	0.93	0	1	4	5	703	4	1	12	0	1	1	1	0.4525	0.455796	0.7675	0.0827208	555	5679	6234
16691	12/3/2012	4	1	12	5	0	1	1	1	0.34	0.3485	0.93	0.0896	0	38	38	703	4	1	12	0	1	1	1	0.4525	0.455796	0.7675	0.0827208	555	5679	6234
16692	12/3/2012	4	1	12	6	0	1	1	1	0.36	0.3788	0.93	0	2	136	138	703	4	1	12	0	1	1	1	0.4525	0.455796	0.7675	0.0827208	555	5679	6234
16693	12/3/2012	4	1	12	7	0	1	1	2	0.34	0.3636	0.93	0	9	387	396	703	4	1	12	0	1	1	1	0.4525	0.455796	0.7675	0.0827208	555	5679	6234
16694	12/3/2012	4	1	12	8	0	1	1	1	0.36	0.3788	0.93	0	19	712	731	703	4	1	12	0	1	1	1	0.4525	0.455796	0.7675	0.0827208	555	5679	6234
16695	12/3/2012	4	1	12	9	0	1	1	1	0.4	0.4091	0.87	0.0896	19	289	308	703	4	1	12	0	1	1	1	0.4525	0.455796	0.7675	0.0827208	555	5679	6234
16696	12/3/2012	4	1	12	10	0	1	1	1	0.44	0.4394	0.77	0.1343	31	105	136	703	4	1	12	0	1	1	1	0.4525	0.455796	0.7675	0.0827208	555	5679	6234
16697	12/3/2012	4	1	12	11	0	1	1	1	0.48	0.4697	0.77	0.1343	51	182	233	703	4	1	12	0	1	1	1	0.4525	0.455796	0.7675	0.0827208	555	5679	6234
16698	12/3/2012	4	1	12	12	0	1	1	1	0.52	0.5	0.68	0.1642	40	228	268	703	4	1	12	0	1	1	1	0.4525	0.455796	0.7675	0.0827208	555	5679	6234
16699	12/3/2012	4	1	12	13	0	1	1	1	0.58	0.5455	0.56	0.0896	81	240	321	703	4	1	12	0	1	1	1	0.4525	0.455796	0.7675	0.0827208	555	5679	6234
16700	12/3/2012	4	1	12	14	0	1	1	1	0.6	0.6212	0.53	0	51	209	260	703	4	1	12	0	1	1	1	0.4525	0.455796	0.7675	0.0827208	555	5679	6234
16701	12/3/2012	4	1	12	15	0	1	1	1	0.6	0.6212	0.56	0	58	210	268	703	4	1	12	0	1	1	1	0.4525	0.455796	0.7675	0.0827208	555	5679	6234
16702	12/3/2012	4	1	12	16	0	1	1	1	0.6	0.6212	0.53	0.1343	45	397	442	703	4	1	12	0	1	1	1	0.4525	0.455796	0.7675	0.0827208	555	5679	6234
16703	12/3/2012	4	1	12	17	0	1	1	1	0.52	0.5	0.63	0.1045	43	665	708	703	4	1	12	0	1	1	1	0.4525	0.455796	0.7675	0.0827208	555	5679	6234
16704	12/3/2012	4	1	12	18	0	1	1	1	0.5	0.4848	0.68	0.0896	26	666	692	703	4	1	12	0	1	1	1	0.4525	0.455796	0.7675	0.0827208	555	5679	6234
16705	12/3/2012	4	1	12	19	0	1	1	1	0.5	0.4848	0.68	0.0896	27	444	471	703	4	1	12	0	1	1	1	0.4525	0.455796	0.7675	0.0827208	555	5679	6234
16706	12/3/2012	4	1	12	20	0	1	1	2	0.46	0.4545	0.77	0	16	284	300	703	4	1	12	0	1	1	1	0.4525	0.455796	0.7675	0.0827208	555	5679	6234
16707	12/3/2012	4	1	12	21	0	1	1	1	0.44	0.4394	0.82	0.194	14	207	221	703	4	1	12	0	1	1	1	0.4525	0.455796	0.7675	0.0827208	555	5679	6234
16708	12/3/2012	4	1	12	22	0	1	1	1	0.42	0.4242	0.82	0.1045	5	139	144	703	4	1	12	0	1	1	1	0.4525	0.455796	0.7675	0.0827208	555	5679	6234
16709	12/3/2012	4	1	12	23	0	1	1	1	0.42	0.4242	0.82	0.1045	9	93	102	703	4	1	12	0	1	1	1	0.4525	0.455796	0.7675	0.0827208	555	5679	6234
16710	12/4/2012	4	1	12	0	0	2	1	1	0.42	0.4242	0.88	0.1045	6	49	55	704	4	1	12	0	2	1	1	0.475833	0.469054	0.73375	0.174129	551	6055	6606
16711	12/4/2012	4	1	12	1	0	2	1	1	0.42	0.4242	0.82	0.1045	3	22	25	704	4	1	12	0	2	1	1	0.475833	0.469054	0.73375	0.174129	551	6055	6606
16712	12/4/2012	4	1	12	2	0	2	1	1	0.42	0.4242	0.88	0.0896	3	5	8	704	4	1	12	0	2	1	1	0.475833	0.469054	0.73375	0.174129	551	6055	6606
16713	12/4/2012	4	1	12	3	0	2	1	2	0.4	0.4091	0.87	0.1343	1	3	4	704	4	1	12	0	2	1	1	0.475833	0.469054	0.73375	0.174129	551	6055	6606
16714	12/4/2012	4	1	12	4	0	2	1	2	0.4	0.4091	0.87	0.1343	0	7	7	704	4	1	12	0	2	1	1	0.475833	0.469054	0.73375	0.174129	551	6055	6606
16715	12/4/2012	4	1	12	5	0	2	1	2	0.44	0.4394	0.88	0	1	45	46	704	4	1	12	0	2	1	1	0.475833	0.469054	0.73375	0.174129	551	6055	6606
16716	12/4/2012	4	1	12	6	0	2	1	2	0.36	0.3788	0.93	0	3	150	153	704	4	1	12	0	2	1	1	0.475833	0.469054	0.73375	0.174129	551	6055	6606
16717	12/4/2012	4	1	12	7	0	2	1	1	0.42	0.4242	0.88	0.1343	7	495	502	704	4	1	12	0	2	1	1	0.475833	0.469054	0.73375	0.174129	551	6055	6606
16718	12/4/2012	4	1	12	8	0	2	1	2	0.44	0.4394	0.88	0.1642	21	700	721	704	4	1	12	0	2	1	1	0.475833	0.469054	0.73375	0.174129	551	6055	6606
16719	12/4/2012	4	1	12	9	0	2	1	1	0.46	0.4545	0.82	0.1045	19	317	336	704	4	1	12	0	2	1	1	0.475833	0.469054	0.73375	0.174129	551	6055	6606
16720	12/4/2012	4	1	12	10	0	2	1	1	0.46	0.4545	0.82	0.194	26	130	156	704	4	1	12	0	2	1	1	0.475833	0.469054	0.73375	0.174129	551	6055	6606
16721	12/4/2012	4	1	12	11	0	2	1	1	0.48	0.4697	0.77	0.194	24	183	207	704	4	1	12	0	2	1	1	0.475833	0.469054	0.73375	0.174129	551	6055	6606
16722	12/4/2012	4	1	12	12	0	2	1	1	0.52	0.5	0.68	0.194	39	273	312	704	4	1	12	0	2	1	1	0.475833	0.469054	0.73375	0.174129	551	6055	6606
16723	12/4/2012	4	1	12	13	0	2	1	2	0.54	0.5152	0.64	0.1642	39	233	272	704	4	1	12	0	2	1	1	0.475833	0.469054	0.73375	0.174129	551	6055	6606
16724	12/4/2012	4	1	12	14	0	2	1	2	0.58	0.5455	0.56	0.2239	39	231	270	704	4	1	12	0	2	1	1	0.475833	0.469054	0.73375	0.174129	551	6055	6606
16725	12/4/2012	4	1	12	15	0	2	1	2	0.6	0.6212	0.49	0.2537	56	244	300	704	4	1	12	0	2	1	1	0.475833	0.469054	0.73375	0.174129	551	6055	6606
16726	12/4/2012	4	1	12	16	0	2	1	1	0.58	0.5455	0.49	0.2836	44	391	435	704	4	1	12	0	2	1	1	0.475833	0.469054	0.73375	0.174129	551	6055	6606
16727	12/4/2012	4	1	12	17	0	2	1	1	0.52	0.5	0.59	0.2239	43	700	743	704	4	1	12	0	2	1	1	0.475833	0.469054	0.73375	0.174129	551	6055	6606
16728	12/4/2012	4	1	12	18	0	2	1	1	0.5	0.4848	0.63	0.2239	38	693	731	704	4	1	12	0	2	1	1	0.475833	0.469054	0.73375	0.174129	551	6055	6606
16729	12/4/2012	4	1	12	19	0	2	1	1	0.48	0.4697	0.67	0.2239	46	414	460	704	4	1	12	0	2	1	1	0.475833	0.469054	0.73375	0.174129	551	6055	6606
16730	12/4/2012	4	1	12	20	0	2	1	2	0.5	0.4848	0.63	0.2239	34	272	306	704	4	1	12	0	2	1	1	0.475833	0.469054	0.73375	0.174129	551	6055	6606
16731	12/4/2012	4	1	12	21	0	2	1	2	0.5	0.4848	0.63	0.2537	28	252	280	704	4	1	12	0	2	1	1	0.475833	0.469054	0.73375	0.174129	551	6055	6606
16732	12/4/2012	4	1	12	22	0	2	1	2	0.5	0.4848	0.63	0.2985	26	155	181	704	4	1	12	0	2	1	1	0.475833	0.469054	0.73375	0.174129	551	6055	6606
16733	12/4/2012	4	1	12	23	0	2	1	1	0.48	0.4697	0.67	0.2537	5	91	96	704	4	1	12	0	2	1	1	0.475833	0.469054	0.73375	0.174129	551	6055	6606
16734	12/5/2012	4	1	12	0	0	3	1	1	0.5	0.4848	0.59	0.2836	6	31	37	705	4	1	12	0	3	1	1	0.438333	0.428012	0.485	0.324021	331	5398	5729
16735	12/5/2012	4	1	12	1	0	3	1	1	0.52	0.5	0.55	0.3284	0	11	11	705	4	1	12	0	3	1	1	0.438333	0.428012	0.485	0.324021	331	5398	5729
16736	12/5/2012	4	1	12	2	0	3	1	1	0.46	0.4545	0.67	0.1642	2	7	9	705	4	1	12	0	3	1	1	0.438333	0.428012	0.485	0.324021	331	5398	5729
16737	12/5/2012	4	1	12	3	0	3	1	1	0.48	0.4697	0.67	0.1343	0	7	7	705	4	1	12	0	3	1	1	0.438333	0.428012	0.485	0.324021	331	5398	5729
16738	12/5/2012	4	1	12	4	0	3	1	1	0.5	0.4848	0.63	0.4478	1	9	10	705	4	1	12	0	3	1	1	0.438333	0.428012	0.485	0.324021	331	5398	5729
16739	12/5/2012	4	1	12	5	0	3	1	1	0.5	0.4848	0.59	0.2836	1	48	49	705	4	1	12	0	3	1	1	0.438333	0.428012	0.485	0.324021	331	5398	5729
16740	12/5/2012	4	1	12	6	0	3	1	3	0.48	0.4697	0.55	0.3881	5	119	124	705	4	1	12	0	3	1	1	0.438333	0.428012	0.485	0.324021	331	5398	5729
16741	12/5/2012	4	1	12	7	0	3	1	3	0.46	0.4545	0.59	0.2985	9	389	398	705	4	1	12	0	3	1	1	0.438333	0.428012	0.485	0.324021	331	5398	5729
16742	12/5/2012	4	1	12	8	0	3	1	2	0.44	0.4394	0.58	0.2836	22	737	759	705	4	1	12	0	3	1	1	0.438333	0.428012	0.485	0.324021	331	5398	5729
16743	12/5/2012	4	1	12	9	0	3	1	2	0.44	0.4394	0.51	0.2239	26	362	388	705	4	1	12	0	3	1	1	0.438333	0.428012	0.485	0.324021	331	5398	5729
16744	12/5/2012	4	1	12	10	0	3	1	2	0.44	0.4394	0.47	0.3582	14	127	141	705	4	1	12	0	3	1	1	0.438333	0.428012	0.485	0.324021	331	5398	5729
16745	12/5/2012	4	1	12	11	0	3	1	1	0.44	0.4394	0.44	0.2836	11	161	172	705	4	1	12	0	3	1	1	0.438333	0.428012	0.485	0.324021	331	5398	5729
16746	12/5/2012	4	1	12	12	0	3	1	1	0.44	0.4394	0.41	0.2836	24	208	232	705	4	1	12	0	3	1	1	0.438333	0.428012	0.485	0.324021	331	5398	5729
16747	12/5/2012	4	1	12	13	0	3	1	1	0.46	0.4545	0.41	0.2836	14	200	214	705	4	1	12	0	3	1	1	0.438333	0.428012	0.485	0.324021	331	5398	5729
16748	12/5/2012	4	1	12	14	0	3	1	1	0.48	0.4697	0.33	0.4925	39	179	218	705	4	1	12	0	3	1	1	0.438333	0.428012	0.485	0.324021	331	5398	5729
16749	12/5/2012	4	1	12	15	0	3	1	1	0.48	0.4697	0.33	0.2836	20	265	285	705	4	1	12	0	3	1	1	0.438333	0.428012	0.485	0.324021	331	5398	5729
16750	12/5/2012	4	1	12	16	0	3	1	1	0.46	0.4545	0.33	0.2836	23	354	377	705	4	1	12	0	3	1	1	0.438333	0.428012	0.485	0.324021	331	5398	5729
16751	12/5/2012	4	1	12	17	0	3	1	1	0.44	0.4394	0.35	0.2836	29	576	605	705	4	1	12	0	3	1	1	0.438333	0.428012	0.485	0.324021	331	5398	5729
16752	12/5/2012	4	1	12	18	0	3	1	1	0.42	0.4242	0.35	0.4478	29	580	609	705	4	1	12	0	3	1	1	0.438333	0.428012	0.485	0.324021	331	5398	5729
16753	12/5/2012	4	1	12	19	0	3	1	1	0.38	0.3939	0.43	0.3582	14	400	414	705	4	1	12	0	3	1	1	0.438333	0.428012	0.485	0.324021	331	5398	5729
16754	12/5/2012	4	1	12	20	0	3	1	1	0.34	0.303	0.46	0.3881	19	274	293	705	4	1	12	0	3	1	1	0.438333	0.428012	0.485	0.324021	331	5398	5729
16755	12/5/2012	4	1	12	21	0	3	1	1	0.34	0.303	0.46	0.4179	14	184	198	705	4	1	12	0	3	1	1	0.438333	0.428012	0.485	0.324021	331	5398	5729
16756	12/5/2012	4	1	12	22	0	3	1	1	0.32	0.2879	0.45	0.3881	4	101	105	705	4	1	12	0	3	1	1	0.438333	0.428012	0.485	0.324021	331	5398	5729
16757	12/5/2012	4	1	12	23	0	3	1	1	0.3	0.2727	0.49	0.3881	5	69	74	705	4	1	12	0	3	1	1	0.438333	0.428012	0.485	0.324021	331	5398	5729
16758	12/6/2012	4	1	12	0	0	4	1	1	0.26	0.2424	0.48	0.2836	1	43	44	706	4	1	12	0	4	1	1	0.255833	0.258204	0.50875	0.174754	340	5035	5375
16759	12/6/2012	4	1	12	1	0	4	1	1	0.26	0.2424	0.48	0.2836	0	16	16	706	4	1	12	0	4	1	1	0.255833	0.258204	0.50875	0.174754	340	5035	5375
16760	12/6/2012	4	1	12	2	0	4	1	1	0.24	0.2121	0.52	0.2836	0	9	9	706	4	1	12	0	4	1	1	0.255833	0.258204	0.50875	0.174754	340	5035	5375
16761	12/6/2012	4	1	12	3	0	4	1	1	0.22	0.2273	0.55	0.194	0	2	2	706	4	1	12	0	4	1	1	0.255833	0.258204	0.50875	0.174754	340	5035	5375
16762	12/6/2012	4	1	12	4	0	4	1	1	0.22	0.2121	0.55	0.2985	1	8	9	706	4	1	12	0	4	1	1	0.255833	0.258204	0.50875	0.174754	340	5035	5375
16763	12/6/2012	4	1	12	5	0	4	1	1	0.22	0.2121	0.55	0.2836	0	32	32	706	4	1	12	0	4	1	1	0.255833	0.258204	0.50875	0.174754	340	5035	5375
16764	12/6/2012	4	1	12	6	0	4	1	1	0.22	0.2121	0.55	0.2985	2	122	124	706	4	1	12	0	4	1	1	0.255833	0.258204	0.50875	0.174754	340	5035	5375
16765	12/6/2012	4	1	12	7	0	4	1	1	0.22	0.2121	0.51	0.2985	8	381	389	706	4	1	12	0	4	1	1	0.255833	0.258204	0.50875	0.174754	340	5035	5375
16766	12/6/2012	4	1	12	8	0	4	1	1	0.22	0.2121	0.51	0.2985	13	646	659	706	4	1	12	0	4	1	1	0.255833	0.258204	0.50875	0.174754	340	5035	5375
16767	12/6/2012	4	1	12	9	0	4	1	1	0.24	0.2273	0.48	0.194	19	257	276	706	4	1	12	0	4	1	1	0.255833	0.258204	0.50875	0.174754	340	5035	5375
16768	12/6/2012	4	1	12	10	0	4	1	1	0.24	0.2273	0.52	0.194	23	122	145	706	4	1	12	0	4	1	1	0.255833	0.258204	0.50875	0.174754	340	5035	5375
16769	12/6/2012	4	1	12	11	0	4	1	1	0.26	0.2576	0.48	0.1642	16	162	178	706	4	1	12	0	4	1	1	0.255833	0.258204	0.50875	0.174754	340	5035	5375
16770	12/6/2012	4	1	12	12	0	4	1	1	0.28	0.3182	0.41	0	29	206	235	706	4	1	12	0	4	1	1	0.255833	0.258204	0.50875	0.174754	340	5035	5375
16771	12/6/2012	4	1	12	13	0	4	1	1	0.3	0.3333	0.39	0	33	212	245	706	4	1	12	0	4	1	1	0.255833	0.258204	0.50875	0.174754	340	5035	5375
16772	12/6/2012	4	1	12	14	0	4	1	1	0.3	0.3182	0.42	0.0896	37	175	212	706	4	1	12	0	4	1	1	0.255833	0.258204	0.50875	0.174754	340	5035	5375
16773	12/6/2012	4	1	12	15	0	4	1	1	0.32	0.3485	0.39	0	38	232	270	706	4	1	12	0	4	1	1	0.255833	0.258204	0.50875	0.174754	340	5035	5375
16774	12/6/2012	4	1	12	16	0	4	1	1	0.32	0.3485	0.42	0	39	292	331	706	4	1	12	0	4	1	1	0.255833	0.258204	0.50875	0.174754	340	5035	5375
16775	12/6/2012	4	1	12	17	0	4	1	1	0.3	0.3182	0.45	0.1045	31	586	617	706	4	1	12	0	4	1	1	0.255833	0.258204	0.50875	0.174754	340	5035	5375
16776	12/6/2012	4	1	12	18	0	4	1	1	0.28	0.2727	0.45	0.1642	23	542	565	706	4	1	12	0	4	1	1	0.255833	0.258204	0.50875	0.174754	340	5035	5375
16777	12/6/2012	4	1	12	19	0	4	1	1	0.26	0.2576	0.6	0.194	13	360	373	706	4	1	12	0	4	1	1	0.255833	0.258204	0.50875	0.174754	340	5035	5375
16778	12/6/2012	4	1	12	20	0	4	1	2	0.24	0.2576	0.6	0.1045	5	222	227	706	4	1	12	0	4	1	1	0.255833	0.258204	0.50875	0.174754	340	5035	5375
16779	12/6/2012	4	1	12	21	0	4	1	2	0.24	0.2424	0.6	0.1343	7	184	191	706	4	1	12	0	4	1	1	0.255833	0.258204	0.50875	0.174754	340	5035	5375
16780	12/6/2012	4	1	12	22	0	4	1	1	0.24	0.2424	0.65	0.1642	2	131	133	706	4	1	12	0	4	1	1	0.255833	0.258204	0.50875	0.174754	340	5035	5375
16781	12/6/2012	4	1	12	23	0	4	1	1	0.24	0.2424	0.65	0.1642	0	93	93	706	4	1	12	0	4	1	1	0.255833	0.258204	0.50875	0.174754	340	5035	5375
16782	12/7/2012	4	1	12	0	0	5	1	1	0.24	0.2576	0.7	0.1045	3	45	48	707	4	1	12	0	5	1	2	0.320833	0.321958	0.764167	0.1306	349	4659	5008
16783	12/7/2012	4	1	12	1	0	5	1	2	0.24	0.2273	0.7	0.194	2	26	28	707	4	1	12	0	5	1	2	0.320833	0.321958	0.764167	0.1306	349	4659	5008
16784	12/7/2012	4	1	12	2	0	5	1	2	0.26	0.2727	0.7	0.1343	0	11	11	707	4	1	12	0	5	1	2	0.320833	0.321958	0.764167	0.1306	349	4659	5008
16785	12/7/2012	4	1	12	3	0	5	1	2	0.26	0.2576	0.81	0.194	0	5	5	707	4	1	12	0	5	1	2	0.320833	0.321958	0.764167	0.1306	349	4659	5008
16786	12/7/2012	4	1	12	4	0	5	1	1	0.26	0.2727	0.75	0.1045	0	10	10	707	4	1	12	0	5	1	2	0.320833	0.321958	0.764167	0.1306	349	4659	5008
16787	12/7/2012	4	1	12	5	0	5	1	2	0.26	0.2727	0.81	0.1045	1	25	26	707	4	1	12	0	5	1	2	0.320833	0.321958	0.764167	0.1306	349	4659	5008
16788	12/7/2012	4	1	12	6	0	5	1	2	0.28	0.2727	0.75	0.1642	0	84	84	707	4	1	12	0	5	1	2	0.320833	0.321958	0.764167	0.1306	349	4659	5008
16789	12/7/2012	4	1	12	7	0	5	1	3	0.28	0.2727	0.81	0.1642	3	212	215	707	4	1	12	0	5	1	2	0.320833	0.321958	0.764167	0.1306	349	4659	5008
16790	12/7/2012	4	1	12	8	0	5	1	2	0.3	0.2879	0.75	0.194	11	430	441	707	4	1	12	0	5	1	2	0.320833	0.321958	0.764167	0.1306	349	4659	5008
16791	12/7/2012	4	1	12	9	0	5	1	2	0.3	0.303	0.81	0.1343	10	291	301	707	4	1	12	0	5	1	2	0.320833	0.321958	0.764167	0.1306	349	4659	5008
16792	12/7/2012	4	1	12	10	0	5	1	2	0.32	0.3182	0.76	0.1642	16	150	166	707	4	1	12	0	5	1	2	0.320833	0.321958	0.764167	0.1306	349	4659	5008
16793	12/7/2012	4	1	12	11	0	5	1	2	0.32	0.3182	0.76	0.194	20	183	203	707	4	1	12	0	5	1	2	0.320833	0.321958	0.764167	0.1306	349	4659	5008
16794	12/7/2012	4	1	12	12	0	5	1	2	0.34	0.3333	0.71	0.194	36	204	240	707	4	1	12	0	5	1	2	0.320833	0.321958	0.764167	0.1306	349	4659	5008
16795	12/7/2012	4	1	12	13	0	5	1	2	0.36	0.3485	0.66	0.1343	23	197	220	707	4	1	12	0	5	1	2	0.320833	0.321958	0.764167	0.1306	349	4659	5008
16796	12/7/2012	4	1	12	14	0	5	1	2	0.36	0.3485	0.71	0.1642	40	175	215	707	4	1	12	0	5	1	2	0.320833	0.321958	0.764167	0.1306	349	4659	5008
16797	12/7/2012	4	1	12	15	0	5	1	2	0.36	0.3485	0.71	0.1642	34	269	303	707	4	1	12	0	5	1	2	0.320833	0.321958	0.764167	0.1306	349	4659	5008
16798	12/7/2012	4	1	12	16	0	5	1	1	0.36	0.3485	0.76	0.1343	39	336	375	707	4	1	12	0	5	1	2	0.320833	0.321958	0.764167	0.1306	349	4659	5008
16799	12/7/2012	4	1	12	17	0	5	1	2	0.38	0.3939	0.66	0	29	539	568	707	4	1	12	0	5	1	2	0.320833	0.321958	0.764167	0.1306	349	4659	5008
16800	12/7/2012	4	1	12	18	0	5	1	2	0.38	0.3939	0.71	0.1045	25	473	498	707	4	1	12	0	5	1	2	0.320833	0.321958	0.764167	0.1306	349	4659	5008
16801	12/7/2012	4	1	12	19	0	5	1	2	0.38	0.3939	0.76	0	15	337	352	707	4	1	12	0	5	1	2	0.320833	0.321958	0.764167	0.1306	349	4659	5008
16802	12/7/2012	4	1	12	20	0	5	1	3	0.38	0.3939	0.76	0.1045	12	229	241	707	4	1	12	0	5	1	2	0.320833	0.321958	0.764167	0.1306	349	4659	5008
16803	12/7/2012	4	1	12	21	0	5	1	2	0.36	0.3636	0.93	0.1045	9	162	171	707	4	1	12	0	5	1	2	0.320833	0.321958	0.764167	0.1306	349	4659	5008
16804	12/7/2012	4	1	12	22	0	5	1	2	0.36	0.3636	0.93	0.0896	15	150	165	707	4	1	12	0	5	1	2	0.320833	0.321958	0.764167	0.1306	349	4659	5008
16805	12/7/2012	4	1	12	23	0	5	1	2	0.36	0.3636	0.93	0.0896	6	116	122	707	4	1	12	0	5	1	2	0.320833	0.321958	0.764167	0.1306	349	4659	5008
16806	12/8/2012	4	1	12	0	0	6	0	2	0.36	0.3636	0.93	0.0896	5	98	103	708	4	1	12	0	6	0	2	0.381667	0.389508	0.91125	0.101379	1153	4429	5582
16807	12/8/2012	4	1	12	1	0	6	0	2	0.36	0.3485	0.93	0.1343	16	84	100	708	4	1	12	0	6	0	2	0.381667	0.389508	0.91125	0.101379	1153	4429	5582
16808	12/8/2012	4	1	12	2	0	6	0	2	0.36	0.3485	0.93	0.1343	3	67	70	708	4	1	12	0	6	0	2	0.381667	0.389508	0.91125	0.101379	1153	4429	5582
16809	12/8/2012	4	1	12	3	0	6	0	2	0.36	0.3636	0.93	0.1045	6	23	29	708	4	1	12	0	6	0	2	0.381667	0.389508	0.91125	0.101379	1153	4429	5582
16810	12/8/2012	4	1	12	4	0	6	0	2	0.36	0.3788	0.93	0	3	9	12	708	4	1	12	0	6	0	2	0.381667	0.389508	0.91125	0.101379	1153	4429	5582
16811	12/8/2012	4	1	12	5	0	6	0	2	0.36	0.3636	0.93	0.1045	2	4	6	708	4	1	12	0	6	0	2	0.381667	0.389508	0.91125	0.101379	1153	4429	5582
16812	12/8/2012	4	1	12	6	0	6	0	2	0.36	0.3636	0.93	0.1045	1	19	20	708	4	1	12	0	6	0	2	0.381667	0.389508	0.91125	0.101379	1153	4429	5582
16813	12/8/2012	4	1	12	7	0	6	0	2	0.36	0.3636	1	0.0896	3	36	39	708	4	1	12	0	6	0	2	0.381667	0.389508	0.91125	0.101379	1153	4429	5582
16814	12/8/2012	4	1	12	8	0	6	0	2	0.38	0.3939	0.94	0.0896	5	106	111	708	4	1	12	0	6	0	2	0.381667	0.389508	0.91125	0.101379	1153	4429	5582
16815	12/8/2012	4	1	12	9	0	6	0	2	0.38	0.3939	0.94	0	17	153	170	708	4	1	12	0	6	0	2	0.381667	0.389508	0.91125	0.101379	1153	4429	5582
16816	12/8/2012	4	1	12	10	0	6	0	2	0.4	0.4091	0.87	0.1343	43	244	287	708	4	1	12	0	6	0	2	0.381667	0.389508	0.91125	0.101379	1153	4429	5582
16817	12/8/2012	4	1	12	11	0	6	0	2	0.4	0.4091	0.87	0.1045	63	341	404	708	4	1	12	0	6	0	2	0.381667	0.389508	0.91125	0.101379	1153	4429	5582
16818	12/8/2012	4	1	12	12	0	6	0	2	0.4	0.4091	0.87	0.2239	122	364	486	708	4	1	12	0	6	0	2	0.381667	0.389508	0.91125	0.101379	1153	4429	5582
16819	12/8/2012	4	1	12	13	0	6	0	2	0.4	0.4091	0.87	0.1642	148	399	547	708	4	1	12	0	6	0	2	0.381667	0.389508	0.91125	0.101379	1153	4429	5582
16820	12/8/2012	4	1	12	14	0	6	0	2	0.4	0.4091	0.87	0.2836	164	378	542	708	4	1	12	0	6	0	2	0.381667	0.389508	0.91125	0.101379	1153	4429	5582
16821	12/8/2012	4	1	12	15	0	6	0	1	0.42	0.4242	0.82	0.1642	167	374	541	708	4	1	12	0	6	0	2	0.381667	0.389508	0.91125	0.101379	1153	4429	5582
16822	12/8/2012	4	1	12	16	0	6	0	1	0.42	0.4242	0.82	0.1642	139	368	507	708	4	1	12	0	6	0	2	0.381667	0.389508	0.91125	0.101379	1153	4429	5582
16823	12/8/2012	4	1	12	17	0	6	0	1	0.38	0.3939	0.87	0.1343	77	268	345	708	4	1	12	0	6	0	2	0.381667	0.389508	0.91125	0.101379	1153	4429	5582
16824	12/8/2012	4	1	12	18	0	6	0	1	0.4	0.4091	0.87	0.1045	40	264	304	708	4	1	12	0	6	0	2	0.381667	0.389508	0.91125	0.101379	1153	4429	5582
16825	12/8/2012	4	1	12	19	0	6	0	1	0.4	0.4091	0.87	0	34	212	246	708	4	1	12	0	6	0	2	0.381667	0.389508	0.91125	0.101379	1153	4429	5582
16826	12/8/2012	4	1	12	20	0	6	0	2	0.36	0.3788	1	0	20	162	182	708	4	1	12	0	6	0	2	0.381667	0.389508	0.91125	0.101379	1153	4429	5582
16827	12/8/2012	4	1	12	21	0	6	0	2	0.36	0.3788	1	0	34	175	209	708	4	1	12	0	6	0	2	0.381667	0.389508	0.91125	0.101379	1153	4429	5582
16828	12/8/2012	4	1	12	22	0	6	0	2	0.38	0.3939	0.94	0.1045	23	137	160	708	4	1	12	0	6	0	2	0.381667	0.389508	0.91125	0.101379	1153	4429	5582
16829	12/8/2012	4	1	12	23	0	6	0	2	0.4	0.4091	0.94	0	18	144	162	708	4	1	12	0	6	0	2	0.381667	0.389508	0.91125	0.101379	1153	4429	5582
16830	12/9/2012	4	1	12	0	0	0	0	2	0.4	0.4091	0.87	0.1343	15	103	118	709	4	1	12	0	0	0	2	0.384167	0.390146	0.905417	0.157975	441	2787	3228
16831	12/9/2012	4	1	12	1	0	0	0	2	0.4	0.4091	0.87	0.1045	17	85	102	709	4	1	12	0	0	0	2	0.384167	0.390146	0.905417	0.157975	441	2787	3228
16832	12/9/2012	4	1	12	2	0	0	0	2	0.4	0.4091	0.87	0.1045	8	70	78	709	4	1	12	0	0	0	2	0.384167	0.390146	0.905417	0.157975	441	2787	3228
16833	12/9/2012	4	1	12	3	0	0	0	2	0.4	0.4091	0.87	0.1045	14	34	48	709	4	1	12	0	0	0	2	0.384167	0.390146	0.905417	0.157975	441	2787	3228
16834	12/9/2012	4	1	12	4	0	0	0	2	0.4	0.4091	0.94	0.1045	1	11	12	709	4	1	12	0	0	0	2	0.384167	0.390146	0.905417	0.157975	441	2787	3228
16835	12/9/2012	4	1	12	5	0	0	0	2	0.4	0.4091	0.87	0.1045	0	8	8	709	4	1	12	0	0	0	2	0.384167	0.390146	0.905417	0.157975	441	2787	3228
16836	12/9/2012	4	1	12	6	0	0	0	3	0.4	0.4091	0.94	0.1045	0	6	6	709	4	1	12	0	0	0	2	0.384167	0.390146	0.905417	0.157975	441	2787	3228
16837	12/9/2012	4	1	12	7	0	0	0	3	0.4	0.4091	0.87	0.2239	1	22	23	709	4	1	12	0	0	0	2	0.384167	0.390146	0.905417	0.157975	441	2787	3228
16838	12/9/2012	4	1	12	8	0	0	0	3	0.4	0.4091	0.87	0.1642	1	68	69	709	4	1	12	0	0	0	2	0.384167	0.390146	0.905417	0.157975	441	2787	3228
16839	12/9/2012	4	1	12	9	0	0	0	2	0.4	0.4091	0.87	0.2537	9	94	103	709	4	1	12	0	0	0	2	0.384167	0.390146	0.905417	0.157975	441	2787	3228
16840	12/9/2012	4	1	12	10	0	0	0	2	0.4	0.4091	0.87	0.2836	39	180	219	709	4	1	12	0	0	0	2	0.384167	0.390146	0.905417	0.157975	441	2787	3228
16841	12/9/2012	4	1	12	11	0	0	0	2	0.4	0.4091	0.87	0.2985	40	210	250	709	4	1	12	0	0	0	2	0.384167	0.390146	0.905417	0.157975	441	2787	3228
16842	12/9/2012	4	1	12	12	0	0	0	2	0.4	0.4091	0.82	0.2985	60	255	315	709	4	1	12	0	0	0	2	0.384167	0.390146	0.905417	0.157975	441	2787	3228
16843	12/9/2012	4	1	12	13	0	0	0	2	0.38	0.3939	0.87	0.2836	65	220	285	709	4	1	12	0	0	0	2	0.384167	0.390146	0.905417	0.157975	441	2787	3228
16844	12/9/2012	4	1	12	14	0	0	0	2	0.38	0.3939	0.87	0.194	42	190	232	709	4	1	12	0	0	0	2	0.384167	0.390146	0.905417	0.157975	441	2787	3228
16845	12/9/2012	4	1	12	15	0	0	0	3	0.36	0.3485	0.93	0.1642	25	200	225	709	4	1	12	0	0	0	2	0.384167	0.390146	0.905417	0.157975	441	2787	3228
16846	12/9/2012	4	1	12	16	0	0	0	3	0.36	0.3485	0.93	0.1642	33	220	253	709	4	1	12	0	0	0	2	0.384167	0.390146	0.905417	0.157975	441	2787	3228
16847	12/9/2012	4	1	12	17	0	0	0	3	0.36	0.3485	0.93	0.1343	20	209	229	709	4	1	12	0	0	0	2	0.384167	0.390146	0.905417	0.157975	441	2787	3228
16848	12/9/2012	4	1	12	18	0	0	0	3	0.36	0.3636	0.93	0.0896	17	181	198	709	4	1	12	0	0	0	2	0.384167	0.390146	0.905417	0.157975	441	2787	3228
16849	12/9/2012	4	1	12	19	0	0	0	3	0.38	0.3939	0.94	0.0896	12	110	122	709	4	1	12	0	0	0	2	0.384167	0.390146	0.905417	0.157975	441	2787	3228
16850	12/9/2012	4	1	12	20	0	0	0	3	0.36	0.3636	1	0.0896	6	102	108	709	4	1	12	0	0	0	2	0.384167	0.390146	0.905417	0.157975	441	2787	3228
16851	12/9/2012	4	1	12	21	0	0	0	2	0.36	0.3636	1	0.1045	10	86	96	709	4	1	12	0	0	0	2	0.384167	0.390146	0.905417	0.157975	441	2787	3228
16852	12/9/2012	4	1	12	22	0	0	0	3	0.36	0.3636	0.93	0.1045	3	75	78	709	4	1	12	0	0	0	2	0.384167	0.390146	0.905417	0.157975	441	2787	3228
16853	12/9/2012	4	1	12	23	0	0	0	3	0.36	0.3636	1	0.0896	3	48	51	709	4	1	12	0	0	0	2	0.384167	0.390146	0.905417	0.157975	441	2787	3228
16854	12/10/2012	4	1	12	0	0	1	1	3	0.36	0.3636	1	0.0896	0	20	20	710	4	1	12	0	1	1	2	0.435833	0.435575	0.925	0.190308	329	4841	5170
16855	12/10/2012	4	1	12	1	0	1	1	2	0.36	0.3788	1	0	0	4	4	710	4	1	12	0	1	1	2	0.435833	0.435575	0.925	0.190308	329	4841	5170
16856	12/10/2012	4	1	12	2	0	1	1	2	0.38	0.3939	0.94	0.1045	2	3	5	710	4	1	12	0	1	1	2	0.435833	0.435575	0.925	0.190308	329	4841	5170
16857	12/10/2012	4	1	12	3	0	1	1	2	0.38	0.3939	0.94	0.1045	0	4	4	710	4	1	12	0	1	1	2	0.435833	0.435575	0.925	0.190308	329	4841	5170
16858	12/10/2012	4	1	12	4	0	1	1	2	0.38	0.3939	0.94	0.1045	3	9	12	710	4	1	12	0	1	1	2	0.435833	0.435575	0.925	0.190308	329	4841	5170
16859	12/10/2012	4	1	12	5	0	1	1	2	0.38	0.3939	0.94	0.1045	0	27	27	710	4	1	12	0	1	1	2	0.435833	0.435575	0.925	0.190308	329	4841	5170
16860	12/10/2012	4	1	12	6	0	1	1	2	0.38	0.3939	0.94	0.1642	2	121	123	710	4	1	12	0	1	1	2	0.435833	0.435575	0.925	0.190308	329	4841	5170
16861	12/10/2012	4	1	12	7	0	1	1	2	0.38	0.3939	0.94	0.2537	3	291	294	710	4	1	12	0	1	1	2	0.435833	0.435575	0.925	0.190308	329	4841	5170
16862	12/10/2012	4	1	12	8	0	1	1	2	0.42	0.4242	1	0.2537	9	575	584	710	4	1	12	0	1	1	2	0.435833	0.435575	0.925	0.190308	329	4841	5170
16863	12/10/2012	4	1	12	9	0	1	1	2	0.42	0.4242	1	0.2239	11	273	284	710	4	1	12	0	1	1	2	0.435833	0.435575	0.925	0.190308	329	4841	5170
16864	12/10/2012	4	1	12	10	0	1	1	2	0.44	0.4394	0.94	0.2239	12	121	133	710	4	1	12	0	1	1	2	0.435833	0.435575	0.925	0.190308	329	4841	5170
16865	12/10/2012	4	1	12	11	0	1	1	3	0.46	0.4545	0.94	0.2239	8	126	134	710	4	1	12	0	1	1	2	0.435833	0.435575	0.925	0.190308	329	4841	5170
16866	12/10/2012	4	1	12	12	0	1	1	3	0.44	0.4394	1	0.2239	23	150	173	710	4	1	12	0	1	1	2	0.435833	0.435575	0.925	0.190308	329	4841	5170
16867	12/10/2012	4	1	12	13	0	1	1	3	0.44	0.4394	1	0.2239	30	190	220	710	4	1	12	0	1	1	2	0.435833	0.435575	0.925	0.190308	329	4841	5170
16868	12/10/2012	4	1	12	14	0	1	1	2	0.5	0.4848	0.94	0.2239	31	179	210	710	4	1	12	0	1	1	2	0.435833	0.435575	0.925	0.190308	329	4841	5170
16869	12/10/2012	4	1	12	15	0	1	1	2	0.5	0.4848	0.87	0.1642	29	207	236	710	4	1	12	0	1	1	2	0.435833	0.435575	0.925	0.190308	329	4841	5170
16870	12/10/2012	4	1	12	16	0	1	1	2	0.5	0.4848	0.88	0.1045	37	308	345	710	4	1	12	0	1	1	2	0.435833	0.435575	0.925	0.190308	329	4841	5170
16871	12/10/2012	4	1	12	17	0	1	1	2	0.48	0.4697	0.82	0.2836	38	578	616	710	4	1	12	0	1	1	2	0.435833	0.435575	0.925	0.190308	329	4841	5170
16872	12/10/2012	4	1	12	18	0	1	1	2	0.46	0.4545	0.88	0.2836	20	544	564	710	4	1	12	0	1	1	2	0.435833	0.435575	0.925	0.190308	329	4841	5170
16873	12/10/2012	4	1	12	19	0	1	1	1	0.52	0.5	0.77	0.2836	18	409	427	710	4	1	12	0	1	1	2	0.435833	0.435575	0.925	0.190308	329	4841	5170
16874	12/10/2012	4	1	12	20	0	1	1	1	0.46	0.4545	0.88	0.2537	13	287	300	710	4	1	12	0	1	1	2	0.435833	0.435575	0.925	0.190308	329	4841	5170
16875	12/10/2012	4	1	12	21	0	1	1	2	0.46	0.4545	0.94	0.194	21	224	245	710	4	1	12	0	1	1	2	0.435833	0.435575	0.925	0.190308	329	4841	5170
16876	12/10/2012	4	1	12	22	0	1	1	2	0.5	0.4848	0.82	0.2239	11	115	126	710	4	1	12	0	1	1	2	0.435833	0.435575	0.925	0.190308	329	4841	5170
16877	12/10/2012	4	1	12	23	0	1	1	1	0.46	0.4545	0.88	0.2537	8	76	84	710	4	1	12	0	1	1	2	0.435833	0.435575	0.925	0.190308	329	4841	5170
16878	12/11/2012	4	1	12	0	0	2	1	3	0.46	0.4545	0.77	0.4627	2	29	31	711	4	1	12	0	2	1	2	0.353333	0.338363	0.596667	0.296037	282	5219	5501
16879	12/11/2012	4	1	12	1	0	2	1	1	0.42	0.4242	0.71	0.4478	1	7	8	711	4	1	12	0	2	1	2	0.353333	0.338363	0.596667	0.296037	282	5219	5501
16880	12/11/2012	4	1	12	2	0	2	1	2	0.4	0.4091	0.66	0.3284	0	1	1	711	4	1	12	0	2	1	2	0.353333	0.338363	0.596667	0.296037	282	5219	5501
16881	12/11/2012	4	1	12	3	0	2	1	3	0.36	0.3333	0.76	0.2836	0	3	3	711	4	1	12	0	2	1	2	0.353333	0.338363	0.596667	0.296037	282	5219	5501
16882	12/11/2012	4	1	12	4	0	2	1	2	0.34	0.3182	0.76	0.2836	0	8	8	711	4	1	12	0	2	1	2	0.353333	0.338363	0.596667	0.296037	282	5219	5501
16883	12/11/2012	4	1	12	5	0	2	1	3	0.34	0.303	0.71	0.3284	1	40	41	711	4	1	12	0	2	1	2	0.353333	0.338363	0.596667	0.296037	282	5219	5501
16884	12/11/2012	4	1	12	6	0	2	1	2	0.34	0.303	0.71	0.2985	0	118	118	711	4	1	12	0	2	1	2	0.353333	0.338363	0.596667	0.296037	282	5219	5501
16885	12/11/2012	4	1	12	7	0	2	1	1	0.34	0.303	0.66	0.4179	8	372	380	711	4	1	12	0	2	1	2	0.353333	0.338363	0.596667	0.296037	282	5219	5501
16886	12/11/2012	4	1	12	8	0	2	1	2	0.34	0.303	0.61	0.2985	16	708	724	711	4	1	12	0	2	1	2	0.353333	0.338363	0.596667	0.296037	282	5219	5501
16887	12/11/2012	4	1	12	9	0	2	1	1	0.34	0.303	0.61	0.3881	12	322	334	711	4	1	12	0	2	1	2	0.353333	0.338363	0.596667	0.296037	282	5219	5501
16888	12/11/2012	4	1	12	10	0	2	1	1	0.36	0.3333	0.57	0.3284	12	142	154	711	4	1	12	0	2	1	2	0.353333	0.338363	0.596667	0.296037	282	5219	5501
16889	12/11/2012	4	1	12	11	0	2	1	2	0.36	0.3333	0.53	0.3582	28	145	173	711	4	1	12	0	2	1	2	0.353333	0.338363	0.596667	0.296037	282	5219	5501
16890	12/11/2012	4	1	12	12	0	2	1	2	0.36	0.3182	0.53	0.4478	13	213	226	711	4	1	12	0	2	1	2	0.353333	0.338363	0.596667	0.296037	282	5219	5501
16891	12/11/2012	4	1	12	13	0	2	1	2	0.38	0.3939	0.5	0.2239	28	226	254	711	4	1	12	0	2	1	2	0.353333	0.338363	0.596667	0.296037	282	5219	5501
16892	12/11/2012	4	1	12	14	0	2	1	2	0.38	0.3939	0.5	0.2239	19	185	204	711	4	1	12	0	2	1	2	0.353333	0.338363	0.596667	0.296037	282	5219	5501
16893	12/11/2012	4	1	12	15	0	2	1	2	0.38	0.3939	0.5	0.2239	20	250	270	711	4	1	12	0	2	1	2	0.353333	0.338363	0.596667	0.296037	282	5219	5501
16894	12/11/2012	4	1	12	16	0	2	1	2	0.38	0.3939	0.5	0.2239	24	334	358	711	4	1	12	0	2	1	2	0.353333	0.338363	0.596667	0.296037	282	5219	5501
16895	12/11/2012	4	1	12	17	0	2	1	1	0.32	0.303	0.53	0.2239	21	580	601	711	4	1	12	0	2	1	2	0.353333	0.338363	0.596667	0.296037	282	5219	5501
16896	12/11/2012	4	1	12	18	0	2	1	1	0.32	0.303	0.53	0.2239	23	523	546	711	4	1	12	0	2	1	2	0.353333	0.338363	0.596667	0.296037	282	5219	5501
16897	12/11/2012	4	1	12	19	0	2	1	1	0.32	0.303	0.53	0.2239	21	412	433	711	4	1	12	0	2	1	2	0.353333	0.338363	0.596667	0.296037	282	5219	5501
16898	12/11/2012	4	1	12	20	0	2	1	1	0.32	0.303	0.53	0.2239	9	248	257	711	4	1	12	0	2	1	2	0.353333	0.338363	0.596667	0.296037	282	5219	5501
16899	12/11/2012	4	1	12	21	0	2	1	1	0.32	0.3182	0.53	0.194	14	193	207	711	4	1	12	0	2	1	2	0.353333	0.338363	0.596667	0.296037	282	5219	5501
16900	12/11/2012	4	1	12	22	0	2	1	1	0.3	0.2879	0.56	0.2239	6	100	106	711	4	1	12	0	2	1	2	0.353333	0.338363	0.596667	0.296037	282	5219	5501
16901	12/11/2012	4	1	12	23	0	2	1	1	0.3	0.2879	0.52	0.2239	4	60	64	711	4	1	12	0	2	1	2	0.353333	0.338363	0.596667	0.296037	282	5219	5501
16902	12/12/2012	4	1	12	0	0	3	1	1	0.3	0.303	0.52	0.1642	1	33	34	712	4	1	12	0	3	1	2	0.2975	0.297338	0.538333	0.162937	310	5009	5319
16903	12/12/2012	4	1	12	1	0	3	1	1	0.28	0.2727	0.61	0.2239	3	18	21	712	4	1	12	0	3	1	2	0.2975	0.297338	0.538333	0.162937	310	5009	5319
16904	12/12/2012	4	1	12	2	0	3	1	1	0.28	0.2727	0.56	0.1642	5	4	9	712	4	1	12	0	3	1	2	0.2975	0.297338	0.538333	0.162937	310	5009	5319
16905	12/12/2012	4	1	12	3	0	3	1	1	0.26	0.2727	0.6	0.1343	3	7	10	712	4	1	12	0	3	1	2	0.2975	0.297338	0.538333	0.162937	310	5009	5319
16906	12/12/2012	4	1	12	4	0	3	1	1	0.26	0.303	0.6	0	0	4	4	712	4	1	12	0	3	1	2	0.2975	0.297338	0.538333	0.162937	310	5009	5319
16907	12/12/2012	4	1	12	5	0	3	1	1	0.26	0.2576	0.6	0.194	0	37	37	712	4	1	12	0	3	1	2	0.2975	0.297338	0.538333	0.162937	310	5009	5319
16908	12/12/2012	4	1	12	6	0	3	1	2	0.26	0.2424	0.6	0.2537	2	126	128	712	4	1	12	0	3	1	2	0.2975	0.297338	0.538333	0.162937	310	5009	5319
16909	12/12/2012	4	1	12	7	0	3	1	2	0.26	0.2576	0.6	0.194	3	366	369	712	4	1	12	0	3	1	2	0.2975	0.297338	0.538333	0.162937	310	5009	5319
16910	12/12/2012	4	1	12	8	0	3	1	2	0.26	0.2576	0.65	0.1642	18	670	688	712	4	1	12	0	3	1	2	0.2975	0.297338	0.538333	0.162937	310	5009	5319
16911	12/12/2012	4	1	12	9	0	3	1	2	0.28	0.2879	0.61	0.1343	13	272	285	712	4	1	12	0	3	1	2	0.2975	0.297338	0.538333	0.162937	310	5009	5319
16912	12/12/2012	4	1	12	10	0	3	1	2	0.3	0.303	0.56	0.1642	20	116	136	712	4	1	12	0	3	1	2	0.2975	0.297338	0.538333	0.162937	310	5009	5319
16913	12/12/2012	4	1	12	11	0	3	1	2	0.32	0.303	0.49	0.2239	24	148	172	712	4	1	12	0	3	1	2	0.2975	0.297338	0.538333	0.162937	310	5009	5319
16914	12/12/2012	4	1	12	12	0	3	1	2	0.34	0.3636	0.42	0	14	218	232	712	4	1	12	0	3	1	2	0.2975	0.297338	0.538333	0.162937	310	5009	5319
16915	12/12/2012	4	1	12	13	0	3	1	2	0.34	0.3636	0.42	0	18	220	238	712	4	1	12	0	3	1	2	0.2975	0.297338	0.538333	0.162937	310	5009	5319
16916	12/12/2012	4	1	12	14	0	3	1	2	0.34	0.3636	0.46	0	34	191	225	712	4	1	12	0	3	1	2	0.2975	0.297338	0.538333	0.162937	310	5009	5319
16917	12/12/2012	4	1	12	15	0	3	1	2	0.34	0.3485	0.46	0.1045	21	207	228	712	4	1	12	0	3	1	2	0.2975	0.297338	0.538333	0.162937	310	5009	5319
16918	12/12/2012	4	1	12	16	0	3	1	2	0.34	0.3333	0.46	0.1343	19	310	329	712	4	1	12	0	3	1	2	0.2975	0.297338	0.538333	0.162937	310	5009	5319
16919	12/12/2012	4	1	12	17	0	3	1	2	0.32	0.303	0.53	0.2239	21	540	561	712	4	1	12	0	3	1	2	0.2975	0.297338	0.538333	0.162937	310	5009	5319
16920	12/12/2012	4	1	12	18	0	3	1	2	0.32	0.303	0.49	0.2239	25	515	540	712	4	1	12	0	3	1	2	0.2975	0.297338	0.538333	0.162937	310	5009	5319
16921	12/12/2012	4	1	12	19	0	3	1	2	0.3	0.2879	0.56	0.2239	18	384	402	712	4	1	12	0	3	1	2	0.2975	0.297338	0.538333	0.162937	310	5009	5319
16922	12/12/2012	4	1	12	20	0	3	1	1	0.3	0.2879	0.52	0.2836	25	243	268	712	4	1	12	0	3	1	2	0.2975	0.297338	0.538333	0.162937	310	5009	5319
16923	12/12/2012	4	1	12	21	0	3	1	2	0.3	0.2879	0.52	0.2537	16	186	202	712	4	1	12	0	3	1	2	0.2975	0.297338	0.538333	0.162937	310	5009	5319
16924	12/12/2012	4	1	12	22	0	3	1	2	0.3	0.2879	0.52	0.2239	4	118	122	712	4	1	12	0	3	1	2	0.2975	0.297338	0.538333	0.162937	310	5009	5319
16925	12/12/2012	4	1	12	23	0	3	1	2	0.28	0.2727	0.56	0.2239	3	76	79	712	4	1	12	0	3	1	2	0.2975	0.297338	0.538333	0.162937	310	5009	5319
16926	12/13/2012	4	1	12	0	0	4	1	2	0.28	0.2727	0.52	0.2239	1	31	32	713	4	1	12	0	4	1	1	0.295833	0.294188	0.485833	0.174129	425	5107	5532
16927	12/13/2012	4	1	12	1	0	4	1	2	0.28	0.2576	0.52	0.2836	4	19	23	713	4	1	12	0	4	1	1	0.295833	0.294188	0.485833	0.174129	425	5107	5532
16928	12/13/2012	4	1	12	2	0	4	1	2	0.26	0.2424	0.56	0.2537	3	5	8	713	4	1	12	0	4	1	1	0.295833	0.294188	0.485833	0.174129	425	5107	5532
16929	12/13/2012	4	1	12	3	0	4	1	2	0.26	0.2424	0.56	0.2836	0	2	2	713	4	1	12	0	4	1	1	0.295833	0.294188	0.485833	0.174129	425	5107	5532
16930	12/13/2012	4	1	12	4	0	4	1	2	0.26	0.2576	0.56	0.194	0	8	8	713	4	1	12	0	4	1	1	0.295833	0.294188	0.485833	0.174129	425	5107	5532
16931	12/13/2012	4	1	12	5	0	4	1	2	0.26	0.2576	0.56	0.1642	2	31	33	713	4	1	12	0	4	1	1	0.295833	0.294188	0.485833	0.174129	425	5107	5532
16932	12/13/2012	4	1	12	6	0	4	1	1	0.26	0.2424	0.56	0.2537	2	112	114	713	4	1	12	0	4	1	1	0.295833	0.294188	0.485833	0.174129	425	5107	5532
16933	12/13/2012	4	1	12	7	0	4	1	1	0.24	0.2273	0.6	0.2239	5	380	385	713	4	1	12	0	4	1	1	0.295833	0.294188	0.485833	0.174129	425	5107	5532
16934	12/13/2012	4	1	12	8	0	4	1	1	0.24	0.2273	0.6	0.194	24	655	679	713	4	1	12	0	4	1	1	0.295833	0.294188	0.485833	0.174129	425	5107	5532
16935	12/13/2012	4	1	12	9	0	4	1	1	0.28	0.2727	0.52	0.2537	25	300	325	713	4	1	12	0	4	1	1	0.295833	0.294188	0.485833	0.174129	425	5107	5532
16936	12/13/2012	4	1	12	10	0	4	1	1	0.32	0.303	0.45	0.2836	28	139	167	713	4	1	12	0	4	1	1	0.295833	0.294188	0.485833	0.174129	425	5107	5532
16937	12/13/2012	4	1	12	11	0	4	1	1	0.34	0.3182	0.42	0.2537	25	164	189	713	4	1	12	0	4	1	1	0.295833	0.294188	0.485833	0.174129	425	5107	5532
16938	12/13/2012	4	1	12	12	0	4	1	1	0.36	0.3333	0.4	0.2537	30	252	282	713	4	1	12	0	4	1	1	0.295833	0.294188	0.485833	0.174129	425	5107	5532
16939	12/13/2012	4	1	12	13	0	4	1	1	0.36	0.3485	0.34	0.194	41	230	271	713	4	1	12	0	4	1	1	0.295833	0.294188	0.485833	0.174129	425	5107	5532
16940	12/13/2012	4	1	12	14	0	4	1	1	0.36	0.3485	0.34	0.1642	31	211	242	713	4	1	12	0	4	1	1	0.295833	0.294188	0.485833	0.174129	425	5107	5532
16941	12/13/2012	4	1	12	15	0	4	1	1	0.36	0.3485	0.34	0.1343	40	240	280	713	4	1	12	0	4	1	1	0.295833	0.294188	0.485833	0.174129	425	5107	5532
16942	12/13/2012	4	1	12	16	0	4	1	1	0.34	0.3485	0.39	0.1045	50	356	406	713	4	1	12	0	4	1	1	0.295833	0.294188	0.485833	0.174129	425	5107	5532
16943	12/13/2012	4	1	12	17	0	4	1	1	0.32	0.3333	0.42	0.1045	43	507	550	713	4	1	12	0	4	1	1	0.295833	0.294188	0.485833	0.174129	425	5107	5532
16944	12/13/2012	4	1	12	18	0	4	1	1	0.32	0.3333	0.42	0.1045	20	446	466	713	4	1	12	0	4	1	1	0.295833	0.294188	0.485833	0.174129	425	5107	5532
16945	12/13/2012	4	1	12	19	0	4	1	1	0.3	0.303	0.45	0.1642	20	328	348	713	4	1	12	0	4	1	1	0.295833	0.294188	0.485833	0.174129	425	5107	5532
16946	12/13/2012	4	1	12	20	0	4	1	1	0.3	0.3333	0.45	0	6	235	241	713	4	1	12	0	4	1	1	0.295833	0.294188	0.485833	0.174129	425	5107	5532
16947	12/13/2012	4	1	12	21	0	4	1	1	0.28	0.3182	0.48	0	13	200	213	713	4	1	12	0	4	1	1	0.295833	0.294188	0.485833	0.174129	425	5107	5532
16948	12/13/2012	4	1	12	22	0	4	1	1	0.26	0.2879	0.6	0.0896	7	141	148	713	4	1	12	0	4	1	1	0.295833	0.294188	0.485833	0.174129	425	5107	5532
16949	12/13/2012	4	1	12	23	0	4	1	1	0.26	0.303	0.6	0	5	115	120	713	4	1	12	0	4	1	1	0.295833	0.294188	0.485833	0.174129	425	5107	5532
16950	12/14/2012	4	1	12	0	0	5	1	1	0.22	0.2576	0.64	0.0896	4	43	47	714	4	1	12	0	5	1	1	0.281667	0.294192	0.642917	0.131229	429	5182	5611
16951	12/14/2012	4	1	12	1	0	5	1	1	0.22	0.2576	0.69	0.0896	0	26	26	714	4	1	12	0	5	1	1	0.281667	0.294192	0.642917	0.131229	429	5182	5611
16952	12/14/2012	4	1	12	2	0	5	1	1	0.22	0.2727	0.69	0	3	6	9	714	4	1	12	0	5	1	1	0.281667	0.294192	0.642917	0.131229	429	5182	5611
16953	12/14/2012	4	1	12	3	0	5	1	1	0.2	0.2273	0.69	0.1045	0	12	12	714	4	1	12	0	5	1	1	0.281667	0.294192	0.642917	0.131229	429	5182	5611
16954	12/14/2012	4	1	12	4	0	5	1	1	0.2	0.2273	0.75	0.0896	1	9	10	714	4	1	12	0	5	1	1	0.281667	0.294192	0.642917	0.131229	429	5182	5611
16955	12/14/2012	4	1	12	5	0	5	1	1	0.2	0.2273	0.69	0.1045	0	34	34	714	4	1	12	0	5	1	1	0.281667	0.294192	0.642917	0.131229	429	5182	5611
16956	12/14/2012	4	1	12	6	0	5	1	1	0.16	0.1818	0.8	0.1045	1	112	113	714	4	1	12	0	5	1	1	0.281667	0.294192	0.642917	0.131229	429	5182	5611
16957	12/14/2012	4	1	12	7	0	5	1	1	0.2	0.2121	0.72	0.1045	3	305	308	714	4	1	12	0	5	1	1	0.281667	0.294192	0.642917	0.131229	429	5182	5611
16958	12/14/2012	4	1	12	8	0	5	1	1	0.2	0.2273	0.69	0.0896	13	623	636	714	4	1	12	0	5	1	1	0.281667	0.294192	0.642917	0.131229	429	5182	5611
16959	12/14/2012	4	1	12	9	0	5	1	1	0.24	0.2424	0.75	0.1343	13	330	343	714	4	1	12	0	5	1	1	0.281667	0.294192	0.642917	0.131229	429	5182	5611
16960	12/14/2012	4	1	12	10	0	5	1	1	0.26	0.2576	0.81	0.194	28	162	190	714	4	1	12	0	5	1	1	0.281667	0.294192	0.642917	0.131229	429	5182	5611
16961	12/14/2012	4	1	12	11	0	5	1	1	0.32	0.303	0.65	0.194	31	180	211	714	4	1	12	0	5	1	1	0.281667	0.294192	0.642917	0.131229	429	5182	5611
16962	12/14/2012	4	1	12	12	0	5	1	1	0.36	0.3485	0.5	0.194	29	244	273	714	4	1	12	0	5	1	1	0.281667	0.294192	0.642917	0.131229	429	5182	5611
16963	12/14/2012	4	1	12	13	0	5	1	1	0.36	0.3485	0.5	0.2239	39	274	313	714	4	1	12	0	5	1	1	0.281667	0.294192	0.642917	0.131229	429	5182	5611
16964	12/14/2012	4	1	12	14	0	5	1	1	0.4	0.4091	0.43	0.194	48	251	299	714	4	1	12	0	5	1	1	0.281667	0.294192	0.642917	0.131229	429	5182	5611
16965	12/14/2012	4	1	12	15	0	5	1	1	0.4	0.4091	0.47	0.1642	57	252	309	714	4	1	12	0	5	1	1	0.281667	0.294192	0.642917	0.131229	429	5182	5611
16966	12/14/2012	4	1	12	16	0	5	1	1	0.38	0.3939	0.54	0.194	45	372	417	714	4	1	12	0	5	1	1	0.281667	0.294192	0.642917	0.131229	429	5182	5611
16967	12/14/2012	4	1	12	17	0	5	1	1	0.34	0.3333	0.57	0.1642	40	582	622	714	4	1	12	0	5	1	1	0.281667	0.294192	0.642917	0.131229	429	5182	5611
16968	12/14/2012	4	1	12	18	0	5	1	1	0.36	0.3485	0.46	0.1343	23	432	455	714	4	1	12	0	5	1	1	0.281667	0.294192	0.642917	0.131229	429	5182	5611
16969	12/14/2012	4	1	12	19	0	5	1	1	0.34	0.3485	0.53	0.0896	17	302	319	714	4	1	12	0	5	1	1	0.281667	0.294192	0.642917	0.131229	429	5182	5611
16970	12/14/2012	4	1	12	20	0	5	1	1	0.32	0.3333	0.61	0.1343	12	209	221	714	4	1	12	0	5	1	1	0.281667	0.294192	0.642917	0.131229	429	5182	5611
16971	12/14/2012	4	1	12	21	0	5	1	1	0.3	0.303	0.75	0.1642	7	165	172	714	4	1	12	0	5	1	1	0.281667	0.294192	0.642917	0.131229	429	5182	5611
16972	12/14/2012	4	1	12	22	0	5	1	1	0.28	0.2879	0.75	0.1045	4	134	138	714	4	1	12	0	5	1	1	0.281667	0.294192	0.642917	0.131229	429	5182	5611
16973	12/14/2012	4	1	12	23	0	5	1	1	0.28	0.303	0.75	0.0896	11	123	134	714	4	1	12	0	5	1	1	0.281667	0.294192	0.642917	0.131229	429	5182	5611
16974	12/15/2012	4	1	12	0	0	6	0	1	0.3	0.3333	0.7	0	4	90	94	715	4	1	12	0	6	0	1	0.324167	0.338383	0.650417	0.10635	767	4280	5047
16975	12/15/2012	4	1	12	1	0	6	0	2	0.26	0.2879	0.81	0.0896	9	86	95	715	4	1	12	0	6	0	1	0.324167	0.338383	0.650417	0.10635	767	4280	5047
16976	12/15/2012	4	1	12	2	0	6	0	1	0.26	0.303	0.81	0	6	63	69	715	4	1	12	0	6	0	1	0.324167	0.338383	0.650417	0.10635	767	4280	5047
16977	12/15/2012	4	1	12	3	0	6	0	2	0.24	0.2879	0.81	0	5	18	23	715	4	1	12	0	6	0	1	0.324167	0.338383	0.650417	0.10635	767	4280	5047
16978	12/15/2012	4	1	12	4	0	6	0	2	0.24	0.2576	0.87	0.1045	1	5	6	715	4	1	12	0	6	0	1	0.324167	0.338383	0.650417	0.10635	767	4280	5047
16979	12/15/2012	4	1	12	5	0	6	0	2	0.26	0.303	0.75	0	0	3	3	715	4	1	12	0	6	0	1	0.324167	0.338383	0.650417	0.10635	767	4280	5047
16980	12/15/2012	4	1	12	6	0	6	0	2	0.24	0.2879	0.75	0	0	11	11	715	4	1	12	0	6	0	1	0.324167	0.338383	0.650417	0.10635	767	4280	5047
16981	12/15/2012	4	1	12	7	0	6	0	2	0.24	0.2576	0.75	0.0896	1	47	48	715	4	1	12	0	6	0	1	0.324167	0.338383	0.650417	0.10635	767	4280	5047
16982	12/15/2012	4	1	12	8	0	6	0	2	0.26	0.2879	0.75	0.0896	8	111	119	715	4	1	12	0	6	0	1	0.324167	0.338383	0.650417	0.10635	767	4280	5047
16983	12/15/2012	4	1	12	9	0	6	0	1	0.26	0.2727	0.75	0.1045	17	203	220	715	4	1	12	0	6	0	1	0.324167	0.338383	0.650417	0.10635	767	4280	5047
16984	12/15/2012	4	1	12	10	0	6	0	1	0.32	0.3182	0.61	0.1642	23	250	273	715	4	1	12	0	6	0	1	0.324167	0.338383	0.650417	0.10635	767	4280	5047
16985	12/15/2012	4	1	12	11	0	6	0	1	0.34	0.3485	0.61	0.0896	66	327	393	715	4	1	12	0	6	0	1	0.324167	0.338383	0.650417	0.10635	767	4280	5047
16986	12/15/2012	4	1	12	12	0	6	0	1	0.38	0.3939	0.5	0.0896	89	364	453	715	4	1	12	0	6	0	1	0.324167	0.338383	0.650417	0.10635	767	4280	5047
16987	12/15/2012	4	1	12	13	0	6	0	1	0.38	0.3939	0.54	0.2537	88	368	456	715	4	1	12	0	6	0	1	0.324167	0.338383	0.650417	0.10635	767	4280	5047
16988	12/15/2012	4	1	12	14	0	6	0	1	0.4	0.4091	0.5	0.1642	92	334	426	715	4	1	12	0	6	0	1	0.324167	0.338383	0.650417	0.10635	767	4280	5047
16989	12/15/2012	4	1	12	15	0	6	0	1	0.42	0.4242	0.47	0	95	352	447	715	4	1	12	0	6	0	1	0.324167	0.338383	0.650417	0.10635	767	4280	5047
16990	12/15/2012	4	1	12	16	0	6	0	1	0.4	0.4091	0.5	0.1343	85	328	413	715	4	1	12	0	6	0	1	0.324167	0.338383	0.650417	0.10635	767	4280	5047
16991	12/15/2012	4	1	12	17	0	6	0	1	0.4	0.4091	0.5	0.2239	35	274	309	715	4	1	12	0	6	0	1	0.324167	0.338383	0.650417	0.10635	767	4280	5047
16992	12/15/2012	4	1	12	18	0	6	0	1	0.38	0.3939	0.58	0.1642	40	232	272	715	4	1	12	0	6	0	1	0.324167	0.338383	0.650417	0.10635	767	4280	5047
16993	12/15/2012	4	1	12	19	0	6	0	1	0.36	0.3485	0.62	0.1343	32	225	257	715	4	1	12	0	6	0	1	0.324167	0.338383	0.650417	0.10635	767	4280	5047
16994	12/15/2012	4	1	12	20	0	6	0	2	0.36	0.3485	0.57	0.194	23	178	201	715	4	1	12	0	6	0	1	0.324167	0.338383	0.650417	0.10635	767	4280	5047
16995	12/15/2012	4	1	12	21	0	6	0	1	0.36	0.3485	0.62	0.1343	15	169	184	715	4	1	12	0	6	0	1	0.324167	0.338383	0.650417	0.10635	767	4280	5047
16996	12/15/2012	4	1	12	22	0	6	0	1	0.36	0.3485	0.62	0.194	22	134	156	715	4	1	12	0	6	0	1	0.324167	0.338383	0.650417	0.10635	767	4280	5047
16997	12/15/2012	4	1	12	23	0	6	0	2	0.36	0.3485	0.62	0.1343	11	108	119	715	4	1	12	0	6	0	1	0.324167	0.338383	0.650417	0.10635	767	4280	5047
16998	12/16/2012	4	1	12	0	0	0	0	2	0.36	0.3788	0.62	0	8	102	110	716	4	1	12	0	0	0	2	0.3625	0.369938	0.83875	0.100742	538	3248	3786
16999	12/16/2012	4	1	12	1	0	0	0	3	0.34	0.3485	0.76	0.1045	14	82	96	716	4	1	12	0	0	0	2	0.3625	0.369938	0.83875	0.100742	538	3248	3786
17000	12/16/2012	4	1	12	2	0	0	0	2	0.34	0.3485	0.87	0.0896	8	79	87	716	4	1	12	0	0	0	2	0.3625	0.369938	0.83875	0.100742	538	3248	3786
17001	12/16/2012	4	1	12	3	0	0	0	2	0.34	0.3333	0.87	0.194	1	37	38	716	4	1	12	0	0	0	2	0.3625	0.369938	0.83875	0.100742	538	3248	3786
17002	12/16/2012	4	1	12	4	0	0	0	2	0.34	0.3636	0.87	0	1	10	11	716	4	1	12	0	0	0	2	0.3625	0.369938	0.83875	0.100742	538	3248	3786
17003	12/16/2012	4	1	12	5	0	0	0	2	0.34	0.3636	0.87	0	0	9	9	716	4	1	12	0	0	0	2	0.3625	0.369938	0.83875	0.100742	538	3248	3786
17004	12/16/2012	4	1	12	6	0	0	0	2	0.34	0.3636	0.87	0	0	6	6	716	4	1	12	0	0	0	2	0.3625	0.369938	0.83875	0.100742	538	3248	3786
17005	12/16/2012	4	1	12	7	0	0	0	2	0.34	0.3485	0.87	0.0896	5	22	27	716	4	1	12	0	0	0	2	0.3625	0.369938	0.83875	0.100742	538	3248	3786
17006	12/16/2012	4	1	12	8	0	0	0	2	0.36	0.3485	0.87	0.1343	12	76	88	716	4	1	12	0	0	0	2	0.3625	0.369938	0.83875	0.100742	538	3248	3786
17007	12/16/2012	4	1	12	9	0	0	0	2	0.36	0.3485	0.87	0.1343	19	113	132	716	4	1	12	0	0	0	2	0.3625	0.369938	0.83875	0.100742	538	3248	3786
17008	12/16/2012	4	1	12	10	0	0	0	2	0.36	0.3485	0.87	0.1343	42	215	257	716	4	1	12	0	0	0	2	0.3625	0.369938	0.83875	0.100742	538	3248	3786
17009	12/16/2012	4	1	12	11	0	0	0	2	0.36	0.3485	0.87	0.1343	47	248	295	716	4	1	12	0	0	0	2	0.3625	0.369938	0.83875	0.100742	538	3248	3786
17010	12/16/2012	4	1	12	12	0	0	0	2	0.38	0.3939	0.82	0.194	67	350	417	716	4	1	12	0	0	0	2	0.3625	0.369938	0.83875	0.100742	538	3248	3786
17011	12/16/2012	4	1	12	13	0	0	0	2	0.38	0.3939	0.76	0.194	67	289	356	716	4	1	12	0	0	0	2	0.3625	0.369938	0.83875	0.100742	538	3248	3786
17012	12/16/2012	4	1	12	14	0	0	0	2	0.38	0.3939	0.76	0.1343	50	260	310	716	4	1	12	0	0	0	2	0.3625	0.369938	0.83875	0.100742	538	3248	3786
17013	12/16/2012	4	1	12	15	0	0	0	2	0.38	0.3939	0.82	0.1045	46	292	338	716	4	1	12	0	0	0	2	0.3625	0.369938	0.83875	0.100742	538	3248	3786
17014	12/16/2012	4	1	12	16	0	0	0	2	0.38	0.3939	0.82	0.1045	66	334	400	716	4	1	12	0	0	0	2	0.3625	0.369938	0.83875	0.100742	538	3248	3786
17015	12/16/2012	4	1	12	17	0	0	0	2	0.38	0.3939	0.82	0.1045	29	214	243	716	4	1	12	0	0	0	2	0.3625	0.369938	0.83875	0.100742	538	3248	3786
17016	12/16/2012	4	1	12	18	0	0	0	3	0.38	0.3939	0.82	0.1045	8	99	107	716	4	1	12	0	0	0	2	0.3625	0.369938	0.83875	0.100742	538	3248	3786
17017	12/16/2012	4	1	12	19	0	0	0	1	0.36	0.3485	0.93	0.1343	10	99	109	716	4	1	12	0	0	0	2	0.3625	0.369938	0.83875	0.100742	538	3248	3786
17018	12/16/2012	4	1	12	20	0	0	0	2	0.38	0.3939	0.82	0	14	108	122	716	4	1	12	0	0	0	2	0.3625	0.369938	0.83875	0.100742	538	3248	3786
17019	12/16/2012	4	1	12	21	0	0	0	2	0.36	0.3788	0.93	0	14	92	106	716	4	1	12	0	0	0	2	0.3625	0.369938	0.83875	0.100742	538	3248	3786
17020	12/16/2012	4	1	12	22	0	0	0	2	0.4	0.4091	0.82	0.194	6	83	89	716	4	1	12	0	0	0	2	0.3625	0.369938	0.83875	0.100742	538	3248	3786
17021	12/16/2012	4	1	12	23	0	0	0	2	0.36	0.3485	0.93	0.1343	4	29	33	716	4	1	12	0	0	0	2	0.3625	0.369938	0.83875	0.100742	538	3248	3786
17022	12/17/2012	4	1	12	0	0	1	1	2	0.38	0.3939	0.87	0	2	26	28	717	4	1	12	0	1	1	2	0.393333	0.4015	0.907083	0.0982583	212	4373	4585
17023	12/17/2012	4	1	12	1	0	1	1	2	0.38	0.3939	0.87	0.1045	1	14	15	717	4	1	12	0	1	1	2	0.393333	0.4015	0.907083	0.0982583	212	4373	4585
17024	12/17/2012	4	1	12	2	0	1	1	2	0.38	0.3939	0.94	0	1	4	5	717	4	1	12	0	1	1	2	0.393333	0.4015	0.907083	0.0982583	212	4373	4585
17025	12/17/2012	4	1	12	3	0	1	1	2	0.36	0.3788	0.93	0	0	3	3	717	4	1	12	0	1	1	2	0.393333	0.4015	0.907083	0.0982583	212	4373	4585
17026	12/17/2012	4	1	12	4	0	1	1	3	0.36	0.3788	1	0	2	3	5	717	4	1	12	0	1	1	2	0.393333	0.4015	0.907083	0.0982583	212	4373	4585
17027	12/17/2012	4	1	12	5	0	1	1	2	0.38	0.3939	0.87	0	0	24	24	717	4	1	12	0	1	1	2	0.393333	0.4015	0.907083	0.0982583	212	4373	4585
17028	12/17/2012	4	1	12	6	0	1	1	2	0.36	0.3485	0.93	0.1343	1	107	108	717	4	1	12	0	1	1	2	0.393333	0.4015	0.907083	0.0982583	212	4373	4585
17029	12/17/2012	4	1	12	7	0	1	1	2	0.36	0.3485	0.93	0.1343	5	314	319	717	4	1	12	0	1	1	2	0.393333	0.4015	0.907083	0.0982583	212	4373	4585
17030	12/17/2012	4	1	12	8	0	1	1	2	0.38	0.3939	0.87	0.1045	10	582	592	717	4	1	12	0	1	1	2	0.393333	0.4015	0.907083	0.0982583	212	4373	4585
17031	12/17/2012	4	1	12	9	0	1	1	2	0.4	0.4091	0.87	0	11	271	282	717	4	1	12	0	1	1	2	0.393333	0.4015	0.907083	0.0982583	212	4373	4585
17032	12/17/2012	4	1	12	10	0	1	1	2	0.38	0.3939	0.87	0.0896	15	120	135	717	4	1	12	0	1	1	2	0.393333	0.4015	0.907083	0.0982583	212	4373	4585
17033	12/17/2012	4	1	12	11	0	1	1	2	0.4	0.4091	0.87	0.0896	22	148	170	717	4	1	12	0	1	1	2	0.393333	0.4015	0.907083	0.0982583	212	4373	4585
17034	12/17/2012	4	1	12	12	0	1	1	2	0.4	0.4091	0.87	0	21	211	232	717	4	1	12	0	1	1	2	0.393333	0.4015	0.907083	0.0982583	212	4373	4585
17035	12/17/2012	4	1	12	13	0	1	1	2	0.4	0.4091	0.87	0.1343	16	194	210	717	4	1	12	0	1	1	2	0.393333	0.4015	0.907083	0.0982583	212	4373	4585
17036	12/17/2012	4	1	12	14	0	1	1	2	0.4	0.4091	0.87	0.0896	12	169	181	717	4	1	12	0	1	1	2	0.393333	0.4015	0.907083	0.0982583	212	4373	4585
17037	12/17/2012	4	1	12	15	0	1	1	2	0.42	0.4242	0.88	0	15	196	211	717	4	1	12	0	1	1	2	0.393333	0.4015	0.907083	0.0982583	212	4373	4585
17038	12/17/2012	4	1	12	16	0	1	1	3	0.4	0.4091	0.94	0.2537	15	287	302	717	4	1	12	0	1	1	2	0.393333	0.4015	0.907083	0.0982583	212	4373	4585
17039	12/17/2012	4	1	12	17	0	1	1	2	0.4	0.4091	0.94	0.2537	17	478	495	717	4	1	12	0	1	1	2	0.393333	0.4015	0.907083	0.0982583	212	4373	4585
17040	12/17/2012	4	1	12	18	0	1	1	2	0.4	0.4091	0.94	0.0896	14	493	507	717	4	1	12	0	1	1	2	0.393333	0.4015	0.907083	0.0982583	212	4373	4585
17041	12/17/2012	4	1	12	19	0	1	1	2	0.42	0.4242	0.88	0.1343	7	333	340	717	4	1	12	0	1	1	2	0.393333	0.4015	0.907083	0.0982583	212	4373	4585
17042	12/17/2012	4	1	12	20	0	1	1	2	0.42	0.4242	0.94	0.2537	8	192	200	717	4	1	12	0	1	1	2	0.393333	0.4015	0.907083	0.0982583	212	4373	4585
17043	12/17/2012	4	1	12	21	0	1	1	2	0.42	0.4242	0.94	0.1343	6	114	120	717	4	1	12	0	1	1	2	0.393333	0.4015	0.907083	0.0982583	212	4373	4585
17044	12/17/2012	4	1	12	22	0	1	1	2	0.42	0.4242	0.94	0.1343	5	49	54	717	4	1	12	0	1	1	2	0.393333	0.4015	0.907083	0.0982583	212	4373	4585
17045	12/17/2012	4	1	12	23	0	1	1	3	0.42	0.4242	0.94	0.2239	6	41	47	717	4	1	12	0	1	1	2	0.393333	0.4015	0.907083	0.0982583	212	4373	4585
17046	12/18/2012	4	1	12	0	0	2	1	2	0.44	0.4394	0.94	0.1343	0	18	18	718	4	1	12	0	2	1	1	0.410833	0.409708	0.66625	0.221404	433	5124	5557
17047	12/18/2012	4	1	12	1	0	2	1	2	0.44	0.4394	0.94	0.1343	0	15	15	718	4	1	12	0	2	1	1	0.410833	0.409708	0.66625	0.221404	433	5124	5557
17048	12/18/2012	4	1	12	2	0	2	1	2	0.44	0.4394	0.88	0.2239	2	5	7	718	4	1	12	0	2	1	1	0.410833	0.409708	0.66625	0.221404	433	5124	5557
17049	12/18/2012	4	1	12	3	0	2	1	1	0.42	0.4242	0.88	0.194	0	5	5	718	4	1	12	0	2	1	1	0.410833	0.409708	0.66625	0.221404	433	5124	5557
17050	12/18/2012	4	1	12	4	0	2	1	1	0.42	0.4242	0.82	0.1642	3	5	8	718	4	1	12	0	2	1	1	0.410833	0.409708	0.66625	0.221404	433	5124	5557
17051	12/18/2012	4	1	12	5	0	2	1	1	0.38	0.3939	0.87	0.0896	0	36	36	718	4	1	12	0	2	1	1	0.410833	0.409708	0.66625	0.221404	433	5124	5557
17052	12/18/2012	4	1	12	6	0	2	1	1	0.36	0.3485	0.93	0.1642	1	117	118	718	4	1	12	0	2	1	1	0.410833	0.409708	0.66625	0.221404	433	5124	5557
17053	12/18/2012	4	1	12	7	0	2	1	1	0.36	0.3485	0.93	0.1343	4	351	355	718	4	1	12	0	2	1	1	0.410833	0.409708	0.66625	0.221404	433	5124	5557
17054	12/18/2012	4	1	12	8	0	2	1	1	0.38	0.3939	0.94	0	10	652	662	718	4	1	12	0	2	1	1	0.410833	0.409708	0.66625	0.221404	433	5124	5557
17055	12/18/2012	4	1	12	9	0	2	1	1	0.4	0.4091	0.87	0.0896	19	307	326	718	4	1	12	0	2	1	1	0.410833	0.409708	0.66625	0.221404	433	5124	5557
17056	12/18/2012	4	1	12	10	0	2	1	1	0.44	0.4394	0.77	0.0896	22	162	184	718	4	1	12	0	2	1	1	0.410833	0.409708	0.66625	0.221404	433	5124	5557
17057	12/18/2012	4	1	12	11	0	2	1	1	0.48	0.4697	0.63	0.2239	58	211	269	718	4	1	12	0	2	1	1	0.410833	0.409708	0.66625	0.221404	433	5124	5557
17058	12/18/2012	4	1	12	12	0	2	1	3	0.48	0.4697	0.48	0.2537	49	264	313	718	4	1	12	0	2	1	1	0.410833	0.409708	0.66625	0.221404	433	5124	5557
17059	12/18/2012	4	1	12	13	0	2	1	1	0.5	0.4848	0.42	0.2836	51	235	286	718	4	1	12	0	2	1	1	0.410833	0.409708	0.66625	0.221404	433	5124	5557
17060	12/18/2012	4	1	12	14	0	2	1	1	0.46	0.4545	0.47	0.4478	56	191	247	718	4	1	12	0	2	1	1	0.410833	0.409708	0.66625	0.221404	433	5124	5557
17061	12/18/2012	4	1	12	15	0	2	1	1	0.46	0.4545	0.44	0.4925	28	218	246	718	4	1	12	0	2	1	1	0.410833	0.409708	0.66625	0.221404	433	5124	5557
17062	12/18/2012	4	1	12	16	0	2	1	1	0.44	0.4394	0.41	0.4627	40	323	363	718	4	1	12	0	2	1	1	0.410833	0.409708	0.66625	0.221404	433	5124	5557
17063	12/18/2012	4	1	12	17	0	2	1	1	0.4	0.4091	0.47	0.4478	39	533	572	718	4	1	12	0	2	1	1	0.410833	0.409708	0.66625	0.221404	433	5124	5557
17064	12/18/2012	4	1	12	18	0	2	1	1	0.38	0.3939	0.46	0.3284	13	512	525	718	4	1	12	0	2	1	1	0.410833	0.409708	0.66625	0.221404	433	5124	5557
17065	12/18/2012	4	1	12	19	0	2	1	1	0.38	0.3939	0.46	0.3881	19	334	353	718	4	1	12	0	2	1	1	0.410833	0.409708	0.66625	0.221404	433	5124	5557
17066	12/18/2012	4	1	12	20	0	2	1	1	0.36	0.3333	0.5	0.2537	4	264	268	718	4	1	12	0	2	1	1	0.410833	0.409708	0.66625	0.221404	433	5124	5557
17067	12/18/2012	4	1	12	21	0	2	1	1	0.36	0.3485	0.5	0.2239	9	159	168	718	4	1	12	0	2	1	1	0.410833	0.409708	0.66625	0.221404	433	5124	5557
17068	12/18/2012	4	1	12	22	0	2	1	1	0.34	0.3333	0.49	0	5	127	132	718	4	1	12	0	2	1	1	0.410833	0.409708	0.66625	0.221404	433	5124	5557
17069	12/18/2012	4	1	12	23	0	2	1	1	0.34	0.3485	0.49	0.0896	1	80	81	718	4	1	12	0	2	1	1	0.410833	0.409708	0.66625	0.221404	433	5124	5557
17070	12/19/2012	4	1	12	0	0	3	1	1	0.3	0.3182	0.61	0	6	35	41	719	4	1	12	0	3	1	1	0.3325	0.342162	0.625417	0.184092	333	4934	5267
17071	12/19/2012	4	1	12	1	0	3	1	1	0.3	0.3182	0.65	0.0896	1	14	15	719	4	1	12	0	3	1	1	0.3325	0.342162	0.625417	0.184092	333	4934	5267
17072	12/19/2012	4	1	12	2	0	3	1	1	0.28	0.303	0.65	0.0896	1	2	3	719	4	1	12	0	3	1	1	0.3325	0.342162	0.625417	0.184092	333	4934	5267
17073	12/19/2012	4	1	12	3	0	3	1	1	0.26	0.2727	0.75	0.1343	0	5	5	719	4	1	12	0	3	1	1	0.3325	0.342162	0.625417	0.184092	333	4934	5267
17074	12/19/2012	4	1	12	4	0	3	1	1	0.24	0.2424	0.75	0.1343	1	6	7	719	4	1	12	0	3	1	1	0.3325	0.342162	0.625417	0.184092	333	4934	5267
17075	12/19/2012	4	1	12	5	0	3	1	1	0.26	0.2879	0.75	0.0896	2	29	31	719	4	1	12	0	3	1	1	0.3325	0.342162	0.625417	0.184092	333	4934	5267
17076	12/19/2012	4	1	12	6	0	3	1	1	0.24	0.2576	0.75	0.0896	3	109	112	719	4	1	12	0	3	1	1	0.3325	0.342162	0.625417	0.184092	333	4934	5267
17077	12/19/2012	4	1	12	7	0	3	1	1	0.26	0.2727	0.75	0.1343	3	360	363	719	4	1	12	0	3	1	1	0.3325	0.342162	0.625417	0.184092	333	4934	5267
17078	12/19/2012	4	1	12	8	0	3	1	1	0.24	0.2576	0.87	0.1045	13	665	678	719	4	1	12	0	3	1	1	0.3325	0.342162	0.625417	0.184092	333	4934	5267
17079	12/19/2012	4	1	12	9	0	3	1	1	0.28	0.2879	0.75	0.1045	8	309	317	719	4	1	12	0	3	1	1	0.3325	0.342162	0.625417	0.184092	333	4934	5267
17080	12/19/2012	4	1	12	10	0	3	1	1	0.32	0.3333	0.7	0.1045	17	147	164	719	4	1	12	0	3	1	1	0.3325	0.342162	0.625417	0.184092	333	4934	5267
17081	12/19/2012	4	1	12	11	0	3	1	1	0.4	0.4091	0.54	0.2239	31	169	200	719	4	1	12	0	3	1	1	0.3325	0.342162	0.625417	0.184092	333	4934	5267
17082	12/19/2012	4	1	12	12	0	3	1	1	0.4	0.4091	0.54	0.2836	33	203	236	719	4	1	12	0	3	1	1	0.3325	0.342162	0.625417	0.184092	333	4934	5267
17083	12/19/2012	4	1	12	13	0	3	1	1	0.42	0.4242	0.5	0.194	30	183	213	719	4	1	12	0	3	1	1	0.3325	0.342162	0.625417	0.184092	333	4934	5267
17084	12/19/2012	4	1	12	14	0	3	1	1	0.42	0.4242	0.5	0.194	33	185	218	719	4	1	12	0	3	1	1	0.3325	0.342162	0.625417	0.184092	333	4934	5267
17085	12/19/2012	4	1	12	15	0	3	1	1	0.42	0.4242	0.5	0.2836	28	209	237	719	4	1	12	0	3	1	1	0.3325	0.342162	0.625417	0.184092	333	4934	5267
17086	12/19/2012	4	1	12	16	0	3	1	1	0.42	0.4242	0.5	0.3582	37	297	334	719	4	1	12	0	3	1	1	0.3325	0.342162	0.625417	0.184092	333	4934	5267
17087	12/19/2012	4	1	12	17	0	3	1	1	0.4	0.4091	0.5	0.3881	26	536	562	719	4	1	12	0	3	1	1	0.3325	0.342162	0.625417	0.184092	333	4934	5267
17088	12/19/2012	4	1	12	18	0	3	1	1	0.38	0.3939	0.5	0.3582	23	546	569	719	4	1	12	0	3	1	1	0.3325	0.342162	0.625417	0.184092	333	4934	5267
17089	12/19/2012	4	1	12	19	0	3	1	1	0.38	0.3939	0.5	0.3881	7	329	336	719	4	1	12	0	3	1	1	0.3325	0.342162	0.625417	0.184092	333	4934	5267
17090	12/19/2012	4	1	12	20	0	3	1	1	0.36	0.3485	0.57	0.2239	10	231	241	719	4	1	12	0	3	1	1	0.3325	0.342162	0.625417	0.184092	333	4934	5267
17091	12/19/2012	4	1	12	21	0	3	1	1	0.34	0.3182	0.61	0.2239	4	164	168	719	4	1	12	0	3	1	1	0.3325	0.342162	0.625417	0.184092	333	4934	5267
17092	12/19/2012	4	1	12	22	0	3	1	1	0.34	0.3485	0.61	0.0896	12	117	129	719	4	1	12	0	3	1	1	0.3325	0.342162	0.625417	0.184092	333	4934	5267
17093	12/19/2012	4	1	12	23	0	3	1	1	0.32	0.3333	0.66	0.1343	4	84	88	719	4	1	12	0	3	1	1	0.3325	0.342162	0.625417	0.184092	333	4934	5267
17094	12/20/2012	4	1	12	0	0	4	1	1	0.32	0.3333	0.61	0.1343	2	40	42	720	4	1	12	0	4	1	2	0.33	0.335217	0.667917	0.132463	314	3814	4128
17095	12/20/2012	4	1	12	1	0	4	1	1	0.32	0.3485	0.66	0	1	19	20	720	4	1	12	0	4	1	2	0.33	0.335217	0.667917	0.132463	314	3814	4128
17096	12/20/2012	4	1	12	2	0	4	1	1	0.32	0.3485	0.66	0	2	6	8	720	4	1	12	0	4	1	2	0.33	0.335217	0.667917	0.132463	314	3814	4128
17097	12/20/2012	4	1	12	3	0	4	1	2	0.3	0.3182	0.7	0.0896	1	3	4	720	4	1	12	0	4	1	2	0.33	0.335217	0.667917	0.132463	314	3814	4128
17098	12/20/2012	4	1	12	4	0	4	1	2	0.3	0.3182	0.7	0.0896	0	6	6	720	4	1	12	0	4	1	2	0.33	0.335217	0.667917	0.132463	314	3814	4128
17099	12/20/2012	4	1	12	5	0	4	1	2	0.3	0.3182	0.7	0.1045	0	35	35	720	4	1	12	0	4	1	2	0.33	0.335217	0.667917	0.132463	314	3814	4128
17100	12/20/2012	4	1	12	6	0	4	1	2	0.3	0.3333	0.65	0	4	114	118	720	4	1	12	0	4	1	2	0.33	0.335217	0.667917	0.132463	314	3814	4128
17101	12/20/2012	4	1	12	7	0	4	1	2	0.3	0.3333	0.7	0	4	346	350	720	4	1	12	0	4	1	2	0.33	0.335217	0.667917	0.132463	314	3814	4128
17102	12/20/2012	4	1	12	8	0	4	1	2	0.3	0.3333	0.7	0	14	585	599	720	4	1	12	0	4	1	2	0.33	0.335217	0.667917	0.132463	314	3814	4128
17103	12/20/2012	4	1	12	9	0	4	1	2	0.3	0.3333	0.7	0	14	303	317	720	4	1	12	0	4	1	2	0.33	0.335217	0.667917	0.132463	314	3814	4128
17104	12/20/2012	4	1	12	10	0	4	1	2	0.32	0.3333	0.66	0	23	138	161	720	4	1	12	0	4	1	2	0.33	0.335217	0.667917	0.132463	314	3814	4128
17105	12/20/2012	4	1	12	11	0	4	1	2	0.34	0.3182	0.57	0.2239	22	168	190	720	4	1	12	0	4	1	2	0.33	0.335217	0.667917	0.132463	314	3814	4128
17106	12/20/2012	4	1	12	12	0	4	1	2	0.36	0.3485	0.53	0.1642	31	181	212	720	4	1	12	0	4	1	2	0.33	0.335217	0.667917	0.132463	314	3814	4128
17107	12/20/2012	4	1	12	13	0	4	1	2	0.36	0.3485	0.57	0.194	46	171	217	720	4	1	12	0	4	1	2	0.33	0.335217	0.667917	0.132463	314	3814	4128
17108	12/20/2012	4	1	12	14	0	4	1	2	0.36	0.3485	0.53	0.194	43	171	214	720	4	1	12	0	4	1	2	0.33	0.335217	0.667917	0.132463	314	3814	4128
17109	12/20/2012	4	1	12	15	0	4	1	2	0.34	0.3333	0.57	0.194	33	216	249	720	4	1	12	0	4	1	2	0.33	0.335217	0.667917	0.132463	314	3814	4128
17110	12/20/2012	4	1	12	16	0	4	1	2	0.34	0.303	0.53	0.3284	21	281	302	720	4	1	12	0	4	1	2	0.33	0.335217	0.667917	0.132463	314	3814	4128
17111	12/20/2012	4	1	12	17	0	4	1	2	0.34	0.3333	0.66	0.194	25	450	475	720	4	1	12	0	4	1	2	0.33	0.335217	0.667917	0.132463	314	3814	4128
17112	12/20/2012	4	1	12	18	0	4	1	2	0.34	0.3333	0.71	0.194	22	359	381	720	4	1	12	0	4	1	2	0.33	0.335217	0.667917	0.132463	314	3814	4128
17113	12/20/2012	4	1	12	19	0	4	1	3	0.34	0.3182	0.71	0.2537	3	115	118	720	4	1	12	0	4	1	2	0.33	0.335217	0.667917	0.132463	314	3814	4128
17114	12/20/2012	4	1	12	20	0	4	1	3	0.34	0.3333	0.76	0.1642	1	49	50	720	4	1	12	0	4	1	2	0.33	0.335217	0.667917	0.132463	314	3814	4128
17115	12/20/2012	4	1	12	21	0	4	1	3	0.34	0.3333	0.76	0.1642	1	25	26	720	4	1	12	0	4	1	2	0.33	0.335217	0.667917	0.132463	314	3814	4128
17116	12/20/2012	4	1	12	22	0	4	1	3	0.34	0.3333	0.87	0.194	1	20	21	720	4	1	12	0	4	1	2	0.33	0.335217	0.667917	0.132463	314	3814	4128
17117	12/20/2012	4	1	12	23	0	4	1	3	0.4	0.4091	0.82	0.2985	0	13	13	720	4	1	12	0	4	1	2	0.33	0.335217	0.667917	0.132463	314	3814	4128
17118	12/21/2012	1	1	12	0	0	5	1	3	0.42	0.4242	0.88	0.2985	0	17	17	721	1	1	12	0	5	1	2	0.326667	0.301767	0.556667	0.374383	221	3402	3623
17119	12/21/2012	1	1	12	1	0	5	1	3	0.44	0.4394	0.88	0.3881	2	7	9	721	1	1	12	0	5	1	2	0.326667	0.301767	0.556667	0.374383	221	3402	3623
17120	12/21/2012	1	1	12	2	0	5	1	3	0.46	0.4545	0.94	0.3881	0	3	3	721	1	1	12	0	5	1	2	0.326667	0.301767	0.556667	0.374383	221	3402	3623
17121	12/21/2012	1	1	12	3	0	5	1	3	0.46	0.4545	0.94	0.3881	0	3	3	721	1	1	12	0	5	1	2	0.326667	0.301767	0.556667	0.374383	221	3402	3623
17122	12/21/2012	1	1	12	4	0	5	1	2	0.36	0.3182	0.71	0.4925	1	5	6	721	1	1	12	0	5	1	2	0.326667	0.301767	0.556667	0.374383	221	3402	3623
17123	12/21/2012	1	1	12	5	0	5	1	2	0.34	0.303	0.76	0.4179	0	13	13	721	1	1	12	0	5	1	2	0.326667	0.301767	0.556667	0.374383	221	3402	3623
17124	12/21/2012	1	1	12	6	0	5	1	2	0.34	0.2879	0.57	0.5821	4	76	80	721	1	1	12	0	5	1	2	0.326667	0.301767	0.556667	0.374383	221	3402	3623
17125	12/21/2012	1	1	12	7	0	5	1	2	0.32	0.3182	0.57	0.194	3	205	208	721	1	1	12	0	5	1	2	0.326667	0.301767	0.556667	0.374383	221	3402	3623
17126	12/21/2012	1	1	12	8	0	5	1	2	0.32	0.303	0.57	0.2836	8	464	472	721	1	1	12	0	5	1	2	0.326667	0.301767	0.556667	0.374383	221	3402	3623
17127	12/21/2012	1	1	12	9	0	5	1	2	0.32	0.2727	0.45	0.5522	2	265	267	721	1	1	12	0	5	1	2	0.326667	0.301767	0.556667	0.374383	221	3402	3623
17128	12/21/2012	1	1	12	10	0	5	1	1	0.32	0.2879	0.42	0.4627	8	146	154	721	1	1	12	0	5	1	2	0.326667	0.301767	0.556667	0.374383	221	3402	3623
17129	12/21/2012	1	1	12	11	0	5	1	2	0.32	0.2879	0.42	0.4179	12	150	162	721	1	1	12	0	5	1	2	0.326667	0.301767	0.556667	0.374383	221	3402	3623
17130	12/21/2012	1	1	12	12	0	5	1	2	0.32	0.2879	0.39	0.3582	25	199	224	721	1	1	12	0	5	1	2	0.326667	0.301767	0.556667	0.374383	221	3402	3623
17131	12/21/2012	1	1	12	13	0	5	1	2	0.32	0.2879	0.39	0.4179	26	214	240	721	1	1	12	0	5	1	2	0.326667	0.301767	0.556667	0.374383	221	3402	3623
17132	12/21/2012	1	1	12	14	0	5	1	2	0.32	0.2879	0.39	0.4478	20	199	219	721	1	1	12	0	5	1	2	0.326667	0.301767	0.556667	0.374383	221	3402	3623
17133	12/21/2012	1	1	12	15	0	5	1	2	0.3	0.2727	0.42	0.3881	29	234	263	721	1	1	12	0	5	1	2	0.326667	0.301767	0.556667	0.374383	221	3402	3623
17134	12/21/2012	1	1	12	16	0	5	1	2	0.3	0.2727	0.39	0.3284	28	253	281	721	1	1	12	0	5	1	2	0.326667	0.301767	0.556667	0.374383	221	3402	3623
17135	12/21/2012	1	1	12	17	0	5	1	2	0.26	0.2273	0.56	0.3284	24	297	321	721	1	1	12	0	5	1	2	0.326667	0.301767	0.556667	0.374383	221	3402	3623
17136	12/21/2012	1	1	12	18	0	5	1	2	0.26	0.2273	0.56	0.2985	7	236	243	721	1	1	12	0	5	1	2	0.326667	0.301767	0.556667	0.374383	221	3402	3623
17137	12/21/2012	1	1	12	19	0	5	1	1	0.28	0.2576	0.45	0.2985	5	148	153	721	1	1	12	0	5	1	2	0.326667	0.301767	0.556667	0.374383	221	3402	3623
17138	12/21/2012	1	1	12	20	0	5	1	1	0.28	0.2727	0.41	0.2537	8	104	112	721	1	1	12	0	5	1	2	0.326667	0.301767	0.556667	0.374383	221	3402	3623
17139	12/21/2012	1	1	12	21	0	5	1	1	0.26	0.2273	0.41	0.4179	2	68	70	721	1	1	12	0	5	1	2	0.326667	0.301767	0.556667	0.374383	221	3402	3623
17140	12/21/2012	1	1	12	22	0	5	1	1	0.26	0.2273	0.44	0.2985	6	57	63	721	1	1	12	0	5	1	2	0.326667	0.301767	0.556667	0.374383	221	3402	3623
17141	12/21/2012	1	1	12	23	0	5	1	1	0.26	0.2424	0.44	0.2836	1	39	40	721	1	1	12	0	5	1	2	0.326667	0.301767	0.556667	0.374383	221	3402	3623
17142	12/22/2012	1	1	12	0	0	6	0	1	0.26	0.2121	0.44	0.5821	1	30	31	722	1	1	12	0	6	0	1	0.265833	0.236113	0.44125	0.407346	205	1544	1749
17143	12/22/2012	1	1	12	1	0	6	0	1	0.26	0.2121	0.44	0.4478	1	34	35	722	1	1	12	0	6	0	1	0.265833	0.236113	0.44125	0.407346	205	1544	1749
17144	12/22/2012	1	1	12	2	0	6	0	1	0.26	0.2121	0.44	0.5224	0	23	23	722	1	1	12	0	6	0	1	0.265833	0.236113	0.44125	0.407346	205	1544	1749
17145	12/22/2012	1	1	12	3	0	6	0	1	0.26	0.2121	0.48	0.4478	0	7	7	722	1	1	12	0	6	0	1	0.265833	0.236113	0.44125	0.407346	205	1544	1749
17146	12/22/2012	1	1	12	4	0	6	0	1	0.26	0.2576	0.48	0.194	3	2	5	722	1	1	12	0	6	0	1	0.265833	0.236113	0.44125	0.407346	205	1544	1749
17147	12/22/2012	1	1	12	5	0	6	0	1	0.26	0.2273	0.48	0.4179	0	5	5	722	1	1	12	0	6	0	1	0.265833	0.236113	0.44125	0.407346	205	1544	1749
17148	12/22/2012	1	1	12	6	0	6	0	1	0.26	0.2273	0.44	0.4179	0	13	13	722	1	1	12	0	6	0	1	0.265833	0.236113	0.44125	0.407346	205	1544	1749
17149	12/22/2012	1	1	12	7	0	6	0	1	0.26	0.2273	0.44	0.4179	2	18	20	722	1	1	12	0	6	0	1	0.265833	0.236113	0.44125	0.407346	205	1544	1749
17150	12/22/2012	1	1	12	8	0	6	0	1	0.26	0.2121	0.44	0.6119	0	29	29	722	1	1	12	0	6	0	1	0.265833	0.236113	0.44125	0.407346	205	1544	1749
17151	12/22/2012	1	1	12	9	0	6	0	1	0.26	0.2273	0.48	0.3881	13	77	90	722	1	1	12	0	6	0	1	0.265833	0.236113	0.44125	0.407346	205	1544	1749
17152	12/22/2012	1	1	12	10	0	6	0	1	0.26	0.2273	0.48	0.3284	13	105	118	722	1	1	12	0	6	0	1	0.265833	0.236113	0.44125	0.407346	205	1544	1749
17153	12/22/2012	1	1	12	11	0	6	0	1	0.28	0.2576	0.41	0.3582	29	130	159	722	1	1	12	0	6	0	1	0.265833	0.236113	0.44125	0.407346	205	1544	1749
17154	12/22/2012	1	1	12	12	0	6	0	1	0.3	0.2576	0.36	0.6567	18	128	146	722	1	1	12	0	6	0	1	0.265833	0.236113	0.44125	0.407346	205	1544	1749
17155	12/22/2012	1	1	12	13	0	6	0	1	0.32	0.2879	0.36	0.4478	23	135	158	722	1	1	12	0	6	0	1	0.265833	0.236113	0.44125	0.407346	205	1544	1749
17156	12/22/2012	1	1	12	14	0	6	0	1	0.32	0.2879	0.36	0.4627	20	141	161	722	1	1	12	0	6	0	1	0.265833	0.236113	0.44125	0.407346	205	1544	1749
17157	12/22/2012	1	1	12	15	0	6	0	1	0.32	0.2727	0.33	0.5821	14	139	153	722	1	1	12	0	6	0	1	0.265833	0.236113	0.44125	0.407346	205	1544	1749
17158	12/22/2012	1	1	12	16	0	6	0	1	0.3	0.2727	0.39	0.4478	23	124	147	722	1	1	12	0	6	0	1	0.265833	0.236113	0.44125	0.407346	205	1544	1749
17159	12/22/2012	1	1	12	17	0	6	0	1	0.28	0.2576	0.41	0.2985	15	99	114	722	1	1	12	0	6	0	1	0.265833	0.236113	0.44125	0.407346	205	1544	1749
17160	12/22/2012	1	1	12	18	0	6	0	1	0.26	0.2121	0.44	0.4627	7	75	82	722	1	1	12	0	6	0	1	0.265833	0.236113	0.44125	0.407346	205	1544	1749
17161	12/22/2012	1	1	12	19	0	6	0	1	0.24	0.2121	0.48	0.3582	9	51	60	722	1	1	12	0	6	0	1	0.265833	0.236113	0.44125	0.407346	205	1544	1749
17162	12/22/2012	1	1	12	20	0	6	0	1	0.24	0.2424	0.48	0.1642	6	55	61	722	1	1	12	0	6	0	1	0.265833	0.236113	0.44125	0.407346	205	1544	1749
17163	12/22/2012	1	1	12	21	0	6	0	1	0.22	0.2121	0.51	0.2836	4	49	53	722	1	1	12	0	6	0	1	0.265833	0.236113	0.44125	0.407346	205	1544	1749
17164	12/22/2012	1	1	12	22	0	6	0	1	0.22	0.2121	0.51	0.2836	1	38	39	722	1	1	12	0	6	0	1	0.265833	0.236113	0.44125	0.407346	205	1544	1749
17165	12/22/2012	1	1	12	23	0	6	0	1	0.22	0.2273	0.51	0.194	3	37	40	722	1	1	12	0	6	0	1	0.265833	0.236113	0.44125	0.407346	205	1544	1749
17166	12/23/2012	1	1	12	0	0	0	0	1	0.22	0.2121	0.47	0.2836	3	24	27	723	1	1	12	0	0	0	1	0.245833	0.259471	0.515417	0.133083	408	1379	1787
17167	12/23/2012	1	1	12	1	0	0	0	1	0.22	0.2273	0.47	0.194	1	19	20	723	1	1	12	0	0	0	1	0.245833	0.259471	0.515417	0.133083	408	1379	1787
17168	12/23/2012	1	1	12	2	0	0	0	1	0.2	0.2121	0.51	0.1642	1	17	18	723	1	1	12	0	0	0	1	0.245833	0.259471	0.515417	0.133083	408	1379	1787
17169	12/23/2012	1	1	12	3	0	0	0	1	0.2	0.2121	0.51	0.1343	0	9	9	723	1	1	12	0	0	0	1	0.245833	0.259471	0.515417	0.133083	408	1379	1787
17170	12/23/2012	1	1	12	4	0	0	0	1	0.2	0.2121	0.47	0.1343	1	3	4	723	1	1	12	0	0	0	1	0.245833	0.259471	0.515417	0.133083	408	1379	1787
17171	12/23/2012	1	1	12	5	0	0	0	1	0.2	0.2576	0.51	0	0	6	6	723	1	1	12	0	0	0	1	0.245833	0.259471	0.515417	0.133083	408	1379	1787
17172	12/23/2012	1	1	12	6	0	0	0	1	0.16	0.197	0.64	0.0896	4	5	9	723	1	1	12	0	0	0	1	0.245833	0.259471	0.515417	0.133083	408	1379	1787
17173	12/23/2012	1	1	12	7	0	0	0	1	0.16	0.197	0.64	0.0896	3	16	19	723	1	1	12	0	0	0	1	0.245833	0.259471	0.515417	0.133083	408	1379	1787
17174	12/23/2012	1	1	12	8	0	0	0	1	0.14	0.1667	0.69	0.1045	5	43	48	723	1	1	12	0	0	0	1	0.245833	0.259471	0.515417	0.133083	408	1379	1787
17175	12/23/2012	1	1	12	9	0	0	0	1	0.2	0.2273	0.59	0.1045	7	49	56	723	1	1	12	0	0	0	1	0.245833	0.259471	0.515417	0.133083	408	1379	1787
17176	12/23/2012	1	1	12	10	0	0	0	1	0.22	0.2273	0.64	0.194	26	67	93	723	1	1	12	0	0	0	1	0.245833	0.259471	0.515417	0.133083	408	1379	1787
17177	12/23/2012	1	1	12	11	0	0	0	1	0.24	0.2273	0.52	0.194	48	104	152	723	1	1	12	0	0	0	1	0.245833	0.259471	0.515417	0.133083	408	1379	1787
17178	12/23/2012	1	1	12	12	0	0	0	1	0.3	0.2879	0.42	0.194	52	144	196	723	1	1	12	0	0	0	1	0.245833	0.259471	0.515417	0.133083	408	1379	1787
17179	12/23/2012	1	1	12	13	0	0	0	1	0.32	0.303	0.39	0.2239	63	123	186	723	1	1	12	0	0	0	1	0.245833	0.259471	0.515417	0.133083	408	1379	1787
17180	12/23/2012	1	1	12	14	0	0	0	1	0.34	0.303	0.31	0.2985	57	118	175	723	1	1	12	0	0	0	1	0.245833	0.259471	0.515417	0.133083	408	1379	1787
17181	12/23/2012	1	1	12	15	0	0	0	1	0.34	0.3333	0.34	0.1343	39	98	137	723	1	1	12	0	0	0	1	0.245833	0.259471	0.515417	0.133083	408	1379	1787
17182	12/23/2012	1	1	12	16	0	0	0	1	0.34	0.3333	0.34	0.194	53	137	190	723	1	1	12	0	0	0	1	0.245833	0.259471	0.515417	0.133083	408	1379	1787
17183	12/23/2012	1	1	12	17	0	0	0	1	0.32	0.3182	0.49	0.194	21	93	114	723	1	1	12	0	0	0	1	0.245833	0.259471	0.515417	0.133083	408	1379	1787
17184	12/23/2012	1	1	12	18	0	0	0	1	0.3	0.303	0.45	0.1642	8	85	93	723	1	1	12	0	0	0	1	0.245833	0.259471	0.515417	0.133083	408	1379	1787
17185	12/23/2012	1	1	12	19	0	0	0	1	0.3	0.3333	0.42	0	4	54	58	723	1	1	12	0	0	0	1	0.245833	0.259471	0.515417	0.133083	408	1379	1787
17186	12/23/2012	1	1	12	20	0	0	0	1	0.26	0.303	0.65	0	0	52	52	723	1	1	12	0	0	0	1	0.245833	0.259471	0.515417	0.133083	408	1379	1787
17187	12/23/2012	1	1	12	21	0	0	0	1	0.24	0.2879	0.7	0	4	38	42	723	1	1	12	0	0	0	1	0.245833	0.259471	0.515417	0.133083	408	1379	1787
17188	12/23/2012	1	1	12	22	0	0	0	1	0.24	0.2576	0.6	0.1045	5	53	58	723	1	1	12	0	0	0	1	0.245833	0.259471	0.515417	0.133083	408	1379	1787
17189	12/23/2012	1	1	12	23	0	0	0	1	0.24	0.2879	0.6	0	3	22	25	723	1	1	12	0	0	0	1	0.245833	0.259471	0.515417	0.133083	408	1379	1787
17190	12/24/2012	1	1	12	0	0	1	1	1	0.22	0.2727	0.69	0	0	12	12	724	1	1	12	0	1	1	2	0.231304	0.2589	0.791304	0.0772304	174	746	920
17191	12/24/2012	1	1	12	1	0	1	1	1	0.22	0.2727	0.69	0	0	11	11	724	1	1	12	0	1	1	2	0.231304	0.2589	0.791304	0.0772304	174	746	920
17192	12/24/2012	1	1	12	2	0	1	1	1	0.2	0.2576	0.75	0	0	5	5	724	1	1	12	0	1	1	2	0.231304	0.2589	0.791304	0.0772304	174	746	920
17193	12/24/2012	1	1	12	3	0	1	1	1	0.2	0.2576	0.75	0	1	2	3	724	1	1	12	0	1	1	2	0.231304	0.2589	0.791304	0.0772304	174	746	920
17194	12/24/2012	1	1	12	5	0	1	1	1	0.18	0.197	0.8	0.1343	0	9	9	724	1	1	12	0	1	1	2	0.231304	0.2589	0.791304	0.0772304	174	746	920
17195	12/24/2012	1	1	12	6	0	1	1	1	0.2	0.2576	0.75	0	1	16	17	724	1	1	12	0	1	1	2	0.231304	0.2589	0.791304	0.0772304	174	746	920
17196	12/24/2012	1	1	12	7	0	1	1	1	0.2	0.2576	0.69	0	3	27	30	724	1	1	12	0	1	1	2	0.231304	0.2589	0.791304	0.0772304	174	746	920
17197	12/24/2012	1	1	12	8	0	1	1	1	0.22	0.2727	0.69	0	4	62	66	724	1	1	12	0	1	1	2	0.231304	0.2589	0.791304	0.0772304	174	746	920
17198	12/24/2012	1	1	12	9	0	1	1	2	0.24	0.2576	0.65	0.1045	17	68	85	724	1	1	12	0	1	1	2	0.231304	0.2589	0.791304	0.0772304	174	746	920
17199	12/24/2012	1	1	12	10	0	1	1	2	0.26	0.303	0.65	0	21	82	103	724	1	1	12	0	1	1	2	0.231304	0.2589	0.791304	0.0772304	174	746	920
17200	12/24/2012	1	1	12	11	0	1	1	2	0.26	0.2576	0.6	0.1642	20	104	124	724	1	1	12	0	1	1	2	0.231304	0.2589	0.791304	0.0772304	174	746	920
17201	12/24/2012	1	1	12	12	0	1	1	2	0.28	0.303	0.56	0.0896	22	113	135	724	1	1	12	0	1	1	2	0.231304	0.2589	0.791304	0.0772304	174	746	920
17202	12/24/2012	1	1	12	13	0	1	1	3	0.24	0.2576	0.81	0.1045	16	54	70	724	1	1	12	0	1	1	2	0.231304	0.2589	0.791304	0.0772304	174	746	920
17203	12/24/2012	1	1	12	14	0	1	1	3	0.24	0.2576	0.87	0.1045	13	33	46	724	1	1	12	0	1	1	2	0.231304	0.2589	0.791304	0.0772304	174	746	920
17204	12/24/2012	1	1	12	15	0	1	1	3	0.24	0.2273	0.87	0.2239	6	27	33	724	1	1	12	0	1	1	2	0.231304	0.2589	0.791304	0.0772304	174	746	920
17205	12/24/2012	1	1	12	16	0	1	1	3	0.24	0.2273	0.87	0.2239	6	27	33	724	1	1	12	0	1	1	2	0.231304	0.2589	0.791304	0.0772304	174	746	920
17206	12/24/2012	1	1	12	17	0	1	1	3	0.24	0.2424	0.93	0.1642	7	19	26	724	1	1	12	0	1	1	2	0.231304	0.2589	0.791304	0.0772304	174	746	920
17207	12/24/2012	1	1	12	18	0	1	1	3	0.24	0.2576	0.93	0.1045	6	20	26	724	1	1	12	0	1	1	2	0.231304	0.2589	0.791304	0.0772304	174	746	920
17208	12/24/2012	1	1	12	19	0	1	1	2	0.24	0.2424	0.93	0.1343	4	14	18	724	1	1	12	0	1	1	2	0.231304	0.2589	0.791304	0.0772304	174	746	920
17209	12/24/2012	1	1	12	20	0	1	1	3	0.24	0.2424	0.93	0.1343	6	17	23	724	1	1	12	0	1	1	2	0.231304	0.2589	0.791304	0.0772304	174	746	920
17210	12/24/2012	1	1	12	21	0	1	1	3	0.24	0.2576	0.93	0.0896	13	9	22	724	1	1	12	0	1	1	2	0.231304	0.2589	0.791304	0.0772304	174	746	920
17211	12/24/2012	1	1	12	22	0	1	1	2	0.24	0.2879	0.93	0	7	5	12	724	1	1	12	0	1	1	2	0.231304	0.2589	0.791304	0.0772304	174	746	920
17212	12/24/2012	1	1	12	23	0	1	1	3	0.24	0.2879	0.93	0	1	10	11	724	1	1	12	0	1	1	2	0.231304	0.2589	0.791304	0.0772304	174	746	920
17213	12/25/2012	1	1	12	0	1	2	0	3	0.24	0.2576	0.93	0.0896	3	10	13	725	1	1	12	1	2	0	2	0.291304	0.294465	0.734783	0.168726	440	573	1013
17214	12/25/2012	1	1	12	1	1	2	0	2	0.26	0.2576	0.87	0.1642	0	13	13	725	1	1	12	1	2	0	2	0.291304	0.294465	0.734783	0.168726	440	573	1013
17215	12/25/2012	1	1	12	2	1	2	0	2	0.26	0.2576	0.87	0.1642	0	7	7	725	1	1	12	1	2	0	2	0.291304	0.294465	0.734783	0.168726	440	573	1013
17216	12/25/2012	1	1	12	4	1	2	0	2	0.24	0.2576	0.87	0.0896	0	1	1	725	1	1	12	1	2	0	2	0.291304	0.294465	0.734783	0.168726	440	573	1013
17217	12/25/2012	1	1	12	5	1	2	0	2	0.22	0.2273	0.93	0.1343	2	1	3	725	1	1	12	1	2	0	2	0.291304	0.294465	0.734783	0.168726	440	573	1013
17218	12/25/2012	1	1	12	6	1	2	0	2	0.22	0.2273	0.93	0.1343	1	6	7	725	1	1	12	1	2	0	2	0.291304	0.294465	0.734783	0.168726	440	573	1013
17219	12/25/2012	1	1	12	7	1	2	0	2	0.22	0.2273	0.93	0.1642	0	6	6	725	1	1	12	1	2	0	2	0.291304	0.294465	0.734783	0.168726	440	573	1013
17220	12/25/2012	1	1	12	8	1	2	0	2	0.24	0.2879	0.87	0	1	10	11	725	1	1	12	1	2	0	2	0.291304	0.294465	0.734783	0.168726	440	573	1013
17221	12/25/2012	1	1	12	9	1	2	0	2	0.24	0.2576	0.87	0	7	21	28	725	1	1	12	1	2	0	2	0.291304	0.294465	0.734783	0.168726	440	573	1013
17222	12/25/2012	1	1	12	10	1	2	0	1	0.28	0.3182	0.81	0	11	21	32	725	1	1	12	1	2	0	2	0.291304	0.294465	0.734783	0.168726	440	573	1013
17223	12/25/2012	1	1	12	11	1	2	0	1	0.3	0.3182	0.75	0.0896	43	43	86	725	1	1	12	1	2	0	2	0.291304	0.294465	0.734783	0.168726	440	573	1013
17224	12/25/2012	1	1	12	12	1	2	0	1	0.32	0.3333	0.76	0.0896	62	52	114	725	1	1	12	1	2	0	2	0.291304	0.294465	0.734783	0.168726	440	573	1013
17225	12/25/2012	1	1	12	13	1	2	0	1	0.4	0.4091	0.5	0.3284	75	46	121	725	1	1	12	1	2	0	2	0.291304	0.294465	0.734783	0.168726	440	573	1013
17226	12/25/2012	1	1	12	14	1	2	0	1	0.38	0.3939	0.46	0.2985	58	68	126	725	1	1	12	1	2	0	2	0.291304	0.294465	0.734783	0.168726	440	573	1013
17227	12/25/2012	1	1	12	15	1	2	0	1	0.36	0.3333	0.5	0.2537	51	56	107	725	1	1	12	1	2	0	2	0.291304	0.294465	0.734783	0.168726	440	573	1013
17228	12/25/2012	1	1	12	16	1	2	0	2	0.36	0.3333	0.5	0.2537	48	38	86	725	1	1	12	1	2	0	2	0.291304	0.294465	0.734783	0.168726	440	573	1013
17229	12/25/2012	1	1	12	17	1	2	0	2	0.32	0.303	0.57	0.2537	16	34	50	725	1	1	12	1	2	0	2	0.291304	0.294465	0.734783	0.168726	440	573	1013
17230	12/25/2012	1	1	12	18	1	2	0	2	0.32	0.303	0.66	0.2537	20	23	43	725	1	1	12	1	2	0	2	0.291304	0.294465	0.734783	0.168726	440	573	1013
17231	12/25/2012	1	1	12	19	1	2	0	2	0.32	0.303	0.66	0.2239	16	20	36	725	1	1	12	1	2	0	2	0.291304	0.294465	0.734783	0.168726	440	573	1013
17232	12/25/2012	1	1	12	20	1	2	0	2	0.32	0.303	0.66	0.2836	11	29	40	725	1	1	12	1	2	0	2	0.291304	0.294465	0.734783	0.168726	440	573	1013
17233	12/25/2012	1	1	12	21	1	2	0	2	0.3	0.2879	0.65	0.194	8	26	34	725	1	1	12	1	2	0	2	0.291304	0.294465	0.734783	0.168726	440	573	1013
17234	12/25/2012	1	1	12	22	1	2	0	2	0.3	0.303	0.7	0.1642	3	16	19	725	1	1	12	1	2	0	2	0.291304	0.294465	0.734783	0.168726	440	573	1013
17235	12/25/2012	1	1	12	23	1	2	0	2	0.28	0.2727	0.65	0.2537	4	26	30	725	1	1	12	1	2	0	2	0.291304	0.294465	0.734783	0.168726	440	573	1013
17236	12/26/2012	1	1	12	0	0	3	1	2	0.28	0.2727	0.65	0.2537	1	8	9	726	1	1	12	0	3	1	3	0.243333	0.220333	0.823333	0.316546	9	432	441
17237	12/26/2012	1	1	12	1	0	3	1	2	0.26	0.2273	0.65	0.2985	0	7	7	726	1	1	12	0	3	1	3	0.243333	0.220333	0.823333	0.316546	9	432	441
17238	12/26/2012	1	1	12	2	0	3	1	2	0.26	0.2273	0.65	0.2985	0	1	1	726	1	1	12	0	3	1	3	0.243333	0.220333	0.823333	0.316546	9	432	441
17239	12/26/2012	1	1	12	3	0	3	1	2	0.24	0.2121	0.7	0.3582	0	2	2	726	1	1	12	0	3	1	3	0.243333	0.220333	0.823333	0.316546	9	432	441
17240	12/26/2012	1	1	12	4	0	3	1	1	0.22	0.197	0.69	0.3582	0	2	2	726	1	1	12	0	3	1	3	0.243333	0.220333	0.823333	0.316546	9	432	441
17241	12/26/2012	1	1	12	5	0	3	1	2	0.22	0.2121	0.69	0.2836	0	11	11	726	1	1	12	0	3	1	3	0.243333	0.220333	0.823333	0.316546	9	432	441
17242	12/26/2012	1	1	12	6	0	3	1	2	0.22	0.2121	0.69	0.2239	0	36	36	726	1	1	12	0	3	1	3	0.243333	0.220333	0.823333	0.316546	9	432	441
17243	12/26/2012	1	1	12	7	0	3	1	3	0.2	0.1818	0.86	0.3284	0	26	26	726	1	1	12	0	3	1	3	0.243333	0.220333	0.823333	0.316546	9	432	441
17244	12/26/2012	1	1	12	8	0	3	1	3	0.2	0.1818	0.86	0.3284	0	31	31	726	1	1	12	0	3	1	3	0.243333	0.220333	0.823333	0.316546	9	432	441
17245	12/26/2012	1	1	12	9	0	3	1	3	0.2	0.1818	0.86	0.3284	1	22	23	726	1	1	12	0	3	1	3	0.243333	0.220333	0.823333	0.316546	9	432	441
17246	12/26/2012	1	1	12	10	0	3	1	3	0.2	0.1818	0.86	0.2985	0	8	8	726	1	1	12	0	3	1	3	0.243333	0.220333	0.823333	0.316546	9	432	441
17247	12/26/2012	1	1	12	11	0	3	1	3	0.2	0.1667	0.86	0.4627	0	10	10	726	1	1	12	0	3	1	3	0.243333	0.220333	0.823333	0.316546	9	432	441
17248	12/26/2012	1	1	12	12	0	3	1	3	0.22	0.197	0.87	0.3284	0	10	10	726	1	1	12	0	3	1	3	0.243333	0.220333	0.823333	0.316546	9	432	441
17249	12/26/2012	1	1	12	13	0	3	1	3	0.22	0.197	0.87	0.3284	0	15	15	726	1	1	12	0	3	1	3	0.243333	0.220333	0.823333	0.316546	9	432	441
17250	12/26/2012	1	1	12	14	0	3	1	3	0.22	0.2121	0.93	0.2537	0	20	20	726	1	1	12	0	3	1	3	0.243333	0.220333	0.823333	0.316546	9	432	441
17251	12/26/2012	1	1	12	15	0	3	1	3	0.26	0.2273	0.87	0.3582	0	13	13	726	1	1	12	0	3	1	3	0.243333	0.220333	0.823333	0.316546	9	432	441
17252	12/26/2012	1	1	12	16	0	3	1	3	0.26	0.2273	0.87	0.3582	0	13	13	726	1	1	12	0	3	1	3	0.243333	0.220333	0.823333	0.316546	9	432	441
17253	12/26/2012	1	1	12	17	0	3	1	3	0.26	0.2273	0.93	0.3582	2	51	53	726	1	1	12	0	3	1	3	0.243333	0.220333	0.823333	0.316546	9	432	441
17254	12/26/2012	1	1	12	18	0	3	1	3	0.28	0.2576	0.93	0.2985	1	42	43	726	1	1	12	0	3	1	3	0.243333	0.220333	0.823333	0.316546	9	432	441
17255	12/26/2012	1	1	12	19	0	3	1	3	0.3	0.2879	0.87	0.194	2	33	35	726	1	1	12	0	3	1	3	0.243333	0.220333	0.823333	0.316546	9	432	441
17256	12/26/2012	1	1	12	20	0	3	1	3	0.32	0.303	0.93	0.2537	0	32	32	726	1	1	12	0	3	1	3	0.243333	0.220333	0.823333	0.316546	9	432	441
17257	12/26/2012	1	1	12	21	0	3	1	2	0.3	0.2727	0.87	0.2985	0	20	20	726	1	1	12	0	3	1	3	0.243333	0.220333	0.823333	0.316546	9	432	441
17258	12/26/2012	1	1	12	22	0	3	1	3	0.24	0.197	0.93	0.4478	0	11	11	726	1	1	12	0	3	1	3	0.243333	0.220333	0.823333	0.316546	9	432	441
17259	12/26/2012	1	1	12	23	0	3	1	3	0.26	0.2273	0.87	0.2985	2	8	10	726	1	1	12	0	3	1	3	0.243333	0.220333	0.823333	0.316546	9	432	441
17260	12/27/2012	1	1	12	0	0	4	1	3	0.26	0.2273	0.87	0.2985	0	3	3	727	1	1	12	0	4	1	2	0.254167	0.226642	0.652917	0.350133	247	1867	2114
17261	12/27/2012	1	1	12	1	0	4	1	3	0.24	0.197	0.93	0.4478	0	5	5	727	1	1	12	0	4	1	2	0.254167	0.226642	0.652917	0.350133	247	1867	2114
17262	12/27/2012	1	1	12	2	0	4	1	2	0.24	0.197	0.87	0.4478	0	2	2	727	1	1	12	0	4	1	2	0.254167	0.226642	0.652917	0.350133	247	1867	2114
17263	12/27/2012	1	1	12	3	0	4	1	2	0.24	0.2273	0.87	0.2239	0	1	1	727	1	1	12	0	4	1	2	0.254167	0.226642	0.652917	0.350133	247	1867	2114
17264	12/27/2012	1	1	12	4	0	4	1	2	0.24	0.2121	0.87	0.3284	0	3	3	727	1	1	12	0	4	1	2	0.254167	0.226642	0.652917	0.350133	247	1867	2114
17265	12/27/2012	1	1	12	5	0	4	1	1	0.24	0.2424	0.75	0.1642	1	10	11	727	1	1	12	0	4	1	2	0.254167	0.226642	0.652917	0.350133	247	1867	2114
17266	12/27/2012	1	1	12	6	0	4	1	1	0.24	0.197	0.7	0.4925	0	45	45	727	1	1	12	0	4	1	2	0.254167	0.226642	0.652917	0.350133	247	1867	2114
17267	12/27/2012	1	1	12	7	0	4	1	1	0.24	0.2273	0.7	0.2239	0	90	90	727	1	1	12	0	4	1	2	0.254167	0.226642	0.652917	0.350133	247	1867	2114
17268	12/27/2012	1	1	12	8	0	4	1	1	0.26	0.2273	0.65	0.3582	2	206	208	727	1	1	12	0	4	1	2	0.254167	0.226642	0.652917	0.350133	247	1867	2114
17269	12/27/2012	1	1	12	9	0	4	1	1	0.26	0.2121	0.6	0.4925	6	127	133	727	1	1	12	0	4	1	2	0.254167	0.226642	0.652917	0.350133	247	1867	2114
17270	12/27/2012	1	1	12	10	0	4	1	1	0.28	0.2273	0.56	0.5224	8	67	75	727	1	1	12	0	4	1	2	0.254167	0.226642	0.652917	0.350133	247	1867	2114
17271	12/27/2012	1	1	12	11	0	4	1	2	0.28	0.2424	0.56	0.4478	23	80	103	727	1	1	12	0	4	1	2	0.254167	0.226642	0.652917	0.350133	247	1867	2114
17272	12/27/2012	1	1	12	12	0	4	1	1	0.3	0.2727	0.49	0.4627	22	87	109	727	1	1	12	0	4	1	2	0.254167	0.226642	0.652917	0.350133	247	1867	2114
17273	12/27/2012	1	1	12	13	0	4	1	1	0.3	0.2727	0.49	0.4627	19	99	118	727	1	1	12	0	4	1	2	0.254167	0.226642	0.652917	0.350133	247	1867	2114
17274	12/27/2012	1	1	12	14	0	4	1	2	0.26	0.2121	0.56	0.5224	25	94	119	727	1	1	12	0	4	1	2	0.254167	0.226642	0.652917	0.350133	247	1867	2114
17275	12/27/2012	1	1	12	15	0	4	1	2	0.26	0.2121	0.56	0.4478	31	89	120	727	1	1	12	0	4	1	2	0.254167	0.226642	0.652917	0.350133	247	1867	2114
17276	12/27/2012	1	1	12	16	0	4	1	2	0.26	0.2424	0.52	0.2836	23	151	174	727	1	1	12	0	4	1	2	0.254167	0.226642	0.652917	0.350133	247	1867	2114
17277	12/27/2012	1	1	12	17	0	4	1	2	0.26	0.2424	0.52	0.2836	30	227	257	727	1	1	12	0	4	1	2	0.254167	0.226642	0.652917	0.350133	247	1867	2114
17278	12/27/2012	1	1	12	18	0	4	1	2	0.24	0.2273	0.6	0.2537	9	188	197	727	1	1	12	0	4	1	2	0.254167	0.226642	0.652917	0.350133	247	1867	2114
17279	12/27/2012	1	1	12	19	0	4	1	1	0.24	0.2121	0.6	0.2836	11	106	117	727	1	1	12	0	4	1	2	0.254167	0.226642	0.652917	0.350133	247	1867	2114
17280	12/27/2012	1	1	12	20	0	4	1	1	0.24	0.2424	0.6	0.1642	12	79	91	727	1	1	12	0	4	1	2	0.254167	0.226642	0.652917	0.350133	247	1867	2114
17281	12/27/2012	1	1	12	21	0	4	1	2	0.24	0.2273	0.6	0.2537	12	51	63	727	1	1	12	0	4	1	2	0.254167	0.226642	0.652917	0.350133	247	1867	2114
17282	12/27/2012	1	1	12	22	0	4	1	2	0.24	0.2121	0.6	0.2836	11	33	44	727	1	1	12	0	4	1	2	0.254167	0.226642	0.652917	0.350133	247	1867	2114
17283	12/27/2012	1	1	12	23	0	4	1	2	0.24	0.2273	0.6	0.2537	2	24	26	727	1	1	12	0	4	1	2	0.254167	0.226642	0.652917	0.350133	247	1867	2114
17284	12/28/2012	1	1	12	0	0	5	1	2	0.24	0.2424	0.6	0.1642	3	22	25	728	1	1	12	0	5	1	2	0.253333	0.255046	0.59	0.155471	644	2451	3095
17285	12/28/2012	1	1	12	1	0	5	1	1	0.24	0.2273	0.6	0.194	0	9	9	728	1	1	12	0	5	1	2	0.253333	0.255046	0.59	0.155471	644	2451	3095
17286	12/28/2012	1	1	12	2	0	5	1	1	0.24	0.2273	0.6	0.2537	0	5	5	728	1	1	12	0	5	1	2	0.253333	0.255046	0.59	0.155471	644	2451	3095
17287	12/28/2012	1	1	12	3	0	5	1	2	0.24	0.2424	0.6	0.1642	0	2	2	728	1	1	12	0	5	1	2	0.253333	0.255046	0.59	0.155471	644	2451	3095
17288	12/28/2012	1	1	12	4	0	5	1	2	0.24	0.2576	0.6	0.1045	0	4	4	728	1	1	12	0	5	1	2	0.253333	0.255046	0.59	0.155471	644	2451	3095
17289	12/28/2012	1	1	12	5	0	5	1	2	0.24	0.2576	0.6	0.0896	0	15	15	728	1	1	12	0	5	1	2	0.253333	0.255046	0.59	0.155471	644	2451	3095
17290	12/28/2012	1	1	12	6	0	5	1	1	0.22	0.2121	0.64	0.2836	2	49	51	728	1	1	12	0	5	1	2	0.253333	0.255046	0.59	0.155471	644	2451	3095
17291	12/28/2012	1	1	12	7	0	5	1	1	0.22	0.2273	0.64	0.1642	1	111	112	728	1	1	12	0	5	1	2	0.253333	0.255046	0.59	0.155471	644	2451	3095
17292	12/28/2012	1	1	12	8	0	5	1	2	0.24	0.2424	0.6	0.1343	1	238	239	728	1	1	12	0	5	1	2	0.253333	0.255046	0.59	0.155471	644	2451	3095
17293	12/28/2012	1	1	12	9	0	5	1	2	0.24	0.2121	0.6	0.2836	18	173	191	728	1	1	12	0	5	1	2	0.253333	0.255046	0.59	0.155471	644	2451	3095
17294	12/28/2012	1	1	12	10	0	5	1	2	0.26	0.2424	0.56	0.2537	77	85	162	728	1	1	12	0	5	1	2	0.253333	0.255046	0.59	0.155471	644	2451	3095
17295	12/28/2012	1	1	12	11	0	5	1	2	0.28	0.2727	0.52	0.2239	71	107	178	728	1	1	12	0	5	1	2	0.253333	0.255046	0.59	0.155471	644	2451	3095
17296	12/28/2012	1	1	12	12	0	5	1	2	0.3	0.303	0.49	0.1343	72	150	222	728	1	1	12	0	5	1	2	0.253333	0.255046	0.59	0.155471	644	2451	3095
17297	12/28/2012	1	1	12	13	0	5	1	2	0.3	0.303	0.49	0.1343	76	146	222	728	1	1	12	0	5	1	2	0.253333	0.255046	0.59	0.155471	644	2451	3095
17298	12/28/2012	1	1	12	14	0	5	1	2	0.3	0.303	0.49	0.1343	84	177	261	728	1	1	12	0	5	1	2	0.253333	0.255046	0.59	0.155471	644	2451	3095
17299	12/28/2012	1	1	12	15	0	5	1	2	0.3	0.3182	0.49	0	74	151	225	728	1	1	12	0	5	1	2	0.253333	0.255046	0.59	0.155471	644	2451	3095
17300	12/28/2012	1	1	12	16	0	5	1	1	0.3	0.303	0.49	0.1343	42	208	250	728	1	1	12	0	5	1	2	0.253333	0.255046	0.59	0.155471	644	2451	3095
17301	12/28/2012	1	1	12	17	0	5	1	1	0.24	0.2424	0.6	0.1343	43	228	271	728	1	1	12	0	5	1	2	0.253333	0.255046	0.59	0.155471	644	2451	3095
17302	12/28/2012	1	1	12	18	0	5	1	1	0.24	0.2424	0.6	0.1343	16	197	213	728	1	1	12	0	5	1	2	0.253333	0.255046	0.59	0.155471	644	2451	3095
17303	12/28/2012	1	1	12	19	0	5	1	2	0.24	0.2273	0.65	0.194	15	113	128	728	1	1	12	0	5	1	2	0.253333	0.255046	0.59	0.155471	644	2451	3095
17304	12/28/2012	1	1	12	20	0	5	1	2	0.24	0.2576	0.65	0.1045	14	83	97	728	1	1	12	0	5	1	2	0.253333	0.255046	0.59	0.155471	644	2451	3095
17305	12/28/2012	1	1	12	21	0	5	1	2	0.24	0.2424	0.7	0.1343	17	75	92	728	1	1	12	0	5	1	2	0.253333	0.255046	0.59	0.155471	644	2451	3095
17306	12/28/2012	1	1	12	22	0	5	1	2	0.24	0.2576	0.7	0.0896	13	49	62	728	1	1	12	0	5	1	2	0.253333	0.255046	0.59	0.155471	644	2451	3095
17307	12/28/2012	1	1	12	23	0	5	1	2	0.24	0.2576	0.65	0.0896	5	54	59	728	1	1	12	0	5	1	2	0.253333	0.255046	0.59	0.155471	644	2451	3095
17308	12/29/2012	1	1	12	0	0	6	0	2	0.24	0.2424	0.7	0	1	25	26	729	1	1	12	0	6	0	2	0.253333	0.2424	0.752917	0.124383	159	1182	1341
17309	12/29/2012	1	1	12	1	0	6	0	2	0.24	0.2424	0.75	0.0896	6	31	37	729	1	1	12	0	6	0	2	0.253333	0.2424	0.752917	0.124383	159	1182	1341
17310	12/29/2012	1	1	12	2	0	6	0	2	0.24	0.2424	0.7	0	1	18	19	729	1	1	12	0	6	0	2	0.253333	0.2424	0.752917	0.124383	159	1182	1341
17311	12/29/2012	1	1	12	3	0	6	0	2	0.24	0.2424	0.75	0	1	5	6	729	1	1	12	0	6	0	2	0.253333	0.2424	0.752917	0.124383	159	1182	1341
17312	12/29/2012	1	1	12	4	0	6	0	2	0.24	0.2424	0.75	0.0896	0	3	3	729	1	1	12	0	6	0	2	0.253333	0.2424	0.752917	0.124383	159	1182	1341
17313	12/29/2012	1	1	12	5	0	6	0	2	0.24	0.2424	0.75	0.0896	0	3	3	729	1	1	12	0	6	0	2	0.253333	0.2424	0.752917	0.124383	159	1182	1341
17314	12/29/2012	1	1	12	6	0	6	0	2	0.26	0.2424	0.7	0.1045	0	7	7	729	1	1	12	0	6	0	2	0.253333	0.2424	0.752917	0.124383	159	1182	1341
17315	12/29/2012	1	1	12	7	0	6	0	2	0.26	0.2424	0.7	0.1343	1	17	18	729	1	1	12	0	6	0	2	0.253333	0.2424	0.752917	0.124383	159	1182	1341
17316	12/29/2012	1	1	12	8	0	6	0	2	0.26	0.2424	0.81	0	9	35	44	729	1	1	12	0	6	0	2	0.253333	0.2424	0.752917	0.124383	159	1182	1341
17317	12/29/2012	1	1	12	9	0	6	0	2	0.26	0.2424	0.81	0	16	33	49	729	1	1	12	0	6	0	2	0.253333	0.2424	0.752917	0.124383	159	1182	1341
17318	12/29/2012	1	1	12	10	0	6	0	3	0.26	0.2424	0.81	0.1343	6	35	41	729	1	1	12	0	6	0	2	0.253333	0.2424	0.752917	0.124383	159	1182	1341
17319	12/29/2012	1	1	12	11	0	6	0	3	0.2	0.2424	0.93	0.0896	7	38	45	729	1	1	12	0	6	0	2	0.253333	0.2424	0.752917	0.124383	159	1182	1341
17320	12/29/2012	1	1	12	12	0	6	0	3	0.2	0.2424	1	0	5	43	48	729	1	1	12	0	6	0	2	0.253333	0.2424	0.752917	0.124383	159	1182	1341
17321	12/29/2012	1	1	12	13	0	6	0	3	0.2	0.2424	1	0	13	71	84	729	1	1	12	0	6	0	2	0.253333	0.2424	0.752917	0.124383	159	1182	1341
17322	12/29/2012	1	1	12	14	0	6	0	2	0.24	0.2424	0.87	0.0896	10	88	98	729	1	1	12	0	6	0	2	0.253333	0.2424	0.752917	0.124383	159	1182	1341
17323	12/29/2012	1	1	12	15	0	6	0	2	0.24	0.2424	0.87	0	19	110	129	729	1	1	12	0	6	0	2	0.253333	0.2424	0.752917	0.124383	159	1182	1341
17324	12/29/2012	1	1	12	16	0	6	0	1	0.3	0.2424	0.75	0.1045	22	125	147	729	1	1	12	0	6	0	2	0.253333	0.2424	0.752917	0.124383	159	1182	1341
17325	12/29/2012	1	1	12	17	0	6	0	1	0.26	0.2424	0.79	0.1045	18	100	118	729	1	1	12	0	6	0	2	0.253333	0.2424	0.752917	0.124383	159	1182	1341
17326	12/29/2012	1	1	12	18	0	6	0	1	0.3	0.2424	0.7	0.194	8	102	110	729	1	1	12	0	6	0	2	0.253333	0.2424	0.752917	0.124383	159	1182	1341
17327	12/29/2012	1	1	12	19	0	6	0	2	0.3	0.2424	0.61	0.2537	7	90	97	729	1	1	12	0	6	0	2	0.253333	0.2424	0.752917	0.124383	159	1182	1341
17328	12/29/2012	1	1	12	20	0	6	0	2	0.3	0.2424	0.56	0.5522	2	64	66	729	1	1	12	0	6	0	2	0.253333	0.2424	0.752917	0.124383	159	1182	1341
17329	12/29/2012	1	1	12	21	0	6	0	2	0.28	0.2424	0.56	0.4925	4	56	60	729	1	1	12	0	6	0	2	0.253333	0.2424	0.752917	0.124383	159	1182	1341
17330	12/29/2012	1	1	12	22	0	6	0	2	0.26	0.2424	0.6	0.4627	3	51	54	729	1	1	12	0	6	0	2	0.253333	0.2424	0.752917	0.124383	159	1182	1341
17331	12/29/2012	1	1	12	23	0	6	0	2	0.26	0.2424	0.6	0	0	32	32	729	1	1	12	0	6	0	2	0.253333	0.2424	0.752917	0.124383	159	1182	1341
17332	12/30/2012	1	1	12	0	0	0	0	2	0.26	0.2576	0.6	0.1642	0	41	41	730	1	1	12	0	0	0	1	0.255833	0.2317	0.483333	0.350754	364	1432	1796
17333	12/30/2012	1	1	12	1	0	0	0	2	0.26	0.2273	0.56	0.4179	1	27	28	730	1	1	12	0	0	0	1	0.255833	0.2317	0.483333	0.350754	364	1432	1796
17334	12/30/2012	1	1	12	2	0	0	0	2	0.26	0.2424	0.56	0.2836	0	19	19	730	1	1	12	0	0	0	1	0.255833	0.2317	0.483333	0.350754	364	1432	1796
17335	12/30/2012	1	1	12	3	0	0	0	2	0.26	0.2273	0.56	0.4179	1	14	15	730	1	1	12	0	0	0	1	0.255833	0.2317	0.483333	0.350754	364	1432	1796
17336	12/30/2012	1	1	12	4	0	0	0	2	0.26	0.2576	0.56	0.2239	0	7	7	730	1	1	12	0	0	0	1	0.255833	0.2317	0.483333	0.350754	364	1432	1796
17337	12/30/2012	1	1	12	5	0	0	0	2	0.26	0.2273	0.48	0.2985	0	2	2	730	1	1	12	0	0	0	1	0.255833	0.2317	0.483333	0.350754	364	1432	1796
17338	12/30/2012	1	1	12	6	0	0	0	2	0.24	0.197	0.52	0.4179	1	7	8	730	1	1	12	0	0	0	1	0.255833	0.2317	0.483333	0.350754	364	1432	1796
17339	12/30/2012	1	1	12	7	0	0	0	1	0.24	0.2121	0.56	0.3582	0	13	13	730	1	1	12	0	0	0	1	0.255833	0.2317	0.483333	0.350754	364	1432	1796
17340	12/30/2012	1	1	12	8	0	0	0	1	0.24	0.197	0.52	0.4627	1	32	33	730	1	1	12	0	0	0	1	0.255833	0.2317	0.483333	0.350754	364	1432	1796
17341	12/30/2012	1	1	12	9	0	0	0	1	0.24	0.2121	0.52	0.3881	9	65	74	730	1	1	12	0	0	0	1	0.255833	0.2317	0.483333	0.350754	364	1432	1796
17342	12/30/2012	1	1	12	10	0	0	0	1	0.26	0.2121	0.41	0.5821	31	91	122	730	1	1	12	0	0	0	1	0.255833	0.2317	0.483333	0.350754	364	1432	1796
17343	12/30/2012	1	1	12	11	0	0	0	1	0.26	0.2273	0.41	0.4179	33	103	136	730	1	1	12	0	0	0	1	0.255833	0.2317	0.483333	0.350754	364	1432	1796
17344	12/30/2012	1	1	12	12	0	0	0	1	0.28	0.2273	0.36	0.5821	47	97	144	730	1	1	12	0	0	0	1	0.255833	0.2317	0.483333	0.350754	364	1432	1796
17345	12/30/2012	1	1	12	13	0	0	0	1	0.3	0.2576	0.36	0.6567	49	120	169	730	1	1	12	0	0	0	1	0.255833	0.2317	0.483333	0.350754	364	1432	1796
17346	12/30/2012	1	1	12	14	0	0	0	1	0.3	0.2727	0.36	0.4627	39	121	160	730	1	1	12	0	0	0	1	0.255833	0.2317	0.483333	0.350754	364	1432	1796
17347	12/30/2012	1	1	12	15	0	0	0	1	0.28	0.2576	0.38	0.3284	37	101	138	730	1	1	12	0	0	0	1	0.255833	0.2317	0.483333	0.350754	364	1432	1796
17348	12/30/2012	1	1	12	16	0	0	0	1	0.28	0.2424	0.38	0.4179	31	102	133	730	1	1	12	0	0	0	1	0.255833	0.2317	0.483333	0.350754	364	1432	1796
17349	12/30/2012	1	1	12	17	0	0	0	1	0.26	0.2273	0.41	0.3284	26	97	123	730	1	1	12	0	0	0	1	0.255833	0.2317	0.483333	0.350754	364	1432	1796
17350	12/30/2012	1	1	12	18	0	0	0	2	0.24	0.2121	0.44	0.2985	12	113	125	730	1	1	12	0	0	0	1	0.255833	0.2317	0.483333	0.350754	364	1432	1796
17351	12/30/2012	1	1	12	19	0	0	0	1	0.34	0.3636	0.61	0	16	86	102	730	1	1	12	0	0	0	1	0.255833	0.2317	0.483333	0.350754	364	1432	1796
17352	12/30/2012	1	1	12	20	0	0	0	1	0.22	0.197	0.47	0.3284	9	63	72	730	1	1	12	0	0	0	1	0.255833	0.2317	0.483333	0.350754	364	1432	1796
17353	12/30/2012	1	1	12	21	0	0	0	1	0.2	0.2121	0.51	0.1642	5	42	47	730	1	1	12	0	0	0	1	0.255833	0.2317	0.483333	0.350754	364	1432	1796
17354	12/30/2012	1	1	12	22	0	0	0	1	0.2	0.197	0.55	0.194	6	30	36	730	1	1	12	0	0	0	1	0.255833	0.2317	0.483333	0.350754	364	1432	1796
17355	12/30/2012	1	1	12	23	0	0	0	1	0.2	0.197	0.51	0.2239	10	39	49	730	1	1	12	0	0	0	1	0.255833	0.2317	0.483333	0.350754	364	1432	1796
17356	12/31/2012	1	1	12	0	0	1	1	1	0.18	0.1818	0.55	0.194	4	30	34	731	1	1	12	0	1	1	2	0.215833	0.223487	0.5775	0.154846	439	2290	2729
17357	12/31/2012	1	1	12	1	0	1	1	1	0.18	0.1818	0.55	0.194	6	13	19	731	1	1	12	0	1	1	2	0.215833	0.223487	0.5775	0.154846	439	2290	2729
17358	12/31/2012	1	1	12	2	0	1	1	1	0.16	0.1667	0.59	0.1642	3	8	11	731	1	1	12	0	1	1	2	0.215833	0.223487	0.5775	0.154846	439	2290	2729
17359	12/31/2012	1	1	12	3	0	1	1	1	0.16	0.1818	0.59	0.1045	0	1	1	731	1	1	12	0	1	1	2	0.215833	0.223487	0.5775	0.154846	439	2290	2729
17360	12/31/2012	1	1	12	4	0	1	1	1	0.14	0.1667	0.69	0.1045	0	3	3	731	1	1	12	0	1	1	2	0.215833	0.223487	0.5775	0.154846	439	2290	2729
17361	12/31/2012	1	1	12	5	0	1	1	1	0.16	0.1515	0.64	0.194	0	9	9	731	1	1	12	0	1	1	2	0.215833	0.223487	0.5775	0.154846	439	2290	2729
17362	12/31/2012	1	1	12	6	0	1	1	1	0.16	0.1667	0.64	0.1642	0	40	40	731	1	1	12	0	1	1	2	0.215833	0.223487	0.5775	0.154846	439	2290	2729
17363	12/31/2012	1	1	12	7	0	1	1	1	0.16	0.1818	0.64	0.1343	2	83	85	731	1	1	12	0	1	1	2	0.215833	0.223487	0.5775	0.154846	439	2290	2729
17364	12/31/2012	1	1	12	8	0	1	1	1	0.14	0.1515	0.69	0.1343	9	187	196	731	1	1	12	0	1	1	2	0.215833	0.223487	0.5775	0.154846	439	2290	2729
17365	12/31/2012	1	1	12	9	0	1	1	2	0.18	0.2121	0.64	0.1045	13	144	157	731	1	1	12	0	1	1	2	0.215833	0.223487	0.5775	0.154846	439	2290	2729
17366	12/31/2012	1	1	12	10	0	1	1	2	0.2	0.2121	0.69	0.1343	33	87	120	731	1	1	12	0	1	1	2	0.215833	0.223487	0.5775	0.154846	439	2290	2729
17367	12/31/2012	1	1	12	11	0	1	1	2	0.22	0.2273	0.6	0.194	43	114	157	731	1	1	12	0	1	1	2	0.215833	0.223487	0.5775	0.154846	439	2290	2729
17368	12/31/2012	1	1	12	12	0	1	1	2	0.24	0.2273	0.56	0.194	52	172	224	731	1	1	12	0	1	1	2	0.215833	0.223487	0.5775	0.154846	439	2290	2729
17369	12/31/2012	1	1	12	13	0	1	1	2	0.26	0.2576	0.44	0.1642	38	165	203	731	1	1	12	0	1	1	2	0.215833	0.223487	0.5775	0.154846	439	2290	2729
17370	12/31/2012	1	1	12	14	0	1	1	2	0.28	0.2727	0.45	0.2239	62	185	247	731	1	1	12	0	1	1	2	0.215833	0.223487	0.5775	0.154846	439	2290	2729
17371	12/31/2012	1	1	12	15	0	1	1	2	0.28	0.2879	0.45	0.1343	69	246	315	731	1	1	12	0	1	1	2	0.215833	0.223487	0.5775	0.154846	439	2290	2729
17372	12/31/2012	1	1	12	16	0	1	1	2	0.26	0.2576	0.48	0.194	30	184	214	731	1	1	12	0	1	1	2	0.215833	0.223487	0.5775	0.154846	439	2290	2729
17373	12/31/2012	1	1	12	17	0	1	1	2	0.26	0.2879	0.48	0.0896	14	150	164	731	1	1	12	0	1	1	2	0.215833	0.223487	0.5775	0.154846	439	2290	2729
17374	12/31/2012	1	1	12	18	0	1	1	2	0.26	0.2727	0.48	0.1343	10	112	122	731	1	1	12	0	1	1	2	0.215833	0.223487	0.5775	0.154846	439	2290	2729
17375	12/31/2012	1	1	12	19	0	1	1	2	0.26	0.2576	0.6	0.1642	11	108	119	731	1	1	12	0	1	1	2	0.215833	0.223487	0.5775	0.154846	439	2290	2729
17376	12/31/2012	1	1	12	20	0	1	1	2	0.26	0.2576	0.6	0.1642	8	81	89	731	1	1	12	0	1	1	2	0.215833	0.223487	0.5775	0.154846	439	2290	2729
17377	12/31/2012	1	1	12	21	0	1	1	1	0.26	0.2576	0.6	0.1642	7	83	90	731	1	1	12	0	1	1	2	0.215833	0.223487	0.5775	0.154846	439	2290	2729
17378	12/31/2012	1	1	12	22	0	1	1	1	0.26	0.2727	0.56	0.1343	13	48	61	731	1	1	12	0	1	1	2	0.215833	0.223487	0.5775	0.154846	439	2290	2729
17379	12/31/2012	1	1	12	23	0	1	1	1	0.26	0.2727	0.65	0.1343	12	37	49	731	1	1	12	0	1	1	2	0.215833	0.223487	0.5775	0.154846	439	2290	2729
